,Date,Vehicle Category,GVWR Class,Fuel Type,Model Year,Fuel Technology,Electric Mile Range,Number of Vehicles Registered at the Same Address,Region,Vehicle Population
0,2019,P,Not Applicable,Gasoline,2020,ICE,Not Applicable,≥4,Statewide,395883
1,2019,T6,7,Diesel,1996,ICE,Not Applicable,1,Statewide,70
2,2019,T6,7,Diesel,1993,ICE,Not Applicable,1,Statewide,70
3,2019,T6,6,Diesel,1986,ICE,Not Applicable,≥4,Statewide,70
4,2019,T4,Unknown,Diesel,1992,ICE,Not Applicable,≥4,Statewide,70
5,2019,T4,Unknown,Diesel,1988,ICE,Not Applicable,≥4,Statewide,70
6,2019,MH,Not Applicable,Diesel,2001,ICE,Not Applicable,2,Statewide,70
7,2019,MH,Not Applicable,Diesel,1999,ICE,Not Applicable,1,Statewide,70
8,2019,MH,Not Applicable,Diesel,1989,ICE,Not Applicable,≥4,Statewide,70
9,2019,B,Not Applicable,Natural Gas,2014,ICE,Not Applicable,≥4,Statewide,69
10,2019,T6,6,Gasoline,1982,ICE,Not Applicable,1,Statewide,69
11,2019,T6,7,Diesel,2014,ICE,Not Applicable,3,Statewide,70
12,2019,T6,4,Gasoline,1975,ICE,Not Applicable,1,Statewide,69
13,2019,MH,Not Applicable,Gasoline,2015,ICE,Not Applicable,1,Statewide,69
14,2019,MH,Not Applicable,Gasoline,1985,ICE,Not Applicable,2,Statewide,69
15,2019,B,Not Applicable,Gasoline,2014,ICE,Not Applicable,3,Statewide,69
16,2019,B,Not Applicable,Gasoline,1975,ICE,Not Applicable,3,Statewide,69
17,2019,T7,8,Diesel,1992,ICE,Not Applicable,3,Statewide,69
18,2019,T6,7,Diesel,2012,ICE,Not Applicable,2,Statewide,69
19,2019,T5,3,Diesel,1989,ICE,Not Applicable,≥4,Statewide,69
20,2019,T4,Unknown,Diesel,1990,ICE,Not Applicable,≥4,Statewide,69
21,2019,T3,Unknown,Diesel,1987,ICE,Not Applicable,≥4,Statewide,69
22,2019,T2,Unknown,Diesel,1987,ICE,Not Applicable,≥4,Statewide,69
23,2019,T1,Unknown,Gasoline,1986,ICE,Not Applicable,2,Statewide,69
24,2019,P,Not Applicable,Diesel,1980,ICE,Not Applicable,≥4,Statewide,69
25,2019,T6,4,Diesel,2017,ICE,Not Applicable,1,Statewide,70
26,2019,B,Not Applicable,Gasoline,2005,ICE,Not Applicable,2,Statewide,70
27,2019,T6,7,Diesel,2001,ICE,Not Applicable,2,Statewide,72
28,2019,T3,2,Diesel,2000,ICE,Not Applicable,≥4,Statewide,72
29,2019,MH,Not Applicable,Diesel,2003,ICE,Not Applicable,1,Statewide,72
30,2019,T6,4,Gasoline,2009,ICE,Not Applicable,3,Statewide,71
31,2019,T5,3,Gasoline,1996,ICE,Not Applicable,1,Statewide,71
32,2019,T3,Unknown,Gasoline,2017,PHEV,Unknown,2,Statewide,71
33,2019,T3,Unknown,Gasoline,1988,ICE,Not Applicable,2,Statewide,71
34,2019,T3,Unknown,Gasoline,1981,ICE,Not Applicable,2,Statewide,71
35,2019,T3,Unknown,Gasoline,1981,ICE,Not Applicable,3,Statewide,71
36,2019,BS,Not Applicable,Gasoline,1986,ICE,Not Applicable,≥4,Statewide,71
37,2019,B,Not Applicable,Gasoline,1998,ICE,Not Applicable,≥4,Statewide,70
38,2019,B,Not Applicable,Gasoline,2007,ICE,Not Applicable,2,Statewide,71
39,2019,T6,Unknown,Diesel,2021,ICE,Not Applicable,≥4,Statewide,71
40,2019,T6,4,Diesel,2019,ICE,Not Applicable,1,Statewide,71
41,2019,T6,Unknown,Diesel,1983,ICE,Not Applicable,≥4,Statewide,71
42,2019,T3,2,Diesel,2015,ICE,Not Applicable,2,Statewide,71
43,2019,T2,1,Diesel,2021,ICE,Not Applicable,2,Statewide,71
44,2019,T2,1,Diesel,1984,ICE,Not Applicable,≥4,Statewide,71
45,2019,MH,Not Applicable,Diesel,1998,ICE,Not Applicable,2,Statewide,71
46,2019,T4,2,Natural Gas,2006,ICE,Not Applicable,≥4,Statewide,70
47,2019,T6,7,Gasoline,1975,ICE,Not Applicable,1,Statewide,70
48,2019,BS,Not Applicable,Gasoline,2008,ICE,Not Applicable,≥4,Statewide,70
49,2019,P,Not Applicable,Electric,2015,BEV,Unknown,1,Statewide,71
50,2019,T6,7,Diesel,2008,ICE,Not Applicable,2,Statewide,72
51,2019,MH,Not Applicable,Diesel,2002,ICE,Not Applicable,2,Statewide,69
52,2019,T6,4,Gasoline,2012,ICE,Not Applicable,3,Statewide,68
53,2019,P,Not Applicable,Electric,2006,BEV,Unknown,≥4,Statewide,67
54,2019,T6,6,Diesel,2017,ICE,Not Applicable,3,Statewide,67
55,2019,T6,7,Diesel,2001,ICE,Not Applicable,3,Statewide,67
56,2019,T6,7,Diesel,1992,ICE,Not Applicable,1,Statewide,67
57,2019,T3,2,Diesel,2010,ICE,Not Applicable,1,Statewide,67
58,2019,T3,2,Diesel,2008,ICE,Not Applicable,≥4,Statewide,67
59,2019,P,Not Applicable,Diesel,1975,ICE,Not Applicable,3,Statewide,67
60,2019,MH,Not Applicable,Diesel,2000,ICE,Not Applicable,2,Statewide,67
61,2019,P,Not Applicable,Natural Gas,2009,ICE,Not Applicable,3,Statewide,66
62,2019,BS,Not Applicable,Natural Gas,2011,ICE,Not Applicable,≥4,Statewide,66
63,2019,BS,Not Applicable,Gasoline,2000,ICE,Not Applicable,≥4,Statewide,67
64,2019,T6,4,Gasoline,2009,ICE,Not Applicable,2,Statewide,66
65,2019,MH,Not Applicable,Gasoline,2014,ICE,Not Applicable,1,Statewide,66
66,2019,T7,8,Diesel,1989,ICE,Not Applicable,1,Statewide,66
67,2019,T6,4,Diesel,2020,ICE,Not Applicable,1,Statewide,66
68,2019,T3,Unknown,Diesel,1990,ICE,Not Applicable,≥4,Statewide,66
69,2019,P,Not Applicable,Diesel,1993,ICE,Not Applicable,≥4,Statewide,66
70,2019,BT,Not Applicable,Diesel,1991,ICE,Not Applicable,≥4,Statewide,66
71,2019,T5,3,Gasoline,1997,ICE,Not Applicable,2,Statewide,65
72,2019,T2,Unknown,Gasoline,1986,ICE,Not Applicable,2,Statewide,65
73,2019,T7,8,Diesel,1992,ICE,Not Applicable,2,Statewide,65
74,2019,T6,6,Diesel,1999,ICE,Not Applicable,3,Statewide,65
75,2019,T3,Unknown,Gasoline,1976,ICE,Not Applicable,3,Statewide,66
76,2019,BT,Not Applicable,Diesel,1990,ICE,Not Applicable,≥4,Statewide,69
77,2019,T2,Unknown,Gasoline,1982,ICE,Not Applicable,2,Statewide,67
78,2019,T5,3,Gasoline,1992,ICE,Not Applicable,1,Statewide,67
79,2019,T6,6,Gasoline,2008,ICE,Not Applicable,≥4,Statewide,68
80,2019,T6,4,Gasoline,2001,ICE,Not Applicable,3,Statewide,68
81,2019,T5,3,Gasoline,1996,ICE,Not Applicable,2,Statewide,68
82,2019,T3,Unknown,Gasoline,1984,ICE,Not Applicable,1,Statewide,68
83,2019,T3,Unknown,Gasoline,1980,ICE,Not Applicable,1,Statewide,68
84,2019,BT,Not Applicable,Gasoline,1986,ICE,Not Applicable,≥4,Statewide,68
85,2019,BS,Not Applicable,Gasoline,2007,ICE,Not Applicable,≥4,Statewide,68
86,2019,B,Not Applicable,Gasoline,2005,ICE,Not Applicable,1,Statewide,68
87,2019,T6,4,Diesel,2019,ICE,Not Applicable,2,Statewide,68
88,2019,T6,6,Diesel,1998,ICE,Not Applicable,3,Statewide,68
89,2019,T2,Unknown,Gasoline,1983,ICE,Not Applicable,1,Statewide,67
90,2019,T6,7,Diesel,1991,ICE,Not Applicable,1,Statewide,68
91,2019,T4,Unknown,Diesel,2013,ICE,Not Applicable,≥4,Statewide,68
92,2019,T2,1,Diesel,2021,ICE,Not Applicable,3,Statewide,68
93,2019,P,Not Applicable,Diesel,2002,ICE,Not Applicable,1,Statewide,68
94,2019,MH,Not Applicable,Diesel,1998,ICE,Not Applicable,1,Statewide,68
95,2019,BS,Not Applicable,Diesel,1979,ICE,Not Applicable,≥4,Statewide,68
96,2019,BS,Not Applicable,Diesel,1976,ICE,Not Applicable,≥4,Statewide,68
97,2019,P,Not Applicable,Natural Gas,2019,ICE,Not Applicable,3,Statewide,67
98,2019,B,Not Applicable,Natural Gas,2015,ICE,Not Applicable,≥4,Statewide,67
99,2019,T6,7,Gasoline,2006,ICE,Not Applicable,≥4,Statewide,67
100,2019,T5,3,Gasoline,1994,ICE,Not Applicable,1,Statewide,67
101,2019,T5,3,Diesel,1993,ICE,Not Applicable,3,Statewide,68
102,2019,T3,Unknown,Diesel,2011,ICE,Not Applicable,≥4,Statewide,65
103,2019,T6,7,Diesel,2010,ICE,Not Applicable,3,Statewide,72
104,2019,B,Not Applicable,Gasoline,1999,ICE,Not Applicable,≥4,Statewide,72
105,2019,T3,2,Diesel,2013,ICE,Not Applicable,1,Statewide,78
106,2019,T2,Unknown,Diesel,2020,ICE,Not Applicable,≥4,Statewide,78
107,2019,T7,8,Natural Gas,2008,ICE,Not Applicable,≥4,Statewide,77
108,2019,BS,Not Applicable,Natural Gas,2013,ICE,Not Applicable,≥4,Statewide,77
109,2019,T6,4,Gasoline,2008,ICE,Not Applicable,2,Statewide,77
110,2019,B,Not Applicable,Gasoline,2014,ICE,Not Applicable,1,Statewide,77
111,2019,B,Not Applicable,Gasoline,2014,ICE,Not Applicable,2,Statewide,77
112,2019,T7,8,Diesel,1991,ICE,Not Applicable,1,Statewide,77
113,2019,T6,7,Diesel,2014,ICE,Not Applicable,1,Statewide,77
114,2019,T6,7,Diesel,2010,ICE,Not Applicable,2,Statewide,77
115,2019,T4,Unknown,Diesel,2017,ICE,Not Applicable,2,Statewide,78
116,2019,T6,7,Diesel,2006,ICE,Not Applicable,2,Statewide,77
117,2019,T6,6,Diesel,1988,ICE,Not Applicable,≥4,Statewide,77
118,2019,T4,Unknown,Diesel,2000,ICE,Not Applicable,≥4,Statewide,77
119,2019,T4,2,Diesel,1987,ICE,Not Applicable,2,Statewide,77
120,2019,T2,Unknown,Diesel,2020,ICE,Not Applicable,3,Statewide,77
121,2019,BS,Not Applicable,Diesel,1977,ICE,Not Applicable,≥4,Statewide,77
122,2019,T6,7,Gasoline,2012,ICE,Not Applicable,≥4,Statewide,76
123,2019,T3,Unknown,Gasoline,1982,ICE,Not Applicable,2,Statewide,76
124,2019,T2,Unknown,Gasoline,1981,ICE,Not Applicable,3,Statewide,76
125,2019,T6,5,Diesel,2016,ICE,Not Applicable,2,Statewide,76
126,2019,T6,6,Diesel,2014,ICE,Not Applicable,3,Statewide,76
127,2019,T6,7,Diesel,1995,ICE,Not Applicable,2,Statewide,77
128,2019,T6,7,Diesel,2002,ICE,Not Applicable,2,Statewide,76
129,2019,T6,7,Diesel,2004,ICE,Not Applicable,2,Statewide,78
130,2019,BS,Not Applicable,Gasoline,1998,ICE,Not Applicable,≥4,Statewide,78
131,2019,T2,Unknown,Diesel,2020,ICE,Not Applicable,2,Statewide,81
132,2019,P,Not Applicable,Natural Gas,2006,ICE,Not Applicable,1,Statewide,80
133,2019,T6,7,Gasoline,1989,ICE,Not Applicable,≥4,Statewide,80
134,2019,T4,Unknown,Gasoline,2018,ICE,Not Applicable,3,Statewide,80
135,2019,T4,Unknown,Gasoline,2012,ICE,Not Applicable,3,Statewide,80
136,2019,T2,Unknown,Gasoline,1983,ICE,Not Applicable,2,Statewide,80
137,2019,B,Not Applicable,Gasoline,2007,ICE,Not Applicable,3,Statewide,80
138,2019,B,Not Applicable,Gasoline,2006,ICE,Not Applicable,3,Statewide,80
139,2019,T7,8,Diesel,1997,ICE,Not Applicable,3,Statewide,80
140,2019,T6,7,Diesel,2011,ICE,Not Applicable,3,Statewide,80
141,2019,T6,6,Diesel,2014,ICE,Not Applicable,2,Statewide,78
142,2019,T3,Unknown,Diesel,1975,ICE,Not Applicable,≥4,Statewide,80
143,2019,T6,7,Gasoline,2010,ICE,Not Applicable,≥4,Statewide,79
144,2019,T3,Unknown,Gasoline,2017,PHEV,Unknown,≥4,Statewide,79
145,2019,BS,Not Applicable,Gasoline,1978,ICE,Not Applicable,≥4,Statewide,79
146,2019,T6,5,Diesel,2014,ICE,Not Applicable,1,Statewide,79
147,2019,T3,2,Diesel,2001,ICE,Not Applicable,≥4,Statewide,79
148,2019,P,Not Applicable,Natural Gas,2012,ICE,Not Applicable,2,Statewide,78
149,2019,T4,Unknown,Gasoline,1997,ICE,Not Applicable,1,Statewide,78
150,2019,T4,Unknown,Gasoline,1995,ICE,Not Applicable,1,Statewide,78
151,2019,T4,Unknown,Gasoline,1993,ICE,Not Applicable,3,Statewide,78
152,2019,MH,Not Applicable,Gasoline,1979,ICE,Not Applicable,1,Statewide,78
153,2019,T2,1,Diesel,1987,ICE,Not Applicable,≥4,Statewide,80
154,2019,T6,6,Diesel,2016,ICE,Not Applicable,2,Statewide,72
155,2019,T6,5,Diesel,1995,ICE,Not Applicable,≥4,Statewide,76
156,2019,T5,3,Gasoline,2015,ICE,Not Applicable,1,Statewide,75
157,2019,T6,4,Gasoline,2003,ICE,Not Applicable,1,Statewide,73
158,2019,T6,4,Gasoline,2002,ICE,Not Applicable,2,Statewide,73
159,2019,T6,6,Gasoline,1976,ICE,Not Applicable,1,Statewide,73
160,2019,T4,Unknown,Gasoline,1993,ICE,Not Applicable,2,Statewide,73
161,2019,T3,Unknown,Gasoline,1977,ICE,Not Applicable,3,Statewide,73
162,2019,BS,Not Applicable,Gasoline,1993,ICE,Not Applicable,≥4,Statewide,73
163,2019,T1,Unknown,Electric,2018,BEV,101 to 150 miles,1,Statewide,73
164,2019,T6,5,Diesel,2016,ICE,Not Applicable,3,Statewide,73
165,2019,T6,7,Diesel,2011,ICE,Not Applicable,2,Statewide,73
166,2019,T6,6,Diesel,1999,ICE,Not Applicable,2,Statewide,73
167,2019,T6,7,Gasoline,2007,ICE,Not Applicable,≥4,Statewide,73
168,2019,T6,7,Diesel,1999,ICE,Not Applicable,1,Statewide,73
169,2019,T2,Unknown,Diesel,2016,ICE,Not Applicable,≥4,Statewide,73
170,2019,P,Not Applicable,Diesel,1991,ICE,Not Applicable,1,Statewide,73
171,2019,MH,Not Applicable,Diesel,2019,ICE,Not Applicable,1,Statewide,73
172,2019,MH,Not Applicable,Diesel,2015,ICE,Not Applicable,2,Statewide,73
173,2019,BT,Not Applicable,Diesel,1992,ICE,Not Applicable,≥4,Statewide,73
174,2019,BT,Not Applicable,Diesel,1976,ICE,Not Applicable,≥4,Statewide,73
175,2019,P,Not Applicable,Natural Gas,2019,ICE,Not Applicable,2,Statewide,72
176,2019,T7,8,Gasoline,1976,ICE,Not Applicable,≥4,Statewide,72
177,2019,T6,4,Gasoline,2000,ICE,Not Applicable,1,Statewide,72
178,2019,B,Not Applicable,Gasoline,2016,ICE,Not Applicable,1,Statewide,72
179,2019,T2,Unknown,Diesel,2016,ICE,Not Applicable,2,Statewide,73
180,2019,P,Not Applicable,Diesel,1982,ICE,Not Applicable,2,Statewide,76
181,2019,T6,4,Gasoline,2012,ICE,Not Applicable,1,Statewide,73
182,2019,T3,2,Natural Gas,2003,ICE,Not Applicable,≥4,Statewide,73
183,2019,T4,Unknown,Gasoline,1996,ICE,Not Applicable,1,Statewide,75
184,2019,BS,Not Applicable,Gasoline,1975,ICE,Not Applicable,3,Statewide,75
185,2019,B,Not Applicable,Gasoline,2000,ICE,Not Applicable,≥4,Statewide,75
186,2019,T6,7,Diesel,2008,ICE,Not Applicable,3,Statewide,75
187,2019,MH,Not Applicable,Diesel,2018,ICE,Not Applicable,1,Statewide,75
188,2019,MH,Not Applicable,Diesel,1975,ICE,Not Applicable,≥4,Statewide,75
189,2019,T6,7,Natural Gas,2019,ICE,Not Applicable,≥4,Statewide,74
190,2019,P,Not Applicable,Natural Gas,2013,ICE,Not Applicable,1,Statewide,74
191,2019,T6,6,Gasoline,2009,ICE,Not Applicable,≥4,Statewide,74
192,2019,T5,3,Gasoline,1996,ICE,Not Applicable,3,Statewide,74
193,2019,BT,Not Applicable,Natural Gas,2020,ICE,Not Applicable,≥4,Statewide,73
194,2019,T5,3,Gasoline,1987,ICE,Not Applicable,≥4,Statewide,74
195,2019,T2,Unknown,Gasoline,1987,ICE,Not Applicable,3,Statewide,74
196,2019,T1,Unknown,Gasoline,1985,ICE,Not Applicable,1,Statewide,74
197,2019,MH,Not Applicable,Gasoline,1976,ICE,Not Applicable,1,Statewide,74
198,2019,T7,8,Diesel,1993,ICE,Not Applicable,2,Statewide,74
199,2019,T6,6,Diesel,2018,ICE,Not Applicable,2,Statewide,74
200,2019,T6,7,Diesel,2012,ICE,Not Applicable,3,Statewide,74
201,2019,T6,Unknown,Diesel,1986,ICE,Not Applicable,≥4,Statewide,74
202,2019,P,Not Applicable,Diesel,2021,ICE,Not Applicable,2,Statewide,74
203,2019,P,Not Applicable,Diesel,1994,ICE,Not Applicable,≥4,Statewide,74
204,2019,MH,Not Applicable,Diesel,2014,ICE,Not Applicable,2,Statewide,74
205,2019,T3,Unknown,Gasoline,1978,ICE,Not Applicable,3,Statewide,74
206,2019,T3,2,Diesel,1987,ICE,Not Applicable,2,Statewide,65
207,2019,P,Not Applicable,Diesel,2013,ICE,Not Applicable,3,Statewide,65
208,2019,P,Not Applicable,Diesel,1998,ICE,Not Applicable,≥4,Statewide,65
209,2019,B,Not Applicable,Gasoline,1996,ICE,Not Applicable,≥4,Statewide,56
210,2019,T6,7,Diesel,1998,ICE,Not Applicable,1,Statewide,56
211,2019,T5,3,Diesel,1991,ICE,Not Applicable,3,Statewide,56
212,2019,BT,Not Applicable,Diesel,2000,ICE,Not Applicable,≥4,Statewide,56
213,2019,BT,Not Applicable,Diesel,1979,ICE,Not Applicable,≥4,Statewide,56
214,2019,T4,2,Natural Gas,2020,ICE,Not Applicable,≥4,Statewide,55
215,2019,T4,Unknown,Gasoline,2011,ICE,Not Applicable,3,Statewide,55
216,2019,T4,Unknown,Gasoline,1991,ICE,Not Applicable,1,Statewide,55
217,2019,T2,Unknown,Gasoline,1982,ICE,Not Applicable,1,Statewide,55
218,2019,MH,Not Applicable,Gasoline,2022,ICE,Not Applicable,≥4,Statewide,55
219,2019,BS,Not Applicable,Gasoline,1982,ICE,Not Applicable,≥4,Statewide,56
220,2019,P,Not Applicable,Electric,2011,BEV,Unknown,≥4,Statewide,55
221,2019,T6,6,Diesel,2021,ICE,Not Applicable,1,Statewide,55
222,2019,T6,4,Diesel,1999,ICE,Not Applicable,1,Statewide,55
223,2019,T6,4,Diesel,1999,ICE,Not Applicable,3,Statewide,55
224,2019,T6,Unknown,Diesel,1982,ICE,Not Applicable,≥4,Statewide,55
225,2019,T6,Unknown,Diesel,1980,ICE,Not Applicable,≥4,Statewide,55
226,2019,T4,Unknown,Diesel,2011,ICE,Not Applicable,3,Statewide,55
227,2019,T1,Unknown,Diesel,1991,ICE,Not Applicable,≥4,Statewide,55
228,2019,T1,1,Diesel,1989,ICE,Not Applicable,3,Statewide,55
229,2019,P,Not Applicable,Diesel,1981,ICE,Not Applicable,3,Statewide,55
230,2019,MH,Not Applicable,Diesel,2017,ICE,Not Applicable,2,Statewide,55
231,2019,MC,Not Applicable,Electric,2019,BEV,Unknown,≥4,Statewide,55
232,2019,BT,Not Applicable,Diesel,1980,ICE,Not Applicable,1,Statewide,55
233,2019,T2,Unknown,Gasoline,1981,ICE,Not Applicable,1,Statewide,56
234,2019,MH,Not Applicable,Diesel,2002,ICE,Not Applicable,1,Statewide,57
235,2019,T5,3,Gasoline,1992,ICE,Not Applicable,3,Statewide,58
236,2019,T5,3,Gasoline,1991,ICE,Not Applicable,1,Statewide,58
237,2019,T2,Unknown,Gasoline,1987,ICE,Not Applicable,2,Statewide,58
238,2019,MH,Not Applicable,Gasoline,1976,ICE,Not Applicable,3,Statewide,58
239,2019,T6,7,Diesel,1999,ICE,Not Applicable,3,Statewide,58
240,2019,T6,7,Diesel,1996,ICE,Not Applicable,3,Statewide,58
241,2019,T2,1,Diesel,2019,ICE,Not Applicable,≥4,Statewide,58
242,2019,T2,1,Diesel,2011,ICE,Not Applicable,2,Statewide,58
243,2019,T2,1,Diesel,2010,ICE,Not Applicable,2,Statewide,58
244,2019,T2,1,Diesel,1979,ICE,Not Applicable,≥4,Statewide,58
245,2019,T2,Unknown,Gasoline,1986,ICE,Not Applicable,3,Statewide,56
246,2019,B,Not Applicable,Diesel,1990,ICE,Not Applicable,≥4,Statewide,58
247,2019,T6,6,Gasoline,1981,ICE,Not Applicable,1,Statewide,57
248,2019,T5,3,Gasoline,1992,ICE,Not Applicable,2,Statewide,57
249,2019,B,Not Applicable,Gasoline,2017,ICE,Not Applicable,2,Statewide,57
250,2019,T1,Unknown,Electric,2013,BEV,Unknown,≥4,Statewide,57
251,2019,T1,Unknown,Electric,2006,BEV,Unknown,≥4,Statewide,57
252,2019,MC,Not Applicable,Electric,2018,BEV,Unknown,≥4,Statewide,57
253,2019,T6,7,Diesel,2016,ICE,Not Applicable,1,Statewide,57
254,2019,T6,6,Diesel,1995,ICE,Not Applicable,2,Statewide,57
255,2019,T4,Unknown,Diesel,2002,ICE,Not Applicable,≥4,Statewide,57
256,2019,T4,Unknown,Diesel,2001,ICE,Not Applicable,≥4,Statewide,57
257,2019,P,Not Applicable,Natural Gas,2009,ICE,Not Applicable,1,Statewide,57
258,2019,T6,7,Gasoline,1987,ICE,Not Applicable,≥4,Statewide,58
259,2019,BT,Not Applicable,Natural Gas,1998,ICE,Not Applicable,≥4,Statewide,54
260,2019,T6,5,Gasoline,1986,ICE,Not Applicable,≥4,Statewide,54
261,2019,T6,7,Gasoline,1997,ICE,Not Applicable,≥4,Statewide,52
262,2019,T6,4,Gasoline,1994,ICE,Not Applicable,1,Statewide,52
263,2019,T6,7,Gasoline,1983,ICE,Not Applicable,≥4,Statewide,52
264,2019,T4,Unknown,Gasoline,1992,ICE,Not Applicable,3,Statewide,52
265,2019,T2,Unknown,Gasoline,1986,ICE,Not Applicable,1,Statewide,52
266,2019,B,Not Applicable,Gasoline,2001,ICE,Not Applicable,≥4,Statewide,52
267,2019,T2,Unknown,Electric,2014,BEV,Unknown,≥4,Statewide,52
268,2019,P,Not Applicable,Electric,2013,BEV,>150 miles,3,Statewide,52
269,2019,T6,7,Diesel,1999,ICE,Not Applicable,2,Statewide,52
270,2019,T6,6,Diesel,1997,ICE,Not Applicable,1,Statewide,52
271,2019,T6,4,Gasoline,2010,ICE,Not Applicable,3,Statewide,52
272,2019,T6,6,Diesel,1996,ICE,Not Applicable,1,Statewide,52
273,2019,T4,Unknown,Diesel,2019,ICE,Not Applicable,2,Statewide,52
274,2019,T4,Unknown,Diesel,1975,ICE,Not Applicable,≥4,Statewide,52
275,2019,T3,Unknown,Diesel,2013,ICE,Not Applicable,≥4,Statewide,52
276,2019,T3,2,Diesel,2009,ICE,Not Applicable,3,Statewide,52
277,2019,P,Not Applicable,Diesel,2012,ICE,Not Applicable,3,Statewide,52
278,2019,MH,Not Applicable,Diesel,2021,ICE,Not Applicable,3,Statewide,52
279,2019,BS,Not Applicable,Diesel,1982,ICE,Not Applicable,≥4,Statewide,52
280,2019,B,Not Applicable,Diesel,1988,ICE,Not Applicable,≥4,Statewide,52
281,2019,BT,Not Applicable,Natural Gas,2004,ICE,Not Applicable,≥4,Statewide,51
282,2019,BS,Not Applicable,Natural Gas,2012,ICE,Not Applicable,≥4,Statewide,51
283,2019,T6,Unknown,Diesel,1995,ICE,Not Applicable,≥4,Statewide,52
284,2019,T6,4,Gasoline,2017,ICE,Not Applicable,1,Statewide,54
285,2019,T6,4,Gasoline,2010,ICE,Not Applicable,2,Statewide,52
286,2019,P,Not Applicable,Diesel,1996,ICE,Not Applicable,2,Statewide,53
287,2019,T4,Unknown,Gasoline,2019,ICE,Not Applicable,≥4,Statewide,54
288,2019,T4,Unknown,Gasoline,1987,ICE,Not Applicable,≥4,Statewide,54
289,2019,T3,Unknown,Gasoline,2017,PHEV,Unknown,1,Statewide,54
290,2019,T3,Unknown,Gasoline,1977,ICE,Not Applicable,2,Statewide,54
291,2019,T2,Unknown,Gasoline,1987,ICE,Not Applicable,1,Statewide,54
292,2019,MH,Not Applicable,Gasoline,1985,ICE,Not Applicable,1,Statewide,54
293,2019,T6,7,Diesel,2020,ICE,Not Applicable,2,Statewide,54
294,2019,T3,2,Diesel,1988,ICE,Not Applicable,3,Statewide,54
295,2019,T2,1,Diesel,2011,ICE,Not Applicable,3,Statewide,54
296,2019,P,Not Applicable,Natural Gas,2006,ICE,Not Applicable,2,Statewide,53
297,2019,P,Not Applicable,Natural Gas,2005,ICE,Not Applicable,1,Statewide,52
298,2019,P,Not Applicable,Natural Gas,2006,ICE,Not Applicable,3,Statewide,53
299,2019,T6,7,Gasoline,1979,ICE,Not Applicable,≥4,Statewide,53
300,2019,B,Not Applicable,Gasoline,2016,ICE,Not Applicable,2,Statewide,53
301,2019,T6,7,Diesel,2009,ICE,Not Applicable,3,Statewide,53
302,2019,T6,7,Diesel,2007,ICE,Not Applicable,2,Statewide,53
303,2019,T6,7,Diesel,1992,ICE,Not Applicable,2,Statewide,53
304,2019,T6,7,Diesel,1992,ICE,Not Applicable,3,Statewide,53
305,2019,T6,7,Diesel,1978,ICE,Not Applicable,≥4,Statewide,53
306,2019,T3,2,Diesel,1990,ICE,Not Applicable,≥4,Statewide,53
307,2019,P,Not Applicable,Diesel,2013,ICE,Not Applicable,1,Statewide,53
308,2019,P,Not Applicable,Diesel,1999,ICE,Not Applicable,≥4,Statewide,53
309,2019,BT,Not Applicable,Natural Gas,2009,ICE,Not Applicable,1,Statewide,53
310,2019,T6,7,Gasoline,1993,ICE,Not Applicable,≥4,Statewide,58
311,2019,T6,7,Gasoline,2005,ICE,Not Applicable,≥4,Statewide,58
312,2019,T6,4,Gasoline,2012,ICE,Not Applicable,2,Statewide,58
313,2019,T1,Unknown,Gasoline,1987,ICE,Not Applicable,2,Statewide,63
314,2019,T7,8,Diesel,1996,ICE,Not Applicable,2,Statewide,63
315,2019,T7,8,Diesel,1996,ICE,Not Applicable,3,Statewide,63
316,2019,T7,8,Diesel,1990,ICE,Not Applicable,3,Statewide,63
317,2019,T6,6,Diesel,2016,ICE,Not Applicable,3,Statewide,63
318,2019,T6,7,Diesel,2015,ICE,Not Applicable,1,Statewide,63
319,2019,T6,7,Diesel,1997,ICE,Not Applicable,1,Statewide,63
320,2019,T6,7,Diesel,1981,ICE,Not Applicable,≥4,Statewide,63
321,2019,T4,Unknown,Diesel,1994,ICE,Not Applicable,≥4,Statewide,63
322,2019,T2,1,Diesel,2019,ICE,Not Applicable,2,Statewide,63
323,2019,T3,Unknown,Gasoline,1988,ICE,Not Applicable,3,Statewide,63
324,2019,P,Not Applicable,Diesel,1981,ICE,Not Applicable,2,Statewide,63
325,2019,P,Not Applicable,Natural Gas,2009,ICE,Not Applicable,2,Statewide,62
326,2019,BS,Not Applicable,Natural Gas,2009,ICE,Not Applicable,≥4,Statewide,62
327,2019,T5,3,Gasoline,1991,ICE,Not Applicable,3,Statewide,62
328,2019,T3,Unknown,Gasoline,1982,ICE,Not Applicable,1,Statewide,62
329,2019,T2,Unknown,Gasoline,1985,ICE,Not Applicable,3,Statewide,62
330,2019,T2,Unknown,Gasoline,1981,ICE,Not Applicable,2,Statewide,62
331,2019,MH,Not Applicable,Gasoline,1985,ICE,Not Applicable,3,Statewide,62
332,2019,BS,Not Applicable,Gasoline,1991,ICE,Not Applicable,≥4,Statewide,62
333,2019,B,Not Applicable,Gasoline,2005,ICE,Not Applicable,3,Statewide,62
334,2019,T6,6,Diesel,2019,ICE,Not Applicable,2,Statewide,62
335,2019,B,Not Applicable,Diesel,1991,ICE,Not Applicable,≥4,Statewide,63
336,2019,T6,7,Diesel,1993,ICE,Not Applicable,3,Statewide,62
337,2019,T3,Unknown,Gasoline,2016,PHEV,Unknown,≥4,Statewide,63
338,2019,T5,3,Gasoline,1997,ICE,Not Applicable,1,Statewide,63
339,2019,MH,Not Applicable,Diesel,1997,ICE,Not Applicable,2,Statewide,65
340,2019,BT,Not Applicable,Diesel,1979,ICE,Not Applicable,1,Statewide,65
341,2019,T6,4,Natural Gas,2012,ICE,Not Applicable,≥4,Statewide,64
342,2019,T4,2,Natural Gas,2017,ICE,Not Applicable,≥4,Statewide,64
343,2019,T3,2,Natural Gas,2004,ICE,Not Applicable,≥4,Statewide,64
344,2019,P,Not Applicable,Natural Gas,2018,ICE,Not Applicable,≥4,Statewide,64
345,2019,P,Not Applicable,Natural Gas,2014,ICE,Not Applicable,1,Statewide,64
346,2019,P,Not Applicable,Natural Gas,2003,ICE,Not Applicable,≥4,Statewide,64
347,2019,T6,4,Gasoline,2003,ICE,Not Applicable,3,Statewide,64
348,2019,T6,6,Gasoline,1983,ICE,Not Applicable,1,Statewide,64
349,2019,T5,3,Gasoline,1997,ICE,Not Applicable,3,Statewide,63
350,2019,T7,8,Diesel,1997,ICE,Not Applicable,2,Statewide,64
351,2019,T4,Unknown,Diesel,2017,ICE,Not Applicable,3,Statewide,64
352,2019,T4,2,Diesel,1987,ICE,Not Applicable,1,Statewide,64
353,2019,T3,2,Diesel,2015,ICE,Not Applicable,3,Statewide,64
354,2019,T3,Unknown,Diesel,1991,ICE,Not Applicable,≥4,Statewide,64
355,2019,T3,2,Diesel,1985,ICE,Not Applicable,≥4,Statewide,64
356,2019,T2,1,Diesel,1985,ICE,Not Applicable,≥4,Statewide,64
357,2019,P,Not Applicable,Diesel,1982,ICE,Not Applicable,3,Statewide,64
358,2019,MH,Not Applicable,Diesel,1991,ICE,Not Applicable,≥4,Statewide,64
359,2019,P,Not Applicable,Natural Gas,2012,ICE,Not Applicable,1,Statewide,63
360,2019,T5,3,Gasoline,2015,ICE,Not Applicable,2,Statewide,63
361,2019,T5,3,Diesel,1993,ICE,Not Applicable,1,Statewide,64
362,2019,T6,Unknown,Diesel,1979,ICE,Not Applicable,≥4,Statewide,62
363,2019,T5,3,Diesel,1993,ICE,Not Applicable,2,Statewide,62
364,2019,T4,Unknown,Diesel,2019,ICE,Not Applicable,3,Statewide,62
365,2019,T5,3,Diesel,1992,ICE,Not Applicable,2,Statewide,60
366,2019,T4,Unknown,Diesel,2019,ICE,Not Applicable,1,Statewide,60
367,2019,T4,Unknown,Diesel,2012,ICE,Not Applicable,≥4,Statewide,60
368,2019,T4,Unknown,Diesel,1993,ICE,Not Applicable,≥4,Statewide,60
369,2019,T3,2,Diesel,2015,ICE,Not Applicable,1,Statewide,60
370,2019,T3,2,Diesel,2014,ICE,Not Applicable,2,Statewide,60
371,2019,T3,2,Diesel,1988,ICE,Not Applicable,2,Statewide,60
372,2019,T2,Unknown,Diesel,1975,ICE,Not Applicable,≥4,Statewide,60
373,2019,MH,Not Applicable,Diesel,1990,ICE,Not Applicable,≥4,Statewide,60
374,2019,B,Not Applicable,Diesel,2021,ICE,Not Applicable,≥4,Statewide,60
375,2019,T6,7,Diesel,1990,ICE,Not Applicable,1,Statewide,60
376,2019,P,Not Applicable,Natural Gas,2016,ICE,Not Applicable,1,Statewide,59
377,2019,T7,8,Gasoline,1977,ICE,Not Applicable,≥4,Statewide,59
378,2019,T6,4,Gasoline,1996,ICE,Not Applicable,3,Statewide,59
379,2019,T6,4,Gasoline,1995,ICE,Not Applicable,3,Statewide,59
380,2019,T5,3,Gasoline,1993,ICE,Not Applicable,3,Statewide,59
381,2019,BS,Not Applicable,Gasoline,1987,ICE,Not Applicable,≥4,Statewide,59
382,2019,T6,7,Diesel,1993,ICE,Not Applicable,2,Statewide,59
383,2019,P,Not Applicable,Diesel,2012,ICE,Not Applicable,2,Statewide,59
384,2019,P,Not Applicable,Diesel,1982,ICE,Not Applicable,1,Statewide,59
385,2019,MH,Not Applicable,Diesel,1988,ICE,Not Applicable,≥4,Statewide,59
386,2019,B,Not Applicable,Natural Gas,2018,ICE,Not Applicable,≥4,Statewide,58
387,2019,T7,8,Gasoline,1978,ICE,Not Applicable,≥4,Statewide,59
388,2019,T6,7,Diesel,1994,ICE,Not Applicable,3,Statewide,60
389,2019,T7,8,Diesel,1980,ICE,Not Applicable,1,Statewide,60
390,2019,T7,8,Diesel,1990,ICE,Not Applicable,2,Statewide,60
391,2019,T3,2,Diesel,2009,ICE,Not Applicable,2,Statewide,62
392,2019,T1,1,Diesel,1988,ICE,Not Applicable,2,Statewide,62
393,2019,MH,Not Applicable,Diesel,2016,ICE,Not Applicable,2,Statewide,62
394,2019,T6,7,Gasoline,2000,ICE,Not Applicable,≥4,Statewide,61
395,2019,T6,4,Gasoline,1994,ICE,Not Applicable,3,Statewide,61
396,2019,T6,7,Gasoline,1984,ICE,Not Applicable,≥4,Statewide,61
397,2019,T5,3,Gasoline,2021,ICE,Not Applicable,≥4,Statewide,61
398,2019,T5,3,Gasoline,2015,ICE,Not Applicable,3,Statewide,61
399,2019,T3,Unknown,Gasoline,1981,ICE,Not Applicable,1,Statewide,61
400,2019,T1,Unknown,Gasoline,1986,ICE,Not Applicable,3,Statewide,61
401,2019,BS,Not Applicable,Gasoline,1980,ICE,Not Applicable,≥4,Statewide,61
402,2019,B,Not Applicable,Gasoline,2017,ICE,Not Applicable,1,Statewide,61
403,2019,B,Not Applicable,Gasoline,1995,ICE,Not Applicable,≥4,Statewide,61
404,2019,T4,Unknown,Electric,2018,BEV,Unknown,≥4,Statewide,61
405,2019,T6,7,Diesel,2017,ICE,Not Applicable,1,Statewide,61
406,2019,T6,6,Diesel,2015,ICE,Not Applicable,1,Statewide,61
407,2019,T6,6,Diesel,1998,ICE,Not Applicable,2,Statewide,61
408,2019,T3,Unknown,Diesel,2012,ICE,Not Applicable,≥4,Statewide,61
409,2019,T3,2,Diesel,1987,ICE,Not Applicable,3,Statewide,61
410,2019,T6,7,Gasoline,1976,ICE,Not Applicable,≥4,Statewide,60
411,2019,T5,3,Gasoline,1975,ICE,Not Applicable,≥4,Statewide,60
412,2019,T4,Unknown,Gasoline,2012,ICE,Not Applicable,1,Statewide,60
413,2019,MH,Not Applicable,Gasoline,2021,ICE,Not Applicable,2,Statewide,60
414,2019,T6,7,Diesel,1994,ICE,Not Applicable,1,Statewide,81
415,2019,T6,6,Diesel,1999,ICE,Not Applicable,1,Statewide,81
416,2019,T6,Unknown,Diesel,2020,ICE,Not Applicable,≥4,Statewide,81
417,2019,T2,1,Electric,2019,BEV,101 to 150 miles,3,Statewide,81
418,2019,T3,Unknown,Gasoline,1989,ICE,Not Applicable,2,Statewide,115
419,2019,T3,Unknown,Gasoline,1989,ICE,Not Applicable,3,Statewide,115
420,2019,T1,Unknown,Gasoline,1982,ICE,Not Applicable,3,Statewide,115
421,2019,T1,Unknown,Gasoline,1981,ICE,Not Applicable,3,Statewide,115
422,2019,T3,Unknown,Gasoline,1983,ICE,Not Applicable,2,Statewide,114
423,2019,MH,Not Applicable,Gasoline,2015,ICE,Not Applicable,2,Statewide,114
424,2019,MH,Not Applicable,Gasoline,1987,ICE,Not Applicable,1,Statewide,114
425,2019,T6,6,Diesel,2020,ICE,Not Applicable,3,Statewide,114
426,2019,T3,2,Diesel,2011,ICE,Not Applicable,1,Statewide,114
427,2019,MH,Not Applicable,Diesel,2017,ICE,Not Applicable,3,Statewide,114
428,2019,T4,Unknown,Gasoline,1989,ICE,Not Applicable,≥4,Statewide,115
429,2019,T6,4,Gasoline,2006,ICE,Not Applicable,2,Statewide,113
430,2019,T4,Unknown,Gasoline,2016,ICE,Not Applicable,≥4,Statewide,113
431,2019,T2,Unknown,Gasoline,1977,ICE,Not Applicable,1,Statewide,113
432,2019,P,Not Applicable,Electric,2015,BEV,Unknown,2,Statewide,113
433,2019,T7,8,Natural Gas,2011,ICE,Not Applicable,≥4,Statewide,112
434,2019,T5,3,Gasoline,1995,ICE,Not Applicable,3,Statewide,112
435,2019,T1,Unknown,Gasoline,1984,ICE,Not Applicable,1,Statewide,112
436,2019,T6,7,Diesel,2011,ICE,Not Applicable,1,Statewide,112
437,2019,T6,4,Diesel,2003,ICE,Not Applicable,2,Statewide,112
438,2019,T6,6,Diesel,2001,ICE,Not Applicable,3,Statewide,112
439,2019,P,Not Applicable,Diesel,1995,ICE,Not Applicable,≥4,Statewide,112
440,2019,T6,6,Gasoline,1994,ICE,Not Applicable,≥4,Statewide,113
441,2019,P,Not Applicable,Diesel,1981,ICE,Not Applicable,≥4,Statewide,112
442,2019,T5,3,Gasoline,2017,ICE,Not Applicable,2,Statewide,115
443,2019,T1,Unknown,Gasoline,1983,ICE,Not Applicable,1,Statewide,116
444,2019,P,Not Applicable,Gasoline,2021,PHEV,0 to 50 miles,1,Statewide,120
445,2019,P,Not Applicable,Electric,2019,BEV,Unknown,3,Statewide,120
446,2019,T6,6,Diesel,2001,ICE,Not Applicable,1,Statewide,120
447,2019,T6,4,Diesel,2000,ICE,Not Applicable,2,Statewide,120
448,2019,T6,6,Diesel,2000,ICE,Not Applicable,3,Statewide,120
449,2019,P,Not Applicable,Diesel,2000,ICE,Not Applicable,2,Statewide,120
450,2019,T7,8,Natural Gas,2010,ICE,Not Applicable,≥4,Statewide,119
451,2019,BS,Not Applicable,Natural Gas,2020,ICE,Not Applicable,≥4,Statewide,119
452,2019,BS,Not Applicable,Natural Gas,2002,ICE,Not Applicable,≥4,Statewide,119
453,2019,T5,3,Gasoline,2017,ICE,Not Applicable,3,Statewide,119
454,2019,BT,Not Applicable,Diesel,2018,ICE,Not Applicable,1,Statewide,116
455,2019,T5,3,Gasoline,1998,ICE,Not Applicable,3,Statewide,119
456,2019,B,Not Applicable,Gasoline,2013,ICE,Not Applicable,1,Statewide,119
457,2019,T1,Unknown,Gasoline,1985,ICE,Not Applicable,2,Statewide,118
458,2019,MH,Not Applicable,Diesel,1997,ICE,Not Applicable,3,Statewide,118
459,2019,T6,6,Gasoline,1999,ICE,Not Applicable,≥4,Statewide,117
460,2019,T2,Unknown,Gasoline,1979,ICE,Not Applicable,1,Statewide,117
461,2019,BS,Not Applicable,Gasoline,2006,ICE,Not Applicable,≥4,Statewide,117
462,2019,T6,5,Diesel,2007,ICE,Not Applicable,2,Statewide,117
463,2019,MH,Not Applicable,Diesel,1995,ICE,Not Applicable,≥4,Statewide,117
464,2019,P,Not Applicable,Natural Gas,2013,ICE,Not Applicable,3,Statewide,116
465,2019,BS,Not Applicable,Natural Gas,2014,ICE,Not Applicable,≥4,Statewide,116
466,2019,T4,Unknown,Gasoline,1998,ICE,Not Applicable,2,Statewide,119
467,2019,T1,Unknown,Gasoline,1989,ICE,Not Applicable,1,Statewide,120
468,2019,BT,Not Applicable,Diesel,2016,ICE,Not Applicable,≥4,Statewide,112
469,2019,T6,7,Gasoline,2002,ICE,Not Applicable,≥4,Statewide,111
470,2019,BS,Not Applicable,Gasoline,1975,ICE,Not Applicable,2,Statewide,107
471,2019,B,Not Applicable,Gasoline,2006,ICE,Not Applicable,1,Statewide,107
472,2019,T7,8,Diesel,1995,ICE,Not Applicable,3,Statewide,107
473,2019,T3,2,Diesel,2010,ICE,Not Applicable,2,Statewide,107
474,2019,P,Not Applicable,Diesel,1983,ICE,Not Applicable,1,Statewide,107
475,2019,BT,Not Applicable,Diesel,2006,ICE,Not Applicable,1,Statewide,107
476,2019,B,Not Applicable,Gasoline,2010,ICE,Not Applicable,1,Statewide,106
477,2019,T7,8,Diesel,1994,ICE,Not Applicable,2,Statewide,106
478,2019,T6,6,Diesel,2016,ICE,Not Applicable,1,Statewide,106
479,2019,T6,7,Diesel,2006,ICE,Not Applicable,1,Statewide,106
480,2019,BT,Not Applicable,Natural Gas,2002,ICE,Not Applicable,≥4,Statewide,107
481,2019,T3,2,Diesel,2014,ICE,Not Applicable,≥4,Statewide,106
482,2019,T4,Unknown,Gasoline,2015,ICE,Not Applicable,≥4,Statewide,105
483,2019,T4,Unknown,Gasoline,1998,ICE,Not Applicable,1,Statewide,105
484,2019,T2,Unknown,Gasoline,1980,ICE,Not Applicable,2,Statewide,105
485,2019,BS,Not Applicable,Gasoline,2012,ICE,Not Applicable,≥4,Statewide,105
486,2019,T7,8,Diesel,1997,ICE,Not Applicable,1,Statewide,105
487,2019,T6,6,Diesel,2020,ICE,Not Applicable,2,Statewide,105
488,2019,T5,3,Diesel,1996,ICE,Not Applicable,3,Statewide,105
489,2019,T1,1,Diesel,1989,ICE,Not Applicable,≥4,Statewide,105
490,2019,MH,Not Applicable,Diesel,2018,ICE,Not Applicable,2,Statewide,105
491,2019,P,Not Applicable,Natural Gas,2014,ICE,Not Applicable,3,Statewide,104
492,2019,T3,2,Diesel,2010,ICE,Not Applicable,3,Statewide,106
493,2019,P,Not Applicable,Natural Gas,2020,ICE,Not Applicable,≥4,Statewide,111
494,2019,T6,7,Diesel,1983,ICE,Not Applicable,≥4,Statewide,108
495,2019,BT,Not Applicable,Diesel,1999,ICE,Not Applicable,≥4,Statewide,109
496,2019,T3,Unknown,Gasoline,1984,ICE,Not Applicable,3,Statewide,111
497,2019,MH,Not Applicable,Gasoline,2018,ICE,Not Applicable,1,Statewide,111
498,2019,P,Not Applicable,Electric,2013,BEV,>150 miles,≥4,Statewide,111
499,2019,MH,Not Applicable,Diesel,2008,ICE,Not Applicable,1,Statewide,111
500,2019,B,Not Applicable,Diesel,1993,ICE,Not Applicable,≥4,Statewide,111
501,2019,T6,6,Natural Gas,2015,ICE,Not Applicable,≥4,Statewide,110
502,2019,T6,7,Gasoline,2011,ICE,Not Applicable,≥4,Statewide,110
503,2019,MH,Not Applicable,Gasoline,1977,ICE,Not Applicable,2,Statewide,110
504,2019,BT,Not Applicable,Gasoline,2012,ICE,Not Applicable,≥4,Statewide,110
505,2019,B,Not Applicable,Gasoline,2007,ICE,Not Applicable,1,Statewide,110
506,2019,T6,5,Diesel,1999,ICE,Not Applicable,≥4,Statewide,108
507,2019,T6,5,Diesel,2004,ICE,Not Applicable,2,Statewide,110
508,2019,MH,Not Applicable,Diesel,2020,ICE,Not Applicable,1,Statewide,110
509,2019,MH,Not Applicable,Diesel,2019,ICE,Not Applicable,2,Statewide,110
510,2019,T3,Unknown,Gasoline,1986,ICE,Not Applicable,≥4,Statewide,109
511,2019,T1,Unknown,Gasoline,1985,ICE,Not Applicable,3,Statewide,109
512,2019,T1,Unknown,Gasoline,1982,ICE,Not Applicable,2,Statewide,109
513,2019,MH,Not Applicable,Gasoline,1979,ICE,Not Applicable,3,Statewide,109
514,2019,MH,Not Applicable,Gasoline,1977,ICE,Not Applicable,1,Statewide,109
515,2019,T6,7,Diesel,1995,ICE,Not Applicable,1,Statewide,109
516,2019,T6,7,Diesel,1980,ICE,Not Applicable,≥4,Statewide,109
517,2019,T1,Unknown,Diesel,1975,ICE,Not Applicable,≥4,Statewide,109
518,2019,P,Not Applicable,Diesel,1991,ICE,Not Applicable,3,Statewide,110
519,2019,T3,Unknown,Gasoline,1987,ICE,Not Applicable,≥4,Statewide,120
520,2019,T4,Unknown,Gasoline,1994,ICE,Not Applicable,3,Statewide,120
521,2019,T6,4,Gasoline,2007,ICE,Not Applicable,1,Statewide,120
522,2019,T5,3,Diesel,1994,ICE,Not Applicable,3,Statewide,132
523,2019,P,Not Applicable,Natural Gas,2013,ICE,Not Applicable,2,Statewide,131
524,2019,P,Not Applicable,Natural Gas,2007,ICE,Not Applicable,3,Statewide,131
525,2019,T6,6,Gasoline,1998,ICE,Not Applicable,≥4,Statewide,131
526,2019,T6,6,Gasoline,1987,ICE,Not Applicable,≥4,Statewide,131
527,2019,T5,3,Gasoline,2016,ICE,Not Applicable,2,Statewide,131
528,2019,B,Not Applicable,Gasoline,2013,ICE,Not Applicable,2,Statewide,131
529,2019,T1,1,Electric,2005,BEV,Unknown,≥4,Statewide,131
530,2019,T7,8,Diesel,1979,ICE,Not Applicable,≥4,Statewide,131
531,2019,T6,5,Diesel,2004,ICE,Not Applicable,1,Statewide,131
532,2019,T5,3,Diesel,1995,ICE,Not Applicable,2,Statewide,132
533,2019,T6,5,Diesel,2004,ICE,Not Applicable,3,Statewide,131
534,2019,T3,Unknown,Gasoline,1979,ICE,Not Applicable,2,Statewide,130
535,2019,T6,5,Diesel,2000,ICE,Not Applicable,≥4,Statewide,130
536,2019,T6,Unknown,Diesel,1985,ICE,Not Applicable,≥4,Statewide,130
537,2019,P,Not Applicable,Natural Gas,2004,ICE,Not Applicable,≥4,Statewide,129
538,2019,T4,Unknown,Gasoline,2010,ICE,Not Applicable,1,Statewide,129
539,2019,MH,Not Applicable,Gasoline,1981,ICE,Not Applicable,1,Statewide,129
540,2019,T3,2,Diesel,2018,ICE,Not Applicable,2,Statewide,129
541,2019,T3,2,Diesel,2013,ICE,Not Applicable,2,Statewide,129
542,2019,MH,Not Applicable,Diesel,1994,ICE,Not Applicable,≥4,Statewide,129
543,2019,T6,6,Gasoline,1988,ICE,Not Applicable,≥4,Statewide,128
544,2019,B,Not Applicable,Diesel,1996,ICE,Not Applicable,≥4,Statewide,131
545,2019,T4,Unknown,Gasoline,1994,ICE,Not Applicable,2,Statewide,128
546,2019,MH,Not Applicable,Gasoline,2021,ICE,Not Applicable,3,Statewide,132
547,2019,MH,Not Applicable,Diesel,2001,ICE,Not Applicable,3,Statewide,133
548,2019,T2,Unknown,Gasoline,1980,ICE,Not Applicable,3,Statewide,137
549,2019,B,Not Applicable,Gasoline,2003,ICE,Not Applicable,≥4,Statewide,137
550,2019,T1,Unknown,Electric,2017,BEV,101 to 150 miles,≥4,Statewide,136
551,2019,T7,8,Diesel,1999,ICE,Not Applicable,2,Statewide,136
552,2019,P,Not Applicable,Diesel,1983,ICE,Not Applicable,2,Statewide,136
553,2019,MH,Not Applicable,Diesel,1998,ICE,Not Applicable,3,Statewide,136
554,2019,B,Not Applicable,Gasoline,2008,ICE,Not Applicable,1,Statewide,135
555,2019,T7,8,Diesel,1998,ICE,Not Applicable,3,Statewide,135
556,2019,T7,8,Diesel,1995,ICE,Not Applicable,1,Statewide,135
557,2019,T6,4,Diesel,2000,ICE,Not Applicable,3,Statewide,135
558,2019,T4,2,Gasoline,1982,ICE,Not Applicable,1,Statewide,132
559,2019,T5,3,Diesel,2000,ICE,Not Applicable,1,Statewide,135
560,2019,T4,Unknown,Gasoline,1999,ICE,Not Applicable,2,Statewide,134
561,2019,BT,Not Applicable,Gasoline,2010,ICE,Not Applicable,≥4,Statewide,134
562,2019,P,Not Applicable,Electric,2020,BEV,Unknown,3,Statewide,134
563,2019,T4,Unknown,Diesel,2016,ICE,Not Applicable,≥4,Statewide,134
564,2019,P,Not Applicable,Diesel,2013,ICE,Not Applicable,≥4,Statewide,134
565,2019,BT,Not Applicable,Diesel,1987,ICE,Not Applicable,≥4,Statewide,134
566,2019,T2,Unknown,Gasoline,1988,ICE,Not Applicable,2,Statewide,133
567,2019,T6,6,Diesel,2000,ICE,Not Applicable,2,Statewide,133
568,2019,T5,3,Diesel,1997,ICE,Not Applicable,3,Statewide,133
569,2019,T4,2,Diesel,1993,ICE,Not Applicable,1,Statewide,133
570,2019,T4,Unknown,Diesel,2005,ICE,Not Applicable,1,Statewide,135
571,2019,T4,2,Gasoline,1987,ICE,Not Applicable,1,Statewide,128
572,2019,T1,1,Gasoline,1982,ICE,Not Applicable,1,Statewide,128
573,2019,T6,7,Diesel,2013,ICE,Not Applicable,1,Statewide,128
574,2019,T1,Unknown,Gasoline,1977,ICE,Not Applicable,1,Statewide,123
575,2019,T3,2,Diesel,2016,ICE,Not Applicable,1,Statewide,123
576,2019,P,Not Applicable,Diesel,1983,ICE,Not Applicable,3,Statewide,123
577,2019,T6,4,Gasoline,2011,ICE,Not Applicable,3,Statewide,122
578,2019,T5,3,Gasoline,2019,ICE,Not Applicable,2,Statewide,122
579,2019,T4,Unknown,Gasoline,2014,ICE,Not Applicable,≥4,Statewide,122
580,2019,P,Not Applicable,Electric,2015,BEV,Unknown,3,Statewide,122
581,2019,T6,7,Diesel,2010,ICE,Not Applicable,1,Statewide,122
582,2019,T6,5,Diesel,2007,ICE,Not Applicable,3,Statewide,122
583,2019,T6,7,Diesel,2003,ICE,Not Applicable,1,Statewide,122
584,2019,T6,7,Gasoline,1995,ICE,Not Applicable,≥4,Statewide,123
585,2019,T6,4,Diesel,2000,ICE,Not Applicable,1,Statewide,122
586,2019,T4,Unknown,Diesel,1991,ICE,Not Applicable,≥4,Statewide,122
587,2019,B,Not Applicable,Diesel,1997,ICE,Not Applicable,≥4,Statewide,122
588,2019,BT,Not Applicable,Natural Gas,2016,ICE,Not Applicable,≥4,Statewide,121
589,2019,T5,3,Gasoline,2016,ICE,Not Applicable,3,Statewide,121
590,2019,MH,Not Applicable,Gasoline,1986,ICE,Not Applicable,2,Statewide,121
591,2019,BS,Not Applicable,Gasoline,1979,ICE,Not Applicable,≥4,Statewide,121
592,2019,T1,Unknown,Electric,2017,BEV,101 to 150 miles,2,Statewide,121
593,2019,T6,7,Diesel,2020,ICE,Not Applicable,1,Statewide,121
594,2019,T3,2,Diesel,2018,ICE,Not Applicable,3,Statewide,121
595,2019,T6,7,Gasoline,2013,ICE,Not Applicable,≥4,Statewide,120
596,2019,T5,3,Diesel,1997,ICE,Not Applicable,2,Statewide,122
597,2019,T6,4,Gasoline,2011,ICE,Not Applicable,1,Statewide,123
598,2019,BS,Not Applicable,Natural Gas,2005,ICE,Not Applicable,≥4,Statewide,123
599,2019,P,Not Applicable,Diesel,1982,ICE,Not Applicable,≥4,Statewide,124
600,2019,P,Not Applicable,Diesel,1991,ICE,Not Applicable,2,Statewide,128
601,2019,B,Not Applicable,Diesel,1995,ICE,Not Applicable,≥4,Statewide,128
602,2019,T6,6,Gasoline,1980,ICE,Not Applicable,1,Statewide,127
603,2019,T2,1,Gasoline,1982,ICE,Not Applicable,1,Statewide,127
604,2019,T6,6,Gasoline,2010,ICE,Not Applicable,≥4,Statewide,126
605,2019,T6,6,Gasoline,1993,ICE,Not Applicable,≥4,Statewide,126
606,2019,T5,3,Gasoline,2018,ICE,Not Applicable,2,Statewide,126
607,2019,T3,2,Gasoline,1986,ICE,Not Applicable,1,Statewide,126
608,2019,T2,Unknown,Gasoline,1978,ICE,Not Applicable,1,Statewide,126
609,2019,T6,7,Diesel,2000,ICE,Not Applicable,3,Statewide,126
610,2019,T3,2,Natural Gas,2007,ICE,Not Applicable,≥4,Statewide,125
611,2019,T3,Unknown,Gasoline,1990,ICE,Not Applicable,2,Statewide,125
612,2019,BS,Not Applicable,Gasoline,2010,ICE,Not Applicable,≥4,Statewide,125
613,2019,T6,5,Diesel,2007,ICE,Not Applicable,1,Statewide,125
614,2019,T6,6,Diesel,2002,ICE,Not Applicable,2,Statewide,125
615,2019,T4,Unknown,Diesel,2018,ICE,Not Applicable,≥4,Statewide,125
616,2019,T3,2,Diesel,2009,ICE,Not Applicable,≥4,Statewide,125
617,2019,P,Not Applicable,Diesel,2000,ICE,Not Applicable,3,Statewide,125
618,2019,T3,2,Natural Gas,2005,ICE,Not Applicable,≥4,Statewide,124
619,2019,T4,Unknown,Gasoline,2018,ICE,Not Applicable,2,Statewide,124
620,2019,B,Not Applicable,Gasoline,2009,ICE,Not Applicable,2,Statewide,124
621,2019,T6,5,Diesel,2018,ICE,Not Applicable,3,Statewide,124
622,2019,T3,2,Diesel,2015,ICE,Not Applicable,≥4,Statewide,124
623,2019,T2,Unknown,Gasoline,1984,ICE,Not Applicable,3,Statewide,104
624,2019,T6,4,Gasoline,2013,ICE,Not Applicable,1,Statewide,51
625,2019,B,Not Applicable,Gasoline,2012,ICE,Not Applicable,1,Statewide,104
626,2019,MH,Not Applicable,Diesel,2006,ICE,Not Applicable,1,Statewide,104
627,2019,T7,8,Diesel,1979,ICE,Not Applicable,1,Statewide,89
628,2019,T6,7,Diesel,2019,ICE,Not Applicable,1,Statewide,89
629,2019,T6,7,Diesel,2018,ICE,Not Applicable,1,Statewide,89
630,2019,P,Not Applicable,Diesel,2013,ICE,Not Applicable,2,Statewide,89
631,2019,MH,Not Applicable,Diesel,2004,ICE,Not Applicable,1,Statewide,89
632,2019,B,Not Applicable,Diesel,1992,ICE,Not Applicable,≥4,Statewide,89
633,2019,BS,Not Applicable,Natural Gas,2021,ICE,Not Applicable,≥4,Statewide,88
634,2019,T3,Unknown,Gasoline,1979,ICE,Not Applicable,1,Statewide,88
635,2019,BT,Not Applicable,Gasoline,2005,ICE,Not Applicable,≥4,Statewide,88
636,2019,T7,8,Diesel,1990,ICE,Not Applicable,1,Statewide,88
637,2019,B,Not Applicable,Gasoline,2010,ICE,Not Applicable,2,Statewide,89
638,2019,T6,7,Diesel,2004,ICE,Not Applicable,3,Statewide,88
639,2019,BT,Not Applicable,Diesel,2012,ICE,Not Applicable,1,Statewide,88
640,2019,B,Not Applicable,Diesel,1989,ICE,Not Applicable,≥4,Statewide,88
641,2019,T6,7,Gasoline,1992,ICE,Not Applicable,≥4,Statewide,87
642,2019,BS,Not Applicable,Gasoline,1992,ICE,Not Applicable,≥4,Statewide,87
643,2019,B,Not Applicable,Gasoline,2012,ICE,Not Applicable,2,Statewide,87
644,2019,P,Not Applicable,Electric,2007,BEV,Unknown,≥4,Statewide,87
645,2019,T5,3,Diesel,1990,ICE,Not Applicable,≥4,Statewide,87
646,2019,T2,1,Diesel,2011,ICE,Not Applicable,≥4,Statewide,87
647,2019,P,Not Applicable,Diesel,2021,ICE,Not Applicable,3,Statewide,87
648,2019,MH,Not Applicable,Diesel,2003,ICE,Not Applicable,2,Statewide,87
649,2019,T6,Unknown,Diesel,1975,ICE,Not Applicable,1,Statewide,88
650,2019,MH,Not Applicable,Diesel,1999,ICE,Not Applicable,2,Statewide,87
651,2019,BT,Not Applicable,Gasoline,1975,ICE,Not Applicable,≥4,Statewide,89
652,2019,MH,Not Applicable,Gasoline,2017,ICE,Not Applicable,1,Statewide,89
653,2019,BS,Not Applicable,Diesel,1978,ICE,Not Applicable,≥4,Statewide,92
654,2019,T6,7,Gasoline,1986,ICE,Not Applicable,≥4,Statewide,91
655,2019,T7,8,Diesel,1994,ICE,Not Applicable,3,Statewide,91
656,2019,T6,7,Diesel,2005,ICE,Not Applicable,2,Statewide,91
657,2019,T6,7,Diesel,2002,ICE,Not Applicable,3,Statewide,91
658,2019,T5,3,Diesel,1996,ICE,Not Applicable,2,Statewide,91
659,2019,T3,2,Diesel,2002,ICE,Not Applicable,≥4,Statewide,91
660,2019,T2,Unknown,Diesel,2020,ICE,Not Applicable,1,Statewide,91
661,2019,T6,4,Gasoline,2007,ICE,Not Applicable,3,Statewide,90
662,2019,T6,7,Gasoline,1994,ICE,Not Applicable,≥4,Statewide,90
663,2019,MH,Not Applicable,Gasoline,1979,ICE,Not Applicable,2,Statewide,89
664,2019,T6,6,Gasoline,1979,ICE,Not Applicable,1,Statewide,90
665,2019,MH,Not Applicable,Gasoline,1986,ICE,Not Applicable,1,Statewide,90
666,2019,BS,Not Applicable,Gasoline,1990,ICE,Not Applicable,≥4,Statewide,90
667,2019,T6,7,Diesel,2008,ICE,Not Applicable,1,Statewide,90
668,2019,T5,3,Diesel,1994,ICE,Not Applicable,2,Statewide,90
669,2019,BS,Not Applicable,Natural Gas,2004,ICE,Not Applicable,≥4,Statewide,89
670,2019,T4,Unknown,Gasoline,1997,ICE,Not Applicable,2,Statewide,89
671,2019,T2,Unknown,Gasoline,1988,ICE,Not Applicable,1,Statewide,89
672,2019,T2,Unknown,Gasoline,1984,ICE,Not Applicable,1,Statewide,89
673,2019,T2,Unknown,Gasoline,1982,ICE,Not Applicable,3,Statewide,89
674,2019,T1,Unknown,Gasoline,1987,ICE,Not Applicable,3,Statewide,89
675,2019,T3,Unknown,Gasoline,1982,ICE,Not Applicable,3,Statewide,90
676,2019,T6,4,Diesel,2001,ICE,Not Applicable,3,Statewide,92
677,2019,T3,Unknown,Gasoline,1990,ICE,Not Applicable,1,Statewide,86
678,2019,T2,1,Diesel,2010,ICE,Not Applicable,≥4,Statewide,86
679,2019,T6,6,Diesel,2018,ICE,Not Applicable,3,Statewide,83
680,2019,T1,Unknown,Diesel,1987,ICE,Not Applicable,≥4,Statewide,83
681,2019,T1,1,Diesel,1987,ICE,Not Applicable,2,Statewide,83
682,2019,P,Not Applicable,Diesel,2002,ICE,Not Applicable,3,Statewide,83
683,2019,BT,Not Applicable,Diesel,2001,ICE,Not Applicable,≥4,Statewide,83
684,2019,T6,7,Natural Gas,2017,ICE,Not Applicable,≥4,Statewide,82
685,2019,T1,Unknown,Gasoline,1981,ICE,Not Applicable,1,Statewide,82
686,2019,B,Not Applicable,Gasoline,2010,ICE,Not Applicable,3,Statewide,82
687,2019,T6,7,Diesel,2007,ICE,Not Applicable,1,Statewide,82
688,2019,T6,7,Diesel,2003,ICE,Not Applicable,2,Statewide,82
689,2019,T7,8,Diesel,1993,ICE,Not Applicable,3,Statewide,83
690,2019,T6,7,Diesel,2002,ICE,Not Applicable,1,Statewide,82
691,2019,T4,Unknown,Diesel,1989,ICE,Not Applicable,≥4,Statewide,82
692,2019,T3,Unknown,Diesel,1988,ICE,Not Applicable,≥4,Statewide,82
693,2019,P,Not Applicable,Diesel,2002,ICE,Not Applicable,2,Statewide,82
694,2019,T6,4,Gasoline,2000,ICE,Not Applicable,2,Statewide,81
695,2019,T3,Unknown,Gasoline,1989,ICE,Not Applicable,1,Statewide,81
696,2019,T3,Unknown,Gasoline,1983,ICE,Not Applicable,1,Statewide,81
697,2019,T2,Unknown,Gasoline,1980,ICE,Not Applicable,1,Statewide,81
698,2019,BT,Not Applicable,Gasoline,2007,ICE,Not Applicable,≥4,Statewide,81
699,2019,BS,Not Applicable,Gasoline,1995,ICE,Not Applicable,≥4,Statewide,81
700,2019,B,Not Applicable,Gasoline,2012,ICE,Not Applicable,3,Statewide,81
701,2019,T4,Unknown,Diesel,1999,ICE,Not Applicable,≥4,Statewide,82
702,2019,T5,3,Diesel,1994,ICE,Not Applicable,1,Statewide,86
703,2019,B,Not Applicable,Gasoline,1975,ICE,Not Applicable,1,Statewide,83
704,2019,T6,7,Gasoline,1996,ICE,Not Applicable,≥4,Statewide,83
705,2019,T1,1,Diesel,1987,ICE,Not Applicable,3,Statewide,86
706,2019,T5,3,Gasoline,1994,ICE,Not Applicable,3,Statewide,85
707,2019,T2,Unknown,Gasoline,1983,ICE,Not Applicable,3,Statewide,85
708,2019,MH,Not Applicable,Gasoline,1976,ICE,Not Applicable,2,Statewide,85
709,2019,B,Not Applicable,Gasoline,2006,ICE,Not Applicable,2,Statewide,85
710,2019,T6,6,Diesel,2017,ICE,Not Applicable,2,Statewide,85
711,2019,T6,7,Diesel,2006,ICE,Not Applicable,3,Statewide,85
712,2019,T6,7,Diesel,2003,ICE,Not Applicable,3,Statewide,85
713,2019,T6,7,Diesel,1982,ICE,Not Applicable,≥4,Statewide,85
714,2019,T3,2,Diesel,2018,ICE,Not Applicable,1,Statewide,85
715,2019,T5,3,Gasoline,1998,ICE,Not Applicable,2,Statewide,83
716,2019,P,Not Applicable,Diesel,2001,ICE,Not Applicable,1,Statewide,85
717,2019,T5,3,Gasoline,1995,ICE,Not Applicable,2,Statewide,84
718,2019,MH,Not Applicable,Gasoline,2016,ICE,Not Applicable,1,Statewide,84
719,2019,BS,Not Applicable,Gasoline,1981,ICE,Not Applicable,≥4,Statewide,84
720,2019,B,Not Applicable,Gasoline,2008,ICE,Not Applicable,2,Statewide,84
721,2019,T1,Unknown,Electric,2017,BEV,101 to 150 miles,3,Statewide,84
722,2019,T6,7,Diesel,2009,ICE,Not Applicable,1,Statewide,84
723,2019,T6,4,Diesel,2001,ICE,Not Applicable,1,Statewide,84
724,2019,T6,6,Diesel,1998,ICE,Not Applicable,1,Statewide,84
725,2019,T5,3,Diesel,1996,ICE,Not Applicable,1,Statewide,84
726,2019,MH,Not Applicable,Diesel,1993,ICE,Not Applicable,≥4,Statewide,84
727,2019,T6,4,Gasoline,2010,ICE,Not Applicable,1,Statewide,84
728,2019,T6,7,Diesel,2013,ICE,Not Applicable,2,Statewide,92
729,2019,T7,8,Diesel,1996,ICE,Not Applicable,1,Statewide,92
730,2019,P,Not Applicable,Electric,2018,BEV,0 to 50 miles,≥4,Statewide,92
731,2019,T6,6,Electric,2015,BEV,Unknown,≥4,Statewide,100
732,2019,T6,6,Diesel,2014,ICE,Not Applicable,1,Statewide,100
733,2019,P,Not Applicable,Diesel,2001,ICE,Not Applicable,3,Statewide,100
734,2019,MH,Not Applicable,Diesel,2007,ICE,Not Applicable,1,Statewide,100
735,2019,BT,Not Applicable,Diesel,1998,ICE,Not Applicable,≥4,Statewide,100
736,2019,T6,4,Gasoline,2011,ICE,Not Applicable,2,Statewide,99
737,2019,T6,4,Gasoline,2002,ICE,Not Applicable,1,Statewide,99
738,2019,T6,6,Gasoline,1978,ICE,Not Applicable,1,Statewide,99
739,2019,T5,3,Gasoline,1998,ICE,Not Applicable,1,Statewide,99
740,2019,T3,Unknown,Gasoline,1980,ICE,Not Applicable,2,Statewide,99
741,2019,T4,Unknown,Gasoline,1994,ICE,Not Applicable,1,Statewide,100
742,2019,T2,Unknown,Gasoline,1984,ICE,Not Applicable,2,Statewide,99
743,2019,P,Not Applicable,Electric,2015,BEV,>150 miles,≥4,Statewide,99
744,2019,T7,8,Diesel,1998,ICE,Not Applicable,2,Statewide,99
745,2019,T7,8,Diesel,1992,ICE,Not Applicable,1,Statewide,99
746,2019,T6,6,Diesel,2019,ICE,Not Applicable,1,Statewide,99
747,2019,T6,4,Diesel,2001,ICE,Not Applicable,2,Statewide,99
748,2019,T6,6,Diesel,2001,ICE,Not Applicable,2,Statewide,99
749,2019,BS,Not Applicable,Diesel,1990,ICE,Not Applicable,≥4,Statewide,99
750,2019,T5,3,Gasoline,2014,ICE,Not Applicable,3,Statewide,98
751,2019,T5,3,Gasoline,1988,ICE,Not Applicable,≥4,Statewide,98
752,2019,T2,1,Electric,2019,BEV,101 to 150 miles,≥4,Statewide,98
753,2019,T2,1,Electric,2019,BEV,101 to 150 miles,2,Statewide,99
754,2019,T6,6,Diesel,2017,ICE,Not Applicable,1,Statewide,98
755,2019,T4,Unknown,Gasoline,2018,ICE,Not Applicable,1,Statewide,100
756,2019,P,Not Applicable,Natural Gas,2015,ICE,Not Applicable,3,Statewide,100
757,2019,BT,Not Applicable,Diesel,2007,ICE,Not Applicable,1,Statewide,104
758,2019,T6,4,Gasoline,2002,ICE,Not Applicable,3,Statewide,103
759,2019,T4,Unknown,Gasoline,1995,ICE,Not Applicable,2,Statewide,103
760,2019,T3,Unknown,Gasoline,1983,ICE,Not Applicable,3,Statewide,103
761,2019,T1,Unknown,Gasoline,1980,ICE,Not Applicable,1,Statewide,103
762,2019,B,Not Applicable,Gasoline,2008,ICE,Not Applicable,3,Statewide,103
763,2019,T7,8,Diesel,1993,ICE,Not Applicable,1,Statewide,103
764,2019,T3,Unknown,Diesel,1989,ICE,Not Applicable,≥4,Statewide,103
765,2019,P,Not Applicable,Diesel,1997,ICE,Not Applicable,≥4,Statewide,103
766,2019,BS,Not Applicable,Natural Gas,2018,ICE,Not Applicable,≥4,Statewide,102
767,2019,T6,4,Gasoline,2009,ICE,Not Applicable,1,Statewide,100
768,2019,T6,4,Gasoline,2000,ICE,Not Applicable,3,Statewide,102
769,2019,T4,Unknown,Gasoline,1996,ICE,Not Applicable,3,Statewide,102
770,2019,T3,Unknown,Gasoline,1984,ICE,Not Applicable,2,Statewide,102
771,2019,P,Not Applicable,Electric,2012,BEV,Unknown,≥4,Statewide,102
772,2019,BT,Not Applicable,Diesel,1976,ICE,Not Applicable,1,Statewide,102
773,2019,P,Not Applicable,Natural Gas,2012,ICE,Not Applicable,3,Statewide,101
774,2019,T5,3,Gasoline,1986,ICE,Not Applicable,≥4,Statewide,101
775,2019,P,Not Applicable,Electric,2016,BEV,Unknown,≥4,Statewide,101
776,2019,T6,4,Diesel,2003,ICE,Not Applicable,1,Statewide,101
777,2019,T6,Unknown,Diesel,1984,ICE,Not Applicable,≥4,Statewide,101
778,2019,T5,3,Diesel,1998,ICE,Not Applicable,1,Statewide,101
779,2019,T5,3,Gasoline,2014,ICE,Not Applicable,1,Statewide,102
780,2019,T6,5,Diesel,2001,ICE,Not Applicable,≥4,Statewide,98
781,2019,T1,1,Diesel,1990,ICE,Not Applicable,≥4,Statewide,98
782,2019,B,Not Applicable,Diesel,1999,ICE,Not Applicable,≥4,Statewide,98
783,2019,T6,7,Gasoline,1991,ICE,Not Applicable,≥4,Statewide,94
784,2019,T4,Unknown,Gasoline,1997,ICE,Not Applicable,3,Statewide,94
785,2019,T4,Unknown,Gasoline,1996,ICE,Not Applicable,2,Statewide,94
786,2019,T4,2,Gasoline,1981,ICE,Not Applicable,3,Statewide,94
787,2019,T1,Unknown,Gasoline,1982,ICE,Not Applicable,1,Statewide,94
788,2019,B,Not Applicable,Gasoline,2004,ICE,Not Applicable,2,Statewide,94
789,2019,T6,7,Diesel,2013,ICE,Not Applicable,3,Statewide,94
790,2019,T6,5,Diesel,1997,ICE,Not Applicable,≥4,Statewide,94
791,2019,T6,7,Diesel,1995,ICE,Not Applicable,3,Statewide,94
792,2019,T5,3,Diesel,1997,ICE,Not Applicable,1,Statewide,94
793,2019,MH,Not Applicable,Diesel,2005,ICE,Not Applicable,1,Statewide,95
794,2019,T1,1,Diesel,1986,ICE,Not Applicable,≥4,Statewide,94
795,2019,T7,8,Diesel,1983,ICE,Not Applicable,1,Statewide,93
796,2019,T6,5,Diesel,2018,ICE,Not Applicable,2,Statewide,93
797,2019,T6,4,Diesel,2003,ICE,Not Applicable,3,Statewide,93
798,2019,T4,2,Diesel,1987,ICE,Not Applicable,3,Statewide,93
799,2019,P,Not Applicable,Natural Gas,2015,ICE,Not Applicable,2,Statewide,92
800,2019,T6,4,Gasoline,2007,ICE,Not Applicable,2,Statewide,92
801,2019,T4,Unknown,Gasoline,1995,ICE,Not Applicable,3,Statewide,92
802,2019,T4,2,Gasoline,1981,ICE,Not Applicable,1,Statewide,92
803,2019,T1,Unknown,Gasoline,1981,ICE,Not Applicable,2,Statewide,92
804,2019,BS,Not Applicable,Gasoline,2018,ICE,Not Applicable,≥4,Statewide,92
805,2019,T6,4,Gasoline,2008,ICE,Not Applicable,3,Statewide,93
806,2019,P,Not Applicable,Diesel,2001,ICE,Not Applicable,2,Statewide,95
807,2019,T6,6,Diesel,1987,ICE,Not Applicable,≥4,Statewide,95
808,2019,T6,6,Diesel,2018,ICE,Not Applicable,1,Statewide,95
809,2019,P,Not Applicable,Natural Gas,2011,ICE,Not Applicable,≥4,Statewide,97
810,2019,T6,4,Gasoline,2008,ICE,Not Applicable,1,Statewide,97
811,2019,T1,Unknown,Gasoline,1980,ICE,Not Applicable,2,Statewide,97
812,2019,T1,Unknown,Gasoline,1980,ICE,Not Applicable,3,Statewide,97
813,2019,B,Not Applicable,Gasoline,2004,ICE,Not Applicable,3,Statewide,97
814,2019,T1,Unknown,Electric,2019,BEV,101 to 150 miles,1,Statewide,97
815,2019,T7,8,Diesel,1995,ICE,Not Applicable,2,Statewide,97
816,2019,T7,8,Diesel,1976,ICE,Not Applicable,≥4,Statewide,97
817,2019,T6,7,Diesel,2000,ICE,Not Applicable,2,Statewide,97
818,2019,T6,5,Diesel,1998,ICE,Not Applicable,≥4,Statewide,97
819,2019,T4,2,Diesel,1988,ICE,Not Applicable,1,Statewide,97
820,2019,T3,2,Diesel,1989,ICE,Not Applicable,≥4,Statewide,97
821,2019,P,Not Applicable,Diesel,2012,ICE,Not Applicable,≥4,Statewide,97
822,2019,P,Not Applicable,Natural Gas,2014,ICE,Not Applicable,2,Statewide,96
823,2019,T5,3,Gasoline,2014,ICE,Not Applicable,2,Statewide,96
824,2019,T5,3,Gasoline,1995,ICE,Not Applicable,1,Statewide,96
825,2019,T4,2,Gasoline,1981,ICE,Not Applicable,2,Statewide,96
826,2019,P,Not Applicable,Diesel,2000,ICE,Not Applicable,1,Statewide,96
827,2019,B,Not Applicable,Diesel,1994,ICE,Not Applicable,≥4,Statewide,96
828,2019,T4,Unknown,Gasoline,2012,ICE,Not Applicable,2,Statewide,95
829,2019,B,Not Applicable,Gasoline,2013,ICE,Not Applicable,3,Statewide,95
830,2019,B,Not Applicable,Gasoline,2004,ICE,Not Applicable,1,Statewide,95
831,2019,T1,1,Electric,2004,BEV,Unknown,≥4,Statewide,95
832,2019,T6,7,Diesel,2001,ICE,Not Applicable,1,Statewide,104
833,2019,T6,4,Gasoline,1995,ICE,Not Applicable,1,Statewide,51
834,2019,T6,5,Gasoline,1990,ICE,Not Applicable,≥4,Statewide,51
835,2019,T4,Unknown,Gasoline,1992,ICE,Not Applicable,1,Statewide,51
836,2019,T5,3,Gasoline,1984,ICE,Not Applicable,≥4,Statewide,27
837,2019,T2,Unknown,Gasoline,1985,ICE,Not Applicable,1,Statewide,27
838,2019,P,Not Applicable,Gasoline,2018,PHEV,Unknown,3,Statewide,27
839,2019,P,Not Applicable,Gasoline,2009,ICE,Not Applicable,Unknown,Statewide,27
840,2019,B,Not Applicable,Gasoline,2003,ICE,Not Applicable,1,Statewide,27
841,2019,B,Not Applicable,Gasoline,1976,ICE,Not Applicable,≥4,Statewide,27
842,2019,T1,1,Electric,2003,BEV,Unknown,≥4,Statewide,27
843,2019,P,Not Applicable,Electric,2007,BEV,Unknown,2,Statewide,27
844,2019,P,Not Applicable,Electric,2004,BEV,Unknown,≥4,Statewide,27
845,2019,MC,Not Applicable,Electric,2020,BEV,Unknown,≥4,Statewide,27
846,2019,T6,4,Gasoline,1977,ICE,Not Applicable,≥4,Statewide,27
847,2019,T7,8,Diesel,1987,ICE,Not Applicable,1,Statewide,27
848,2019,T6,7,Diesel,2016,ICE,Not Applicable,3,Statewide,27
849,2019,T6,4,Diesel,2015,ICE,Not Applicable,2,Statewide,27
850,2019,T6,7,Diesel,2015,ICE,Not Applicable,2,Statewide,27
851,2019,T6,Unknown,Diesel,2006,ICE,Not Applicable,≥4,Statewide,27
852,2019,T6,5,Diesel,2000,ICE,Not Applicable,1,Statewide,27
853,2019,T6,Unknown,Diesel,1990,ICE,Not Applicable,≥4,Statewide,27
854,2019,T6,7,Diesel,1989,ICE,Not Applicable,3,Statewide,27
855,2019,T6,7,Diesel,1982,ICE,Not Applicable,1,Statewide,27
856,2019,T3,Unknown,Diesel,2009,ICE,Not Applicable,≥4,Statewide,27
857,2019,T3,2,Diesel,2006,ICE,Not Applicable,2,Statewide,27
858,2019,T7,8,Diesel,1986,ICE,Not Applicable,3,Statewide,27
859,2019,T3,2,Diesel,2005,ICE,Not Applicable,≥4,Statewide,27
860,2019,T6,5,Gasoline,1989,ICE,Not Applicable,≥4,Statewide,27
861,2019,T6,5,Gasoline,2007,ICE,Not Applicable,1,Statewide,27
862,2019,P,Not Applicable,Electric,2012,BEV,Unknown,3,Statewide,28
863,2019,T6,5,Diesel,2021,ICE,Not Applicable,1,Statewide,28
864,2019,T6,7,Diesel,2017,ICE,Not Applicable,2,Statewide,28
865,2019,T6,4,Diesel,2014,ICE,Not Applicable,2,Statewide,28
866,2019,T6,4,Diesel,1996,ICE,Not Applicable,2,Statewide,28
867,2019,T6,Unknown,Diesel,1977,ICE,Not Applicable,≥4,Statewide,28
868,2019,T6,Unknown,Diesel,1976,ICE,Not Applicable,≥4,Statewide,28
869,2019,T4,Unknown,Diesel,1991,ICE,Not Applicable,3,Statewide,28
870,2019,T3,Unknown,Diesel,2013,ICE,Not Applicable,2,Statewide,28
871,2019,T3,Unknown,Diesel,2013,ICE,Not Applicable,3,Statewide,28
872,2019,T6,6,Gasoline,2000,ICE,Not Applicable,3,Statewide,27
873,2019,T3,Unknown,Diesel,1989,ICE,Not Applicable,1,Statewide,28
874,2019,T2,Unknown,Diesel,1987,ICE,Not Applicable,2,Statewide,28
875,2019,T1,Unknown,Diesel,2011,ICE,Not Applicable,≥4,Statewide,28
876,2019,BT,Not Applicable,Diesel,2004,ICE,Not Applicable,1,Statewide,28
877,2019,BS,Not Applicable,Diesel,2015,ICE,Not Applicable,1,Statewide,28
878,2019,B,Not Applicable,Diesel,2004,ICE,Not Applicable,3,Statewide,28
879,2019,T7,8,Natural Gas,2015,ICE,Not Applicable,1,Statewide,27
880,2019,P,Not Applicable,Natural Gas,2011,ICE,Not Applicable,1,Statewide,27
881,2019,P,Not Applicable,Hydrogen,2016,FCEV,Unknown,≥4,Statewide,27
882,2019,T6,5,Gasoline,2020,ICE,Not Applicable,2,Statewide,27
883,2019,T6,4,Gasoline,2016,ICE,Not Applicable,1,Statewide,27
884,2019,T2,1,Diesel,1989,ICE,Not Applicable,≥4,Statewide,28
885,2019,B,Not Applicable,Gasoline,1988,ICE,Not Applicable,≥4,Statewide,28
886,2019,T2,Unknown,Diesel,1987,ICE,Not Applicable,3,Statewide,27
887,2019,BT,Not Applicable,Diesel,1981,ICE,Not Applicable,1,Statewide,27
888,2019,T5,3,Diesel,1975,ICE,Not Applicable,≥4,Statewide,26
889,2019,T4,Unknown,Diesel,1991,ICE,Not Applicable,2,Statewide,26
890,2019,T3,Unknown,Diesel,2012,ICE,Not Applicable,1,Statewide,26
891,2019,T3,2,Diesel,2006,ICE,Not Applicable,1,Statewide,26
892,2019,T3,2,Diesel,2004,ICE,Not Applicable,1,Statewide,26
893,2019,T3,2,Diesel,1999,ICE,Not Applicable,2,Statewide,26
894,2019,T3,Unknown,Diesel,1989,ICE,Not Applicable,2,Statewide,26
895,2019,T3,Unknown,Diesel,1989,ICE,Not Applicable,3,Statewide,26
896,2019,T2,1,Diesel,1987,ICE,Not Applicable,2,Statewide,26
897,2019,T1,1,Diesel,1990,ICE,Not Applicable,3,Statewide,26
898,2019,T5,3,Diesel,1988,ICE,Not Applicable,≥4,Statewide,26
899,2019,MH,Not Applicable,Diesel,2021,ICE,Not Applicable,1,Statewide,26
900,2019,MH,Not Applicable,Diesel,1988,ICE,Not Applicable,3,Statewide,26
901,2019,BS,Not Applicable,Diesel,2022,ICE,Not Applicable,≥4,Statewide,26
902,2019,BS,Not Applicable,Diesel,2011,ICE,Not Applicable,1,Statewide,26
903,2019,BS,Not Applicable,Diesel,1986,ICE,Not Applicable,≥4,Statewide,26
904,2019,BS,Not Applicable,Diesel,1983,ICE,Not Applicable,≥4,Statewide,26
905,2019,BS,Not Applicable,Diesel,1975,ICE,Not Applicable,3,Statewide,26
906,2019,T4,2,Natural Gas,2008,ICE,Not Applicable,≥4,Statewide,25
907,2019,T4,2,Natural Gas,2007,ICE,Not Applicable,≥4,Statewide,25
908,2019,T3,2,Natural Gas,2008,ICE,Not Applicable,3,Statewide,25
909,2019,B,Not Applicable,Natural Gas,2012,ICE,Not Applicable,≥4,Statewide,25
910,2019,MH,Not Applicable,Diesel,1991,ICE,Not Applicable,3,Statewide,26
911,2019,BT,Not Applicable,Diesel,1998,ICE,Not Applicable,1,Statewide,27
912,2019,T6,7,Diesel,1980,ICE,Not Applicable,1,Statewide,26
913,2019,T6,5,Diesel,1993,ICE,Not Applicable,≥4,Statewide,26
914,2019,BS,Not Applicable,Diesel,2014,ICE,Not Applicable,1,Statewide,27
915,2019,B,Not Applicable,Diesel,2004,ICE,Not Applicable,1,Statewide,27
916,2019,T7,8,Natural Gas,2016,ICE,Not Applicable,1,Statewide,26
917,2019,T6,7,Natural Gas,2008,ICE,Not Applicable,≥4,Statewide,26
918,2019,T4,2,Natural Gas,2005,ICE,Not Applicable,≥4,Statewide,26
919,2019,T3,2,Natural Gas,2001,ICE,Not Applicable,≥4,Statewide,26
920,2019,BT,Not Applicable,Natural Gas,1999,ICE,Not Applicable,≥4,Statewide,26
921,2019,T6,6,Gasoline,1983,ICE,Not Applicable,3,Statewide,26
922,2019,T6,5,Gasoline,1980,ICE,Not Applicable,≥4,Statewide,26
923,2019,T6,6,Gasoline,1979,ICE,Not Applicable,3,Statewide,26
924,2019,T6,7,Diesel,1989,ICE,Not Applicable,2,Statewide,26
925,2019,T4,2,Gasoline,2021,ICE,Not Applicable,3,Statewide,26
926,2019,BS,Not Applicable,Gasoline,1999,ICE,Not Applicable,≥4,Statewide,26
927,2019,B,Not Applicable,Gasoline,2020,ICE,Not Applicable,2,Statewide,26
928,2019,B,Not Applicable,Gasoline,1986,ICE,Not Applicable,≥4,Statewide,26
929,2019,MC,Not Applicable,Electric,2015,BEV,Unknown,≥4,Statewide,26
930,2019,T7,8,Diesel,1984,ICE,Not Applicable,1,Statewide,26
931,2019,T6,6,Diesel,2021,ICE,Not Applicable,3,Statewide,26
932,2019,T6,4,Diesel,2016,ICE,Not Applicable,2,Statewide,26
933,2019,T6,Unknown,Diesel,2008,ICE,Not Applicable,≥4,Statewide,26
934,2019,T6,5,Diesel,2003,ICE,Not Applicable,3,Statewide,26
935,2019,T6,4,Diesel,1996,ICE,Not Applicable,1,Statewide,26
936,2019,T3,Unknown,Gasoline,2016,PHEV,Unknown,1,Statewide,26
937,2019,T4,Unknown,Gasoline,1989,ICE,Not Applicable,3,Statewide,28
938,2019,T6,6,Gasoline,1980,ICE,Not Applicable,3,Statewide,28
939,2019,T6,4,Gasoline,1993,ICE,Not Applicable,3,Statewide,28
940,2019,T1,Unknown,Diesel,1985,ICE,Not Applicable,≥4,Statewide,31
941,2019,P,Not Applicable,Diesel,1979,ICE,Not Applicable,≥4,Statewide,31
942,2019,BT,Not Applicable,Diesel,1986,ICE,Not Applicable,1,Statewide,31
943,2019,BT,Not Applicable,Diesel,1980,ICE,Not Applicable,≥4,Statewide,31
944,2019,T6,4,Natural Gas,2020,ICE,Not Applicable,≥4,Statewide,30
945,2019,T6,7,Natural Gas,2010,ICE,Not Applicable,≥4,Statewide,30
946,2019,T3,2,Natural Gas,2002,ICE,Not Applicable,≥4,Statewide,30
947,2019,P,Not Applicable,Natural Gas,2008,ICE,Not Applicable,1,Statewide,30
948,2019,P,Not Applicable,Natural Gas,2002,ICE,Not Applicable,≥4,Statewide,30
949,2019,T6,4,Gasoline,1998,ICE,Not Applicable,2,Statewide,30
950,2019,T1,1,Diesel,1986,ICE,Not Applicable,3,Statewide,31
951,2019,T6,5,Gasoline,1998,ICE,Not Applicable,≥4,Statewide,30
952,2019,T6,7,Gasoline,1982,ICE,Not Applicable,≥4,Statewide,30
953,2019,T6,7,Gasoline,1976,ICE,Not Applicable,1,Statewide,30
954,2019,T4,Unknown,Gasoline,2016,ICE,Not Applicable,1,Statewide,30
955,2019,T4,Unknown,Gasoline,1984,ICE,Not Applicable,≥4,Statewide,30
956,2019,T2,1,Gasoline,2020,PHEV,0 to 50 miles,1,Statewide,30
957,2019,T2,Unknown,Gasoline,2019,PHEV,Unknown,2,Statewide,30
958,2019,BT,Not Applicable,Gasoline,1995,ICE,Not Applicable,≥4,Statewide,30
959,2019,B,Not Applicable,Gasoline,2017,ICE,Not Applicable,3,Statewide,30
960,2019,P,Not Applicable,Electric,2015,BEV,>150 miles,2,Statewide,30
961,2019,P,Not Applicable,Electric,2010,BEV,Unknown,≥4,Statewide,30
962,2019,T6,4,Gasoline,1992,ICE,Not Applicable,≥4,Statewide,30
963,2019,MC,Not Applicable,Electric,1998,BEV,Unknown,≥4,Statewide,30
964,2019,T1,Unknown,Diesel,1997,ICE,Not Applicable,≥4,Statewide,31
965,2019,T3,2,Diesel,2014,ICE,Not Applicable,1,Statewide,31
966,2019,T5,3,Diesel,1992,ICE,Not Applicable,1,Statewide,32
967,2019,T3,2,Diesel,2000,ICE,Not Applicable,2,Statewide,32
968,2019,T2,1,Diesel,1984,ICE,Not Applicable,2,Statewide,32
969,2019,MH,Not Applicable,Diesel,1994,ICE,Not Applicable,3,Statewide,32
970,2019,BS,Not Applicable,Diesel,1975,ICE,Not Applicable,1,Statewide,32
971,2019,B,Not Applicable,Diesel,1994,ICE,Not Applicable,1,Statewide,32
972,2019,T4,2,Natural Gas,2018,ICE,Not Applicable,≥4,Statewide,31
973,2019,T3,2,Natural Gas,2020,ICE,Not Applicable,≥4,Statewide,31
974,2019,T3,2,Natural Gas,2009,ICE,Not Applicable,1,Statewide,31
975,2019,T6,5,Gasoline,2017,ICE,Not Applicable,1,Statewide,31
976,2019,T1,Unknown,Diesel,2001,ICE,Not Applicable,≥4,Statewide,31
977,2019,T6,5,Gasoline,2008,ICE,Not Applicable,1,Statewide,31
978,2019,B,Not Applicable,Gasoline,2015,ICE,Not Applicable,2,Statewide,31
979,2019,B,Not Applicable,Gasoline,1992,ICE,Not Applicable,≥4,Statewide,31
980,2019,B,Not Applicable,Gasoline,1991,ICE,Not Applicable,≥4,Statewide,31
981,2019,B,Not Applicable,Gasoline,1985,ICE,Not Applicable,≥4,Statewide,31
982,2019,B,Not Applicable,Gasoline,1980,ICE,Not Applicable,1,Statewide,31
983,2019,T7,8,Diesel,1986,ICE,Not Applicable,1,Statewide,31
984,2019,T6,Unknown,Diesel,2014,ICE,Not Applicable,≥4,Statewide,31
985,2019,T6,7,Diesel,1986,ICE,Not Applicable,2,Statewide,31
986,2019,T6,6,Diesel,1983,ICE,Not Applicable,≥4,Statewide,31
987,2019,T3,2,Diesel,2021,ICE,Not Applicable,≥4,Statewide,31
988,2019,T6,4,Gasoline,1997,ICE,Not Applicable,3,Statewide,31
989,2019,T7,8,Diesel,1978,ICE,Not Applicable,1,Statewide,30
990,2019,T6,7,Diesel,2017,ICE,Not Applicable,3,Statewide,30
991,2019,T6,7,Diesel,2016,ICE,Not Applicable,2,Statewide,30
992,2019,P,Not Applicable,Electric,2016,BEV,Unknown,2,Statewide,29
993,2019,P,Not Applicable,Electric,2003,BEV,Unknown,≥4,Statewide,29
994,2019,P,Not Applicable,Electric,2002,BEV,Unknown,≥4,Statewide,29
995,2019,BT,Not Applicable,Electric,1975,BEV,Unknown,1,Statewide,29
996,2019,T6,Unknown,Diesel,2012,ICE,Not Applicable,≥4,Statewide,29
997,2019,T6,5,Diesel,2002,ICE,Not Applicable,3,Statewide,29
998,2019,T6,5,Diesel,1990,ICE,Not Applicable,≥4,Statewide,29
999,2019,T6,7,Diesel,1977,ICE,Not Applicable,≥4,Statewide,29
1000,2019,T5,3,Diesel,2021,ICE,Not Applicable,2,Statewide,29
1001,2019,T4,Unknown,Diesel,1989,ICE,Not Applicable,3,Statewide,29
1002,2019,T2,Unknown,Electric,1978,BEV,Unknown,≥4,Statewide,29
1003,2019,T3,2,Diesel,2000,ICE,Not Applicable,1,Statewide,29
1004,2019,T1,1,Diesel,1988,ICE,Not Applicable,1,Statewide,29
1005,2019,P,Not Applicable,Diesel,1980,ICE,Not Applicable,1,Statewide,29
1006,2019,P,Not Applicable,Diesel,1978,ICE,Not Applicable,≥4,Statewide,29
1007,2019,BS,Not Applicable,Diesel,1995,ICE,Not Applicable,1,Statewide,29
1008,2019,B,Not Applicable,Diesel,2003,ICE,Not Applicable,1,Statewide,29
1009,2019,B,Not Applicable,Diesel,1980,ICE,Not Applicable,≥4,Statewide,29
1010,2019,P,Not Applicable,Hydrogen,2015,FCEV,Unknown,≥4,Statewide,28
1011,2019,T6,5,Gasoline,2020,ICE,Not Applicable,3,Statewide,28
1012,2019,T6,5,Gasoline,2017,ICE,Not Applicable,2,Statewide,28
1013,2019,T6,5,Gasoline,2016,ICE,Not Applicable,1,Statewide,28
1014,2019,T3,Unknown,Diesel,1987,ICE,Not Applicable,3,Statewide,29
1015,2019,T2,Unknown,Electric,2015,BEV,Unknown,≥4,Statewide,29
1016,2019,T2,Unknown,Electric,2020,BEV,Unknown,≥4,Statewide,29
1017,2019,T2,1,Gasoline,2019,PHEV,Unknown,≥4,Statewide,29
1018,2019,T6,5,Diesel,2015,ICE,Not Applicable,2,Statewide,30
1019,2019,T6,5,Diesel,2003,ICE,Not Applicable,1,Statewide,30
1020,2019,T6,7,Diesel,1989,ICE,Not Applicable,1,Statewide,30
1021,2019,T3,Unknown,Diesel,1975,ICE,Not Applicable,1,Statewide,30
1022,2019,T2,1,Diesel,1983,ICE,Not Applicable,≥4,Statewide,30
1023,2019,T1,Unknown,Diesel,2006,ICE,Not Applicable,≥4,Statewide,30
1024,2019,BT,Not Applicable,Diesel,2010,ICE,Not Applicable,≥4,Statewide,30
1025,2019,BT,Not Applicable,Diesel,1996,ICE,Not Applicable,1,Statewide,30
1026,2019,B,Not Applicable,Diesel,1984,ICE,Not Applicable,≥4,Statewide,30
1027,2019,P,Not Applicable,Natural Gas,2004,ICE,Not Applicable,3,Statewide,29
1028,2019,P,Not Applicable,Natural Gas,1975,ICE,Not Applicable,≥4,Statewide,29
1029,2019,T6,4,Gasoline,2018,ICE,Not Applicable,2,Statewide,29
1030,2019,T6,7,Gasoline,2008,ICE,Not Applicable,≥4,Statewide,29
1031,2019,T6,5,Gasoline,2004,ICE,Not Applicable,3,Statewide,29
1032,2019,T6,6,Gasoline,2000,ICE,Not Applicable,1,Statewide,29
1033,2019,T6,6,Gasoline,2000,ICE,Not Applicable,2,Statewide,29
1034,2019,T6,4,Gasoline,1997,ICE,Not Applicable,1,Statewide,29
1035,2019,T6,6,Gasoline,1997,ICE,Not Applicable,1,Statewide,29
1036,2019,T6,5,Gasoline,1996,ICE,Not Applicable,≥4,Statewide,29
1037,2019,T6,6,Gasoline,1984,ICE,Not Applicable,2,Statewide,29
1038,2019,T6,6,Gasoline,1978,ICE,Not Applicable,3,Statewide,29
1039,2019,T5,3,Gasoline,1989,ICE,Not Applicable,1,Statewide,29
1040,2019,T3,Unknown,Gasoline,1987,ICE,Not Applicable,2,Statewide,29
1041,2019,B,Not Applicable,Natural Gas,2008,ICE,Not Applicable,≥4,Statewide,25
1042,2019,T6,Unknown,Diesel,1992,ICE,Not Applicable,≥4,Statewide,32
1043,2019,T6,4,Gasoline,2014,ICE,Not Applicable,1,Statewide,25
1044,2019,T6,5,Gasoline,2004,ICE,Not Applicable,2,Statewide,25
1045,2019,MC,Not Applicable,Electric,2013,BEV,Unknown,≥4,Statewide,22
1046,2019,T7,8,Diesel,1987,ICE,Not Applicable,3,Statewide,22
1047,2019,T6,7,Diesel,2015,ICE,Not Applicable,3,Statewide,22
1048,2019,T6,5,Diesel,2002,ICE,Not Applicable,1,Statewide,22
1049,2019,T6,Unknown,Diesel,2001,ICE,Not Applicable,≥4,Statewide,22
1050,2019,T6,5,Diesel,2000,ICE,Not Applicable,2,Statewide,22
1051,2019,T6,5,Diesel,1998,ICE,Not Applicable,1,Statewide,22
1052,2019,T6,4,Diesel,1993,ICE,Not Applicable,1,Statewide,22
1053,2019,T6,6,Diesel,1993,ICE,Not Applicable,1,Statewide,22
1054,2019,T6,Unknown,Diesel,1991,ICE,Not Applicable,≥4,Statewide,22
1055,2019,P,Not Applicable,Electric,2012,BEV,Unknown,2,Statewide,22
1056,2019,T6,7,Diesel,1987,ICE,Not Applicable,3,Statewide,22
1057,2019,T3,Unknown,Diesel,2013,ICE,Not Applicable,1,Statewide,22
1058,2019,T3,Unknown,Diesel,2011,ICE,Not Applicable,1,Statewide,22
1059,2019,T3,Unknown,Diesel,1985,ICE,Not Applicable,≥4,Statewide,22
1060,2019,T2,1,Diesel,1987,ICE,Not Applicable,3,Statewide,22
1061,2019,T1,Unknown,Diesel,1987,ICE,Not Applicable,3,Statewide,22
1062,2019,T1,Unknown,Diesel,1984,ICE,Not Applicable,≥4,Statewide,22
1063,2019,MH,Not Applicable,Diesel,1989,ICE,Not Applicable,3,Statewide,22
1064,2019,BT,Not Applicable,Diesel,1977,ICE,Not Applicable,1,Statewide,22
1065,2019,BS,Not Applicable,Diesel,2005,ICE,Not Applicable,2,Statewide,22
1066,2019,B,Not Applicable,Diesel,2006,ICE,Not Applicable,2,Statewide,22
1067,2019,T6,6,Diesel,1981,ICE,Not Applicable,≥4,Statewide,22
1068,2019,B,Not Applicable,Diesel,2005,ICE,Not Applicable,3,Statewide,22
1069,2019,P,Not Applicable,Electric,2015,BEV,>150 miles,1,Statewide,22
1070,2019,P,Not Applicable,Electric,2021,BEV,51 to 100 miles,2,Statewide,22
1071,2019,MH,Not Applicable,Diesel,1995,ICE,Not Applicable,2,Statewide,23
1072,2019,MH,Not Applicable,Diesel,1988,ICE,Not Applicable,2,Statewide,23
1073,2019,BS,Not Applicable,Diesel,2005,ICE,Not Applicable,1,Statewide,23
1074,2019,T6,4,Natural Gas,2017,ICE,Not Applicable,≥4,Statewide,22
1075,2019,B,Not Applicable,Natural Gas,2017,ICE,Not Applicable,≥4,Statewide,22
1076,2019,T7,8,Gasoline,1986,ICE,Not Applicable,≥4,Statewide,22
1077,2019,T7,8,Gasoline,1978,ICE,Not Applicable,1,Statewide,22
1078,2019,T6,4,Gasoline,2020,ICE,Not Applicable,3,Statewide,22
1079,2019,T6,4,Gasoline,2019,ICE,Not Applicable,3,Statewide,22
1080,2019,T6,5,Gasoline,2018,ICE,Not Applicable,1,Statewide,22
1081,2019,P,Not Applicable,Electric,2016,BEV,>150 miles,3,Statewide,22
1082,2019,T6,5,Gasoline,2009,ICE,Not Applicable,1,Statewide,22
1083,2019,T6,6,Gasoline,1995,ICE,Not Applicable,2,Statewide,22
1084,2019,T6,5,Gasoline,1982,ICE,Not Applicable,≥4,Statewide,22
1085,2019,T6,7,Gasoline,1981,ICE,Not Applicable,1,Statewide,22
1086,2019,T3,Unknown,Gasoline,1986,ICE,Not Applicable,1,Statewide,22
1087,2019,P,Not Applicable,Gasoline,2015,ICE,Not Applicable,Unknown,Statewide,22
1088,2019,BT,Not Applicable,Gasoline,1998,ICE,Not Applicable,≥4,Statewide,22
1089,2019,BT,Not Applicable,Gasoline,1996,ICE,Not Applicable,≥4,Statewide,22
1090,2019,BS,Not Applicable,Gasoline,2018,ICE,Not Applicable,1,Statewide,22
1091,2019,BS,Not Applicable,Gasoline,2003,ICE,Not Applicable,≥4,Statewide,22
1092,2019,B,Not Applicable,Gasoline,1978,ICE,Not Applicable,≥4,Statewide,22
1093,2019,T6,7,Gasoline,2003,ICE,Not Applicable,≥4,Statewide,22
1094,2019,T2,Unknown,Diesel,2015,ICE,Not Applicable,2,Statewide,23
1095,2019,B,Not Applicable,Diesel,2003,ICE,Not Applicable,3,Statewide,22
1096,2019,B,Not Applicable,Diesel,1982,ICE,Not Applicable,≥4,Statewide,22
1097,2019,T6,6,Diesel,1990,ICE,Not Applicable,1,Statewide,21
1098,2019,T4,Unknown,Diesel,1999,ICE,Not Applicable,2,Statewide,21
1099,2019,T4,Unknown,Diesel,1999,ICE,Not Applicable,3,Statewide,21
1100,2019,T4,Unknown,Diesel,1990,ICE,Not Applicable,3,Statewide,21
1101,2019,T3,Unknown,Diesel,2011,ICE,Not Applicable,2,Statewide,21
1102,2019,T3,2,Diesel,1990,ICE,Not Applicable,2,Statewide,21
1103,2019,T3,Unknown,Diesel,1986,ICE,Not Applicable,≥4,Statewide,21
1104,2019,T2,Unknown,Diesel,2015,ICE,Not Applicable,1,Statewide,21
1105,2019,T2,Unknown,Diesel,1991,ICE,Not Applicable,≥4,Statewide,21
1106,2019,T2,1,Diesel,1983,ICE,Not Applicable,3,Statewide,21
1107,2019,T6,4,Diesel,1993,ICE,Not Applicable,3,Statewide,21
1108,2019,T1,Unknown,Diesel,2000,ICE,Not Applicable,≥4,Statewide,21
1109,2019,T1,1,Diesel,1986,ICE,Not Applicable,1,Statewide,21
1110,2019,P,Not Applicable,Diesel,1998,ICE,Not Applicable,2,Statewide,21
1111,2019,MH,Not Applicable,Diesel,1989,ICE,Not Applicable,2,Statewide,21
1112,2019,MH,Not Applicable,Diesel,1985,ICE,Not Applicable,≥4,Statewide,21
1113,2019,BT,Not Applicable,Diesel,1995,ICE,Not Applicable,1,Statewide,21
1114,2019,BS,Not Applicable,Diesel,2007,ICE,Not Applicable,1,Statewide,21
1115,2019,BS,Not Applicable,Diesel,2004,ICE,Not Applicable,2,Statewide,21
1116,2019,P,Not Applicable,Natural Gas,2018,ICE,Not Applicable,3,Statewide,20
1117,2019,B,Not Applicable,Natural Gas,2011,ICE,Not Applicable,≥4,Statewide,20
1118,2019,T6,5,Gasoline,2005,ICE,Not Applicable,3,Statewide,20
1119,2019,T1,1,Diesel,1990,ICE,Not Applicable,1,Statewide,21
1120,2019,B,Not Applicable,Diesel,1985,ICE,Not Applicable,≥4,Statewide,22
1121,2019,T6,Unknown,Diesel,1993,ICE,Not Applicable,≥4,Statewide,21
1122,2019,T6,Unknown,Diesel,2000,ICE,Not Applicable,≥4,Statewide,21
1123,2019,T7,8,Natural Gas,2019,ICE,Not Applicable,1,Statewide,21
1124,2019,T7,8,Natural Gas,2018,ICE,Not Applicable,1,Statewide,21
1125,2019,T3,2,Natural Gas,2006,ICE,Not Applicable,1,Statewide,21
1126,2019,T2,Unknown,Natural Gas,2019,ICE,Not Applicable,≥4,Statewide,21
1127,2019,P,Not Applicable,Natural Gas,2020,ICE,Not Applicable,3,Statewide,21
1128,2019,T6,5,Gasoline,2010,ICE,Not Applicable,3,Statewide,21
1129,2019,T6,6,Gasoline,2006,ICE,Not Applicable,1,Statewide,21
1130,2019,T6,6,Gasoline,2002,ICE,Not Applicable,3,Statewide,21
1131,2019,T6,4,Gasoline,1993,ICE,Not Applicable,2,Statewide,21
1132,2019,T6,5,Gasoline,1987,ICE,Not Applicable,≥4,Statewide,21
1133,2019,T6,6,Diesel,1994,ICE,Not Applicable,1,Statewide,21
1134,2019,T6,5,Gasoline,1984,ICE,Not Applicable,≥4,Statewide,21
1135,2019,T4,Unknown,Gasoline,1983,ICE,Not Applicable,≥4,Statewide,21
1136,2019,T3,Unknown,Gasoline,2018,PHEV,Unknown,≥4,Statewide,21
1137,2019,P,Not Applicable,Gasoline,2017,PHEV,Unknown,2,Statewide,21
1138,2019,BT,Not Applicable,Gasoline,1985,ICE,Not Applicable,≥4,Statewide,21
1139,2019,B,Not Applicable,Gasoline,1999,ICE,Not Applicable,1,Statewide,21
1140,2019,T3,Unknown,Electric,2007,BEV,Unknown,2,Statewide,21
1141,2019,MC,Not Applicable,Electric,2019,BEV,Unknown,3,Statewide,21
1142,2019,MC,Not Applicable,Electric,2018,BEV,Unknown,2,Statewide,21
1143,2019,MC,Not Applicable,Electric,2017,BEV,Unknown,3,Statewide,21
1144,2019,T7,8,Diesel,1984,ICE,Not Applicable,3,Statewide,21
1145,2019,T4,Unknown,Gasoline,1988,ICE,Not Applicable,3,Statewide,21
1146,2019,T3,2,Diesel,2006,ICE,Not Applicable,3,Statewide,23
1147,2019,T3,2,Diesel,2008,ICE,Not Applicable,1,Statewide,23
1148,2019,T3,2,Diesel,2021,ICE,Not Applicable,3,Statewide,23
1149,2019,T1,Unknown,Diesel,2004,ICE,Not Applicable,≥4,Statewide,25
1150,2019,T1,Unknown,Diesel,1999,ICE,Not Applicable,≥4,Statewide,25
1151,2019,T1,Unknown,Diesel,1995,ICE,Not Applicable,≥4,Statewide,25
1152,2019,T1,Unknown,Diesel,1987,ICE,Not Applicable,1,Statewide,25
1153,2019,T1,Unknown,Diesel,1976,ICE,Not Applicable,≥4,Statewide,25
1154,2019,P,Not Applicable,Diesel,1997,ICE,Not Applicable,2,Statewide,25
1155,2019,MH,Not Applicable,Diesel,1986,ICE,Not Applicable,≥4,Statewide,25
1156,2019,MH,Not Applicable,Diesel,1975,ICE,Not Applicable,3,Statewide,25
1157,2019,BS,Not Applicable,Diesel,2004,ICE,Not Applicable,1,Statewide,25
1158,2019,BS,Not Applicable,Diesel,1988,ICE,Not Applicable,≥4,Statewide,25
1159,2019,T1,Unknown,Diesel,2005,ICE,Not Applicable,≥4,Statewide,25
1160,2019,BS,Not Applicable,Diesel,1987,ICE,Not Applicable,≥4,Statewide,25
1161,2019,B,Not Applicable,Diesel,2008,ICE,Not Applicable,1,Statewide,25
1162,2019,B,Not Applicable,Diesel,2008,ICE,Not Applicable,2,Statewide,25
1163,2019,B,Not Applicable,Diesel,2007,ICE,Not Applicable,1,Statewide,25
1164,2019,B,Not Applicable,Diesel,2004,ICE,Not Applicable,2,Statewide,25
1165,2019,B,Not Applicable,Diesel,2002,ICE,Not Applicable,1,Statewide,25
1166,2019,B,Not Applicable,Diesel,2001,ICE,Not Applicable,3,Statewide,25
1167,2019,B,Not Applicable,Diesel,2000,ICE,Not Applicable,1,Statewide,25
1168,2019,B,Not Applicable,Diesel,1980,ICE,Not Applicable,1,Statewide,25
1169,2019,T6,7,Natural Gas,2018,ICE,Not Applicable,≥4,Statewide,24
1170,2019,T3,2,Natural Gas,2008,ICE,Not Applicable,1,Statewide,24
1171,2019,BS,Not Applicable,Diesel,1975,ICE,Not Applicable,2,Statewide,25
1172,2019,P,Not Applicable,Natural Gas,2005,ICE,Not Applicable,2,Statewide,24
1173,2019,T2,1,Diesel,1979,ICE,Not Applicable,3,Statewide,25
1174,2019,T3,2,Diesel,1989,ICE,Not Applicable,1,Statewide,25
1175,2019,T6,7,Gasoline,1999,ICE,Not Applicable,≥4,Statewide,25
1176,2019,T6,6,Gasoline,1996,ICE,Not Applicable,2,Statewide,25
1177,2019,T6,4,Gasoline,1993,ICE,Not Applicable,1,Statewide,25
1178,2019,T6,6,Gasoline,1979,ICE,Not Applicable,2,Statewide,25
1179,2019,T6,6,Gasoline,1977,ICE,Not Applicable,3,Statewide,25
1180,2019,T5,3,Gasoline,1989,ICE,Not Applicable,3,Statewide,25
1181,2019,T4,Unknown,Gasoline,2019,ICE,Not Applicable,2,Statewide,25
1182,2019,T3,Unknown,Gasoline,1976,ICE,Not Applicable,1,Statewide,25
1183,2019,BS,Not Applicable,Gasoline,1988,ICE,Not Applicable,≥4,Statewide,25
1184,2019,B,Not Applicable,Gasoline,2000,ICE,Not Applicable,3,Statewide,25
1185,2019,T2,1,Diesel,1985,ICE,Not Applicable,2,Statewide,25
1186,2019,B,Not Applicable,Gasoline,1984,ICE,Not Applicable,≥4,Statewide,25
1187,2019,T6,7,Diesel,2021,ICE,Not Applicable,1,Statewide,25
1188,2019,T6,Unknown,Diesel,2017,ICE,Not Applicable,≥4,Statewide,25
1189,2019,T6,4,Diesel,2015,ICE,Not Applicable,1,Statewide,25
1190,2019,T6,5,Diesel,2003,ICE,Not Applicable,2,Statewide,25
1191,2019,T6,6,Diesel,1994,ICE,Not Applicable,3,Statewide,25
1192,2019,T6,4,Diesel,1993,ICE,Not Applicable,2,Statewide,25
1193,2019,T6,6,Diesel,1992,ICE,Not Applicable,3,Statewide,25
1194,2019,T4,Unknown,Diesel,2012,ICE,Not Applicable,2,Statewide,25
1195,2019,T4,Unknown,Diesel,2000,ICE,Not Applicable,3,Statewide,25
1196,2019,T3,2,Diesel,2007,ICE,Not Applicable,2,Statewide,25
1197,2019,MC,Not Applicable,Electric,2016,BEV,Unknown,≥4,Statewide,25
1198,2019,BT,Not Applicable,Natural Gas,2003,ICE,Not Applicable,≥4,Statewide,24
1199,2019,T6,6,Gasoline,1996,ICE,Not Applicable,1,Statewide,24
1200,2019,T6,Unknown,Gasoline,1986,ICE,Not Applicable,≥4,Statewide,24
1201,2019,T6,7,Gasoline,2004,ICE,Not Applicable,≥4,Statewide,23
1202,2019,T6,5,Gasoline,1981,ICE,Not Applicable,≥4,Statewide,23
1203,2019,T6,5,Gasoline,1979,ICE,Not Applicable,≥4,Statewide,23
1204,2019,T4,Unknown,Gasoline,1989,ICE,Not Applicable,2,Statewide,23
1205,2019,T4,Unknown,Gasoline,1982,ICE,Not Applicable,≥4,Statewide,23
1206,2019,T1,Unknown,Gasoline,1988,ICE,Not Applicable,2,Statewide,23
1207,2019,BT,Not Applicable,Gasoline,1991,ICE,Not Applicable,≥4,Statewide,23
1208,2019,B,Not Applicable,Gasoline,2002,ICE,Not Applicable,2,Statewide,23
1209,2019,B,Not Applicable,Gasoline,1979,ICE,Not Applicable,≥4,Statewide,23
1210,2019,P,Not Applicable,Electric,2021,BEV,51 to 100 miles,3,Statewide,23
1211,2019,T6,5,Gasoline,2006,ICE,Not Applicable,1,Statewide,23
1212,2019,P,Not Applicable,Electric,2021,BEV,51 to 100 miles,≥4,Statewide,23
1213,2019,T6,5,Diesel,2021,ICE,Not Applicable,2,Statewide,23
1214,2019,T6,7,Diesel,2021,ICE,Not Applicable,2,Statewide,23
1215,2019,T6,4,Diesel,2018,ICE,Not Applicable,3,Statewide,23
1216,2019,T6,4,Diesel,2016,ICE,Not Applicable,3,Statewide,23
1217,2019,T6,5,Diesel,2015,ICE,Not Applicable,3,Statewide,23
1218,2019,T6,Unknown,Diesel,1997,ICE,Not Applicable,≥4,Statewide,23
1219,2019,T6,Unknown,Diesel,1996,ICE,Not Applicable,≥4,Statewide,23
1220,2019,T6,6,Diesel,1994,ICE,Not Applicable,2,Statewide,23
1221,2019,T6,5,Diesel,1991,ICE,Not Applicable,≥4,Statewide,23
1222,2019,T6,7,Diesel,1975,ICE,Not Applicable,≥4,Statewide,23
1223,2019,P,Not Applicable,Electric,2013,BEV,>150 miles,1,Statewide,23
1224,2019,T6,6,Gasoline,2017,ICE,Not Applicable,1,Statewide,23
1225,2019,T7,8,Gasoline,1987,ICE,Not Applicable,≥4,Statewide,23
1226,2019,P,Not Applicable,Natural Gas,2004,ICE,Not Applicable,2,Statewide,23
1227,2019,T6,7,Gasoline,1978,ICE,Not Applicable,1,Statewide,24
1228,2019,T4,Unknown,Gasoline,2014,ICE,Not Applicable,2,Statewide,24
1229,2019,T4,Unknown,Gasoline,2014,ICE,Not Applicable,3,Statewide,24
1230,2019,T4,Unknown,Gasoline,2013,ICE,Not Applicable,1,Statewide,24
1231,2019,T4,Unknown,Gasoline,2013,ICE,Not Applicable,3,Statewide,24
1232,2019,T3,Unknown,Electric,2008,BEV,Unknown,≥4,Statewide,24
1233,2019,P,Not Applicable,Electric,2013,BEV,Unknown,2,Statewide,24
1234,2019,T7,8,Diesel,1975,ICE,Not Applicable,3,Statewide,24
1235,2019,T6,6,Diesel,2021,ICE,Not Applicable,2,Statewide,24
1236,2019,T6,4,Diesel,2018,ICE,Not Applicable,2,Statewide,24
1237,2019,T6,5,Diesel,2002,ICE,Not Applicable,2,Statewide,24
1238,2019,T6,6,Diesel,1989,ICE,Not Applicable,1,Statewide,24
1239,2019,T6,7,Diesel,1987,ICE,Not Applicable,1,Statewide,24
1240,2019,T6,7,Diesel,1986,ICE,Not Applicable,3,Statewide,24
1241,2019,T6,Unknown,Diesel,1979,ICE,Not Applicable,1,Statewide,24
1242,2019,T5,3,Diesel,2021,ICE,Not Applicable,1,Statewide,24
1243,2019,T4,2,Diesel,2021,ICE,Not Applicable,1,Statewide,24
1244,2019,T4,Unknown,Diesel,2018,ICE,Not Applicable,1,Statewide,24
1245,2019,T4,Unknown,Diesel,1987,ICE,Not Applicable,≥4,Statewide,24
1246,2019,T1,Unknown,Diesel,1986,ICE,Not Applicable,≥4,Statewide,24
1247,2019,MH,Not Applicable,Diesel,1984,ICE,Not Applicable,≥4,Statewide,24
1248,2019,BS,Not Applicable,Diesel,1980,ICE,Not Applicable,≥4,Statewide,24
1249,2019,T6,7,Natural Gas,2009,ICE,Not Applicable,≥4,Statewide,23
1250,2019,T6,5,Gasoline,2013,ICE,Not Applicable,2,Statewide,25
1251,2019,T6,6,Gasoline,2011,ICE,Not Applicable,≥4,Statewide,137
1252,2019,T6,4,Diesel,1996,ICE,Not Applicable,3,Statewide,32
1253,2019,P,Not Applicable,Electric,2013,BEV,>150 miles,2,Statewide,32
1254,2019,T3,Unknown,Gasoline,1987,ICE,Not Applicable,3,Statewide,44
1255,2019,BT,Not Applicable,Gasoline,2019,ICE,Not Applicable,1,Statewide,44
1256,2019,B,Not Applicable,Gasoline,2018,ICE,Not Applicable,2,Statewide,44
1257,2019,B,Not Applicable,Gasoline,2016,ICE,Not Applicable,3,Statewide,44
1258,2019,B,Not Applicable,Gasoline,1975,ICE,Not Applicable,2,Statewide,44
1259,2019,T2,Unknown,Electric,2007,BEV,Unknown,≥4,Statewide,44
1260,2019,P,Not Applicable,Electric,2013,BEV,Unknown,3,Statewide,44
1261,2019,T6,4,Diesel,2015,ICE,Not Applicable,3,Statewide,44
1262,2019,T6,5,Diesel,2014,ICE,Not Applicable,2,Statewide,44
1263,2019,T6,5,Diesel,2014,ICE,Not Applicable,3,Statewide,44
1264,2019,T3,Unknown,Gasoline,1988,ICE,Not Applicable,1,Statewide,44
1265,2019,T6,7,Diesel,2014,ICE,Not Applicable,2,Statewide,44
1266,2019,T4,Unknown,Diesel,2011,ICE,Not Applicable,1,Statewide,44
1267,2019,T3,Unknown,Diesel,2012,ICE,Not Applicable,2,Statewide,44
1268,2019,T2,Unknown,Diesel,2016,ICE,Not Applicable,1,Statewide,44
1269,2019,T2,1,Diesel,2011,ICE,Not Applicable,1,Statewide,44
1270,2019,T1,Unknown,Diesel,1992,ICE,Not Applicable,≥4,Statewide,44
1271,2019,BT,Not Applicable,Diesel,1988,ICE,Not Applicable,1,Statewide,44
1272,2019,B,Not Applicable,Diesel,1975,ICE,Not Applicable,1,Statewide,44
1273,2019,B,Not Applicable,Natural Gas,2013,ICE,Not Applicable,≥4,Statewide,43
1274,2019,T6,7,Gasoline,1977,ICE,Not Applicable,≥4,Statewide,43
1275,2019,T4,Unknown,Gasoline,1986,ICE,Not Applicable,≥4,Statewide,43
1276,2019,T6,4,Diesel,1995,ICE,Not Applicable,2,Statewide,44
1277,2019,T3,Unknown,Gasoline,1977,ICE,Not Applicable,1,Statewide,43
1278,2019,T4,Unknown,Gasoline,1992,ICE,Not Applicable,2,Statewide,44
1279,2019,T6,6,Gasoline,1975,ICE,Not Applicable,3,Statewide,44
1280,2019,T4,Unknown,Gasoline,1985,ICE,Not Applicable,≥4,Statewide,45
1281,2019,T3,Unknown,Gasoline,1985,ICE,Not Applicable,3,Statewide,45
1282,2019,B,Not Applicable,Gasoline,1997,ICE,Not Applicable,≥4,Statewide,45
1283,2019,P,Not Applicable,Electric,2017,BEV,Unknown,2,Statewide,45
1284,2019,T7,8,Diesel,1986,ICE,Not Applicable,2,Statewide,45
1285,2019,T6,7,Diesel,2018,ICE,Not Applicable,3,Statewide,45
1286,2019,T6,4,Diesel,1999,ICE,Not Applicable,2,Statewide,45
1287,2019,T6,6,Diesel,1995,ICE,Not Applicable,1,Statewide,45
1288,2019,T6,7,Diesel,1991,ICE,Not Applicable,3,Statewide,45
1289,2019,T6,Unknown,Diesel,1989,ICE,Not Applicable,≥4,Statewide,45
1290,2019,T5,3,Gasoline,1991,ICE,Not Applicable,2,Statewide,44
1291,2019,T5,3,Diesel,1991,ICE,Not Applicable,2,Statewide,45
1292,2019,T2,1,Diesel,2010,ICE,Not Applicable,3,Statewide,45
1293,2019,P,Not Applicable,Diesel,1981,ICE,Not Applicable,1,Statewide,45
1294,2019,MH,Not Applicable,Diesel,1997,ICE,Not Applicable,1,Statewide,45
1295,2019,BS,Not Applicable,Diesel,1981,ICE,Not Applicable,≥4,Statewide,45
1296,2019,T7,8,Natural Gas,2006,ICE,Not Applicable,≥4,Statewide,44
1297,2019,T6,6,Natural Gas,2012,ICE,Not Applicable,≥4,Statewide,44
1298,2019,P,Not Applicable,Natural Gas,2008,ICE,Not Applicable,3,Statewide,44
1299,2019,T7,8,Gasoline,1979,ICE,Not Applicable,≥4,Statewide,44
1300,2019,T6,7,Gasoline,2020,ICE,Not Applicable,≥4,Statewide,44
1301,2019,T6,5,Gasoline,1978,ICE,Not Applicable,≥4,Statewide,44
1302,2019,T3,2,Diesel,2002,ICE,Not Applicable,2,Statewide,45
1303,2019,T4,Unknown,Gasoline,2011,ICE,Not Applicable,1,Statewide,45
1304,2019,T1,Unknown,Gasoline,1986,ICE,Not Applicable,1,Statewide,43
1305,2019,BT,Not Applicable,Electric,1998,BEV,Unknown,1,Statewide,43
1306,2019,T3,2,Diesel,1998,ICE,Not Applicable,≥4,Statewide,42
1307,2019,T2,Unknown,Diesel,2015,ICE,Not Applicable,≥4,Statewide,42
1308,2019,T2,Unknown,Diesel,2014,ICE,Not Applicable,≥4,Statewide,42
1309,2019,T1,Unknown,Diesel,2018,ICE,Not Applicable,≥4,Statewide,42
1310,2019,T1,Unknown,Diesel,2002,ICE,Not Applicable,≥4,Statewide,42
1311,2019,P,Not Applicable,Diesel,1980,ICE,Not Applicable,2,Statewide,42
1312,2019,T2,Unknown,Natural Gas,2018,ICE,Not Applicable,≥4,Statewide,41
1313,2019,P,Not Applicable,Natural Gas,2011,ICE,Not Applicable,3,Statewide,41
1314,2019,P,Not Applicable,Natural Gas,2010,ICE,Not Applicable,3,Statewide,41
1315,2019,BS,Not Applicable,Natural Gas,2015,ICE,Not Applicable,≥4,Statewide,41
1316,2019,T4,2,Diesel,2021,ICE,Not Applicable,3,Statewide,42
1317,2019,T6,4,Gasoline,1999,ICE,Not Applicable,1,Statewide,41
1318,2019,T6,5,Gasoline,1993,ICE,Not Applicable,≥4,Statewide,41
1319,2019,T6,6,Gasoline,1980,ICE,Not Applicable,2,Statewide,41
1320,2019,T6,7,Gasoline,1977,ICE,Not Applicable,1,Statewide,41
1321,2019,T5,3,Gasoline,1993,ICE,Not Applicable,2,Statewide,41
1322,2019,T4,Unknown,Gasoline,1990,ICE,Not Applicable,2,Statewide,41
1323,2019,T1,Unknown,Gasoline,1988,ICE,Not Applicable,1,Statewide,41
1324,2019,BT,Not Applicable,Gasoline,1999,ICE,Not Applicable,≥4,Statewide,41
1325,2019,BS,Not Applicable,Gasoline,2004,ICE,Not Applicable,≥4,Statewide,41
1326,2019,BS,Not Applicable,Gasoline,1996,ICE,Not Applicable,≥4,Statewide,41
1327,2019,BS,Not Applicable,Gasoline,1985,ICE,Not Applicable,≥4,Statewide,41
1328,2019,T6,4,Gasoline,1994,ICE,Not Applicable,2,Statewide,41
1329,2019,P,Not Applicable,Electric,2014,BEV,Unknown,3,Statewide,43
1330,2019,T6,4,Diesel,1994,ICE,Not Applicable,1,Statewide,42
1331,2019,T6,Unknown,Diesel,2019,ICE,Not Applicable,≥4,Statewide,42
1332,2019,T6,7,Diesel,2019,ICE,Not Applicable,2,Statewide,43
1333,2019,T6,7,Diesel,2009,ICE,Not Applicable,2,Statewide,43
1334,2019,T6,4,Diesel,1998,ICE,Not Applicable,2,Statewide,43
1335,2019,T6,7,Diesel,1991,ICE,Not Applicable,2,Statewide,43
1336,2019,T3,Unknown,Diesel,2012,ICE,Not Applicable,3,Statewide,43
1337,2019,T3,2,Diesel,2004,ICE,Not Applicable,≥4,Statewide,43
1338,2019,T3,2,Diesel,2002,ICE,Not Applicable,1,Statewide,43
1339,2019,P,Not Applicable,Natural Gas,2010,ICE,Not Applicable,2,Statewide,42
1340,2019,P,Not Applicable,Natural Gas,2004,ICE,Not Applicable,1,Statewide,42
1341,2019,BS,Not Applicable,Natural Gas,2006,ICE,Not Applicable,≥4,Statewide,42
1342,2019,T6,4,Diesel,2019,ICE,Not Applicable,3,Statewide,42
1343,2019,T6,4,Gasoline,2018,ICE,Not Applicable,1,Statewide,42
1344,2019,T3,Unknown,Gasoline,2017,PHEV,Unknown,3,Statewide,42
1345,2019,T2,1,Gasoline,2020,PHEV,0 to 50 miles,3,Statewide,42
1346,2019,BT,Not Applicable,Gasoline,2021,ICE,Not Applicable,≥4,Statewide,42
1347,2019,BT,Not Applicable,Gasoline,2009,ICE,Not Applicable,≥4,Statewide,42
1348,2019,BT,Not Applicable,Gasoline,2006,ICE,Not Applicable,≥4,Statewide,42
1349,2019,B,Not Applicable,Gasoline,2019,ICE,Not Applicable,1,Statewide,42
1350,2019,B,Not Applicable,Gasoline,2015,ICE,Not Applicable,3,Statewide,42
1351,2019,P,Not Applicable,Electric,2016,BEV,>150 miles,≥4,Statewide,42
1352,2019,B,Not Applicable,Electric,1975,BEV,Unknown,≥4,Statewide,42
1353,2019,T7,8,Diesel,1991,ICE,Not Applicable,2,Statewide,42
1354,2019,T4,Unknown,Gasoline,1991,ICE,Not Applicable,2,Statewide,42
1355,2019,T4,Unknown,Gasoline,2016,ICE,Not Applicable,2,Statewide,45
1356,2019,T6,4,Gasoline,2017,ICE,Not Applicable,2,Statewide,45
1357,2019,BS,Not Applicable,Natural Gas,2010,ICE,Not Applicable,≥4,Statewide,45
1358,2019,T5,3,Diesel,1992,ICE,Not Applicable,3,Statewide,49
1359,2019,T3,2,Diesel,2014,ICE,Not Applicable,3,Statewide,49
1360,2019,T3,2,Diesel,2007,ICE,Not Applicable,≥4,Statewide,49
1361,2019,T2,Unknown,Diesel,2016,ICE,Not Applicable,3,Statewide,49
1362,2019,T2,1,Diesel,2010,ICE,Not Applicable,1,Statewide,49
1363,2019,T1,1,Diesel,1988,ICE,Not Applicable,3,Statewide,49
1364,2019,MH,Not Applicable,Diesel,2015,ICE,Not Applicable,1,Statewide,49
1365,2019,MH,Not Applicable,Diesel,2000,ICE,Not Applicable,1,Statewide,49
1366,2019,MH,Not Applicable,Diesel,1996,ICE,Not Applicable,3,Statewide,49
1367,2019,B,Not Applicable,Diesel,1979,ICE,Not Applicable,≥4,Statewide,49
1368,2019,T6,7,Diesel,1996,ICE,Not Applicable,2,Statewide,49
1369,2019,P,Not Applicable,Natural Gas,2015,ICE,Not Applicable,1,Statewide,48
1370,2019,T7,8,Gasoline,1980,ICE,Not Applicable,≥4,Statewide,48
1371,2019,T6,4,Gasoline,1996,ICE,Not Applicable,1,Statewide,48
1372,2019,T6,5,Gasoline,1976,ICE,Not Applicable,≥4,Statewide,48
1373,2019,T4,Unknown,Gasoline,1990,ICE,Not Applicable,3,Statewide,48
1374,2019,BT,Not Applicable,Gasoline,2008,ICE,Not Applicable,≥4,Statewide,48
1375,2019,BS,Not Applicable,Gasoline,1997,ICE,Not Applicable,≥4,Statewide,48
1376,2019,BS,Not Applicable,Gasoline,1977,ICE,Not Applicable,≥4,Statewide,48
1377,2019,B,Not Applicable,Gasoline,2018,ICE,Not Applicable,1,Statewide,48
1378,2019,B,Not Applicable,Gasoline,1994,ICE,Not Applicable,≥4,Statewide,48
1379,2019,T6,6,Diesel,2019,ICE,Not Applicable,3,Statewide,48
1380,2019,BT,Not Applicable,Natural Gas,2001,ICE,Not Applicable,≥4,Statewide,48
1381,2019,T6,Unknown,Diesel,2004,ICE,Not Applicable,≥4,Statewide,48
1382,2019,T6,5,Diesel,1996,ICE,Not Applicable,≥4,Statewide,49
1383,2019,T6,Unknown,Diesel,2009,ICE,Not Applicable,≥4,Statewide,49
1384,2019,T3,Unknown,Gasoline,2016,PHEV,Unknown,2,Statewide,51
1385,2019,T3,Unknown,Gasoline,1978,ICE,Not Applicable,2,Statewide,51
1386,2019,T2,1,Gasoline,2020,PHEV,0 to 50 miles,≥4,Statewide,51
1387,2019,T2,Unknown,Gasoline,1985,ICE,Not Applicable,2,Statewide,51
1388,2019,BS,Not Applicable,Gasoline,1989,ICE,Not Applicable,≥4,Statewide,51
1389,2019,T6,5,Diesel,2015,ICE,Not Applicable,1,Statewide,51
1390,2019,T6,6,Diesel,1997,ICE,Not Applicable,3,Statewide,51
1391,2019,T6,6,Diesel,1996,ICE,Not Applicable,3,Statewide,51
1392,2019,T1,Unknown,Diesel,2017,ICE,Not Applicable,≥4,Statewide,51
1393,2019,T1,1,Diesel,1987,ICE,Not Applicable,1,Statewide,51
1394,2019,T6,7,Diesel,2007,ICE,Not Applicable,3,Statewide,49
1395,2019,BS,Not Applicable,Diesel,1989,ICE,Not Applicable,≥4,Statewide,51
1396,2019,B,Not Applicable,Natural Gas,2009,ICE,Not Applicable,≥4,Statewide,49
1397,2019,T6,4,Gasoline,2001,ICE,Not Applicable,1,Statewide,49
1398,2019,T6,7,Gasoline,1981,ICE,Not Applicable,≥4,Statewide,49
1399,2019,T6,7,Gasoline,1978,ICE,Not Applicable,≥4,Statewide,49
1400,2019,T4,Unknown,Gasoline,2017,ICE,Not Applicable,2,Statewide,49
1401,2019,T4,Unknown,Gasoline,1993,ICE,Not Applicable,1,Statewide,49
1402,2019,P,Not Applicable,Gasoline,2017,PHEV,Unknown,≥4,Statewide,49
1403,2019,B,Not Applicable,Gasoline,2015,ICE,Not Applicable,1,Statewide,49
1404,2019,T6,5,Electric,2017,BEV,Unknown,≥4,Statewide,49
1405,2019,T1,Unknown,Electric,2017,BEV,101 to 150 miles,1,Statewide,49
1406,2019,T3,2,Natural Gas,2016,ICE,Not Applicable,≥4,Statewide,49
1407,2019,T6,4,Diesel,1998,ICE,Not Applicable,3,Statewide,48
1408,2019,T6,4,Diesel,1995,ICE,Not Applicable,3,Statewide,48
1409,2019,T6,6,Diesel,1984,ICE,Not Applicable,≥4,Statewide,48
1410,2019,T6,4,Gasoline,1999,ICE,Not Applicable,3,Statewide,46
1411,2019,T6,7,Gasoline,1988,ICE,Not Applicable,≥4,Statewide,46
1412,2019,T3,Unknown,Gasoline,1976,ICE,Not Applicable,2,Statewide,46
1413,2019,T1,Unknown,Gasoline,1987,ICE,Not Applicable,1,Statewide,46
1414,2019,BS,Not Applicable,Gasoline,1984,ICE,Not Applicable,≥4,Statewide,46
1415,2019,T2,1,Electric,2017,BEV,51 to 100 miles,≥4,Statewide,46
1416,2019,P,Not Applicable,Electric,2017,BEV,Unknown,3,Statewide,46
1417,2019,T7,8,Diesel,1991,ICE,Not Applicable,3,Statewide,46
1418,2019,T7,8,Diesel,1989,ICE,Not Applicable,2,Statewide,46
1419,2019,T6,7,Diesel,2018,ICE,Not Applicable,2,Statewide,46
1420,2019,T6,4,Gasoline,2003,ICE,Not Applicable,2,Statewide,46
1421,2019,T6,6,Diesel,2015,ICE,Not Applicable,3,Statewide,46
1422,2019,T6,7,Diesel,1998,ICE,Not Applicable,2,Statewide,46
1423,2019,T3,2,Diesel,2009,ICE,Not Applicable,1,Statewide,46
1424,2019,T3,2,Diesel,2006,ICE,Not Applicable,≥4,Statewide,46
1425,2019,T3,2,Diesel,2002,ICE,Not Applicable,3,Statewide,46
1426,2019,T2,1,Diesel,2021,ICE,Not Applicable,1,Statewide,46
1427,2019,T2,1,Diesel,2019,ICE,Not Applicable,3,Statewide,46
1428,2019,T1,Unknown,Diesel,1998,ICE,Not Applicable,≥4,Statewide,46
1429,2019,P,Not Applicable,Diesel,1996,ICE,Not Applicable,3,Statewide,46
1430,2019,MH,Not Applicable,Diesel,2014,ICE,Not Applicable,1,Statewide,46
1431,2019,BT,Not Applicable,Diesel,1977,ICE,Not Applicable,≥4,Statewide,46
1432,2019,T6,Unknown,Diesel,2005,ICE,Not Applicable,≥4,Statewide,46
1433,2019,B,Not Applicable,Diesel,1986,ICE,Not Applicable,≥4,Statewide,47
1434,2019,BT,Not Applicable,Diesel,1978,ICE,Not Applicable,≥4,Statewide,47
1435,2019,MH,Not Applicable,Diesel,1992,ICE,Not Applicable,≥4,Statewide,47
1436,2019,T1,Unknown,Diesel,2007,ICE,Not Applicable,≥4,Statewide,48
1437,2019,T6,5,Gasoline,2020,ICE,Not Applicable,1,Statewide,47
1438,2019,T6,4,Gasoline,2017,ICE,Not Applicable,3,Statewide,47
1439,2019,T6,5,Gasoline,1977,ICE,Not Applicable,≥4,Statewide,47
1440,2019,T5,3,Gasoline,1990,ICE,Not Applicable,3,Statewide,47
1441,2019,T4,Unknown,Gasoline,2011,ICE,Not Applicable,2,Statewide,47
1442,2019,T4,Unknown,Gasoline,1991,ICE,Not Applicable,3,Statewide,47
1443,2019,T1,Unknown,Gasoline,1988,ICE,Not Applicable,3,Statewide,47
1444,2019,BT,Not Applicable,Gasoline,1994,ICE,Not Applicable,≥4,Statewide,47
1445,2019,T7,8,Diesel,1989,ICE,Not Applicable,3,Statewide,47
1446,2019,T6,7,Diesel,2019,ICE,Not Applicable,3,Statewide,47
1447,2019,T6,6,Diesel,2015,ICE,Not Applicable,2,Statewide,47
1448,2019,T6,4,Diesel,2014,ICE,Not Applicable,1,Statewide,47
1449,2019,T6,6,Diesel,1996,ICE,Not Applicable,2,Statewide,47
1450,2019,T6,4,Diesel,1994,ICE,Not Applicable,3,Statewide,47
1451,2019,T6,7,Diesel,1994,ICE,Not Applicable,2,Statewide,47
1452,2019,T4,Unknown,Diesel,2018,ICE,Not Applicable,2,Statewide,47
1453,2019,T4,Unknown,Diesel,2011,ICE,Not Applicable,2,Statewide,47
1454,2019,T4,Unknown,Diesel,1995,ICE,Not Applicable,≥4,Statewide,47
1455,2019,T3,2,Diesel,2001,ICE,Not Applicable,3,Statewide,47
1456,2019,T3,2,Diesel,1999,ICE,Not Applicable,≥4,Statewide,47
1457,2019,T2,1,Diesel,2019,ICE,Not Applicable,1,Statewide,47
1458,2019,T1,1,Diesel,1989,ICE,Not Applicable,2,Statewide,47
1459,2019,BS,Not Applicable,Gasoline,1983,ICE,Not Applicable,≥4,Statewide,41
1460,2019,T7,8,Diesel,1988,ICE,Not Applicable,1,Statewide,32
1461,2019,T2,1,Electric,2019,BEV,101 to 150 miles,1,Statewide,41
1462,2019,T6,4,Diesel,2020,ICE,Not Applicable,2,Statewide,41
1463,2019,MH,Not Applicable,Diesel,2001,ICE,Not Applicable,1,Statewide,36
1464,2019,B,Not Applicable,Diesel,2005,ICE,Not Applicable,1,Statewide,36
1465,2019,T6,4,Gasoline,2020,ICE,Not Applicable,1,Statewide,35
1466,2019,T6,4,Gasoline,2013,ICE,Not Applicable,2,Statewide,35
1467,2019,T6,7,Gasoline,1998,ICE,Not Applicable,≥4,Statewide,35
1468,2019,T6,5,Gasoline,1991,ICE,Not Applicable,≥4,Statewide,35
1469,2019,P,Not Applicable,Gasoline,2017,PHEV,Unknown,3,Statewide,35
1470,2019,B,Not Applicable,Gasoline,2018,ICE,Not Applicable,3,Statewide,35
1471,2019,B,Not Applicable,Gasoline,1989,ICE,Not Applicable,≥4,Statewide,35
1472,2019,T6,6,Electric,2017,BEV,Unknown,≥4,Statewide,35
1473,2019,P,Not Applicable,Diesel,1977,ICE,Not Applicable,≥4,Statewide,36
1474,2019,T2,Unknown,Electric,2016,BEV,Unknown,≥4,Statewide,35
1475,2019,P,Not Applicable,Electric,2014,BEV,Unknown,1,Statewide,35
1476,2019,T7,8,Diesel,1976,ICE,Not Applicable,1,Statewide,35
1477,2019,T6,4,Diesel,2016,ICE,Not Applicable,1,Statewide,35
1478,2019,T6,4,Diesel,2014,ICE,Not Applicable,3,Statewide,35
1479,2019,T3,2,Diesel,2008,ICE,Not Applicable,2,Statewide,35
1480,2019,T3,2,Diesel,1989,ICE,Not Applicable,3,Statewide,35
1481,2019,P,Not Applicable,Diesel,1980,ICE,Not Applicable,3,Statewide,35
1482,2019,P,Not Applicable,Natural Gas,2011,ICE,Not Applicable,2,Statewide,34
1483,2019,P,Not Applicable,Natural Gas,2008,ICE,Not Applicable,2,Statewide,34
1484,2019,P,Not Applicable,Natural Gas,2005,ICE,Not Applicable,3,Statewide,34
1485,2019,P,Not Applicable,Electric,2015,BEV,>150 miles,3,Statewide,35
1486,2019,B,Not Applicable,Natural Gas,2007,ICE,Not Applicable,≥4,Statewide,34
1487,2019,P,Not Applicable,Diesel,1996,ICE,Not Applicable,1,Statewide,36
1488,2019,T1,Unknown,Diesel,1993,ICE,Not Applicable,≥4,Statewide,36
1489,2019,B,Not Applicable,Natural Gas,2006,ICE,Not Applicable,≥4,Statewide,36
1490,2019,T6,4,Gasoline,1998,ICE,Not Applicable,1,Statewide,36
1491,2019,T5,3,Gasoline,1990,ICE,Not Applicable,1,Statewide,36
1492,2019,T4,Unknown,Gasoline,2016,ICE,Not Applicable,3,Statewide,36
1493,2019,T4,Unknown,Gasoline,2015,ICE,Not Applicable,3,Statewide,36
1494,2019,P,Not Applicable,Gasoline,2018,PHEV,Unknown,≥4,Statewide,36
1495,2019,P,Not Applicable,Electric,2017,BEV,Unknown,1,Statewide,36
1496,2019,P,Not Applicable,Electric,2016,BEV,Unknown,3,Statewide,36
1497,2019,P,Not Applicable,Electric,2014,BEV,Unknown,2,Statewide,36
1498,2019,P,Not Applicable,Electric,2008,BEV,Unknown,≥4,Statewide,36
1499,2019,T1,1,Diesel,1986,ICE,Not Applicable,2,Statewide,36
1500,2019,T7,8,Diesel,1982,ICE,Not Applicable,1,Statewide,36
1501,2019,T6,4,Diesel,2018,ICE,Not Applicable,1,Statewide,36
1502,2019,T6,7,Diesel,1998,ICE,Not Applicable,3,Statewide,36
1503,2019,T6,7,Diesel,1997,ICE,Not Applicable,2,Statewide,36
1504,2019,T6,4,Diesel,1994,ICE,Not Applicable,2,Statewide,36
1505,2019,T5,3,Diesel,2021,ICE,Not Applicable,3,Statewide,36
1506,2019,T4,Unknown,Diesel,2017,ICE,Not Applicable,1,Statewide,36
1507,2019,T4,Unknown,Diesel,2016,ICE,Not Applicable,2,Statewide,36
1508,2019,T4,Unknown,Diesel,2003,ICE,Not Applicable,≥4,Statewide,36
1509,2019,T2,1,Diesel,1984,ICE,Not Applicable,3,Statewide,36
1510,2019,T1,Unknown,Diesel,2014,ICE,Not Applicable,≥4,Statewide,36
1511,2019,T7,8,Diesel,1975,ICE,Not Applicable,2,Statewide,36
1512,2019,T7,8,Natural Gas,2014,ICE,Not Applicable,3,Statewide,36
1513,2019,T7,8,Gasoline,1985,ICE,Not Applicable,≥4,Statewide,34
1514,2019,T6,4,Gasoline,2018,ICE,Not Applicable,3,Statewide,34
1515,2019,T6,4,Diesel,1997,ICE,Not Applicable,1,Statewide,33
1516,2019,T3,2,Diesel,2008,ICE,Not Applicable,3,Statewide,33
1517,2019,T3,2,Diesel,1988,ICE,Not Applicable,1,Statewide,33
1518,2019,T3,Unknown,Diesel,1979,ICE,Not Applicable,1,Statewide,33
1519,2019,T2,1,Diesel,1980,ICE,Not Applicable,≥4,Statewide,33
1520,2019,T2,1,Diesel,1979,ICE,Not Applicable,2,Statewide,33
1521,2019,T1,1,Diesel,1990,ICE,Not Applicable,2,Statewide,33
1522,2019,P,Not Applicable,Diesel,2021,ICE,Not Applicable,1,Statewide,33
1523,2019,MH,Not Applicable,Diesel,1995,ICE,Not Applicable,1,Statewide,33
1524,2019,MH,Not Applicable,Diesel,1987,ICE,Not Applicable,≥4,Statewide,33
1525,2019,P,Not Applicable,Electric,2007,BEV,Unknown,1,Statewide,33
1526,2019,B,Not Applicable,Diesel,1987,ICE,Not Applicable,≥4,Statewide,33
1527,2019,T6,5,Gasoline,2019,ICE,Not Applicable,1,Statewide,32
1528,2019,T6,6,Gasoline,2003,ICE,Not Applicable,1,Statewide,32
1529,2019,T6,5,Gasoline,1999,ICE,Not Applicable,≥4,Statewide,32
1530,2019,T6,4,Gasoline,1997,ICE,Not Applicable,2,Statewide,32
1531,2019,T4,Unknown,Gasoline,2015,ICE,Not Applicable,2,Statewide,32
1532,2019,T2,Unknown,Gasoline,2019,PHEV,Unknown,≥4,Statewide,32
1533,2019,BS,Not Applicable,Gasoline,1994,ICE,Not Applicable,≥4,Statewide,32
1534,2019,BS,Not Applicable,Gasoline,1976,ICE,Not Applicable,≥4,Statewide,32
1535,2019,B,Not Applicable,Gasoline,2003,ICE,Not Applicable,2,Statewide,32
1536,2019,T4,Unknown,Electric,2017,BEV,Unknown,≥4,Statewide,32
1537,2019,B,Not Applicable,Natural Gas,2019,ICE,Not Applicable,≥4,Statewide,32
1538,2019,T7,8,Gasoline,1984,ICE,Not Applicable,≥4,Statewide,34
1539,2019,T2,Unknown,Electric,2004,BEV,Unknown,≥4,Statewide,33
1540,2019,B,Not Applicable,Gasoline,2002,ICE,Not Applicable,1,Statewide,33
1541,2019,B,Not Applicable,Gasoline,1987,ICE,Not Applicable,≥4,Statewide,34
1542,2019,P,Not Applicable,Electric,2016,BEV,Unknown,1,Statewide,34
1543,2019,T6,6,Diesel,1997,ICE,Not Applicable,2,Statewide,34
1544,2019,T6,Unknown,Diesel,1994,ICE,Not Applicable,≥4,Statewide,34
1545,2019,T6,6,Diesel,1975,ICE,Not Applicable,≥4,Statewide,34
1546,2019,T3,2,Diesel,2001,ICE,Not Applicable,1,Statewide,34
1547,2019,T3,2,Diesel,2001,ICE,Not Applicable,2,Statewide,34
1548,2019,T3,2,Diesel,2000,ICE,Not Applicable,3,Statewide,34
1549,2019,T3,Unknown,Diesel,1988,ICE,Not Applicable,2,Statewide,34
1550,2019,MH,Not Applicable,Diesel,2021,ICE,Not Applicable,2,Statewide,34
1551,2019,B,Not Applicable,Gasoline,1993,ICE,Not Applicable,≥4,Statewide,33
1552,2019,MH,Not Applicable,Diesel,1996,ICE,Not Applicable,1,Statewide,34
1553,2019,B,Not Applicable,Diesel,2006,ICE,Not Applicable,1,Statewide,34
1554,2019,T7,8,Natural Gas,2014,ICE,Not Applicable,1,Statewide,33
1555,2019,P,Not Applicable,Natural Gas,2019,ICE,Not Applicable,1,Statewide,33
1556,2019,BS,Not Applicable,Natural Gas,2003,ICE,Not Applicable,≥4,Statewide,33
1557,2019,T6,4,Gasoline,2019,ICE,Not Applicable,2,Statewide,33
1558,2019,T6,6,Gasoline,1984,ICE,Not Applicable,3,Statewide,33
1559,2019,T6,7,Gasoline,1980,ICE,Not Applicable,≥4,Statewide,33
1560,2019,T6,6,Gasoline,1978,ICE,Not Applicable,2,Statewide,33
1561,2019,T6,5,Gasoline,1975,ICE,Not Applicable,2,Statewide,33
1562,2019,BS,Not Applicable,Gasoline,2005,ICE,Not Applicable,≥4,Statewide,33
1563,2019,MH,Not Applicable,Diesel,1996,ICE,Not Applicable,2,Statewide,34
1564,2019,BS,Not Applicable,Diesel,1984,ICE,Not Applicable,≥4,Statewide,37
1565,2019,BT,Not Applicable,Diesel,1989,ICE,Not Applicable,1,Statewide,37
1566,2019,P,Not Applicable,Diesel,1976,ICE,Not Applicable,≥4,Statewide,37
1567,2019,T3,2,Diesel,1989,ICE,Not Applicable,2,Statewide,40
1568,2019,P,Not Applicable,Diesel,1975,ICE,Not Applicable,2,Statewide,40
1569,2019,MH,Not Applicable,Diesel,1995,ICE,Not Applicable,3,Statewide,40
1570,2019,B,Not Applicable,Diesel,1976,ICE,Not Applicable,2,Statewide,1
1571,2019,T6,7,Natural Gas,2020,ICE,Not Applicable,≥4,Statewide,39
1572,2019,P,Not Applicable,Natural Gas,2010,ICE,Not Applicable,1,Statewide,39
1573,2019,T6,4,Gasoline,1998,ICE,Not Applicable,3,Statewide,39
1574,2019,T6,4,Gasoline,1996,ICE,Not Applicable,2,Statewide,39
1575,2019,T6,5,Gasoline,1992,ICE,Not Applicable,≥4,Statewide,39
1576,2019,T6,Unknown,Gasoline,1978,ICE,Not Applicable,≥4,Statewide,39
1577,2019,T4,2,Diesel,2021,ICE,Not Applicable,2,Statewide,40
1578,2019,T6,Unknown,Gasoline,1976,ICE,Not Applicable,≥4,Statewide,39
1579,2019,T4,Unknown,Gasoline,1990,ICE,Not Applicable,1,Statewide,39
1580,2019,T4,Unknown,Gasoline,1988,ICE,Not Applicable,≥4,Statewide,39
1581,2019,T2,1,Gasoline,2020,PHEV,0 to 50 miles,2,Statewide,39
1582,2019,BT,Not Applicable,Gasoline,2004,ICE,Not Applicable,≥4,Statewide,39
1583,2019,BT,Not Applicable,Gasoline,2002,ICE,Not Applicable,≥4,Statewide,39
1584,2019,B,Not Applicable,Gasoline,1990,ICE,Not Applicable,≥4,Statewide,39
1585,2019,T6,Unknown,Diesel,2002,ICE,Not Applicable,≥4,Statewide,39
1586,2019,T6,4,Diesel,1995,ICE,Not Applicable,1,Statewide,39
1587,2019,T6,Unknown,Diesel,1981,ICE,Not Applicable,≥4,Statewide,39
1588,2019,T6,7,Diesel,1979,ICE,Not Applicable,≥4,Statewide,39
1589,2019,T4,Unknown,Gasoline,2017,ICE,Not Applicable,3,Statewide,39
1590,2019,T4,Unknown,Diesel,1997,ICE,Not Applicable,≥4,Statewide,39
1591,2019,T6,5,Diesel,1992,ICE,Not Applicable,≥4,Statewide,40
1592,2019,P,Not Applicable,Electric,2007,BEV,Unknown,3,Statewide,40
1593,2019,T6,7,Diesel,2020,ICE,Not Applicable,3,Statewide,41
1594,2019,T6,4,Diesel,2017,ICE,Not Applicable,3,Statewide,41
1595,2019,T6,4,Diesel,1998,ICE,Not Applicable,1,Statewide,41
1596,2019,T6,7,Diesel,1990,ICE,Not Applicable,2,Statewide,41
1597,2019,T6,7,Diesel,1990,ICE,Not Applicable,3,Statewide,41
1598,2019,T6,7,Diesel,1986,ICE,Not Applicable,1,Statewide,41
1599,2019,T4,Unknown,Diesel,2016,ICE,Not Applicable,3,Statewide,41
1600,2019,T3,2,Diesel,1987,ICE,Not Applicable,1,Statewide,41
1601,2019,T2,Unknown,Diesel,2014,ICE,Not Applicable,2,Statewide,41
1602,2019,P,Not Applicable,Diesel,2012,ICE,Not Applicable,1,Statewide,41
1603,2019,T6,4,Diesel,2020,ICE,Not Applicable,3,Statewide,40
1604,2019,MH,Not Applicable,Diesel,2017,ICE,Not Applicable,1,Statewide,41
1605,2019,T3,Unknown,Natural Gas,2017,ICE,Not Applicable,≥4,Statewide,40
1606,2019,T6,4,Gasoline,2013,ICE,Not Applicable,3,Statewide,40
1607,2019,T6,6,Gasoline,2002,ICE,Not Applicable,1,Statewide,40
1608,2019,T6,4,Gasoline,1995,ICE,Not Applicable,2,Statewide,40
1609,2019,T6,6,Gasoline,1984,ICE,Not Applicable,1,Statewide,40
1610,2019,T6,6,Gasoline,1975,ICE,Not Applicable,2,Statewide,40
1611,2019,T4,Unknown,Gasoline,2013,ICE,Not Applicable,2,Statewide,40
1612,2019,T3,Unknown,Gasoline,1985,ICE,Not Applicable,2,Statewide,40
1613,2019,P,Not Applicable,Gasoline,2019,ICE,Not Applicable,Unknown,Statewide,40
1614,2019,BT,Not Applicable,Gasoline,2000,ICE,Not Applicable,≥4,Statewide,40
1615,2019,MH,Not Applicable,Diesel,2016,ICE,Not Applicable,1,Statewide,41
1616,2019,T3,2,Diesel,2003,ICE,Not Applicable,≥4,Statewide,39
1617,2019,T3,Unknown,Diesel,1988,ICE,Not Applicable,3,Statewide,39
1618,2019,T1,Unknown,Diesel,2012,ICE,Not Applicable,≥4,Statewide,39
1619,2019,T1,Unknown,Diesel,1990,ICE,Not Applicable,≥4,Statewide,38
1620,2019,T7,8,Gasoline,1976,ICE,Not Applicable,1,Statewide,37
1621,2019,T6,4,Gasoline,2019,ICE,Not Applicable,1,Statewide,37
1622,2019,T6,4,Gasoline,2001,ICE,Not Applicable,2,Statewide,37
1623,2019,T6,7,Gasoline,2001,ICE,Not Applicable,≥4,Statewide,37
1624,2019,T6,5,Gasoline,1975,ICE,Not Applicable,3,Statewide,37
1625,2019,T5,3,Gasoline,1990,ICE,Not Applicable,2,Statewide,37
1626,2019,T3,Unknown,Gasoline,1987,ICE,Not Applicable,1,Statewide,37
1627,2019,T3,Unknown,Gasoline,1986,ICE,Not Applicable,2,Statewide,37
1628,2019,T3,Unknown,Gasoline,1986,ICE,Not Applicable,3,Statewide,37
1629,2019,T1,Unknown,Diesel,2013,ICE,Not Applicable,≥4,Statewide,38
1630,2019,B,Not Applicable,Gasoline,2019,ICE,Not Applicable,2,Statewide,37
1631,2019,T7,8,Diesel,1985,ICE,Not Applicable,1,Statewide,37
1632,2019,T6,4,Diesel,2017,ICE,Not Applicable,2,Statewide,37
1633,2019,T6,7,Diesel,1997,ICE,Not Applicable,3,Statewide,37
1634,2019,T6,6,Diesel,1995,ICE,Not Applicable,3,Statewide,37
1635,2019,T6,Unknown,Diesel,1978,ICE,Not Applicable,≥4,Statewide,37
1636,2019,T6,Unknown,Diesel,1977,ICE,Not Applicable,1,Statewide,37
1637,2019,T4,Unknown,Diesel,2018,ICE,Not Applicable,3,Statewide,37
1638,2019,T1,Unknown,Diesel,2003,ICE,Not Applicable,≥4,Statewide,37
1639,2019,T1,Unknown,Diesel,1994,ICE,Not Applicable,≥4,Statewide,37
1640,2019,T1,Unknown,Diesel,1987,ICE,Not Applicable,2,Statewide,37
1641,2019,B,Not Applicable,Electric,1980,BEV,Unknown,1,Statewide,37
1642,2019,T2,1,Diesel,1988,ICE,Not Applicable,≥4,Statewide,38
1643,2019,T4,Unknown,Diesel,1996,ICE,Not Applicable,≥4,Statewide,38
1644,2019,T4,Unknown,Diesel,2004,ICE,Not Applicable,≥4,Statewide,38
1645,2019,T1,Unknown,Diesel,2008,ICE,Not Applicable,≥4,Statewide,39
1646,2019,P,Not Applicable,Diesel,1997,ICE,Not Applicable,3,Statewide,39
1647,2019,P,Not Applicable,Diesel,1975,ICE,Not Applicable,1,Statewide,39
1648,2019,T7,8,Gasoline,1981,ICE,Not Applicable,≥4,Statewide,38
1649,2019,T6,4,Gasoline,2020,ICE,Not Applicable,2,Statewide,38
1650,2019,T6,7,Gasoline,2009,ICE,Not Applicable,≥4,Statewide,38
1651,2019,T6,4,Gasoline,1999,ICE,Not Applicable,2,Statewide,38
1652,2019,T5,3,Gasoline,1994,ICE,Not Applicable,2,Statewide,38
1653,2019,T5,3,Gasoline,1993,ICE,Not Applicable,1,Statewide,38
1654,2019,T4,Unknown,Gasoline,2017,ICE,Not Applicable,1,Statewide,38
1655,2019,T3,Unknown,Gasoline,2016,PHEV,Unknown,3,Statewide,38
1656,2019,T3,Unknown,Gasoline,1985,ICE,Not Applicable,1,Statewide,38
1657,2019,T3,Unknown,Gasoline,1978,ICE,Not Applicable,1,Statewide,38
1658,2019,MH,Not Applicable,Gasoline,2021,ICE,Not Applicable,1,Statewide,38
1659,2019,BT,Not Applicable,Gasoline,1987,ICE,Not Applicable,≥4,Statewide,38
1660,2019,B,Not Applicable,Gasoline,1983,ICE,Not Applicable,≥4,Statewide,38
1661,2019,MC,Not Applicable,Electric,2017,BEV,Unknown,≥4,Statewide,38
1662,2019,T6,4,Diesel,1997,ICE,Not Applicable,2,Statewide,38
1663,2019,T6,4,Diesel,1997,ICE,Not Applicable,3,Statewide,38
1664,2019,T6,5,Diesel,1994,ICE,Not Applicable,≥4,Statewide,38
1665,2019,T6,7,Diesel,1983,ICE,Not Applicable,1,Statewide,38
1666,2019,T5,3,Diesel,1991,ICE,Not Applicable,1,Statewide,38
1667,2019,T4,Unknown,Diesel,2016,ICE,Not Applicable,1,Statewide,38
1668,2019,P,Not Applicable,Electric,2009,BEV,Unknown,≥4,Statewide,41
1669,2019,BT,Not Applicable,Diesel,2005,ICE,Not Applicable,1,Statewide,138
1670,2019,MH,Not Applicable,Diesel,2015,ICE,Not Applicable,3,Statewide,138
1671,2019,P,Not Applicable,Diesel,2005,ICE,Not Applicable,1,Statewide,138
1672,2019,MH,Not Applicable,Gasoline,2006,ICE,Not Applicable,2,Statewide,475
1673,2019,T6,6,Gasoline,2017,ICE,Not Applicable,≥4,Statewide,474
1674,2019,T2,1,Gasoline,1978,ICE,Not Applicable,1,Statewide,473
1675,2019,BS,Not Applicable,Diesel,1975,ICE,Not Applicable,≥4,Statewide,473
1676,2019,BT,Not Applicable,Gasoline,2013,ICE,Not Applicable,≥4,Statewide,472
1677,2019,T4,2,Gasoline,1977,ICE,Not Applicable,3,Statewide,471
1678,2019,T1,1,Gasoline,1977,ICE,Not Applicable,1,Statewide,471
1679,2019,T5,3,Gasoline,2010,ICE,Not Applicable,3,Statewide,470
1680,2019,T3,2,Diesel,2016,ICE,Not Applicable,≥4,Statewide,470
1681,2019,P,Not Applicable,Diesel,1989,ICE,Not Applicable,3,Statewide,470
1682,2019,T4,2,Diesel,1996,ICE,Not Applicable,3,Statewide,476
1683,2019,P,Not Applicable,Natural Gas,2014,ICE,Not Applicable,≥4,Statewide,469
1684,2019,T3,Unknown,Diesel,2016,ICE,Not Applicable,1,Statewide,469
1685,2019,T5,3,Diesel,2004,ICE,Not Applicable,1,Statewide,468
1686,2019,T4,2,Gasoline,1991,ICE,Not Applicable,1,Statewide,467
1687,2019,T3,2,Gasoline,1981,ICE,Not Applicable,3,Statewide,467
1688,2019,T1,Unknown,Gasoline,1994,ICE,Not Applicable,1,Statewide,467
1689,2019,MC,Not Applicable,Gasoline,1977,ICE,Not Applicable,3,Statewide,466
1690,2019,T1,1,Gasoline,2016,ICE,Not Applicable,3,Statewide,465
1691,2019,MH,Not Applicable,Gasoline,1995,ICE,Not Applicable,2,Statewide,463
1692,2019,MC,Not Applicable,Gasoline,1987,ICE,Not Applicable,1,Statewide,463
1693,2019,T1,Unknown,Gasoline,1991,ICE,Not Applicable,1,Statewide,462
1694,2019,BT,Not Applicable,Natural Gas,2010,ICE,Not Applicable,≥4,Statewide,469
1695,2019,MC,Not Applicable,Gasoline,1997,ICE,Not Applicable,1,Statewide,461
1696,2019,T4,2,Diesel,2015,ICE,Not Applicable,1,Statewide,476
1697,2019,T1,Unknown,Gasoline,1990,ICE,Not Applicable,3,Statewide,476
1698,2019,P,Not Applicable,Diesel,1990,ICE,Not Applicable,1,Statewide,490
1699,2019,T5,3,Diesel,1997,ICE,Not Applicable,≥4,Statewide,489
1700,2019,T6,4,Diesel,2018,ICE,Not Applicable,≥4,Statewide,488
1701,2019,T5,3,Diesel,2006,ICE,Not Applicable,1,Statewide,488
1702,2019,T6,4,Gasoline,2016,ICE,Not Applicable,≥4,Statewide,487
1703,2019,MC,Not Applicable,Gasoline,1985,ICE,Not Applicable,2,Statewide,487
1704,2019,T6,6,Diesel,2012,ICE,Not Applicable,1,Statewide,487
1705,2019,MC,Not Applicable,Gasoline,1990,ICE,Not Applicable,1,Statewide,485
1706,2019,T4,2,Diesel,1995,ICE,Not Applicable,2,Statewide,485
1707,2019,T1,1,Gasoline,1976,ICE,Not Applicable,3,Statewide,484
1708,2019,T7,8,Diesel,2015,ICE,Not Applicable,1,Statewide,476
1709,2019,BS,Not Applicable,Diesel,2013,ICE,Not Applicable,≥4,Statewide,481
1710,2019,MH,Not Applicable,Gasoline,1987,ICE,Not Applicable,≥4,Statewide,479
1711,2019,T4,2,Diesel,2003,ICE,Not Applicable,1,Statewide,479
1712,2019,T3,2,Gasoline,1980,ICE,Not Applicable,2,Statewide,478
1713,2019,T1,1,Gasoline,1986,ICE,Not Applicable,2,Statewide,478
1714,2019,MH,Not Applicable,Gasoline,2017,ICE,Not Applicable,3,Statewide,478
1715,2019,B,Not Applicable,Gasoline,2004,ICE,Not Applicable,≥4,Statewide,478
1716,2019,BS,Not Applicable,Gasoline,2014,ICE,Not Applicable,≥4,Statewide,477
1717,2019,T3,Unknown,Diesel,2018,ICE,Not Applicable,1,Statewide,477
1718,2019,P,Not Applicable,Diesel,2007,ICE,Not Applicable,2,Statewide,477
1719,2019,T5,3,Gasoline,2004,ICE,Not Applicable,2,Statewide,476
1720,2019,T5,3,Gasoline,2006,ICE,Not Applicable,2,Statewide,479
1721,2019,T4,2,Diesel,1996,ICE,Not Applicable,2,Statewide,490
1722,2019,T3,Unknown,Diesel,2019,ICE,Not Applicable,1,Statewide,461
1723,2019,T5,3,Gasoline,2004,ICE,Not Applicable,3,Statewide,460
1724,2019,B,Not Applicable,Gasoline,2007,ICE,Not Applicable,≥4,Statewide,446
1725,2019,P,Not Applicable,Electric,2017,BEV,51 to 100 miles,1,Statewide,446
1726,2019,BS,Not Applicable,Gasoline,2020,ICE,Not Applicable,≥4,Statewide,443
1727,2019,T7,8,Diesel,2020,ICE,Not Applicable,3,Statewide,443
1728,2019,T2,1,Gasoline,1979,ICE,Not Applicable,1,Statewide,442
1729,2019,MC,Not Applicable,Gasoline,1983,ICE,Not Applicable,2,Statewide,441
1730,2019,T6,4,Gasoline,2019,ICE,Not Applicable,≥4,Statewide,440
1731,2019,T1,Unknown,Gasoline,1990,ICE,Not Applicable,2,Statewide,440
1732,2019,B,Not Applicable,Gasoline,1975,ICE,Not Applicable,≥4,Statewide,440
1733,2019,T4,2,Diesel,1991,ICE,Not Applicable,3,Statewide,440
1734,2019,T6,6,Diesel,1995,ICE,Not Applicable,≥4,Statewide,447
1735,2019,P,Not Applicable,Natural Gas,2017,ICE,Not Applicable,3,Statewide,439
1736,2019,T4,2,Gasoline,1977,ICE,Not Applicable,2,Statewide,437
1737,2019,T7,8,Diesel,1987,ICE,Not Applicable,≥4,Statewide,437
1738,2019,T6,7,Diesel,1989,ICE,Not Applicable,≥4,Statewide,436
1739,2019,T3,2,Natural Gas,2009,ICE,Not Applicable,≥4,Statewide,434
1740,2019,T4,2,Gasoline,2016,ICE,Not Applicable,3,Statewide,433
1741,2019,T1,1,Gasoline,1987,ICE,Not Applicable,1,Statewide,433
1742,2019,B,Not Applicable,Diesel,2020,ICE,Not Applicable,≥4,Statewide,432
1743,2019,T6,5,Gasoline,2014,ICE,Not Applicable,≥4,Statewide,431
1744,2019,MH,Not Applicable,Diesel,2008,ICE,Not Applicable,3,Statewide,431
1745,2019,BS,Not Applicable,Diesel,1996,ICE,Not Applicable,≥4,Statewide,431
1746,2019,B,Not Applicable,Gasoline,2015,ICE,Not Applicable,≥4,Statewide,439
1747,2019,P,Not Applicable,Diesel,2010,ICE,Not Applicable,2,Statewide,461
1748,2019,T2,Unknown,Gasoline,1980,ICE,Not Applicable,≥4,Statewide,447
1749,2019,BS,Not Applicable,Diesel,2014,ICE,Not Applicable,≥4,Statewide,448
1750,2019,T4,Unknown,Gasoline,2009,ICE,Not Applicable,3,Statewide,460
1751,2019,T1,Unknown,Gasoline,1995,ICE,Not Applicable,2,Statewide,460
1752,2019,T3,Unknown,Diesel,2017,ICE,Not Applicable,1,Statewide,459
1753,2019,B,Not Applicable,Gasoline,2020,ICE,Not Applicable,≥4,Statewide,458
1754,2019,P,Not Applicable,Natural Gas,2017,ICE,Not Applicable,2,Statewide,457
1755,2019,T3,2,Gasoline,1981,ICE,Not Applicable,2,Statewide,457
1756,2019,MC,Not Applicable,Gasoline,1980,ICE,Not Applicable,3,Statewide,457
1757,2019,MH,Not Applicable,Diesel,2002,ICE,Not Applicable,≥4,Statewide,457
1758,2019,T3,2,Diesel,2017,ICE,Not Applicable,1,Statewide,456
1759,2019,T7,8,Diesel,2016,ICE,Not Applicable,2,Statewide,455
1760,2019,T5,3,Gasoline,2009,ICE,Not Applicable,3,Statewide,447
1761,2019,T3,Unknown,Diesel,2020,ICE,Not Applicable,≥4,Statewide,454
1762,2019,T4,2,Gasoline,1978,ICE,Not Applicable,3,Statewide,453
1763,2019,T1,1,Gasoline,1978,ICE,Not Applicable,1,Statewide,453
1764,2019,T4,2,Diesel,1995,ICE,Not Applicable,3,Statewide,453
1765,2019,BT,Not Applicable,Diesel,2019,ICE,Not Applicable,≥4,Statewide,453
1766,2019,T5,3,Gasoline,1996,ICE,Not Applicable,≥4,Statewide,451
1767,2019,T4,2,Gasoline,1990,ICE,Not Applicable,2,Statewide,451
1768,2019,T1,Unknown,Gasoline,1993,ICE,Not Applicable,1,Statewide,451
1769,2019,MC,Not Applicable,Gasoline,1992,ICE,Not Applicable,1,Statewide,450
1770,2019,T4,Unknown,Gasoline,1999,ICE,Not Applicable,≥4,Statewide,449
1771,2019,T5,3,Diesel,1996,ICE,Not Applicable,≥4,Statewide,448
1772,2019,P,Not Applicable,Diesel,2004,ICE,Not Applicable,≥4,Statewide,454
1773,2019,T4,2,Diesel,1999,ICE,Not Applicable,1,Statewide,490
1774,2019,MC,Not Applicable,Gasoline,1979,ICE,Not Applicable,3,Statewide,490
1775,2019,T2,Unknown,Gasoline,1991,ICE,Not Applicable,2,Statewide,490
1776,2019,MH,Not Applicable,Gasoline,2012,ICE,Not Applicable,2,Statewide,541
1777,2019,T3,Unknown,Gasoline,1996,ICE,Not Applicable,2,Statewide,540
1778,2019,T3,2,Gasoline,1977,ICE,Not Applicable,2,Statewide,540
1779,2019,T2,Unknown,Gasoline,1993,ICE,Not Applicable,1,Statewide,540
1780,2019,MH,Not Applicable,Gasoline,2002,ICE,Not Applicable,2,Statewide,540
1781,2019,T6,6,Diesel,1998,ICE,Not Applicable,≥4,Statewide,540
1782,2019,T4,2,Diesel,1997,ICE,Not Applicable,2,Statewide,540
1783,2019,BT,Not Applicable,Diesel,2005,ICE,Not Applicable,≥4,Statewide,538
1784,2019,T6,6,Gasoline,2019,ICE,Not Applicable,≥4,Statewide,537
1785,2019,MC,Not Applicable,Gasoline,1986,ICE,Not Applicable,2,Statewide,537
1786,2019,T2,1,Gasoline,1985,ICE,Not Applicable,≥4,Statewide,541
1787,2019,MH,Not Applicable,Diesel,2018,ICE,Not Applicable,≥4,Statewide,537
1788,2019,T2,1,Gasoline,1980,ICE,Not Applicable,3,Statewide,536
1789,2019,T3,2,Gasoline,1978,ICE,Not Applicable,2,Statewide,535
1790,2019,T3,2,Gasoline,1987,ICE,Not Applicable,≥4,Statewide,534
1791,2019,T4,2,Gasoline,1992,ICE,Not Applicable,3,Statewide,532
1792,2019,T4,2,Gasoline,1990,ICE,Not Applicable,3,Statewide,532
1793,2019,T3,Unknown,Gasoline,1994,ICE,Not Applicable,2,Statewide,532
1794,2019,T4,2,Gasoline,1991,ICE,Not Applicable,2,Statewide,531
1795,2019,T3,Unknown,Gasoline,1994,ICE,Not Applicable,3,Statewide,530
1796,2019,T5,3,Diesel,2005,ICE,Not Applicable,3,Statewide,530
1797,2019,B,Not Applicable,Gasoline,2017,ICE,Not Applicable,≥4,Statewide,529
1798,2019,T2,1,Gasoline,1989,ICE,Not Applicable,1,Statewide,536
1799,2019,MC,Not Applicable,Gasoline,1991,ICE,Not Applicable,1,Statewide,528
1800,2019,B,Not Applicable,Diesel,1975,ICE,Not Applicable,≥4,Statewide,542
1801,2019,P,Not Applicable,Diesel,1986,ICE,Not Applicable,2,Statewide,543
1802,2019,T3,Unknown,Diesel,2017,ICE,Not Applicable,3,Statewide,569
1803,2019,T3,Unknown,Gasoline,1995,ICE,Not Applicable,2,Statewide,567
1804,2019,T1,1,Gasoline,1978,ICE,Not Applicable,2,Statewide,565
1805,2019,MC,Not Applicable,Gasoline,1995,ICE,Not Applicable,2,Statewide,565
1806,2019,T7,8,Diesel,1986,ICE,Not Applicable,≥4,Statewide,564
1807,2019,P,Not Applicable,Diesel,1984,ICE,Not Applicable,≥4,Statewide,564
1808,2019,T1,Unknown,Gasoline,1993,ICE,Not Applicable,2,Statewide,561
1809,2019,MH,Not Applicable,Gasoline,1989,ICE,Not Applicable,3,Statewide,561
1810,2019,T1,1,Gasoline,1977,ICE,Not Applicable,2,Statewide,560
1811,2019,T7,8,Diesel,2015,ICE,Not Applicable,2,Statewide,560
1812,2019,T6,4,Gasoline,2001,ICE,Not Applicable,≥4,Statewide,542
1813,2019,T6,4,Diesel,2016,ICE,Not Applicable,≥4,Statewide,558
1814,2019,B,Not Applicable,Gasoline,2016,ICE,Not Applicable,≥4,Statewide,554
1815,2019,T2,1,Gasoline,1982,ICE,Not Applicable,≥4,Statewide,551
1816,2019,B,Not Applicable,Gasoline,2010,ICE,Not Applicable,≥4,Statewide,548
1817,2019,P,Not Applicable,Diesel,2008,ICE,Not Applicable,3,Statewide,548
1818,2019,T6,5,Gasoline,2013,ICE,Not Applicable,≥4,Statewide,547
1819,2019,T2,Unknown,Gasoline,1992,ICE,Not Applicable,1,Statewide,547
1820,2019,T4,2,Diesel,1998,ICE,Not Applicable,1,Statewide,547
1821,2019,T4,Unknown,Gasoline,2007,ICE,Not Applicable,2,Statewide,546
1822,2019,T5,3,Diesel,1994,ICE,Not Applicable,≥4,Statewide,546
1823,2019,T3,2,Gasoline,1978,ICE,Not Applicable,1,Statewide,543
1824,2019,MH,Not Applicable,Gasoline,2000,ICE,Not Applicable,2,Statewide,556
1825,2019,T2,Unknown,Gasoline,1991,ICE,Not Applicable,3,Statewide,527
1826,2019,P,Not Applicable,Diesel,1990,ICE,Not Applicable,3,Statewide,527
1827,2019,T6,4,Gasoline,2018,ICE,Not Applicable,≥4,Statewide,525
1828,2019,P,Not Applicable,Diesel,1989,ICE,Not Applicable,1,Statewide,507
1829,2019,MH,Not Applicable,Gasoline,1999,ICE,Not Applicable,2,Statewide,506
1830,2019,P,Not Applicable,Diesel,1987,ICE,Not Applicable,1,Statewide,506
1831,2019,T5,3,Gasoline,2006,ICE,Not Applicable,3,Statewide,504
1832,2019,T3,Unknown,Gasoline,1979,ICE,Not Applicable,≥4,Statewide,504
1833,2019,P,Not Applicable,Diesel,1986,ICE,Not Applicable,3,Statewide,504
1834,2019,T6,6,Gasoline,2018,ICE,Not Applicable,≥4,Statewide,503
1835,2019,T3,2,Gasoline,1990,ICE,Not Applicable,1,Statewide,503
1836,2019,MC,Not Applicable,Gasoline,1978,ICE,Not Applicable,3,Statewide,503
1837,2019,T1,1,Gasoline,1981,ICE,Not Applicable,≥4,Statewide,501
1838,2019,MH,Not Applicable,Gasoline,2003,ICE,Not Applicable,2,Statewide,507
1839,2019,MH,Not Applicable,Gasoline,2001,ICE,Not Applicable,2,Statewide,501
1840,2019,MH,Not Applicable,Gasoline,1990,ICE,Not Applicable,3,Statewide,500
1841,2019,T7,8,Natural Gas,2019,ICE,Not Applicable,≥4,Statewide,496
1842,2019,MH,Not Applicable,Gasoline,2015,ICE,Not Applicable,≥4,Statewide,496
1843,2019,T5,3,Diesel,2008,ICE,Not Applicable,1,Statewide,496
1844,2019,P,Not Applicable,Diesel,1988,ICE,Not Applicable,1,Statewide,496
1845,2019,T4,Unknown,Gasoline,2008,ICE,Not Applicable,2,Statewide,494
1846,2019,BS,Not Applicable,Diesel,2001,ICE,Not Applicable,≥4,Statewide,493
1847,2019,MH,Not Applicable,Gasoline,1994,ICE,Not Applicable,2,Statewide,492
1848,2019,P,Not Applicable,Electric,2017,BEV,>150 miles,≥4,Statewide,492
1849,2019,MH,Not Applicable,Diesel,2013,ICE,Not Applicable,3,Statewide,491
1850,2019,B,Not Applicable,Gasoline,2006,ICE,Not Applicable,≥4,Statewide,501
1851,2019,T3,2,Diesel,2012,ICE,Not Applicable,≥4,Statewide,508
1852,2019,T4,2,Gasoline,1993,ICE,Not Applicable,1,Statewide,508
1853,2019,T4,2,Diesel,1997,ICE,Not Applicable,3,Statewide,509
1854,2019,MH,Not Applicable,Gasoline,1992,ICE,Not Applicable,3,Statewide,525
1855,2019,T2,Unknown,Diesel,2017,ICE,Not Applicable,≥4,Statewide,524
1856,2019,MH,Not Applicable,Diesel,2019,ICE,Not Applicable,≥4,Statewide,524
1857,2019,T1,1,Gasoline,1988,ICE,Not Applicable,1,Statewide,523
1858,2019,T1,1,Gasoline,1986,ICE,Not Applicable,3,Statewide,523
1859,2019,T3,Unknown,Diesel,2015,ICE,Not Applicable,2,Statewide,522
1860,2019,T5,3,Diesel,2009,ICE,Not Applicable,1,Statewide,521
1861,2019,T5,3,Diesel,2005,ICE,Not Applicable,2,Statewide,521
1862,2019,B,Not Applicable,Diesel,2019,ICE,Not Applicable,≥4,Statewide,520
1863,2019,B,Not Applicable,Diesel,2018,ICE,Not Applicable,≥4,Statewide,520
1864,2019,P,Not Applicable,Diesel,2008,ICE,Not Applicable,1,Statewide,518
1865,2019,T3,2,Gasoline,1980,ICE,Not Applicable,3,Statewide,516
1866,2019,MC,Not Applicable,Gasoline,1998,ICE,Not Applicable,1,Statewide,516
1867,2019,MC,Not Applicable,Gasoline,1993,ICE,Not Applicable,2,Statewide,516
1868,2019,T2,Unknown,Diesel,2017,ICE,Not Applicable,2,Statewide,516
1869,2019,T6,7,Diesel,1990,ICE,Not Applicable,≥4,Statewide,515
1870,2019,BT,Not Applicable,Diesel,2008,ICE,Not Applicable,≥4,Statewide,514
1871,2019,T5,3,Diesel,2016,ICE,Not Applicable,1,Statewide,513
1872,2019,BT,Not Applicable,Diesel,2007,ICE,Not Applicable,≥4,Statewide,512
1873,2019,T3,Unknown,Gasoline,1996,ICE,Not Applicable,3,Statewide,511
1874,2019,MH,Not Applicable,Gasoline,2016,ICE,Not Applicable,3,Statewide,511
1875,2019,T1,1,Gasoline,2017,ICE,Not Applicable,3,Statewide,510
1876,2019,T2,1,Gasoline,1977,ICE,Not Applicable,1,Statewide,509
1877,2019,P,Not Applicable,Diesel,2007,ICE,Not Applicable,3,Statewide,428
1878,2019,T7,8,Diesel,2016,ICE,Not Applicable,3,Statewide,569
1879,2019,T5,3,Diesel,2018,ICE,Not Applicable,1,Statewide,427
1880,2019,MC,Not Applicable,Gasoline,1988,ICE,Not Applicable,1,Statewide,426
1881,2019,MC,Not Applicable,Gasoline,1976,ICE,Not Applicable,3,Statewide,372
1882,2019,T6,4,Diesel,2013,ICE,Not Applicable,3,Statewide,372
1883,2019,T6,6,Diesel,2011,ICE,Not Applicable,3,Statewide,372
1884,2019,MH,Not Applicable,Gasoline,1975,ICE,Not Applicable,3,Statewide,371
1885,2019,T6,6,Diesel,2012,ICE,Not Applicable,2,Statewide,371
1886,2019,T3,2,Diesel,2011,ICE,Not Applicable,≥4,Statewide,371
1887,2019,T6,5,Gasoline,2010,ICE,Not Applicable,≥4,Statewide,370
1888,2019,T1,1,Gasoline,1979,ICE,Not Applicable,3,Statewide,370
1889,2019,MH,Not Applicable,Gasoline,1994,ICE,Not Applicable,1,Statewide,370
1890,2019,T3,2,Gasoline,1979,ICE,Not Applicable,2,Statewide,369
1891,2019,T5,3,Gasoline,2011,ICE,Not Applicable,2,Statewide,372
1892,2019,T2,1,Gasoline,1981,ICE,Not Applicable,3,Statewide,368
1893,2019,T2,Unknown,Gasoline,1976,ICE,Not Applicable,3,Statewide,366
1894,2019,MH,Not Applicable,Gasoline,2005,ICE,Not Applicable,1,Statewide,366
1895,2019,P,Not Applicable,Diesel,2011,ICE,Not Applicable,1,Statewide,366
1896,2019,BT,Not Applicable,Natural Gas,2017,ICE,Not Applicable,≥4,Statewide,365
1897,2019,T2,1,Gasoline,1976,ICE,Not Applicable,1,Statewide,365
1898,2019,T1,Unknown,Gasoline,1980,ICE,Not Applicable,≥4,Statewide,365
1899,2019,MH,Not Applicable,Diesel,2005,ICE,Not Applicable,3,Statewide,365
1900,2019,T3,2,Gasoline,1981,ICE,Not Applicable,1,Statewide,364
1901,2019,T7,8,Diesel,2020,ICE,Not Applicable,1,Statewide,364
1902,2019,MH,Not Applicable,Diesel,2016,ICE,Not Applicable,≥4,Statewide,364
1903,2019,T5,3,Diesel,2005,ICE,Not Applicable,1,Statewide,367
1904,2019,T6,6,Gasoline,1980,ICE,Not Applicable,≥4,Statewide,363
1905,2019,T6,4,Gasoline,1996,ICE,Not Applicable,≥4,Statewide,373
1906,2019,T1,Unknown,Gasoline,1999,ICE,Not Applicable,2,Statewide,374
1907,2019,MH,Not Applicable,Diesel,2014,ICE,Not Applicable,≥4,Statewide,383
1908,2019,T6,4,Gasoline,2015,ICE,Not Applicable,≥4,Statewide,381
1909,2019,T4,2,Gasoline,1990,ICE,Not Applicable,1,Statewide,381
1910,2019,T4,2,Gasoline,1978,ICE,Not Applicable,2,Statewide,381
1911,2019,T4,Unknown,Gasoline,2002,ICE,Not Applicable,3,Statewide,380
1912,2019,MH,Not Applicable,Gasoline,1998,ICE,Not Applicable,2,Statewide,380
1913,2019,BS,Not Applicable,Gasoline,2019,ICE,Not Applicable,≥4,Statewide,380
1914,2019,T6,6,Diesel,2012,ICE,Not Applicable,3,Statewide,380
1915,2019,T5,3,Gasoline,2006,ICE,Not Applicable,1,Statewide,379
1916,2019,T2,1,Gasoline,1988,ICE,Not Applicable,2,Statewide,379
1917,2019,BT,Not Applicable,Diesel,2003,ICE,Not Applicable,≥4,Statewide,374
1918,2019,BT,Not Applicable,Gasoline,2018,ICE,Not Applicable,≥4,Statewide,379
1919,2019,T4,Unknown,Gasoline,1994,ICE,Not Applicable,≥4,Statewide,378
1920,2019,T1,Unknown,Gasoline,1995,ICE,Not Applicable,1,Statewide,377
1921,2019,MH,Not Applicable,Gasoline,2019,ICE,Not Applicable,2,Statewide,377
1922,2019,T1,Unknown,Gasoline,1996,ICE,Not Applicable,3,Statewide,376
1923,2019,BS,Not Applicable,Diesel,2016,ICE,Not Applicable,≥4,Statewide,376
1924,2019,T1,Unknown,Gasoline,1999,ICE,Not Applicable,3,Statewide,375
1925,2019,MH,Not Applicable,Gasoline,2020,ICE,Not Applicable,2,Statewide,375
1926,2019,MH,Not Applicable,Gasoline,2000,ICE,Not Applicable,1,Statewide,375
1927,2019,T4,2,Diesel,1994,ICE,Not Applicable,3,Statewide,375
1928,2019,T2,Unknown,Diesel,2017,ICE,Not Applicable,3,Statewide,375
1929,2019,MH,Not Applicable,Diesel,2000,ICE,Not Applicable,≥4,Statewide,379
1930,2019,T2,Unknown,Gasoline,1991,ICE,Not Applicable,1,Statewide,383
1931,2019,P,Not Applicable,Diesel,2006,ICE,Not Applicable,≥4,Statewide,362
1932,2019,T2,Unknown,Gasoline,1989,ICE,Not Applicable,2,Statewide,360
1933,2019,T6,6,Diesel,2010,ICE,Not Applicable,3,Statewide,350
1934,2019,MH,Not Applicable,Diesel,1998,ICE,Not Applicable,≥4,Statewide,350
1935,2019,P,Not Applicable,Natural Gas,2007,ICE,Not Applicable,≥4,Statewide,349
1936,2019,BT,Not Applicable,Gasoline,2014,ICE,Not Applicable,≥4,Statewide,349
1937,2019,BT,Not Applicable,Diesel,1997,ICE,Not Applicable,≥4,Statewide,349
1938,2019,MH,Not Applicable,Gasoline,1990,ICE,Not Applicable,2,Statewide,348
1939,2019,MC,Not Applicable,Gasoline,1979,ICE,Not Applicable,2,Statewide,348
1940,2019,P,Not Applicable,Diesel,2010,ICE,Not Applicable,3,Statewide,348
1941,2019,T6,6,Gasoline,1978,ICE,Not Applicable,≥4,Statewide,347
1942,2019,P,Not Applicable,Electric,2017,BEV,>150 miles,3,Statewide,347
1943,2019,T4,2,Gasoline,1989,ICE,Not Applicable,3,Statewide,350
1944,2019,T7,8,Diesel,1985,ICE,Not Applicable,≥4,Statewide,347
1945,2019,MH,Not Applicable,Gasoline,2010,ICE,Not Applicable,1,Statewide,346
1946,2019,MC,Not Applicable,Gasoline,1980,ICE,Not Applicable,2,Statewide,346
1947,2019,T3,Unknown,Gasoline,1993,ICE,Not Applicable,3,Statewide,345
1948,2019,T2,Unknown,Gasoline,1990,ICE,Not Applicable,3,Statewide,345
1949,2019,T2,1,Gasoline,1983,ICE,Not Applicable,3,Statewide,345
1950,2019,T1,Unknown,Gasoline,1999,ICE,Not Applicable,1,Statewide,345
1951,2019,T1,1,Gasoline,1985,ICE,Not Applicable,3,Statewide,345
1952,2019,MH,Not Applicable,Gasoline,2013,ICE,Not Applicable,2,Statewide,345
1953,2019,MC,Not Applicable,Gasoline,1986,ICE,Not Applicable,1,Statewide,345
1954,2019,T6,6,Gasoline,1977,ICE,Not Applicable,≥4,Statewide,344
1955,2019,T1,Unknown,Gasoline,1998,ICE,Not Applicable,3,Statewide,346
1956,2019,T4,2,Diesel,1996,ICE,Not Applicable,1,Statewide,361
1957,2019,T4,Unknown,Gasoline,2008,ICE,Not Applicable,1,Statewide,350
1958,2019,T6,6,Diesel,2005,ICE,Not Applicable,1,Statewide,351
1959,2019,MH,Not Applicable,Gasoline,1996,ICE,Not Applicable,2,Statewide,359
1960,2019,BT,Not Applicable,Gasoline,2016,ICE,Not Applicable,≥4,Statewide,359
1961,2019,B,Not Applicable,Diesel,2003,ICE,Not Applicable,≥4,Statewide,359
1962,2019,T4,Unknown,Gasoline,1998,ICE,Not Applicable,≥4,Statewide,358
1963,2019,T4,2,Diesel,1995,ICE,Not Applicable,1,Statewide,358
1964,2019,P,Not Applicable,Diesel,2010,ICE,Not Applicable,1,Statewide,358
1965,2019,T3,2,Gasoline,1977,ICE,Not Applicable,1,Statewide,357
1966,2019,T3,2,Gasoline,1976,ICE,Not Applicable,3,Statewide,357
1967,2019,T7,8,Diesel,2011,ICE,Not Applicable,1,Statewide,357
1968,2019,MH,Not Applicable,Diesel,2007,ICE,Not Applicable,3,Statewide,357
1969,2019,P,Not Applicable,Diesel,2005,ICE,Not Applicable,≥4,Statewide,351
1970,2019,T4,2,Gasoline,1976,ICE,Not Applicable,3,Statewide,356
1971,2019,T5,3,Gasoline,1992,ICE,Not Applicable,≥4,Statewide,355
1972,2019,T4,2,Diesel,1994,ICE,Not Applicable,2,Statewide,355
1973,2019,T6,4,Gasoline,1999,ICE,Not Applicable,≥4,Statewide,354
1974,2019,MH,Not Applicable,Gasoline,1992,ICE,Not Applicable,2,Statewide,354
1975,2019,T5,3,Gasoline,2009,ICE,Not Applicable,2,Statewide,353
1976,2019,T5,3,Gasoline,2008,ICE,Not Applicable,3,Statewide,353
1977,2019,T4,Unknown,Gasoline,2018,ICE,Not Applicable,≥4,Statewide,353
1978,2019,T7,8,Diesel,2012,ICE,Not Applicable,3,Statewide,353
1979,2019,T6,6,Diesel,2010,ICE,Not Applicable,2,Statewide,353
1980,2019,MH,Not Applicable,Gasoline,1986,ICE,Not Applicable,≥4,Statewide,351
1981,2019,T5,3,Gasoline,2005,ICE,Not Applicable,2,Statewide,355
1982,2019,P,Not Applicable,Diesel,2007,ICE,Not Applicable,1,Statewide,384
1983,2019,T7,8,Diesel,2011,ICE,Not Applicable,3,Statewide,384
1984,2019,T5,3,Gasoline,1994,ICE,Not Applicable,≥4,Statewide,384
1985,2019,T3,Unknown,Gasoline,1996,ICE,Not Applicable,1,Statewide,415
1986,2019,MH,Not Applicable,Gasoline,1997,ICE,Not Applicable,2,Statewide,414
1987,2019,T7,8,Diesel,2012,ICE,Not Applicable,1,Statewide,414
1988,2019,T7,8,Diesel,2005,ICE,Not Applicable,1,Statewide,414
1989,2019,T4,2,Diesel,1991,ICE,Not Applicable,2,Statewide,413
1990,2019,T5,3,Gasoline,2011,ICE,Not Applicable,3,Statewide,412
1991,2019,P,Not Applicable,Electric,2016,BEV,51 to 100 miles,1,Statewide,412
1992,2019,T4,2,Gasoline,1981,ICE,Not Applicable,≥4,Statewide,411
1993,2019,T2,1,Gasoline,1988,ICE,Not Applicable,3,Statewide,411
1994,2019,T2,1,Gasoline,1980,ICE,Not Applicable,2,Statewide,411
1995,2019,T5,3,Gasoline,2004,ICE,Not Applicable,1,Statewide,415
1996,2019,T7,8,Diesel,1975,ICE,Not Applicable,1,Statewide,411
1997,2019,BS,Not Applicable,Diesel,2018,ICE,Not Applicable,≥4,Statewide,411
1998,2019,T4,2,Gasoline,2016,ICE,Not Applicable,1,Statewide,410
1999,2019,MH,Not Applicable,Gasoline,1981,ICE,Not Applicable,≥4,Statewide,410
2000,2019,B,Not Applicable,Gasoline,2019,ICE,Not Applicable,≥4,Statewide,410
2001,2019,T4,2,Diesel,1997,ICE,Not Applicable,1,Statewide,410
2002,2019,P,Not Applicable,Diesel,2011,ICE,Not Applicable,2,Statewide,410
2003,2019,T6,4,Gasoline,1995,ICE,Not Applicable,≥4,Statewide,409
2004,2019,T4,2,Gasoline,1992,ICE,Not Applicable,2,Statewide,409
2005,2019,T6,5,Diesel,2021,ICE,Not Applicable,≥4,Statewide,408
2006,2019,T6,6,Diesel,2010,ICE,Not Applicable,1,Statewide,406
2007,2019,T6,4,Diesel,2014,ICE,Not Applicable,≥4,Statewide,411
2008,2019,T3,Unknown,Diesel,2015,ICE,Not Applicable,3,Statewide,406
2009,2019,MH,Not Applicable,Gasoline,1980,ICE,Not Applicable,≥4,Statewide,416
2010,2019,MC,Not Applicable,Gasoline,1984,ICE,Not Applicable,2,Statewide,417
2011,2019,BS,Not Applicable,Diesel,1998,ICE,Not Applicable,≥4,Statewide,426
2012,2019,T6,Unknown,Gasoline,1975,ICE,Not Applicable,3,Statewide,425
2013,2019,T7,8,Diesel,2017,ICE,Not Applicable,2,Statewide,425
2014,2019,T3,Unknown,Gasoline,1995,ICE,Not Applicable,1,Statewide,424
2015,2019,T5,3,Diesel,2007,ICE,Not Applicable,1,Statewide,424
2016,2019,MH,Not Applicable,Diesel,1999,ICE,Not Applicable,≥4,Statewide,424
2017,2019,BS,Not Applicable,Diesel,2015,ICE,Not Applicable,≥4,Statewide,424
2018,2019,T4,2,Gasoline,2016,ICE,Not Applicable,2,Statewide,423
2019,2019,T3,Unknown,Gasoline,1980,ICE,Not Applicable,≥4,Statewide,423
2020,2019,T3,Unknown,Gasoline,1975,ICE,Not Applicable,2,Statewide,423
2021,2019,T6,6,Gasoline,1984,ICE,Not Applicable,≥4,Statewide,416
2022,2019,T1,1,Gasoline,1976,ICE,Not Applicable,2,Statewide,423
2023,2019,T7,8,Diesel,2017,ICE,Not Applicable,1,Statewide,422
2024,2019,T3,Unknown,Gasoline,1994,ICE,Not Applicable,1,Statewide,421
2025,2019,T3,2,Gasoline,1989,ICE,Not Applicable,3,Statewide,421
2026,2019,T6,4,Diesel,2015,ICE,Not Applicable,≥4,Statewide,421
2027,2019,T4,2,Diesel,1988,ICE,Not Applicable,≥4,Statewide,421
2028,2019,T3,2,Gasoline,1989,ICE,Not Applicable,2,Statewide,420
2029,2019,T3,2,Gasoline,1980,ICE,Not Applicable,1,Statewide,420
2030,2019,MH,Not Applicable,Gasoline,1989,ICE,Not Applicable,2,Statewide,419
2031,2019,T6,6,Diesel,2011,ICE,Not Applicable,1,Statewide,418
2032,2019,T6,6,Diesel,1996,ICE,Not Applicable,≥4,Statewide,418
2033,2019,T6,5,Gasoline,1975,ICE,Not Applicable,≥4,Statewide,422
2034,2019,P,Not Applicable,Gasoline,2016,PHEV,0 to 50 miles,≥4,Statewide,405
2035,2019,MH,Not Applicable,Gasoline,1993,ICE,Not Applicable,2,Statewide,405
2036,2019,MC,Not Applicable,Gasoline,1989,ICE,Not Applicable,2,Statewide,405
2037,2019,T4,Unknown,Gasoline,2004,ICE,Not Applicable,2,Statewide,393
2038,2019,MC,Not Applicable,Gasoline,1978,ICE,Not Applicable,2,Statewide,393
2039,2019,P,Not Applicable,Electric,2018,BEV,Unknown,2,Statewide,393
2040,2019,BS,Not Applicable,Diesel,2017,ICE,Not Applicable,≥4,Statewide,393
2041,2019,T5,3,Gasoline,2007,ICE,Not Applicable,3,Statewide,391
2042,2019,T1,Unknown,Gasoline,1995,ICE,Not Applicable,3,Statewide,391
2043,2019,T5,3,Gasoline,1997,ICE,Not Applicable,≥4,Statewide,390
2044,2019,T3,Unknown,Gasoline,1990,ICE,Not Applicable,≥4,Statewide,390
2045,2019,T2,Unknown,Gasoline,1989,ICE,Not Applicable,3,Statewide,390
2046,2019,B,Not Applicable,Diesel,2017,ICE,Not Applicable,≥4,Statewide,390
2047,2019,BS,Not Applicable,Diesel,2020,ICE,Not Applicable,≥4,Statewide,394
2048,2019,T1,Unknown,Gasoline,1978,ICE,Not Applicable,3,Statewide,389
2049,2019,MH,Not Applicable,Gasoline,2004,ICE,Not Applicable,1,Statewide,388
2050,2019,T6,7,Diesel,1986,ICE,Not Applicable,≥4,Statewide,388
2051,2019,T3,Unknown,Diesel,2020,ICE,Not Applicable,2,Statewide,388
2052,2019,MH,Not Applicable,Gasoline,2009,ICE,Not Applicable,1,Statewide,387
2053,2019,BT,Not Applicable,Diesel,1993,ICE,Not Applicable,≥4,Statewide,387
2054,2019,T5,3,Gasoline,2009,ICE,Not Applicable,1,Statewide,386
2055,2019,MH,Not Applicable,Gasoline,1977,ICE,Not Applicable,≥4,Statewide,386
2056,2019,MC,Not Applicable,Gasoline,1996,ICE,Not Applicable,1,Statewide,386
2057,2019,T6,6,Diesel,1997,ICE,Not Applicable,≥4,Statewide,386
2058,2019,T1,Unknown,Gasoline,1998,ICE,Not Applicable,2,Statewide,385
2059,2019,MC,Not Applicable,Gasoline,1994,ICE,Not Applicable,1,Statewide,389
2060,2019,MH,Not Applicable,Gasoline,1991,ICE,Not Applicable,3,Statewide,394
2061,2019,T2,Unknown,Diesel,2018,ICE,Not Applicable,2,Statewide,395
2062,2019,B,Not Applicable,Diesel,2013,ICE,Not Applicable,≥4,Statewide,396
2063,2019,P,Not Applicable,Diesel,2003,ICE,Not Applicable,≥4,Statewide,405
2064,2019,BS,Not Applicable,Diesel,2010,ICE,Not Applicable,≥4,Statewide,405
2065,2019,T7,8,Natural Gas,2013,ICE,Not Applicable,≥4,Statewide,404
2066,2019,T1,Unknown,Gasoline,1996,ICE,Not Applicable,2,Statewide,404
2067,2019,T5,3,Gasoline,2011,ICE,Not Applicable,1,Statewide,403
2068,2019,T3,2,Gasoline,1979,ICE,Not Applicable,3,Statewide,402
2069,2019,T2,Unknown,Diesel,2018,ICE,Not Applicable,≥4,Statewide,402
2070,2019,T7,8,Diesel,2019,ICE,Not Applicable,1,Statewide,401
2071,2019,P,Not Applicable,Diesel,1986,ICE,Not Applicable,1,Statewide,401
2072,2019,MH,Not Applicable,Diesel,2001,ICE,Not Applicable,≥4,Statewide,401
2073,2019,T5,3,Gasoline,2010,ICE,Not Applicable,1,Statewide,400
2074,2019,T6,Unknown,Gasoline,1975,ICE,Not Applicable,2,Statewide,399
2075,2019,T5,3,Gasoline,2005,ICE,Not Applicable,3,Statewide,398
2076,2019,T1,Unknown,Gasoline,1984,ICE,Not Applicable,≥4,Statewide,398
2077,2019,MC,Not Applicable,Gasoline,1981,ICE,Not Applicable,3,Statewide,398
2078,2019,T4,Unknown,Gasoline,2004,ICE,Not Applicable,3,Statewide,397
2079,2019,T1,Unknown,Gasoline,1989,ICE,Not Applicable,≥4,Statewide,397
2080,2019,T6,5,Diesel,2002,ICE,Not Applicable,≥4,Statewide,397
2081,2019,T6,5,Gasoline,2008,ICE,Not Applicable,≥4,Statewide,396
2082,2019,T5,3,Gasoline,2010,ICE,Not Applicable,2,Statewide,396
2083,2019,T4,Unknown,Gasoline,2009,ICE,Not Applicable,2,Statewide,396
2084,2019,T7,8,Diesel,2016,ICE,Not Applicable,1,Statewide,396
2085,2019,T7,8,Diesel,2005,ICE,Not Applicable,3,Statewide,396
2086,2019,T1,Unknown,Gasoline,1983,ICE,Not Applicable,≥4,Statewide,426
2087,2019,T6,6,Diesel,2005,ICE,Not Applicable,3,Statewide,344
2088,2019,T6,4,Gasoline,2003,ICE,Not Applicable,≥4,Statewide,569
2089,2019,T4,2,Diesel,2014,ICE,Not Applicable,1,Statewide,570
2090,2019,T3,2,Gasoline,2021,ICE,Not Applicable,1,Statewide,847
2091,2019,T1,Unknown,Gasoline,1998,ICE,Not Applicable,≥4,Statewide,847
2092,2019,T7,8,Diesel,2015,ICE,Not Applicable,3,Statewide,846
2093,2019,T6,4,Diesel,2020,ICE,Not Applicable,≥4,Statewide,844
2094,2019,T4,2,Diesel,2000,ICE,Not Applicable,1,Statewide,844
2095,2019,T4,2,Gasoline,2020,ICE,Not Applicable,2,Statewide,843
2096,2019,T4,2,Diesel,2015,ICE,Not Applicable,3,Statewide,843
2097,2019,T5,3,Diesel,2013,ICE,Not Applicable,1,Statewide,842
2098,2019,T6,5,Gasoline,2019,ICE,Not Applicable,≥4,Statewide,841
2099,2019,T5,3,Diesel,2016,ICE,Not Applicable,3,Statewide,841
2100,2019,T4,2,Diesel,2015,ICE,Not Applicable,2,Statewide,848
2101,2019,T1,Unknown,Gasoline,1976,ICE,Not Applicable,≥4,Statewide,840
2102,2019,T6,5,Diesel,2015,ICE,Not Applicable,≥4,Statewide,839
2103,2019,T2,1,Gasoline,1983,ICE,Not Applicable,≥4,Statewide,837
2104,2019,T2,1,Gasoline,1977,ICE,Not Applicable,2,Statewide,837
2105,2019,MC,Not Applicable,Gasoline,1998,ICE,Not Applicable,2,Statewide,837
2106,2019,T5,3,Diesel,1999,ICE,Not Applicable,≥4,Statewide,835
2107,2019,T3,2,Diesel,2019,ICE,Not Applicable,3,Statewide,835
2108,2019,T3,2,Gasoline,1983,ICE,Not Applicable,3,Statewide,834
2109,2019,T1,1,Gasoline,1988,ICE,Not Applicable,3,Statewide,833
2110,2019,T6,4,Diesel,2000,ICE,Not Applicable,≥4,Statewide,829
2111,2019,T5,3,Diesel,2020,ICE,Not Applicable,1,Statewide,829
2112,2019,T4,Unknown,Gasoline,2010,ICE,Not Applicable,≥4,Statewide,839
2113,2019,T3,Unknown,Diesel,2019,ICE,Not Applicable,2,Statewide,829
2114,2019,T2,Unknown,Gasoline,1976,ICE,Not Applicable,≥4,Statewide,851
2115,2019,MH,Not Applicable,Gasoline,2003,ICE,Not Applicable,3,Statewide,852
2116,2019,T1,1,Gasoline,2017,ICE,Not Applicable,2,Statewide,880
2117,2019,T1,1,Gasoline,1984,ICE,Not Applicable,≥4,Statewide,880
2118,2019,T4,2,Diesel,2001,ICE,Not Applicable,1,Statewide,879
2119,2019,T3,2,Gasoline,1991,ICE,Not Applicable,2,Statewide,878
2120,2019,MH,Not Applicable,Gasoline,2019,ICE,Not Applicable,3,Statewide,875
2121,2019,MC,Not Applicable,Gasoline,1992,ICE,Not Applicable,3,Statewide,875
2122,2019,T4,Unknown,Gasoline,2006,ICE,Not Applicable,2,Statewide,873
2123,2019,T3,Unknown,Diesel,2018,ICE,Not Applicable,≥4,Statewide,873
2124,2019,T7,8,Natural Gas,2016,ICE,Not Applicable,≥4,Statewide,870
2125,2019,T5,3,Diesel,2019,ICE,Not Applicable,2,Statewide,869
2126,2019,T3,Unknown,Diesel,2017,ICE,Not Applicable,≥4,Statewide,852
2127,2019,T3,2,Gasoline,1991,ICE,Not Applicable,3,Statewide,868
2128,2019,T7,8,Diesel,2014,ICE,Not Applicable,2,Statewide,867
2129,2019,P,Not Applicable,Gasoline,1985,ICE,Not Applicable,1,Statewide,865
2130,2019,T7,8,Diesel,1990,ICE,Not Applicable,≥4,Statewide,865
2131,2019,T2,1,Gasoline,1990,ICE,Not Applicable,2,Statewide,862
2132,2019,T3,2,Gasoline,1984,ICE,Not Applicable,3,Statewide,859
2133,2019,T3,Unknown,Gasoline,1993,ICE,Not Applicable,≥4,Statewide,857
2134,2019,MH,Not Applicable,Gasoline,2001,ICE,Not Applicable,3,Statewide,857
2135,2019,T4,2,Gasoline,2018,ICE,Not Applicable,2,Statewide,855
2136,2019,T6,4,Diesel,2019,ICE,Not Applicable,≥4,Statewide,855
2137,2019,T4,2,Gasoline,1984,ICE,Not Applicable,≥4,Statewide,852
2138,2019,T4,2,Gasoline,1999,ICE,Not Applicable,1,Statewide,867
2139,2019,T1,Unknown,Gasoline,2000,ICE,Not Applicable,1,Statewide,881
2140,2019,T3,Unknown,Diesel,2019,ICE,Not Applicable,≥4,Statewide,827
2141,2019,T4,2,Gasoline,2018,ICE,Not Applicable,3,Statewide,823
2142,2019,T2,1,Gasoline,1979,ICE,Not Applicable,3,Statewide,796
2143,2019,MC,Not Applicable,Gasoline,2001,ICE,Not Applicable,1,Statewide,796
2144,2019,MC,Not Applicable,Gasoline,1988,ICE,Not Applicable,3,Statewide,795
2145,2019,T2,1,Gasoline,1984,ICE,Not Applicable,≥4,Statewide,794
2146,2019,T1,Unknown,Gasoline,1992,ICE,Not Applicable,2,Statewide,794
2147,2019,T5,3,Diesel,2006,ICE,Not Applicable,3,Statewide,794
2148,2019,MH,Not Applicable,Gasoline,1983,ICE,Not Applicable,≥4,Statewide,792
2149,2019,T3,Unknown,Diesel,2018,ICE,Not Applicable,2,Statewide,792
2150,2019,T1,1,Gasoline,1983,ICE,Not Applicable,≥4,Statewide,791
2151,2019,MC,Not Applicable,Gasoline,1991,ICE,Not Applicable,2,Statewide,791
2152,2019,T7,8,Diesel,2013,ICE,Not Applicable,1,Statewide,797
2153,2019,T3,2,Diesel,2017,ICE,Not Applicable,2,Statewide,791
2154,2019,T1,Unknown,Gasoline,1996,ICE,Not Applicable,≥4,Statewide,787
2155,2019,T5,3,Diesel,2009,ICE,Not Applicable,3,Statewide,786
2156,2019,T4,2,Gasoline,1983,ICE,Not Applicable,≥4,Statewide,785
2157,2019,MH,Not Applicable,Gasoline,2004,ICE,Not Applicable,2,Statewide,784
2158,2019,B,Not Applicable,Gasoline,2012,ICE,Not Applicable,≥4,Statewide,784
2159,2019,T4,2,Diesel,2017,ICE,Not Applicable,1,Statewide,784
2160,2019,T7,8,Natural Gas,2020,ICE,Not Applicable,≥4,Statewide,783
2161,2019,T3,2,Diesel,2017,ICE,Not Applicable,3,Statewide,783
2162,2019,T2,1,Diesel,2020,ICE,Not Applicable,1,Statewide,782
2163,2019,T4,2,Diesel,1989,ICE,Not Applicable,≥4,Statewide,781
2164,2019,MC,Not Applicable,Gasoline,1995,ICE,Not Applicable,3,Statewide,789
2165,2019,T1,Unknown,Gasoline,1992,ICE,Not Applicable,3,Statewide,826
2166,2019,T2,Unknown,Gasoline,1992,ICE,Not Applicable,3,Statewide,797
2167,2019,T4,2,Gasoline,1987,ICE,Not Applicable,≥4,Statewide,797
2168,2019,P,Not Applicable,Diesel,2014,ICE,Not Applicable,1,Statewide,823
2169,2019,T6,4,Gasoline,2010,ICE,Not Applicable,≥4,Statewide,822
2170,2019,T1,Unknown,Gasoline,1999,ICE,Not Applicable,≥4,Statewide,821
2171,2019,MH,Not Applicable,Gasoline,2013,ICE,Not Applicable,3,Statewide,821
2172,2019,T7,8,Diesel,1991,ICE,Not Applicable,≥4,Statewide,821
2173,2019,T5,3,Diesel,2016,ICE,Not Applicable,2,Statewide,821
2174,2019,T1,1,Gasoline,2016,ICE,Not Applicable,1,Statewide,817
2175,2019,T6,7,Diesel,2021,ICE,Not Applicable,≥4,Statewide,815
2176,2019,MC,Not Applicable,Gasoline,2002,ICE,Not Applicable,1,Statewide,814
2177,2019,T3,2,Gasoline,1982,ICE,Not Applicable,1,Statewide,813
2178,2019,T3,2,Gasoline,1984,ICE,Not Applicable,2,Statewide,797
2179,2019,T2,1,Gasoline,1978,ICE,Not Applicable,3,Statewide,812
2180,2019,T4,2,Gasoline,2020,ICE,Not Applicable,1,Statewide,811
2181,2019,T4,2,Gasoline,1988,ICE,Not Applicable,≥4,Statewide,811
2182,2019,T6,4,Gasoline,2002,ICE,Not Applicable,≥4,Statewide,810
2183,2019,T2,1,Gasoline,1990,ICE,Not Applicable,3,Statewide,808
2184,2019,T1,1,Gasoline,2018,ICE,Not Applicable,3,Statewide,808
2185,2019,T1,1,Gasoline,2015,ICE,Not Applicable,3,Statewide,803
2186,2019,T3,Unknown,Gasoline,1998,ICE,Not Applicable,1,Statewide,802
2187,2019,MH,Not Applicable,Gasoline,2020,ICE,Not Applicable,3,Statewide,801
2188,2019,T3,2,Gasoline,1983,ICE,Not Applicable,2,Statewide,799
2189,2019,MH,Not Applicable,Diesel,2004,ICE,Not Applicable,≥4,Statewide,799
2190,2019,T4,Unknown,Diesel,2010,ICE,Not Applicable,≥4,Statewide,812
2191,2019,T4,2,Gasoline,2020,ICE,Not Applicable,3,Statewide,888
2192,2019,MC,Not Applicable,Gasoline,1987,ICE,Not Applicable,3,Statewide,889
2193,2019,MC,Not Applicable,Gasoline,1996,ICE,Not Applicable,3,Statewide,889
2194,2019,T6,4,Gasoline,2009,ICE,Not Applicable,≥4,Statewide,1017
2195,2019,T4,2,Gasoline,1997,ICE,Not Applicable,2,Statewide,1017
2196,2019,T5,3,Diesel,2001,ICE,Not Applicable,≥4,Statewide,1017
2197,2019,T6,6,Gasoline,2020,ICE,Not Applicable,≥4,Statewide,1016
2198,2019,MH,Not Applicable,Gasoline,1991,ICE,Not Applicable,≥4,Statewide,1015
2199,2019,T3,2,Gasoline,1982,ICE,Not Applicable,2,Statewide,1013
2200,2019,MH,Not Applicable,Diesel,2007,ICE,Not Applicable,≥4,Statewide,1011
2201,2019,T2,1,Gasoline,1991,ICE,Not Applicable,1,Statewide,1010
2202,2019,P,Not Applicable,Electric,2016,BEV,51 to 100 miles,3,Statewide,1007
2203,2019,P,Not Applicable,Diesel,2014,ICE,Not Applicable,3,Statewide,1006
2204,2019,MH,Not Applicable,Diesel,2005,ICE,Not Applicable,≥4,Statewide,1023
2205,2019,T2,Unknown,Diesel,2019,ICE,Not Applicable,2,Statewide,1005
2206,2019,T4,2,Gasoline,1998,ICE,Not Applicable,2,Statewide,999
2207,2019,T4,2,Gasoline,1975,ICE,Not Applicable,2,Statewide,994
2208,2019,T1,Unknown,Gasoline,2020,ICE,Not Applicable,3,Statewide,994
2209,2019,T4,2,Gasoline,1975,ICE,Not Applicable,1,Statewide,991
2210,2019,T1,1,Gasoline,1989,ICE,Not Applicable,1,Statewide,990
2211,2019,T5,3,Diesel,2015,ICE,Not Applicable,≥4,Statewide,990
2212,2019,T4,2,Diesel,2018,ICE,Not Applicable,1,Statewide,990
2213,2019,T4,2,Gasoline,1976,ICE,Not Applicable,≥4,Statewide,988
2214,2019,P,Not Applicable,Diesel,2008,ICE,Not Applicable,≥4,Statewide,987
2215,2019,P,Not Applicable,Gasoline,1986,ICE,Not Applicable,1,Statewide,984
2216,2019,T5,3,Diesel,2020,ICE,Not Applicable,2,Statewide,1002
2217,2019,MC,Not Applicable,Gasoline,1997,ICE,Not Applicable,3,Statewide,983
2218,2019,T5,3,Diesel,2017,ICE,Not Applicable,2,Statewide,1026
2219,2019,T3,Unknown,Gasoline,1998,ICE,Not Applicable,3,Statewide,1030
2220,2019,T3,2,Gasoline,1985,ICE,Not Applicable,≥4,Statewide,1074
2221,2019,T6,6,Diesel,2001,ICE,Not Applicable,≥4,Statewide,1073
2222,2019,P,Not Applicable,Gasoline,1987,ICE,Not Applicable,1,Statewide,1072
2223,2019,T4,2,Diesel,2016,ICE,Not Applicable,1,Statewide,1070
2224,2019,T4,2,Gasoline,1997,ICE,Not Applicable,3,Statewide,1068
2225,2019,T7,8,Diesel,2013,ICE,Not Applicable,3,Statewide,1065
2226,2019,B,Not Applicable,Gasoline,2013,ICE,Not Applicable,≥4,Statewide,1064
2227,2019,T4,Unknown,Gasoline,2006,ICE,Not Applicable,3,Statewide,1063
2228,2019,T6,7,Diesel,2001,ICE,Not Applicable,≥4,Statewide,1062
2229,2019,T5,3,Gasoline,2001,ICE,Not Applicable,≥4,Statewide,1061
2230,2019,T1,Unknown,Gasoline,2000,ICE,Not Applicable,3,Statewide,1026
2231,2019,T3,Unknown,Gasoline,1998,ICE,Not Applicable,2,Statewide,1060
2232,2019,MH,Not Applicable,Gasoline,2002,ICE,Not Applicable,3,Statewide,1058
2233,2019,T2,1,Gasoline,1992,ICE,Not Applicable,1,Statewide,1056
2234,2019,BT,Not Applicable,Diesel,1975,ICE,Not Applicable,1,Statewide,1056
2235,2019,T2,Unknown,Gasoline,1991,ICE,Not Applicable,≥4,Statewide,1046
2236,2019,T2,Unknown,Gasoline,1975,ICE,Not Applicable,1,Statewide,1046
2237,2019,MC,Not Applicable,Gasoline,2000,ICE,Not Applicable,2,Statewide,1046
2238,2019,T2,Unknown,Gasoline,1994,ICE,Not Applicable,2,Statewide,1043
2239,2019,T4,2,Diesel,1994,ICE,Not Applicable,≥4,Statewide,1041
2240,2019,T3,2,Gasoline,1975,ICE,Not Applicable,1,Statewide,1039
2241,2019,P,Not Applicable,Diesel,1986,ICE,Not Applicable,≥4,Statewide,1037
2242,2019,P,Not Applicable,Diesel,1990,ICE,Not Applicable,≥4,Statewide,1060
2243,2019,T1,Unknown,Gasoline,1990,ICE,Not Applicable,≥4,Statewide,981
2244,2019,T4,2,Gasoline,1985,ICE,Not Applicable,≥4,Statewide,980
2245,2019,MH,Not Applicable,Gasoline,2006,ICE,Not Applicable,3,Statewide,980
2246,2019,P,Not Applicable,Natural Gas,2017,ICE,Not Applicable,≥4,Statewide,928
2247,2019,T1,Unknown,Gasoline,1995,ICE,Not Applicable,≥4,Statewide,928
2248,2019,T1,1,Gasoline,1985,ICE,Not Applicable,≥4,Statewide,926
2249,2019,T1,1,Gasoline,2021,ICE,Not Applicable,3,Statewide,923
2250,2019,T6,4,Gasoline,2008,ICE,Not Applicable,≥4,Statewide,922
2251,2019,T4,2,Gasoline,1994,ICE,Not Applicable,1,Statewide,920
2252,2019,T6,7,Diesel,1999,ICE,Not Applicable,≥4,Statewide,920
2253,2019,T4,2,Diesel,2014,ICE,Not Applicable,3,Statewide,918
2254,2019,P,Not Applicable,Electric,2020,BEV,>150 miles,1,Statewide,915
2255,2019,T6,4,Diesel,2017,ICE,Not Applicable,≥4,Statewide,914
2256,2019,MH,Not Applicable,Gasoline,1999,ICE,Not Applicable,3,Statewide,929
2257,2019,MC,Not Applicable,Gasoline,1990,ICE,Not Applicable,3,Statewide,912
2258,2019,T3,Unknown,Diesel,2016,ICE,Not Applicable,2,Statewide,910
2259,2019,MH,Not Applicable,Diesel,2006,ICE,Not Applicable,≥4,Statewide,910
2260,2019,T6,7,Diesel,1996,ICE,Not Applicable,≥4,Statewide,903
2261,2019,T5,3,Diesel,2010,ICE,Not Applicable,1,Statewide,902
2262,2019,T4,2,Gasoline,1995,ICE,Not Applicable,1,Statewide,900
2263,2019,T5,3,Gasoline,2015,ICE,Not Applicable,≥4,Statewide,896
2264,2019,MC,Not Applicable,Gasoline,1999,ICE,Not Applicable,2,Statewide,896
2265,2019,T3,2,Gasoline,1992,ICE,Not Applicable,3,Statewide,895
2266,2019,T7,8,Natural Gas,2017,ICE,Not Applicable,≥4,Statewide,894
2267,2019,T3,2,Gasoline,1992,ICE,Not Applicable,2,Statewide,894
2268,2019,T2,1,Diesel,2020,ICE,Not Applicable,3,Statewide,911
2269,2019,T4,2,Diesel,1990,ICE,Not Applicable,≥4,Statewide,932
2270,2019,T4,2,Gasoline,1986,ICE,Not Applicable,≥4,Statewide,932
2271,2019,T5,3,Diesel,2019,ICE,Not Applicable,3,Statewide,935
2272,2019,T4,2,Gasoline,1996,ICE,Not Applicable,3,Statewide,977
2273,2019,MH,Not Applicable,Gasoline,2017,ICE,Not Applicable,≥4,Statewide,976
2274,2019,P,Not Applicable,Electric,2018,BEV,>150 miles,1,Statewide,975
2275,2019,T4,2,Gasoline,1996,ICE,Not Applicable,2,Statewide,974
2276,2019,T4,Unknown,Gasoline,2001,ICE,Not Applicable,≥4,Statewide,972
2277,2019,T1,1,Gasoline,2017,ICE,Not Applicable,1,Statewide,972
2278,2019,T3,Unknown,Diesel,2016,ICE,Not Applicable,≥4,Statewide,970
2279,2019,BS,Not Applicable,Diesel,2011,ICE,Not Applicable,≥4,Statewide,964
2280,2019,T5,3,Gasoline,1999,ICE,Not Applicable,≥4,Statewide,962
2281,2019,T3,2,Gasoline,1993,ICE,Not Applicable,1,Statewide,959
2282,2019,MH,Not Applicable,Gasoline,2000,ICE,Not Applicable,3,Statewide,957
2283,2019,T5,3,Diesel,2002,ICE,Not Applicable,≥4,Statewide,957
2284,2019,T2,1,Gasoline,1981,ICE,Not Applicable,≥4,Statewide,954
2285,2019,T1,Unknown,Gasoline,1979,ICE,Not Applicable,≥4,Statewide,954
2286,2019,MC,Not Applicable,Gasoline,2003,ICE,Not Applicable,1,Statewide,954
2287,2019,MH,Not Applicable,Gasoline,1975,ICE,Not Applicable,≥4,Statewide,953
2288,2019,T7,8,Diesel,2014,ICE,Not Applicable,1,Statewide,952
2289,2019,T2,Unknown,Gasoline,1994,ICE,Not Applicable,3,Statewide,950
2290,2019,T7,8,Gasoline,1975,ICE,Not Applicable,1,Statewide,949
2291,2019,T4,2,Diesel,2014,ICE,Not Applicable,2,Statewide,944
2292,2019,T2,1,Gasoline,1988,ICE,Not Applicable,≥4,Statewide,943
2293,2019,T1,1,Gasoline,2021,ICE,Not Applicable,2,Statewide,942
2294,2019,T2,Unknown,Diesel,2019,ICE,Not Applicable,≥4,Statewide,942
2295,2019,T1,1,Gasoline,1988,ICE,Not Applicable,2,Statewide,780
2296,2019,BS,Not Applicable,Diesel,2002,ICE,Not Applicable,≥4,Statewide,570
2297,2019,MC,Not Applicable,Gasoline,1994,ICE,Not Applicable,3,Statewide,779
2298,2019,T2,1,Gasoline,1987,ICE,Not Applicable,≥4,Statewide,776
2299,2019,T2,1,Gasoline,1989,ICE,Not Applicable,2,Statewide,635
2300,2019,MC,Not Applicable,Gasoline,1997,ICE,Not Applicable,2,Statewide,635
2301,2019,BS,Not Applicable,Diesel,2003,ICE,Not Applicable,≥4,Statewide,633
2302,2019,T3,2,Gasoline,1992,ICE,Not Applicable,1,Statewide,632
2303,2019,MH,Not Applicable,Gasoline,1993,ICE,Not Applicable,3,Statewide,632
2304,2019,MH,Not Applicable,Gasoline,1998,ICE,Not Applicable,3,Statewide,631
2305,2019,MH,Not Applicable,Diesel,2011,ICE,Not Applicable,3,Statewide,631
2306,2019,MH,Not Applicable,Gasoline,1988,ICE,Not Applicable,≥4,Statewide,630
2307,2019,MC,Not Applicable,Gasoline,1996,ICE,Not Applicable,2,Statewide,630
2308,2019,T4,Unknown,Gasoline,2008,ICE,Not Applicable,3,Statewide,629
2309,2019,T6,7,Diesel,1993,ICE,Not Applicable,≥4,Statewide,636
2310,2019,BS,Not Applicable,Diesel,2000,ICE,Not Applicable,≥4,Statewide,629
2311,2019,P,Not Applicable,Diesel,1988,ICE,Not Applicable,3,Statewide,627
2312,2019,MH,Not Applicable,Diesel,2020,ICE,Not Applicable,≥4,Statewide,627
2313,2019,T7,8,Natural Gas,2015,ICE,Not Applicable,≥4,Statewide,626
2314,2019,T4,2,Gasoline,1980,ICE,Not Applicable,≥4,Statewide,624
2315,2019,T2,1,Gasoline,1990,ICE,Not Applicable,1,Statewide,620
2316,2019,T4,Unknown,Gasoline,2007,ICE,Not Applicable,3,Statewide,619
2317,2019,T5,3,Diesel,2018,ICE,Not Applicable,3,Statewide,619
2318,2019,P,Not Applicable,Diesel,1987,ICE,Not Applicable,2,Statewide,618
2319,2019,T6,6,Gasoline,1975,ICE,Not Applicable,≥4,Statewide,617
2320,2019,T1,Unknown,Gasoline,1992,ICE,Not Applicable,1,Statewide,617
2321,2019,T3,2,Gasoline,1984,ICE,Not Applicable,1,Statewide,627
2322,2019,T1,Unknown,Gasoline,1994,ICE,Not Applicable,3,Statewide,613
2323,2019,MC,Not Applicable,Gasoline,1989,ICE,Not Applicable,3,Statewide,637
2324,2019,T5,3,Diesel,1998,ICE,Not Applicable,≥4,Statewide,638
2325,2019,T3,2,Gasoline,1990,ICE,Not Applicable,3,Statewide,654
2326,2019,T3,2,Gasoline,1977,ICE,Not Applicable,3,Statewide,654
2327,2019,T3,2,Diesel,2019,ICE,Not Applicable,1,Statewide,654
2328,2019,T3,2,Gasoline,1991,ICE,Not Applicable,1,Statewide,652
2329,2019,MC,Not Applicable,Gasoline,1985,ICE,Not Applicable,3,Statewide,652
2330,2019,P,Not Applicable,Diesel,1985,ICE,Not Applicable,≥4,Statewide,652
2331,2019,T3,Unknown,Diesel,2018,ICE,Not Applicable,3,Statewide,651
2332,2019,MH,Not Applicable,Gasoline,2005,ICE,Not Applicable,2,Statewide,650
2333,2019,B,Not Applicable,Gasoline,2014,ICE,Not Applicable,≥4,Statewide,649
2334,2019,T4,Unknown,Diesel,2009,ICE,Not Applicable,≥4,Statewide,649
2335,2019,T4,2,Gasoline,1993,ICE,Not Applicable,2,Statewide,637
2336,2019,T2,1,Gasoline,1978,ICE,Not Applicable,2,Statewide,648
2337,2019,T4,2,Gasoline,1979,ICE,Not Applicable,≥4,Statewide,647
2338,2019,T1,1,Gasoline,2016,ICE,Not Applicable,≥4,Statewide,647
2339,2019,T1,Unknown,Gasoline,1997,ICE,Not Applicable,≥4,Statewide,647
2340,2019,MH,Not Applicable,Gasoline,1995,ICE,Not Applicable,3,Statewide,647
2341,2019,MH,Not Applicable,Diesel,2010,ICE,Not Applicable,3,Statewide,645
2342,2019,T5,3,Diesel,2019,ICE,Not Applicable,1,Statewide,643
2343,2019,MC,Not Applicable,Gasoline,1984,ICE,Not Applicable,3,Statewide,642
2344,2019,T5,3,Diesel,2008,ICE,Not Applicable,2,Statewide,642
2345,2019,T1,1,Gasoline,1987,ICE,Not Applicable,2,Statewide,640
2346,2019,MH,Not Applicable,Gasoline,2011,ICE,Not Applicable,2,Statewide,639
2347,2019,B,Not Applicable,Gasoline,2018,ICE,Not Applicable,≥4,Statewide,648
2348,2019,T5,3,Diesel,2004,ICE,Not Applicable,2,Statewide,657
2349,2019,MH,Not Applicable,Diesel,2003,ICE,Not Applicable,≥4,Statewide,612
2350,2019,T3,2,Gasoline,1978,ICE,Not Applicable,3,Statewide,610
2351,2019,MH,Not Applicable,Diesel,2009,ICE,Not Applicable,3,Statewide,584
2352,2019,MH,Not Applicable,Gasoline,1978,ICE,Not Applicable,≥4,Statewide,583
2353,2019,BT,Not Applicable,Diesel,2018,ICE,Not Applicable,≥4,Statewide,583
2354,2019,T2,1,Gasoline,1976,ICE,Not Applicable,2,Statewide,582
2355,2019,BT,Not Applicable,Natural Gas,2006,ICE,Not Applicable,≥4,Statewide,581
2356,2019,MC,Not Applicable,Gasoline,1999,ICE,Not Applicable,1,Statewide,581
2357,2019,MC,Not Applicable,Gasoline,1994,ICE,Not Applicable,2,Statewide,581
2358,2019,T2,Unknown,Diesel,2019,ICE,Not Applicable,1,Statewide,581
2359,2019,T5,3,Gasoline,1998,ICE,Not Applicable,≥4,Statewide,580
2360,2019,T4,2,Gasoline,1982,ICE,Not Applicable,≥4,Statewide,580
2361,2019,T7,8,Diesel,2017,ICE,Not Applicable,3,Statewide,585
2362,2019,T3,Unknown,Gasoline,1991,ICE,Not Applicable,≥4,Statewide,580
2363,2019,T1,1,Gasoline,1982,ICE,Not Applicable,≥4,Statewide,576
2364,2019,MC,Not Applicable,Gasoline,1992,ICE,Not Applicable,2,Statewide,576
2365,2019,T6,7,Diesel,1991,ICE,Not Applicable,≥4,Statewide,576
2366,2019,T3,Unknown,Gasoline,1995,ICE,Not Applicable,3,Statewide,575
2367,2019,MH,Not Applicable,Diesel,2012,ICE,Not Applicable,3,Statewide,575
2368,2019,MC,Not Applicable,Gasoline,2021,ICE,Not Applicable,≥4,Statewide,574
2369,2019,T3,Unknown,Diesel,2015,ICE,Not Applicable,≥4,Statewide,574
2370,2019,BS,Not Applicable,Diesel,2006,ICE,Not Applicable,≥4,Statewide,574
2371,2019,BS,Not Applicable,Diesel,2008,ICE,Not Applicable,≥4,Statewide,573
2372,2019,T4,2,Diesel,1993,ICE,Not Applicable,≥4,Statewide,572
2373,2019,T3,Unknown,Gasoline,1997,ICE,Not Applicable,1,Statewide,577
2374,2019,T3,Unknown,Gasoline,1975,ICE,Not Applicable,3,Statewide,611
2375,2019,MH,Not Applicable,Gasoline,1996,ICE,Not Applicable,3,Statewide,586
2376,2019,T4,Unknown,Gasoline,2000,ICE,Not Applicable,≥4,Statewide,587
2377,2019,MH,Not Applicable,Gasoline,1982,ICE,Not Applicable,≥4,Statewide,610
2378,2019,T1,Unknown,Gasoline,1994,ICE,Not Applicable,2,Statewide,609
2379,2019,T4,2,Gasoline,1991,ICE,Not Applicable,3,Statewide,607
2380,2019,T4,2,Diesel,1992,ICE,Not Applicable,≥4,Statewide,607
2381,2019,B,Not Applicable,Gasoline,2008,ICE,Not Applicable,≥4,Statewide,606
2382,2019,P,Not Applicable,Electric,2018,BEV,Unknown,≥4,Statewide,606
2383,2019,MH,Not Applicable,Gasoline,2014,ICE,Not Applicable,≥4,Statewide,605
2384,2019,P,Not Applicable,Diesel,2010,ICE,Not Applicable,≥4,Statewide,604
2385,2019,T1,Unknown,Gasoline,1991,ICE,Not Applicable,2,Statewide,602
2386,2019,MC,Not Applicable,Gasoline,1983,ICE,Not Applicable,3,Statewide,602
2387,2019,T6,4,Gasoline,2017,ICE,Not Applicable,≥4,Statewide,586
2388,2019,MC,Not Applicable,Gasoline,1987,ICE,Not Applicable,2,Statewide,600
2389,2019,MH,Not Applicable,Gasoline,2007,ICE,Not Applicable,2,Statewide,598
2390,2019,MC,Not Applicable,Gasoline,1988,ICE,Not Applicable,2,Statewide,596
2391,2019,MH,Not Applicable,Gasoline,2018,ICE,Not Applicable,3,Statewide,595
2392,2019,T3,2,Gasoline,1986,ICE,Not Applicable,≥4,Statewide,592
2393,2019,BS,Not Applicable,Diesel,2012,ICE,Not Applicable,≥4,Statewide,592
2394,2019,MH,Not Applicable,Gasoline,1984,ICE,Not Applicable,≥4,Statewide,590
2395,2019,T3,Unknown,Diesel,2019,ICE,Not Applicable,3,Statewide,590
2396,2019,P,Not Applicable,Diesel,1987,ICE,Not Applicable,3,Statewide,590
2397,2019,T4,Unknown,Gasoline,2006,ICE,Not Applicable,1,Statewide,589
2398,2019,T5,3,Diesel,2018,ICE,Not Applicable,2,Statewide,588
2399,2019,T5,3,Diesel,2007,ICE,Not Applicable,2,Statewide,600
2400,2019,T2,1,Gasoline,1979,ICE,Not Applicable,2,Statewide,658
2401,2019,P,Not Applicable,Diesel,1989,ICE,Not Applicable,2,Statewide,660
2402,2019,MC,Not Applicable,Gasoline,2000,ICE,Not Applicable,1,Statewide,660
2403,2019,T4,2,Gasoline,1997,ICE,Not Applicable,1,Statewide,733
2404,2019,BS,Not Applicable,Diesel,1995,ICE,Not Applicable,≥4,Statewide,733
2405,2019,T4,2,Gasoline,1998,ICE,Not Applicable,1,Statewide,731
2406,2019,T1,1,Gasoline,2016,ICE,Not Applicable,2,Statewide,731
2407,2019,T4,2,Diesel,1999,ICE,Not Applicable,3,Statewide,731
2408,2019,T4,Unknown,Gasoline,2005,ICE,Not Applicable,1,Statewide,730
2409,2019,T4,2,Gasoline,1993,ICE,Not Applicable,3,Statewide,730
2410,2019,MC,Not Applicable,Gasoline,1993,ICE,Not Applicable,3,Statewide,730
2411,2019,T4,2,Diesel,2003,ICE,Not Applicable,3,Statewide,730
2412,2019,T4,2,Diesel,1998,ICE,Not Applicable,2,Statewide,730
2413,2019,T2,1,Gasoline,1986,ICE,Not Applicable,≥4,Statewide,735
2414,2019,T2,Unknown,Gasoline,1993,ICE,Not Applicable,3,Statewide,728
2415,2019,T2,Unknown,Gasoline,1979,ICE,Not Applicable,≥4,Statewide,726
2416,2019,MH,Not Applicable,Gasoline,2010,ICE,Not Applicable,2,Statewide,726
2417,2019,T2,Unknown,Gasoline,1978,ICE,Not Applicable,≥4,Statewide,721
2418,2019,T1,1,Gasoline,2017,ICE,Not Applicable,≥4,Statewide,721
2419,2019,T5,3,Diesel,2017,ICE,Not Applicable,1,Statewide,720
2420,2019,T4,2,Gasoline,2019,ICE,Not Applicable,2,Statewide,719
2421,2019,T2,Unknown,Gasoline,1992,ICE,Not Applicable,2,Statewide,718
2422,2019,T6,7,Diesel,1998,ICE,Not Applicable,≥4,Statewide,717
2423,2019,T2,Unknown,Gasoline,1989,ICE,Not Applicable,≥4,Statewide,715
2424,2019,T6,4,Gasoline,2000,ICE,Not Applicable,≥4,Statewide,714
2425,2019,T5,3,Diesel,1995,ICE,Not Applicable,≥4,Statewide,728
2426,2019,T1,1,Gasoline,2021,ICE,Not Applicable,1,Statewide,714
2427,2019,T2,Unknown,Gasoline,1993,ICE,Not Applicable,2,Statewide,735
2428,2019,MH,Not Applicable,Gasoline,1994,ICE,Not Applicable,3,Statewide,740
2429,2019,T1,1,Gasoline,1977,ICE,Not Applicable,3,Statewide,776
2430,2019,T4,Unknown,Diesel,2008,ICE,Not Applicable,≥4,Statewide,775
2431,2019,T4,2,Diesel,1998,ICE,Not Applicable,3,Statewide,774
2432,2019,T3,Unknown,Diesel,2017,ICE,Not Applicable,2,Statewide,774
2433,2019,T6,5,Gasoline,2018,ICE,Not Applicable,≥4,Statewide,773
2434,2019,T7,8,Natural Gas,2014,ICE,Not Applicable,≥4,Statewide,772
2435,2019,T6,Unknown,Gasoline,1975,ICE,Not Applicable,1,Statewide,772
2436,2019,BT,Not Applicable,Diesel,1975,ICE,Not Applicable,≥4,Statewide,771
2437,2019,T4,Unknown,Diesel,2006,ICE,Not Applicable,≥4,Statewide,768
2438,2019,T5,3,Diesel,2004,ICE,Not Applicable,3,Statewide,766
2439,2019,T3,Unknown,Gasoline,1997,ICE,Not Applicable,3,Statewide,737
2440,2019,MH,Not Applicable,Gasoline,2009,ICE,Not Applicable,2,Statewide,764
2441,2019,MC,Not Applicable,Gasoline,1990,ICE,Not Applicable,2,Statewide,756
2442,2019,T3,Unknown,Gasoline,1992,ICE,Not Applicable,≥4,Statewide,755
2443,2019,P,Not Applicable,Diesel,1988,ICE,Not Applicable,2,Statewide,751
2444,2019,BS,Not Applicable,Diesel,2004,ICE,Not Applicable,≥4,Statewide,751
2445,2019,T4,Unknown,Diesel,2007,ICE,Not Applicable,≥4,Statewide,750
2446,2019,T2,Unknown,Gasoline,1994,ICE,Not Applicable,1,Statewide,749
2447,2019,T7,8,Diesel,2013,ICE,Not Applicable,2,Statewide,748
2448,2019,P,Not Applicable,Diesel,2007,ICE,Not Applicable,≥4,Statewide,748
2449,2019,T5,3,Diesel,2008,ICE,Not Applicable,3,Statewide,747
2450,2019,T4,2,Gasoline,2017,ICE,Not Applicable,1,Statewide,742
2451,2019,T4,2,Gasoline,2018,ICE,Not Applicable,1,Statewide,758
2452,2019,T7,8,Diesel,1989,ICE,Not Applicable,≥4,Statewide,712
2453,2019,BS,Not Applicable,Diesel,2005,ICE,Not Applicable,≥4,Statewide,710
2454,2019,MH,Not Applicable,Gasoline,1997,ICE,Not Applicable,3,Statewide,709
2455,2019,T4,2,Gasoline,2017,ICE,Not Applicable,2,Statewide,679
2456,2019,T3,2,Gasoline,1988,ICE,Not Applicable,≥4,Statewide,679
2457,2019,T2,Unknown,Gasoline,1990,ICE,Not Applicable,≥4,Statewide,679
2458,2019,BT,Not Applicable,Diesel,2006,ICE,Not Applicable,≥4,Statewide,679
2459,2019,T6,4,Diesel,2001,ICE,Not Applicable,≥4,Statewide,677
2460,2019,P,Not Applicable,Diesel,1990,ICE,Not Applicable,2,Statewide,677
2461,2019,BT,Not Applicable,Natural Gas,2018,ICE,Not Applicable,≥4,Statewide,676
2462,2019,BT,Not Applicable,Natural Gas,2013,ICE,Not Applicable,≥4,Statewide,676
2463,2019,T3,Unknown,Gasoline,1997,ICE,Not Applicable,2,Statewide,676
2464,2019,T1,Unknown,Gasoline,1993,ICE,Not Applicable,3,Statewide,674
2465,2019,P,Not Applicable,Diesel,2011,ICE,Not Applicable,≥4,Statewide,680
2466,2019,T5,3,Diesel,2006,ICE,Not Applicable,2,Statewide,674
2467,2019,T7,8,Natural Gas,2018,ICE,Not Applicable,≥4,Statewide,671
2468,2019,T4,2,Gasoline,2019,ICE,Not Applicable,3,Statewide,671
2469,2019,T4,Unknown,Diesel,2005,ICE,Not Applicable,≥4,Statewide,671
2470,2019,T3,2,Gasoline,1983,ICE,Not Applicable,1,Statewide,669
2471,2019,T5,3,Gasoline,1995,ICE,Not Applicable,≥4,Statewide,668
2472,2019,P,Not Applicable,Diesel,2008,ICE,Not Applicable,2,Statewide,668
2473,2019,T6,6,Diesel,1999,ICE,Not Applicable,≥4,Statewide,666
2474,2019,T3,2,Gasoline,1990,ICE,Not Applicable,2,Statewide,665
2475,2019,T1,Unknown,Gasoline,1991,ICE,Not Applicable,3,Statewide,662
2476,2019,T4,2,Diesel,2003,ICE,Not Applicable,2,Statewide,662
2477,2019,T1,1,Gasoline,1987,ICE,Not Applicable,3,Statewide,673
2478,2019,T1,Unknown,Gasoline,1977,ICE,Not Applicable,≥4,Statewide,680
2479,2019,T2,Unknown,Gasoline,1977,ICE,Not Applicable,≥4,Statewide,680
2480,2019,T7,8,Diesel,1975,ICE,Not Applicable,≥4,Statewide,683
2481,2019,T4,2,Gasoline,1996,ICE,Not Applicable,1,Statewide,708
2482,2019,MC,Not Applicable,Gasoline,1975,ICE,Not Applicable,1,Statewide,708
2483,2019,T6,7,Diesel,1997,ICE,Not Applicable,≥4,Statewide,707
2484,2019,T5,3,Diesel,2007,ICE,Not Applicable,3,Statewide,706
2485,2019,P,Not Applicable,Diesel,1992,ICE,Not Applicable,≥4,Statewide,704
2486,2019,T5,3,Diesel,2000,ICE,Not Applicable,≥4,Statewide,703
2487,2019,T4,2,Gasoline,2017,ICE,Not Applicable,3,Statewide,702
2488,2019,T2,1,Gasoline,1976,ICE,Not Applicable,3,Statewide,702
2489,2019,T1,1,Gasoline,1978,ICE,Not Applicable,3,Statewide,702
2490,2019,T6,7,Diesel,1994,ICE,Not Applicable,≥4,Statewide,700
2491,2019,BS,Not Applicable,Diesel,2007,ICE,Not Applicable,≥4,Statewide,699
2492,2019,T5,3,Diesel,2009,ICE,Not Applicable,2,Statewide,697
2493,2019,B,Not Applicable,Gasoline,2009,ICE,Not Applicable,≥4,Statewide,696
2494,2019,T6,7,Diesel,1992,ICE,Not Applicable,≥4,Statewide,696
2495,2019,T4,2,Diesel,1999,ICE,Not Applicable,2,Statewide,695
2496,2019,T1,1,Gasoline,1980,ICE,Not Applicable,≥4,Statewide,692
2497,2019,MH,Not Applicable,Gasoline,2008,ICE,Not Applicable,2,Statewide,691
2498,2019,MC,Not Applicable,Gasoline,1986,ICE,Not Applicable,3,Statewide,690
2499,2019,T5,3,Diesel,2003,ICE,Not Applicable,≥4,Statewide,689
2500,2019,T2,Unknown,Diesel,2019,ICE,Not Applicable,3,Statewide,689
2501,2019,T3,Unknown,Diesel,2016,ICE,Not Applicable,3,Statewide,688
2502,2019,T4,2,Gasoline,2019,ICE,Not Applicable,1,Statewide,685
2503,2019,T2,1,Gasoline,1989,ICE,Not Applicable,3,Statewide,683
2504,2019,T5,3,Diesel,2012,ICE,Not Applicable,1,Statewide,779
2505,2019,T6,6,Gasoline,2004,ICE,Not Applicable,1,Statewide,20
2506,2019,MC,Not Applicable,Gasoline,1982,ICE,Not Applicable,3,Statewide,343
2507,2019,T7,8,Diesel,2004,ICE,Not Applicable,1,Statewide,343
2508,2019,T6,5,Diesel,2013,ICE,Not Applicable,3,Statewide,187
2509,2019,T6,4,Diesel,2002,ICE,Not Applicable,3,Statewide,187
2510,2019,T5,3,Diesel,2002,ICE,Not Applicable,1,Statewide,187
2511,2019,P,Not Applicable,Natural Gas,2015,ICE,Not Applicable,≥4,Statewide,186
2512,2019,BT,Not Applicable,Natural Gas,2008,ICE,Not Applicable,≥4,Statewide,186
2513,2019,T5,3,Gasoline,2019,ICE,Not Applicable,1,Statewide,186
2514,2019,T3,Unknown,Gasoline,1979,ICE,Not Applicable,3,Statewide,186
2515,2019,P,Not Applicable,Electric,2017,BEV,>150 miles,1,Statewide,186
2516,2019,T3,2,Diesel,2016,ICE,Not Applicable,3,Statewide,186
2517,2019,P,Not Applicable,Diesel,2004,ICE,Not Applicable,2,Statewide,186
2518,2019,MH,Not Applicable,Gasoline,1988,ICE,Not Applicable,2,Statewide,187
2519,2019,T6,6,Gasoline,2004,ICE,Not Applicable,≥4,Statewide,185
2520,2019,T3,2,Gasoline,1987,ICE,Not Applicable,3,Statewide,185
2521,2019,MC,Not Applicable,Gasoline,2021,ICE,Not Applicable,3,Statewide,185
2522,2019,T6,5,Diesel,2020,ICE,Not Applicable,2,Statewide,185
2523,2019,T6,5,Diesel,2013,ICE,Not Applicable,2,Statewide,185
2524,2019,P,Not Applicable,Diesel,2009,ICE,Not Applicable,3,Statewide,185
2525,2019,MH,Not Applicable,Diesel,2008,ICE,Not Applicable,2,Statewide,185
2526,2019,BT,Not Applicable,Diesel,2013,ICE,Not Applicable,≥4,Statewide,185
2527,2019,T6,6,Gasoline,1985,ICE,Not Applicable,≥4,Statewide,184
2528,2019,T1,Unknown,Gasoline,1987,ICE,Not Applicable,≥4,Statewide,184
2529,2019,T1,Unknown,Gasoline,1978,ICE,Not Applicable,1,Statewide,184
2530,2019,T4,2,Gasoline,1987,ICE,Not Applicable,3,Statewide,185
2531,2019,MH,Not Applicable,Gasoline,1984,ICE,Not Applicable,2,Statewide,184
2532,2019,MH,Not Applicable,Gasoline,2013,ICE,Not Applicable,1,Statewide,187
2533,2019,T6,6,Diesel,2003,ICE,Not Applicable,3,Statewide,188
2534,2019,T4,2,Gasoline,1979,ICE,Not Applicable,2,Statewide,193
2535,2019,T2,Unknown,Gasoline,1979,ICE,Not Applicable,2,Statewide,193
2536,2019,MH,Not Applicable,Gasoline,1976,ICE,Not Applicable,≥4,Statewide,193
2537,2019,BS,Not Applicable,Gasoline,1975,ICE,Not Applicable,1,Statewide,192
2538,2019,T1,Unknown,Electric,2007,BEV,Unknown,≥4,Statewide,192
2539,2019,T7,8,Diesel,2002,ICE,Not Applicable,2,Statewide,192
2540,2019,T6,6,Diesel,2003,ICE,Not Applicable,2,Statewide,192
2541,2019,T5,3,Diesel,2001,ICE,Not Applicable,1,Statewide,192
2542,2019,P,Not Applicable,Natural Gas,2017,ICE,Not Applicable,1,Statewide,191
2543,2019,MH,Not Applicable,Gasoline,1985,ICE,Not Applicable,≥4,Statewide,191
2544,2019,BT,Not Applicable,Diesel,1986,ICE,Not Applicable,≥4,Statewide,188
2545,2019,T6,4,Diesel,2002,ICE,Not Applicable,1,Statewide,191
2546,2019,T6,4,Diesel,2008,ICE,Not Applicable,2,Statewide,190
2547,2019,T6,6,Diesel,1990,ICE,Not Applicable,≥4,Statewide,190
2548,2019,T3,2,Diesel,1987,ICE,Not Applicable,≥4,Statewide,190
2549,2019,P,Not Applicable,Diesel,2006,ICE,Not Applicable,2,Statewide,190
2550,2019,T3,2,Natural Gas,2018,ICE,Not Applicable,≥4,Statewide,189
2551,2019,T2,1,Gasoline,1984,ICE,Not Applicable,1,Statewide,189
2552,2019,T6,5,Diesel,2020,ICE,Not Applicable,3,Statewide,189
2553,2019,B,Not Applicable,Diesel,2015,ICE,Not Applicable,≥4,Statewide,189
2554,2019,B,Not Applicable,Diesel,1998,ICE,Not Applicable,≥4,Statewide,189
2555,2019,T6,6,Diesel,2013,ICE,Not Applicable,3,Statewide,188
2556,2019,MH,Not Applicable,Diesel,2011,ICE,Not Applicable,1,Statewide,191
2557,2019,T4,2,Gasoline,1984,ICE,Not Applicable,2,Statewide,193
2558,2019,P,Not Applicable,Diesel,2009,ICE,Not Applicable,1,Statewide,184
2559,2019,BS,Not Applicable,Natural Gas,2017,ICE,Not Applicable,≥4,Statewide,183
2560,2019,MH,Not Applicable,Diesel,2010,ICE,Not Applicable,1,Statewide,178
2561,2019,T5,3,Gasoline,1999,ICE,Not Applicable,1,Statewide,177
2562,2019,T4,2,Gasoline,1983,ICE,Not Applicable,1,Statewide,177
2563,2019,T3,Unknown,Gasoline,1976,ICE,Not Applicable,≥4,Statewide,177
2564,2019,T1,1,Gasoline,1983,ICE,Not Applicable,1,Statewide,177
2565,2019,T6,5,Diesel,2017,ICE,Not Applicable,3,Statewide,177
2566,2019,T6,6,Diesel,1991,ICE,Not Applicable,≥4,Statewide,177
2567,2019,P,Not Applicable,Natural Gas,2010,ICE,Not Applicable,≥4,Statewide,176
2568,2019,T6,6,Gasoline,2018,ICE,Not Applicable,1,Statewide,176
2569,2019,T4,Unknown,Gasoline,1975,ICE,Not Applicable,2,Statewide,176
2570,2019,T6,6,Diesel,2008,ICE,Not Applicable,3,Statewide,178
2571,2019,MH,Not Applicable,Gasoline,1978,ICE,Not Applicable,1,Statewide,176
2572,2019,T3,2,Diesel,2011,ICE,Not Applicable,2,Statewide,176
2573,2019,T5,3,Gasoline,1999,ICE,Not Applicable,2,Statewide,175
2574,2019,P,Not Applicable,Electric,2013,BEV,Unknown,≥4,Statewide,175
2575,2019,T6,5,Diesel,2009,ICE,Not Applicable,1,Statewide,175
2576,2019,T6,5,Diesel,2008,ICE,Not Applicable,3,Statewide,175
2577,2019,T6,6,Gasoline,2006,ICE,Not Applicable,≥4,Statewide,174
2578,2019,T6,4,Gasoline,1993,ICE,Not Applicable,≥4,Statewide,174
2579,2019,T4,Unknown,Gasoline,2013,ICE,Not Applicable,≥4,Statewide,174
2580,2019,P,Not Applicable,Electric,2020,BEV,Unknown,1,Statewide,174
2581,2019,T5,3,Diesel,1995,ICE,Not Applicable,3,Statewide,174
2582,2019,T1,Unknown,Electric,2019,BEV,101 to 150 miles,3,Statewide,176
2583,2019,P,Not Applicable,Natural Gas,2016,ICE,Not Applicable,2,Statewide,183
2584,2019,T7,8,Diesel,2021,ICE,Not Applicable,1,Statewide,178
2585,2019,MH,Not Applicable,Gasoline,2017,ICE,Not Applicable,2,Statewide,178
2586,2019,T4,Unknown,Gasoline,1992,ICE,Not Applicable,≥4,Statewide,183
2587,2019,T2,1,Gasoline,1985,ICE,Not Applicable,1,Statewide,183
2588,2019,T2,Unknown,Gasoline,1977,ICE,Not Applicable,2,Statewide,183
2589,2019,P,Not Applicable,Gasoline,2016,PHEV,0 to 50 miles,1,Statewide,183
2590,2019,T1,Unknown,Electric,2018,BEV,101 to 150 miles,≥4,Statewide,183
2591,2019,P,Not Applicable,Electric,2017,BEV,Unknown,≥4,Statewide,183
2592,2019,P,Not Applicable,Diesel,2006,ICE,Not Applicable,3,Statewide,183
2593,2019,T6,6,Gasoline,2005,ICE,Not Applicable,≥4,Statewide,182
2594,2019,T2,1,Gasoline,1985,ICE,Not Applicable,2,Statewide,182
2595,2019,T1,Unknown,Gasoline,1983,ICE,Not Applicable,3,Statewide,182
2596,2019,BS,Not Applicable,Gasoline,2017,ICE,Not Applicable,≥4,Statewide,178
2597,2019,T6,6,Diesel,2007,ICE,Not Applicable,3,Statewide,182
2598,2019,T6,6,Diesel,2008,ICE,Not Applicable,1,Statewide,181
2599,2019,T4,2,Gasoline,1979,ICE,Not Applicable,3,Statewide,180
2600,2019,T3,2,Gasoline,1986,ICE,Not Applicable,3,Statewide,180
2601,2019,T6,5,Diesel,2010,ICE,Not Applicable,2,Statewide,180
2602,2019,T6,7,Gasoline,1985,ICE,Not Applicable,≥4,Statewide,179
2603,2019,T4,2,Gasoline,1985,ICE,Not Applicable,2,Statewide,179
2604,2019,T4,2,Gasoline,1979,ICE,Not Applicable,1,Statewide,179
2605,2019,T2,Unknown,Gasoline,1986,ICE,Not Applicable,≥4,Statewide,179
2606,2019,T2,Unknown,Gasoline,1978,ICE,Not Applicable,2,Statewide,179
2607,2019,T6,5,Diesel,2009,ICE,Not Applicable,2,Statewide,179
2608,2019,BT,Not Applicable,Gasoline,2011,ICE,Not Applicable,≥4,Statewide,181
2609,2019,P,Not Applicable,Natural Gas,2007,ICE,Not Applicable,1,Statewide,193
2610,2019,BS,Not Applicable,Diesel,1997,ICE,Not Applicable,≥4,Statewide,194
2611,2019,MH,Not Applicable,Gasoline,1978,ICE,Not Applicable,2,Statewide,194
2612,2019,T7,8,Diesel,2007,ICE,Not Applicable,3,Statewide,210
2613,2019,T5,3,Diesel,2000,ICE,Not Applicable,3,Statewide,210
2614,2019,P,Not Applicable,Natural Gas,2016,ICE,Not Applicable,3,Statewide,209
2615,2019,T5,3,Gasoline,1999,ICE,Not Applicable,3,Statewide,209
2616,2019,T7,8,Diesel,2021,ICE,Not Applicable,2,Statewide,209
2617,2019,BS,Not Applicable,Diesel,2021,ICE,Not Applicable,≥4,Statewide,209
2618,2019,T3,2,Natural Gas,2008,ICE,Not Applicable,≥4,Statewide,208
2619,2019,T6,6,Gasoline,1986,ICE,Not Applicable,≥4,Statewide,208
2620,2019,T2,Unknown,Gasoline,1987,ICE,Not Applicable,≥4,Statewide,208
2621,2019,P,Not Applicable,Natural Gas,2008,ICE,Not Applicable,≥4,Statewide,207
2622,2019,P,Not Applicable,Electric,2015,BEV,Unknown,≥4,Statewide,210
2623,2019,T6,6,Gasoline,1997,ICE,Not Applicable,≥4,Statewide,207
2624,2019,T4,2,Gasoline,1986,ICE,Not Applicable,3,Statewide,207
2625,2019,T4,2,Gasoline,1985,ICE,Not Applicable,3,Statewide,207
2626,2019,T2,1,Gasoline,1982,ICE,Not Applicable,3,Statewide,207
2627,2019,T1,1,Gasoline,1985,ICE,Not Applicable,1,Statewide,207
2628,2019,T5,3,Diesel,2014,ICE,Not Applicable,1,Statewide,207
2629,2019,P,Not Applicable,Diesel,2003,ICE,Not Applicable,2,Statewide,207
2630,2019,P,Not Applicable,Natural Gas,2019,ICE,Not Applicable,≥4,Statewide,206
2631,2019,T6,6,Gasoline,2021,ICE,Not Applicable,≥4,Statewide,206
2632,2019,T2,1,Gasoline,1986,ICE,Not Applicable,1,Statewide,206
2633,2019,T3,Unknown,Electric,2007,BEV,Unknown,≥4,Statewide,206
2634,2019,T5,3,Gasoline,2012,ICE,Not Applicable,3,Statewide,207
2635,2019,T6,5,Diesel,2012,ICE,Not Applicable,2,Statewide,206
2636,2019,T2,Unknown,Gasoline,1977,ICE,Not Applicable,3,Statewide,210
2637,2019,MH,Not Applicable,Diesel,2003,ICE,Not Applicable,3,Statewide,211
2638,2019,BT,Not Applicable,Gasoline,2015,ICE,Not Applicable,≥4,Statewide,217
2639,2019,T7,8,Diesel,1983,ICE,Not Applicable,≥4,Statewide,217
2640,2019,T4,2,Diesel,1990,ICE,Not Applicable,1,Statewide,217
2641,2019,T7,8,Natural Gas,2012,ICE,Not Applicable,≥4,Statewide,216
2642,2019,T7,8,Diesel,2002,ICE,Not Applicable,3,Statewide,216
2643,2019,T4,Unknown,Diesel,2009,ICE,Not Applicable,2,Statewide,216
2644,2019,T6,6,Gasoline,1995,ICE,Not Applicable,≥4,Statewide,215
2645,2019,T3,Unknown,Gasoline,1988,ICE,Not Applicable,≥4,Statewide,215
2646,2019,T6,4,Diesel,1996,ICE,Not Applicable,≥4,Statewide,215
2647,2019,BT,Not Applicable,Natural Gas,2011,ICE,Not Applicable,≥4,Statewide,214
2648,2019,BS,Not Applicable,Natural Gas,2019,ICE,Not Applicable,≥4,Statewide,210
2649,2019,T4,2,Gasoline,2021,ICE,Not Applicable,≥4,Statewide,214
2650,2019,T7,8,Diesel,2008,ICE,Not Applicable,3,Statewide,213
2651,2019,T2,1,Gasoline,1983,ICE,Not Applicable,1,Statewide,212
2652,2019,MH,Not Applicable,Gasoline,1987,ICE,Not Applicable,3,Statewide,212
2653,2019,T7,8,Diesel,2007,ICE,Not Applicable,1,Statewide,212
2654,2019,T7,8,Diesel,2006,ICE,Not Applicable,2,Statewide,212
2655,2019,T6,5,Diesel,2010,ICE,Not Applicable,1,Statewide,212
2656,2019,MH,Not Applicable,Diesel,2009,ICE,Not Applicable,2,Statewide,212
2657,2019,T6,4,Gasoline,2005,ICE,Not Applicable,1,Statewide,211
2658,2019,MC,Not Applicable,Gasoline,1978,ICE,Not Applicable,1,Statewide,211
2659,2019,T4,2,Diesel,1989,ICE,Not Applicable,1,Statewide,211
2660,2019,T6,6,Diesel,2013,ICE,Not Applicable,1,Statewide,214
2661,2019,T1,Unknown,Gasoline,1979,ICE,Not Applicable,2,Statewide,205
2662,2019,MH,Not Applicable,Gasoline,2019,ICE,Not Applicable,1,Statewide,205
2663,2019,T6,5,Diesel,2019,ICE,Not Applicable,3,Statewide,205
2664,2019,T4,2,Diesel,1993,ICE,Not Applicable,2,Statewide,199
2665,2019,T6,5,Gasoline,1975,ICE,Not Applicable,1,Statewide,198
2666,2019,T6,4,Diesel,2007,ICE,Not Applicable,3,Statewide,198
2667,2019,BT,Not Applicable,Diesel,1988,ICE,Not Applicable,≥4,Statewide,198
2668,2019,B,Not Applicable,Diesel,2010,ICE,Not Applicable,≥4,Statewide,198
2669,2019,T6,5,Gasoline,2006,ICE,Not Applicable,≥4,Statewide,197
2670,2019,T2,Unknown,Gasoline,1976,ICE,Not Applicable,1,Statewide,197
2671,2019,P,Not Applicable,Gasoline,2021,PHEV,0 to 50 miles,3,Statewide,197
2672,2019,MC,Not Applicable,Gasoline,1977,ICE,Not Applicable,1,Statewide,197
2673,2019,T7,8,Diesel,2001,ICE,Not Applicable,2,Statewide,197
2674,2019,T5,3,Diesel,2003,ICE,Not Applicable,2,Statewide,199
2675,2019,T3,2,Diesel,2012,ICE,Not Applicable,3,Statewide,197
2676,2019,T6,6,Gasoline,1990,ICE,Not Applicable,≥4,Statewide,196
2677,2019,T4,2,Gasoline,1983,ICE,Not Applicable,3,Statewide,196
2678,2019,P,Not Applicable,Natural Gas,2006,ICE,Not Applicable,≥4,Statewide,195
2679,2019,T1,1,Gasoline,1981,ICE,Not Applicable,3,Statewide,195
2680,2019,T2,Unknown,Diesel,2018,ICE,Not Applicable,1,Statewide,195
2681,2019,B,Not Applicable,Diesel,2009,ICE,Not Applicable,≥4,Statewide,195
2682,2019,T4,2,Gasoline,1986,ICE,Not Applicable,2,Statewide,194
2683,2019,T1,1,Gasoline,1980,ICE,Not Applicable,2,Statewide,194
2684,2019,T1,Unknown,Gasoline,1977,ICE,Not Applicable,2,Statewide,194
2685,2019,MH,Not Applicable,Gasoline,1982,ICE,Not Applicable,1,Statewide,194
2686,2019,T6,6,Gasoline,1991,ICE,Not Applicable,≥4,Statewide,196
2687,2019,P,Not Applicable,Electric,2018,BEV,Unknown,1,Statewide,199
2688,2019,T1,Unknown,Gasoline,1979,ICE,Not Applicable,1,Statewide,199
2689,2019,T1,1,Gasoline,1984,ICE,Not Applicable,1,Statewide,199
2690,2019,T1,Unknown,Electric,2018,BEV,101 to 150 miles,2,Statewide,204
2691,2019,T3,Unknown,Diesel,2014,ICE,Not Applicable,3,Statewide,204
2692,2019,BT,Not Applicable,Natural Gas,2005,ICE,Not Applicable,≥4,Statewide,203
2693,2019,T6,5,Gasoline,2004,ICE,Not Applicable,≥4,Statewide,203
2694,2019,T3,Unknown,Gasoline,1992,ICE,Not Applicable,1,Statewide,203
2695,2019,P,Not Applicable,Gasoline,2021,PHEV,0 to 50 miles,2,Statewide,203
2696,2019,MH,Not Applicable,Gasoline,1981,ICE,Not Applicable,3,Statewide,203
2697,2019,T6,5,Diesel,2010,ICE,Not Applicable,3,Statewide,203
2698,2019,T5,3,Gasoline,2020,ICE,Not Applicable,1,Statewide,202
2699,2019,T4,Unknown,Gasoline,2000,ICE,Not Applicable,3,Statewide,202
2700,2019,T3,Unknown,Gasoline,1977,ICE,Not Applicable,≥4,Statewide,202
2701,2019,T1,Unknown,Gasoline,1986,ICE,Not Applicable,≥4,Statewide,202
2702,2019,T6,4,Diesel,2007,ICE,Not Applicable,1,Statewide,202
2703,2019,P,Not Applicable,Diesel,2004,ICE,Not Applicable,3,Statewide,202
2704,2019,MH,Not Applicable,Gasoline,2016,ICE,Not Applicable,2,Statewide,201
2705,2019,T6,5,Diesel,2009,ICE,Not Applicable,3,Statewide,201
2706,2019,T5,3,Diesel,2015,ICE,Not Applicable,1,Statewide,201
2707,2019,T6,6,Gasoline,2003,ICE,Not Applicable,≥4,Statewide,200
2708,2019,T4,2,Diesel,1993,ICE,Not Applicable,3,Statewide,200
2709,2019,T1,1,Diesel,1987,ICE,Not Applicable,≥4,Statewide,200
2710,2019,T4,2,Gasoline,1980,ICE,Not Applicable,3,Statewide,199
2711,2019,T3,2,Gasoline,1987,ICE,Not Applicable,2,Statewide,199
2712,2019,T3,Unknown,Gasoline,1981,ICE,Not Applicable,≥4,Statewide,199
2713,2019,MH,Not Applicable,Diesel,2020,ICE,Not Applicable,2,Statewide,174
2714,2019,MC,Not Applicable,Gasoline,1980,ICE,Not Applicable,1,Statewide,217
2715,2019,T6,4,Gasoline,2004,ICE,Not Applicable,1,Statewide,173
2716,2019,T6,4,Diesel,2008,ICE,Not Applicable,3,Statewide,173
2717,2019,T5,3,Gasoline,1989,ICE,Not Applicable,≥4,Statewide,149
2718,2019,T4,2,Gasoline,1982,ICE,Not Applicable,2,Statewide,149
2719,2019,T1,Unknown,Gasoline,1984,ICE,Not Applicable,2,Statewide,149
2720,2019,T6,5,Diesel,2019,ICE,Not Applicable,2,Statewide,149
2721,2019,T6,6,Diesel,2000,ICE,Not Applicable,1,Statewide,149
2722,2019,T1,1,Diesel,1988,ICE,Not Applicable,≥4,Statewide,149
2723,2019,P,Not Applicable,Diesel,2004,ICE,Not Applicable,1,Statewide,149
2724,2019,T6,6,Natural Gas,2014,ICE,Not Applicable,≥4,Statewide,148
2725,2019,P,Not Applicable,Natural Gas,2005,ICE,Not Applicable,≥4,Statewide,148
2726,2019,T5,3,Gasoline,2019,ICE,Not Applicable,3,Statewide,148
2727,2019,T5,3,Gasoline,2020,ICE,Not Applicable,3,Statewide,149
2728,2019,T4,Unknown,Gasoline,2000,ICE,Not Applicable,1,Statewide,148
2729,2019,T1,Unknown,Electric,2018,BEV,101 to 150 miles,3,Statewide,148
2730,2019,T7,8,Diesel,1998,ICE,Not Applicable,1,Statewide,148
2731,2019,T6,5,Diesel,2008,ICE,Not Applicable,1,Statewide,148
2732,2019,T6,5,Diesel,2006,ICE,Not Applicable,2,Statewide,148
2733,2019,T6,7,Diesel,1984,ICE,Not Applicable,≥4,Statewide,148
2734,2019,T5,3,Diesel,1998,ICE,Not Applicable,2,Statewide,148
2735,2019,T3,Unknown,Gasoline,1985,ICE,Not Applicable,≥4,Statewide,147
2736,2019,T1,Unknown,Gasoline,1988,ICE,Not Applicable,≥4,Statewide,147
2737,2019,MH,Not Applicable,Gasoline,1981,ICE,Not Applicable,2,Statewide,147
2738,2019,T5,3,Diesel,2003,ICE,Not Applicable,1,Statewide,147
2739,2019,BS,Not Applicable,Gasoline,2009,ICE,Not Applicable,≥4,Statewide,148
2740,2019,MH,Not Applicable,Diesel,2000,ICE,Not Applicable,3,Statewide,147
2741,2019,MH,Not Applicable,Diesel,2009,ICE,Not Applicable,1,Statewide,150
2742,2019,T7,8,Diesel,1981,ICE,Not Applicable,1,Statewide,150
2743,2019,T6,4,Diesel,2002,ICE,Not Applicable,2,Statewide,155
2744,2019,T4,2,Diesel,1988,ICE,Not Applicable,2,Statewide,155
2745,2019,T3,Unknown,Diesel,2014,ICE,Not Applicable,1,Statewide,155
2746,2019,B,Not Applicable,Diesel,2001,ICE,Not Applicable,≥4,Statewide,155
2747,2019,MH,Not Applicable,Gasoline,1980,ICE,Not Applicable,2,Statewide,154
2748,2019,T6,5,Diesel,2006,ICE,Not Applicable,1,Statewide,154
2749,2019,T5,3,Diesel,1999,ICE,Not Applicable,1,Statewide,154
2750,2019,T4,2,Diesel,2021,ICE,Not Applicable,≥4,Statewide,154
2751,2019,T3,2,Diesel,2012,ICE,Not Applicable,1,Statewide,154
2752,2019,P,Not Applicable,Diesel,2003,ICE,Not Applicable,1,Statewide,153
2753,2019,T5,3,Diesel,1998,ICE,Not Applicable,3,Statewide,150
2754,2019,T6,6,Gasoline,2016,ICE,Not Applicable,≥4,Statewide,152
2755,2019,T4,2,Gasoline,1985,ICE,Not Applicable,1,Statewide,152
2756,2019,T4,2,Gasoline,1982,ICE,Not Applicable,3,Statewide,152
2757,2019,T6,5,Diesel,2006,ICE,Not Applicable,3,Statewide,152
2758,2019,T5,3,Diesel,2000,ICE,Not Applicable,2,Statewide,152
2759,2019,P,Not Applicable,Diesel,2005,ICE,Not Applicable,3,Statewide,152
2760,2019,MH,Not Applicable,Diesel,2002,ICE,Not Applicable,3,Statewide,152
2761,2019,BT,Not Applicable,Diesel,1978,ICE,Not Applicable,1,Statewide,152
2762,2019,T6,7,Gasoline,1975,ICE,Not Applicable,≥4,Statewide,150
2763,2019,MH,Not Applicable,Gasoline,1987,ICE,Not Applicable,2,Statewide,150
2764,2019,B,Not Applicable,Gasoline,2002,ICE,Not Applicable,≥4,Statewide,150
2765,2019,T6,6,Gasoline,2013,ICE,Not Applicable,≥4,Statewide,152
2766,2019,T1,1,Gasoline,1981,ICE,Not Applicable,1,Statewide,155
2767,2019,T7,8,Natural Gas,2007,ICE,Not Applicable,≥4,Statewide,146
2768,2019,MH,Not Applicable,Gasoline,1980,ICE,Not Applicable,1,Statewide,146
2769,2019,T5,3,Diesel,1999,ICE,Not Applicable,2,Statewide,142
2770,2019,P,Not Applicable,Diesel,1996,ICE,Not Applicable,≥4,Statewide,142
2771,2019,B,Not Applicable,Gasoline,2009,ICE,Not Applicable,3,Statewide,141
2772,2019,T7,8,Diesel,2007,ICE,Not Applicable,2,Statewide,141
2773,2019,T4,Unknown,Diesel,2017,ICE,Not Applicable,≥4,Statewide,141
2774,2019,MH,Not Applicable,Diesel,2013,ICE,Not Applicable,1,Statewide,141
2775,2019,T6,6,Gasoline,1977,ICE,Not Applicable,1,Statewide,140
2776,2019,T3,2,Gasoline,1987,ICE,Not Applicable,1,Statewide,140
2777,2019,MC,Not Applicable,Gasoline,2021,ICE,Not Applicable,1,Statewide,140
2778,2019,T7,8,Diesel,1981,ICE,Not Applicable,≥4,Statewide,140
2779,2019,T7,8,Diesel,1994,ICE,Not Applicable,1,Statewide,142
2780,2019,T6,7,Diesel,2012,ICE,Not Applicable,1,Statewide,140
2781,2019,T4,Unknown,Diesel,2006,ICE,Not Applicable,1,Statewide,140
2782,2019,P,Not Applicable,Diesel,2021,ICE,Not Applicable,≥4,Statewide,140
2783,2019,T6,7,Gasoline,1990,ICE,Not Applicable,≥4,Statewide,139
2784,2019,MH,Not Applicable,Gasoline,2014,ICE,Not Applicable,2,Statewide,139
2785,2019,MH,Not Applicable,Gasoline,1986,ICE,Not Applicable,3,Statewide,139
2786,2019,T6,5,Diesel,2017,ICE,Not Applicable,2,Statewide,139
2787,2019,T6,4,Diesel,1993,ICE,Not Applicable,≥4,Statewide,139
2788,2019,T3,Unknown,Gasoline,1990,ICE,Not Applicable,3,Statewide,138
2789,2019,T1,Unknown,Gasoline,1989,ICE,Not Applicable,2,Statewide,138
2790,2019,T6,5,Diesel,2005,ICE,Not Applicable,2,Statewide,138
2791,2019,T6,7,Diesel,2005,ICE,Not Applicable,3,Statewide,140
2792,2019,T3,2,Gasoline,1986,ICE,Not Applicable,2,Statewide,146
2793,2019,T4,2,Gasoline,1988,ICE,Not Applicable,1,Statewide,142
2794,2019,MH,Not Applicable,Diesel,1999,ICE,Not Applicable,3,Statewide,143
2795,2019,T5,3,Diesel,1995,ICE,Not Applicable,1,Statewide,146
2796,2019,MH,Not Applicable,Diesel,2006,ICE,Not Applicable,2,Statewide,146
2797,2019,T6,6,Gasoline,1989,ICE,Not Applicable,≥4,Statewide,145
2798,2019,T2,Unknown,Gasoline,1988,ICE,Not Applicable,3,Statewide,145
2799,2019,T7,8,Diesel,1978,ICE,Not Applicable,≥4,Statewide,145
2800,2019,T6,6,Diesel,2002,ICE,Not Applicable,3,Statewide,145
2801,2019,T3,2,Diesel,2013,ICE,Not Applicable,3,Statewide,145
2802,2019,T2,1,Diesel,2021,ICE,Not Applicable,≥4,Statewide,145
2803,2019,T6,4,Gasoline,2004,ICE,Not Applicable,3,Statewide,144
2804,2019,T4,Unknown,Gasoline,1999,ICE,Not Applicable,3,Statewide,144
2805,2019,T6,4,Gasoline,2006,ICE,Not Applicable,3,Statewide,142
2806,2019,T1,Unknown,Gasoline,1989,ICE,Not Applicable,3,Statewide,144
2807,2019,T7,8,Diesel,1982,ICE,Not Applicable,≥4,Statewide,144
2808,2019,T7,8,Diesel,1977,ICE,Not Applicable,≥4,Statewide,144
2809,2019,T6,5,Diesel,2008,ICE,Not Applicable,2,Statewide,144
2810,2019,T6,7,Diesel,2000,ICE,Not Applicable,1,Statewide,144
2811,2019,T4,Unknown,Diesel,2009,ICE,Not Applicable,1,Statewide,144
2812,2019,T4,Unknown,Gasoline,1998,ICE,Not Applicable,3,Statewide,143
2813,2019,MC,Not Applicable,Gasoline,1976,ICE,Not Applicable,1,Statewide,143
2814,2019,T6,7,Diesel,2004,ICE,Not Applicable,1,Statewide,143
2815,2019,T6,6,Diesel,1989,ICE,Not Applicable,≥4,Statewide,143
2816,2019,P,Not Applicable,Diesel,2005,ICE,Not Applicable,2,Statewide,143
2817,2019,MH,Not Applicable,Gasoline,1977,ICE,Not Applicable,3,Statewide,144
2818,2019,T4,Unknown,Gasoline,1999,ICE,Not Applicable,1,Statewide,155
2819,2019,T5,3,Diesel,2021,ICE,Not Applicable,≥4,Statewide,156
2820,2019,T6,5,Diesel,2005,ICE,Not Applicable,3,Statewide,156
2821,2019,T4,2,Gasoline,1987,ICE,Not Applicable,2,Statewide,167
2822,2019,T4,2,Gasoline,1983,ICE,Not Applicable,2,Statewide,167
2823,2019,T1,1,Gasoline,1980,ICE,Not Applicable,1,Statewide,167
2824,2019,MH,Not Applicable,Gasoline,1975,ICE,Not Applicable,1,Statewide,167
2825,2019,MC,Not Applicable,Gasoline,2021,ICE,Not Applicable,2,Statewide,167
2826,2019,T6,6,Diesel,2002,ICE,Not Applicable,1,Statewide,167
2827,2019,MH,Not Applicable,Diesel,1996,ICE,Not Applicable,≥4,Statewide,167
2828,2019,T6,5,Gasoline,2005,ICE,Not Applicable,≥4,Statewide,166
2829,2019,T7,8,Diesel,2009,ICE,Not Applicable,3,Statewide,166
2830,2019,MH,Not Applicable,Diesel,2007,ICE,Not Applicable,2,Statewide,166
2831,2019,T4,Unknown,Gasoline,2000,ICE,Not Applicable,2,Statewide,167
2832,2019,BT,Not Applicable,Natural Gas,2015,ICE,Not Applicable,≥4,Statewide,165
2833,2019,T6,6,Gasoline,2014,ICE,Not Applicable,≥4,Statewide,165
2834,2019,T6,4,Gasoline,2006,ICE,Not Applicable,1,Statewide,165
2835,2019,MH,Not Applicable,Gasoline,1988,ICE,Not Applicable,1,Statewide,165
2836,2019,T7,8,Diesel,2008,ICE,Not Applicable,2,Statewide,165
2837,2019,T5,3,Diesel,1999,ICE,Not Applicable,3,Statewide,165
2838,2019,T3,2,Diesel,2011,ICE,Not Applicable,3,Statewide,165
2839,2019,P,Not Applicable,Diesel,2006,ICE,Not Applicable,1,Statewide,165
2840,2019,BT,Not Applicable,Diesel,2004,ICE,Not Applicable,≥4,Statewide,165
2841,2019,T5,3,Gasoline,2017,ICE,Not Applicable,1,Statewide,164
2842,2019,T4,2,Gasoline,1988,ICE,Not Applicable,2,Statewide,164
2843,2019,T6,5,Gasoline,2021,ICE,Not Applicable,≥4,Statewide,165
2844,2019,T1,1,Gasoline,1982,ICE,Not Applicable,2,Statewide,164
2845,2019,T5,3,Gasoline,2018,ICE,Not Applicable,1,Statewide,167
2846,2019,T6,5,Diesel,2005,ICE,Not Applicable,1,Statewide,168
2847,2019,BT,Not Applicable,Diesel,1996,ICE,Not Applicable,≥4,Statewide,173
2848,2019,T7,8,Natural Gas,2021,ICE,Not Applicable,≥4,Statewide,172
2849,2019,T7,8,Natural Gas,2009,ICE,Not Applicable,≥4,Statewide,172
2850,2019,T6,4,Gasoline,2005,ICE,Not Applicable,2,Statewide,172
2851,2019,MH,Not Applicable,Gasoline,1984,ICE,Not Applicable,1,Statewide,172
2852,2019,MC,Not Applicable,Gasoline,1981,ICE,Not Applicable,1,Statewide,172
2853,2019,T7,8,Diesel,2009,ICE,Not Applicable,1,Statewide,172
2854,2019,BT,Not Applicable,Natural Gas,2000,ICE,Not Applicable,≥4,Statewide,171
2855,2019,T6,6,Gasoline,2001,ICE,Not Applicable,≥4,Statewide,171
2856,2019,T6,7,Diesel,2005,ICE,Not Applicable,1,Statewide,171
2857,2019,BT,Not Applicable,Diesel,2012,ICE,Not Applicable,≥4,Statewide,168
2858,2019,P,Not Applicable,Diesel,2003,ICE,Not Applicable,3,Statewide,171
2859,2019,T4,2,Gasoline,1986,ICE,Not Applicable,1,Statewide,170
2860,2019,T2,1,Gasoline,1982,ICE,Not Applicable,2,Statewide,170
2861,2019,T6,4,Diesel,2021,ICE,Not Applicable,≥4,Statewide,170
2862,2019,T6,4,Gasoline,2005,ICE,Not Applicable,3,Statewide,169
2863,2019,T4,Unknown,Gasoline,1990,ICE,Not Applicable,≥4,Statewide,169
2864,2019,T6,6,Diesel,2020,ICE,Not Applicable,1,Statewide,169
2865,2019,T4,Unknown,Diesel,2010,ICE,Not Applicable,1,Statewide,169
2866,2019,BT,Not Applicable,Diesel,1985,ICE,Not Applicable,≥4,Statewide,169
2867,2019,T5,3,Gasoline,2001,ICE,Not Applicable,2,Statewide,168
2868,2019,T3,Unknown,Gasoline,1991,ICE,Not Applicable,1,Statewide,168
2869,2019,T5,3,Gasoline,2001,ICE,Not Applicable,1,Statewide,170
2870,2019,T6,6,Diesel,2008,ICE,Not Applicable,2,Statewide,164
2871,2019,MH,Not Applicable,Diesel,2021,ICE,Not Applicable,≥4,Statewide,164
2872,2019,BT,Not Applicable,Natural Gas,2019,ICE,Not Applicable,≥4,Statewide,163
2873,2019,T4,2,Gasoline,1980,ICE,Not Applicable,2,Statewide,158
2874,2019,T1,1,Gasoline,1981,ICE,Not Applicable,2,Statewide,158
2875,2019,P,Not Applicable,Electric,2019,BEV,Unknown,2,Statewide,158
2876,2019,T4,Unknown,Diesel,2019,ICE,Not Applicable,≥4,Statewide,158
2877,2019,T4,Unknown,Diesel,2008,ICE,Not Applicable,1,Statewide,158
2878,2019,T4,2,Diesel,1988,ICE,Not Applicable,3,Statewide,158
2879,2019,MH,Not Applicable,Diesel,2012,ICE,Not Applicable,1,Statewide,158
2880,2019,T6,4,Gasoline,2004,ICE,Not Applicable,2,Statewide,157
2881,2019,T3,Unknown,Gasoline,1980,ICE,Not Applicable,3,Statewide,157
2882,2019,T7,8,Diesel,2009,ICE,Not Applicable,2,Statewide,157
2883,2019,MH,Not Applicable,Diesel,2014,ICE,Not Applicable,3,Statewide,159
2884,2019,T7,8,Diesel,1977,ICE,Not Applicable,1,Statewide,157
2885,2019,T6,6,Diesel,2007,ICE,Not Applicable,2,Statewide,157
2886,2019,T4,2,Diesel,1992,ICE,Not Applicable,1,Statewide,157
2887,2019,BT,Not Applicable,Diesel,2011,ICE,Not Applicable,≥4,Statewide,157
2888,2019,T6,6,Gasoline,2007,ICE,Not Applicable,≥4,Statewide,156
2889,2019,T6,6,Gasoline,1992,ICE,Not Applicable,≥4,Statewide,156
2890,2019,T4,Unknown,Gasoline,1991,ICE,Not Applicable,≥4,Statewide,156
2891,2019,T4,2,Gasoline,1984,ICE,Not Applicable,1,Statewide,156
2892,2019,T2,Unknown,Gasoline,1985,ICE,Not Applicable,≥4,Statewide,156
2893,2019,T1,Unknown,Gasoline,1983,ICE,Not Applicable,2,Statewide,156
2894,2019,P,Not Applicable,Electric,2019,BEV,Unknown,1,Statewide,156
2895,2019,T6,4,Diesel,2007,ICE,Not Applicable,2,Statewide,157
2896,2019,T4,Unknown,Diesel,2007,ICE,Not Applicable,1,Statewide,159
2897,2019,T6,5,Diesel,2016,ICE,Not Applicable,1,Statewide,159
2898,2019,T6,5,Diesel,2018,ICE,Not Applicable,1,Statewide,159
2899,2019,T1,Unknown,Gasoline,1976,ICE,Not Applicable,1,Statewide,163
2900,2019,T7,8,Diesel,1980,ICE,Not Applicable,≥4,Statewide,163
2901,2019,MH,Not Applicable,Diesel,2005,ICE,Not Applicable,2,Statewide,163
2902,2019,T3,2,Natural Gas,2006,ICE,Not Applicable,≥4,Statewide,162
2903,2019,BS,Not Applicable,Natural Gas,2007,ICE,Not Applicable,≥4,Statewide,162
2904,2019,T6,5,Gasoline,2007,ICE,Not Applicable,≥4,Statewide,162
2905,2019,T6,6,Gasoline,1996,ICE,Not Applicable,≥4,Statewide,162
2906,2019,T5,3,Gasoline,2020,ICE,Not Applicable,2,Statewide,162
2907,2019,MH,Not Applicable,Gasoline,1980,ICE,Not Applicable,3,Statewide,162
2908,2019,T6,6,Diesel,2013,ICE,Not Applicable,2,Statewide,162
2909,2019,T4,Unknown,Diesel,2011,ICE,Not Applicable,≥4,Statewide,162
2910,2019,T3,2,Diesel,1988,ICE,Not Applicable,≥4,Statewide,162
2911,2019,MH,Not Applicable,Diesel,2004,ICE,Not Applicable,2,Statewide,162
2912,2019,T6,7,Gasoline,2014,ICE,Not Applicable,≥4,Statewide,161
2913,2019,MC,Not Applicable,Gasoline,1982,ICE,Not Applicable,1,Statewide,161
2914,2019,P,Not Applicable,Electric,2020,BEV,Unknown,2,Statewide,161
2915,2019,MH,Not Applicable,Diesel,2016,ICE,Not Applicable,3,Statewide,161
2916,2019,P,Not Applicable,Natural Gas,2007,ICE,Not Applicable,2,Statewide,159
2917,2019,T5,3,Gasoline,2016,ICE,Not Applicable,1,Statewide,159
2918,2019,T4,2,Gasoline,1980,ICE,Not Applicable,1,Statewide,159
2919,2019,T1,Unknown,Gasoline,1984,ICE,Not Applicable,3,Statewide,159
2920,2019,B,Not Applicable,Gasoline,2009,ICE,Not Applicable,1,Statewide,159
2921,2019,T7,8,Diesel,1999,ICE,Not Applicable,3,Statewide,159
2922,2019,T5,3,Gasoline,2018,ICE,Not Applicable,3,Statewide,173
2923,2019,T7,8,Diesel,2005,ICE,Not Applicable,2,Statewide,343
2924,2019,T1,Unknown,Gasoline,1997,ICE,Not Applicable,1,Statewide,217
2925,2019,T5,3,Diesel,2003,ICE,Not Applicable,3,Statewide,218
2926,2019,MC,Not Applicable,Gasoline,1983,ICE,Not Applicable,1,Statewide,298
2927,2019,B,Not Applicable,Diesel,2012,ICE,Not Applicable,≥4,Statewide,298
2928,2019,T1,1,Gasoline,1986,ICE,Not Applicable,1,Statewide,297
2929,2019,T7,8,Diesel,2011,ICE,Not Applicable,2,Statewide,297
2930,2019,T4,Unknown,Diesel,2006,ICE,Not Applicable,3,Statewide,296
2931,2019,T3,Unknown,Diesel,2020,ICE,Not Applicable,3,Statewide,296
2932,2019,MH,Not Applicable,Diesel,2006,ICE,Not Applicable,3,Statewide,296
2933,2019,T2,1,Gasoline,1984,ICE,Not Applicable,2,Statewide,295
2934,2019,T6,6,Diesel,2006,ICE,Not Applicable,1,Statewide,295
2935,2019,T6,6,Diesel,2004,ICE,Not Applicable,1,Statewide,294
2936,2019,T2,1,Gasoline,1983,ICE,Not Applicable,2,Statewide,298
2937,2019,T4,2,Diesel,1991,ICE,Not Applicable,1,Statewide,294
2938,2019,T4,Unknown,Gasoline,2004,ICE,Not Applicable,1,Statewide,293
2939,2019,T7,8,Diesel,2010,ICE,Not Applicable,3,Statewide,293
2940,2019,T3,Unknown,Diesel,2015,ICE,Not Applicable,1,Statewide,293
2941,2019,MH,Not Applicable,Diesel,2015,ICE,Not Applicable,≥4,Statewide,293
2942,2019,MH,Not Applicable,Diesel,1997,ICE,Not Applicable,≥4,Statewide,293
2943,2019,T2,Unknown,Gasoline,1988,ICE,Not Applicable,≥4,Statewide,292
2944,2019,MH,Not Applicable,Gasoline,2008,ICE,Not Applicable,1,Statewide,292
2945,2019,MH,Not Applicable,Gasoline,1975,ICE,Not Applicable,2,Statewide,292
2946,2019,T7,8,Diesel,2018,ICE,Not Applicable,3,Statewide,292
2947,2019,T6,5,Gasoline,2012,ICE,Not Applicable,≥4,Statewide,291
2948,2019,B,Not Applicable,Diesel,2014,ICE,Not Applicable,≥4,Statewide,294
2949,2019,T7,8,Diesel,2012,ICE,Not Applicable,2,Statewide,291
2950,2019,T3,2,Gasoline,1985,ICE,Not Applicable,3,Statewide,298
2951,2019,T4,Unknown,Gasoline,2003,ICE,Not Applicable,2,Statewide,298
2952,2019,T2,1,Gasoline,1987,ICE,Not Applicable,3,Statewide,304
2953,2019,T2,1,Gasoline,1986,ICE,Not Applicable,2,Statewide,304
2954,2019,T2,1,Gasoline,1986,ICE,Not Applicable,3,Statewide,304
2955,2019,P,Not Applicable,Gasoline,2021,PHEV,0 to 50 miles,≥4,Statewide,304
2956,2019,T6,5,Diesel,2011,ICE,Not Applicable,1,Statewide,304
2957,2019,T5,3,Diesel,2015,ICE,Not Applicable,2,Statewide,304
2958,2019,P,Not Applicable,Diesel,1985,ICE,Not Applicable,3,Statewide,304
2959,2019,T3,Unknown,Gasoline,1992,ICE,Not Applicable,3,Statewide,303
2960,2019,T5,3,Diesel,2014,ICE,Not Applicable,3,Statewide,303
2961,2019,BT,Not Applicable,Diesel,2017,ICE,Not Applicable,≥4,Statewide,303
2962,2019,T4,Unknown,Gasoline,1996,ICE,Not Applicable,≥4,Statewide,298
2963,2019,T1,Unknown,Gasoline,1978,ICE,Not Applicable,2,Statewide,302
2964,2019,T6,5,Gasoline,2009,ICE,Not Applicable,≥4,Statewide,301
2965,2019,T2,1,Gasoline,1980,ICE,Not Applicable,1,Statewide,301
2966,2019,T1,1,Gasoline,1984,ICE,Not Applicable,3,Statewide,301
2967,2019,T4,Unknown,Gasoline,2012,ICE,Not Applicable,≥4,Statewide,300
2968,2019,BS,Not Applicable,Diesel,1999,ICE,Not Applicable,≥4,Statewide,300
2969,2019,T6,4,Gasoline,2020,ICE,Not Applicable,≥4,Statewide,299
2970,2019,T5,3,Diesel,2014,ICE,Not Applicable,2,Statewide,299
2971,2019,T6,5,Gasoline,2015,ICE,Not Applicable,≥4,Statewide,298
2972,2019,T5,3,Gasoline,2002,ICE,Not Applicable,3,Statewide,298
2973,2019,T4,Unknown,Gasoline,2010,ICE,Not Applicable,3,Statewide,298
2974,2019,T7,8,Diesel,2020,ICE,Not Applicable,2,Statewide,302
2975,2019,T3,Unknown,Gasoline,1989,ICE,Not Applicable,≥4,Statewide,304
2976,2019,T6,4,Diesel,2004,ICE,Not Applicable,1,Statewide,291
2977,2019,T1,Unknown,Gasoline,1990,ICE,Not Applicable,1,Statewide,290
2978,2019,MH,Not Applicable,Gasoline,1983,ICE,Not Applicable,2,Statewide,281
2979,2019,T6,4,Diesel,2005,ICE,Not Applicable,1,Statewide,281
2980,2019,MH,Not Applicable,Diesel,2020,ICE,Not Applicable,3,Statewide,281
2981,2019,T4,Unknown,Gasoline,2001,ICE,Not Applicable,1,Statewide,280
2982,2019,T4,2,Diesel,1989,ICE,Not Applicable,2,Statewide,280
2983,2019,P,Not Applicable,Diesel,1991,ICE,Not Applicable,≥4,Statewide,280
2984,2019,T5,3,Gasoline,2007,ICE,Not Applicable,1,Statewide,279
2985,2019,MH,Not Applicable,Gasoline,1993,ICE,Not Applicable,1,Statewide,279
2986,2019,MC,Not Applicable,Gasoline,1981,ICE,Not Applicable,2,Statewide,279
2987,2019,T7,8,Diesel,2001,ICE,Not Applicable,1,Statewide,279
2988,2019,T2,Unknown,Gasoline,1990,ICE,Not Applicable,2,Statewide,281
2989,2019,T6,6,Diesel,1993,ICE,Not Applicable,≥4,Statewide,279
2990,2019,T4,2,Gasoline,2014,ICE,Not Applicable,2,Statewide,278
2991,2019,T5,3,Diesel,1991,ICE,Not Applicable,≥4,Statewide,278
2992,2019,T4,2,Diesel,1994,ICE,Not Applicable,1,Statewide,278
2993,2019,MH,Not Applicable,Diesel,2017,ICE,Not Applicable,≥4,Statewide,278
2994,2019,BT,Not Applicable,Diesel,2020,ICE,Not Applicable,≥4,Statewide,278
2995,2019,T7,8,Diesel,2006,ICE,Not Applicable,1,Statewide,277
2996,2019,T4,2,Diesel,1987,ICE,Not Applicable,≥4,Statewide,277
2997,2019,MH,Not Applicable,Diesel,2004,ICE,Not Applicable,3,Statewide,277
2998,2019,T6,6,Gasoline,1982,ICE,Not Applicable,≥4,Statewide,276
2999,2019,BT,Not Applicable,Gasoline,2017,ICE,Not Applicable,≥4,Statewide,276
3000,2019,T4,2,Gasoline,2014,ICE,Not Applicable,1,Statewide,278
3001,2019,T5,3,Gasoline,2007,ICE,Not Applicable,2,Statewide,290
3002,2019,T4,Unknown,Diesel,2007,ICE,Not Applicable,2,Statewide,282
3003,2019,MH,Not Applicable,Gasoline,1996,ICE,Not Applicable,1,Statewide,282
3004,2019,MH,Not Applicable,Gasoline,1982,ICE,Not Applicable,3,Statewide,290
3005,2019,T6,6,Diesel,2005,ICE,Not Applicable,2,Statewide,290
3006,2019,T3,Unknown,Gasoline,1992,ICE,Not Applicable,2,Statewide,289
3007,2019,T7,8,Diesel,2006,ICE,Not Applicable,3,Statewide,289
3008,2019,T6,4,Gasoline,1998,ICE,Not Applicable,≥4,Statewide,288
3009,2019,T4,Unknown,Gasoline,1975,ICE,Not Applicable,3,Statewide,288
3010,2019,T2,1,Gasoline,1984,ICE,Not Applicable,3,Statewide,288
3011,2019,BS,Not Applicable,Diesel,2019,ICE,Not Applicable,≥4,Statewide,288
3012,2019,T5,3,Gasoline,2002,ICE,Not Applicable,2,Statewide,287
3013,2019,P,Not Applicable,Diesel,1984,ICE,Not Applicable,2,Statewide,287
3014,2019,T1,Unknown,Electric,2019,BEV,101 to 150 miles,2,Statewide,282
3015,2019,T4,2,Gasoline,1978,ICE,Not Applicable,1,Statewide,286
3016,2019,T7,8,Diesel,2019,ICE,Not Applicable,2,Statewide,286
3017,2019,T2,Unknown,Gasoline,1984,ICE,Not Applicable,≥4,Statewide,285
3018,2019,T1,1,Gasoline,1984,ICE,Not Applicable,2,Statewide,285
3019,2019,P,Not Applicable,Diesel,2000,ICE,Not Applicable,≥4,Statewide,285
3020,2019,BT,Not Applicable,Natural Gas,2007,ICE,Not Applicable,≥4,Statewide,284
3021,2019,T6,4,Diesel,2005,ICE,Not Applicable,3,Statewide,284
3022,2019,T6,6,Gasoline,2000,ICE,Not Applicable,≥4,Statewide,283
3023,2019,T2,Unknown,Gasoline,1979,ICE,Not Applicable,3,Statewide,283
3024,2019,T6,5,Diesel,2011,ICE,Not Applicable,3,Statewide,283
3025,2019,T1,Unknown,Gasoline,1981,ICE,Not Applicable,≥4,Statewide,282
3026,2019,T3,2,Gasoline,1976,ICE,Not Applicable,2,Statewide,286
3027,2019,BS,Not Applicable,Diesel,1991,ICE,Not Applicable,≥4,Statewide,305
3028,2019,BS,Not Applicable,Diesel,1993,ICE,Not Applicable,≥4,Statewide,305
3029,2019,T3,2,Diesel,2013,ICE,Not Applicable,≥4,Statewide,305
3030,2019,T4,2,Diesel,1990,ICE,Not Applicable,2,Statewide,334
3031,2019,BS,Not Applicable,Natural Gas,2008,ICE,Not Applicable,≥4,Statewide,333
3032,2019,T3,2,Gasoline,1979,ICE,Not Applicable,1,Statewide,333
3033,2019,MH,Not Applicable,Gasoline,2002,ICE,Not Applicable,1,Statewide,332
3034,2019,MH,Not Applicable,Gasoline,1999,ICE,Not Applicable,1,Statewide,332
3035,2019,MC,Not Applicable,Gasoline,1989,ICE,Not Applicable,1,Statewide,332
3036,2019,P,Not Applicable,Diesel,2011,ICE,Not Applicable,3,Statewide,332
3037,2019,T6,4,Diesel,2012,ICE,Not Applicable,1,Statewide,331
3038,2019,T2,1,Gasoline,1981,ICE,Not Applicable,2,Statewide,330
3039,2019,MC,Not Applicable,Gasoline,1995,ICE,Not Applicable,1,Statewide,330
3040,2019,T6,4,Diesel,2013,ICE,Not Applicable,1,Statewide,334
3041,2019,T7,8,Diesel,1984,ICE,Not Applicable,≥4,Statewide,330
3042,2019,P,Not Applicable,Electric,2017,BEV,>150 miles,2,Statewide,328
3043,2019,MC,Not Applicable,Gasoline,1993,ICE,Not Applicable,1,Statewide,327
3044,2019,T5,3,Gasoline,2002,ICE,Not Applicable,1,Statewide,326
3045,2019,T3,Unknown,Gasoline,1984,ICE,Not Applicable,≥4,Statewide,326
3046,2019,BT,Not Applicable,Diesel,1989,ICE,Not Applicable,≥4,Statewide,326
3047,2019,MC,Not Applicable,Gasoline,1977,ICE,Not Applicable,2,Statewide,325
3048,2019,T2,1,Gasoline,1988,ICE,Not Applicable,1,Statewide,324
3049,2019,T5,3,Diesel,1993,ICE,Not Applicable,≥4,Statewide,324
3050,2019,P,Not Applicable,Diesel,1985,ICE,Not Applicable,2,Statewide,324
3051,2019,T6,6,Diesel,2011,ICE,Not Applicable,2,Statewide,322
3052,2019,T4,Unknown,Diesel,2008,ICE,Not Applicable,3,Statewide,330
3053,2019,T6,5,Gasoline,2011,ICE,Not Applicable,≥4,Statewide,321
3054,2019,T7,8,Diesel,1988,ICE,Not Applicable,≥4,Statewide,334
3055,2019,MH,Not Applicable,Gasoline,1989,ICE,Not Applicable,1,Statewide,334
3056,2019,BS,Not Applicable,Natural Gas,2016,ICE,Not Applicable,≥4,Statewide,342
3057,2019,BT,Not Applicable,Gasoline,2020,ICE,Not Applicable,≥4,Statewide,342
3058,2019,T5,3,Gasoline,2008,ICE,Not Applicable,1,Statewide,341
3059,2019,T4,Unknown,Gasoline,2002,ICE,Not Applicable,2,Statewide,341
3060,2019,T7,8,Diesel,2004,ICE,Not Applicable,3,Statewide,341
3061,2019,BS,Not Applicable,Diesel,1994,ICE,Not Applicable,≥4,Statewide,340
3062,2019,T6,6,Gasoline,1979,ICE,Not Applicable,≥4,Statewide,339
3063,2019,T4,Unknown,Gasoline,2007,ICE,Not Applicable,1,Statewide,339
3064,2019,MH,Not Applicable,Gasoline,2011,ICE,Not Applicable,1,Statewide,339
3065,2019,BS,Not Applicable,Gasoline,2013,ICE,Not Applicable,≥4,Statewide,339
3066,2019,T7,8,Diesel,2019,ICE,Not Applicable,3,Statewide,334
3067,2019,T6,4,Gasoline,1994,ICE,Not Applicable,≥4,Statewide,338
3068,2019,T5,3,Gasoline,1991,ICE,Not Applicable,≥4,Statewide,337
3069,2019,T1,Unknown,Gasoline,1996,ICE,Not Applicable,1,Statewide,337
3070,2019,T7,8,Diesel,2000,ICE,Not Applicable,1,Statewide,336
3071,2019,T5,3,Diesel,2015,ICE,Not Applicable,3,Statewide,336
3072,2019,T5,3,Gasoline,2005,ICE,Not Applicable,1,Statewide,335
3073,2019,T1,Unknown,Gasoline,1982,ICE,Not Applicable,≥4,Statewide,335
3074,2019,T6,4,Diesel,2011,ICE,Not Applicable,1,Statewide,335
3075,2019,P,Not Applicable,Diesel,1992,ICE,Not Applicable,2,Statewide,335
3076,2019,T4,Unknown,Gasoline,2002,ICE,Not Applicable,1,Statewide,334
3077,2019,T3,2,Gasoline,1989,ICE,Not Applicable,1,Statewide,334
3078,2019,T7,8,Diesel,2018,ICE,Not Applicable,1,Statewide,338
3079,2019,T4,2,Gasoline,1992,ICE,Not Applicable,1,Statewide,321
3080,2019,T3,2,Diesel,2018,ICE,Not Applicable,≥4,Statewide,321
3081,2019,MH,Not Applicable,Gasoline,1995,ICE,Not Applicable,1,Statewide,320
3082,2019,MH,Not Applicable,Diesel,2011,ICE,Not Applicable,2,Statewide,311
3083,2019,T1,1,Gasoline,1985,ICE,Not Applicable,2,Statewide,310
3084,2019,T1,1,Gasoline,1979,ICE,Not Applicable,2,Statewide,310
3085,2019,MC,Not Applicable,Gasoline,1985,ICE,Not Applicable,1,Statewide,310
3086,2019,T6,6,Diesel,2009,ICE,Not Applicable,1,Statewide,310
3087,2019,T5,3,Diesel,1992,ICE,Not Applicable,≥4,Statewide,310
3088,2019,BT,Not Applicable,Diesel,2015,ICE,Not Applicable,≥4,Statewide,310
3089,2019,BT,Not Applicable,Diesel,2014,ICE,Not Applicable,≥4,Statewide,310
3090,2019,P,Not Applicable,Natural Gas,2016,ICE,Not Applicable,≥4,Statewide,309
3091,2019,T4,2,Gasoline,2014,ICE,Not Applicable,3,Statewide,309
3092,2019,T6,4,Diesel,2013,ICE,Not Applicable,2,Statewide,311
3093,2019,MH,Not Applicable,Gasoline,2001,ICE,Not Applicable,1,Statewide,309
3094,2019,B,Not Applicable,Diesel,2006,ICE,Not Applicable,≥4,Statewide,309
3095,2019,B,Not Applicable,Diesel,2005,ICE,Not Applicable,≥4,Statewide,309
3096,2019,T4,Unknown,Gasoline,2001,ICE,Not Applicable,3,Statewide,308
3097,2019,T4,2,Gasoline,1989,ICE,Not Applicable,2,Statewide,308
3098,2019,MH,Not Applicable,Gasoline,2014,ICE,Not Applicable,3,Statewide,307
3099,2019,T7,8,Diesel,2004,ICE,Not Applicable,2,Statewide,307
3100,2019,T6,4,Diesel,1995,ICE,Not Applicable,≥4,Statewide,307
3101,2019,T4,Unknown,Diesel,2007,ICE,Not Applicable,3,Statewide,307
3102,2019,P,Not Applicable,Electric,2018,BEV,Unknown,3,Statewide,306
3103,2019,T4,Unknown,Gasoline,2001,ICE,Not Applicable,2,Statewide,305
3104,2019,MH,Not Applicable,Gasoline,1983,ICE,Not Applicable,3,Statewide,309
3105,2019,P,Not Applicable,Natural Gas,2012,ICE,Not Applicable,≥4,Statewide,311
3106,2019,MH,Not Applicable,Gasoline,1990,ICE,Not Applicable,1,Statewide,312
3107,2019,BT,Not Applicable,Natural Gas,2014,ICE,Not Applicable,≥4,Statewide,312
3108,2019,T6,Unknown,Diesel,1975,ICE,Not Applicable,≥4,Statewide,320
3109,2019,BT,Not Applicable,Diesel,2002,ICE,Not Applicable,≥4,Statewide,320
3110,2019,T1,Unknown,Gasoline,1985,ICE,Not Applicable,≥4,Statewide,319
3111,2019,T4,2,Diesel,1990,ICE,Not Applicable,3,Statewide,319
3112,2019,BT,Not Applicable,Natural Gas,2012,ICE,Not Applicable,≥4,Statewide,318
3113,2019,T5,3,Gasoline,2008,ICE,Not Applicable,2,Statewide,318
3114,2019,T6,4,Diesel,1999,ICE,Not Applicable,≥4,Statewide,318
3115,2019,T1,Unknown,Gasoline,1976,ICE,Not Applicable,3,Statewide,317
3116,2019,T6,5,Diesel,2003,ICE,Not Applicable,≥4,Statewide,317
3117,2019,T3,Unknown,Gasoline,1993,ICE,Not Applicable,2,Statewide,316
3118,2019,T3,Unknown,Gasoline,1983,ICE,Not Applicable,≥4,Statewide,316
3119,2019,T6,4,Diesel,2010,ICE,Not Applicable,1,Statewide,315
3120,2019,P,Not Applicable,Diesel,2009,ICE,Not Applicable,≥4,Statewide,315
3121,2019,B,Not Applicable,Diesel,2004,ICE,Not Applicable,≥4,Statewide,315
3122,2019,T2,1,Gasoline,1987,ICE,Not Applicable,2,Statewide,314
3123,2019,T1,Unknown,Gasoline,1998,ICE,Not Applicable,1,Statewide,314
3124,2019,T1,1,Gasoline,1976,ICE,Not Applicable,1,Statewide,314
3125,2019,T7,8,Diesel,2010,ICE,Not Applicable,1,Statewide,314
3126,2019,T4,Unknown,Diesel,2010,ICE,Not Applicable,3,Statewide,314
3127,2019,B,Not Applicable,Gasoline,2005,ICE,Not Applicable,≥4,Statewide,313
3128,2019,P,Not Applicable,Electric,2019,BEV,Unknown,≥4,Statewide,313
3129,2019,P,Not Applicable,Diesel,1992,ICE,Not Applicable,3,Statewide,313
3130,2019,BS,Not Applicable,Diesel,2009,ICE,Not Applicable,≥4,Statewide,313
3131,2019,BS,Not Applicable,Gasoline,2011,ICE,Not Applicable,≥4,Statewide,276
3132,2019,T7,8,Gasoline,1975,ICE,Not Applicable,3,Statewide,217
3133,2019,T6,5,Diesel,2020,ICE,Not Applicable,1,Statewide,276
3134,2019,BS,Not Applicable,Diesel,1992,ICE,Not Applicable,≥4,Statewide,276
3135,2019,MH,Not Applicable,Gasoline,2003,ICE,Not Applicable,1,Statewide,242
3136,2019,T4,Unknown,Diesel,2010,ICE,Not Applicable,2,Statewide,242
3137,2019,T3,Unknown,Diesel,2020,ICE,Not Applicable,1,Statewide,242
3138,2019,T5,3,Gasoline,2000,ICE,Not Applicable,1,Statewide,241
3139,2019,T6,4,Diesel,2009,ICE,Not Applicable,1,Statewide,241
3140,2019,T6,6,Diesel,1992,ICE,Not Applicable,≥4,Statewide,241
3141,2019,T5,3,Diesel,2002,ICE,Not Applicable,2,Statewide,241
3142,2019,T3,Unknown,Gasoline,1978,ICE,Not Applicable,≥4,Statewide,240
3143,2019,T6,4,Diesel,2006,ICE,Not Applicable,2,Statewide,240
3144,2019,T3,2,Diesel,2010,ICE,Not Applicable,≥4,Statewide,240
3145,2019,MH,Not Applicable,Gasoline,2012,ICE,Not Applicable,1,Statewide,242
3146,2019,T6,4,Gasoline,1997,ICE,Not Applicable,≥4,Statewide,239
3147,2019,T7,8,Diesel,2001,ICE,Not Applicable,3,Statewide,239
3148,2019,B,Not Applicable,Diesel,2007,ICE,Not Applicable,≥4,Statewide,239
3149,2019,T1,1,Gasoline,1980,ICE,Not Applicable,3,Statewide,238
3150,2019,MC,Not Applicable,Gasoline,1982,ICE,Not Applicable,2,Statewide,237
3151,2019,T6,6,Diesel,2004,ICE,Not Applicable,2,Statewide,237
3152,2019,T5,3,Gasoline,2013,ICE,Not Applicable,3,Statewide,236
3153,2019,T4,2,Gasoline,1976,ICE,Not Applicable,1,Statewide,236
3154,2019,T7,8,Diesel,2010,ICE,Not Applicable,2,Statewide,236
3155,2019,T6,6,Diesel,2003,ICE,Not Applicable,1,Statewide,236
3156,2019,T6,5,Diesel,2013,ICE,Not Applicable,1,Statewide,235
3157,2019,T4,Unknown,Gasoline,1993,ICE,Not Applicable,≥4,Statewide,239
3158,2019,MH,Not Applicable,Gasoline,2018,ICE,Not Applicable,2,Statewide,234
3159,2019,T1,Unknown,Gasoline,1997,ICE,Not Applicable,2,Statewide,242
3160,2019,T6,6,Diesel,2006,ICE,Not Applicable,2,Statewide,243
3161,2019,T5,3,Gasoline,1990,ICE,Not Applicable,≥4,Statewide,246
3162,2019,T1,Unknown,Gasoline,1976,ICE,Not Applicable,2,Statewide,246
3163,2019,MH,Not Applicable,Gasoline,1991,ICE,Not Applicable,1,Statewide,246
3164,2019,MH,Not Applicable,Gasoline,1979,ICE,Not Applicable,≥4,Statewide,246
3165,2019,MC,Not Applicable,Gasoline,1979,ICE,Not Applicable,1,Statewide,246
3166,2019,T7,8,Diesel,2018,ICE,Not Applicable,2,Statewide,246
3167,2019,T7,8,Diesel,2003,ICE,Not Applicable,3,Statewide,246
3168,2019,T6,4,Diesel,2004,ICE,Not Applicable,2,Statewide,246
3169,2019,T6,7,Diesel,1985,ICE,Not Applicable,≥4,Statewide,246
3170,2019,BT,Not Applicable,Diesel,2009,ICE,Not Applicable,≥4,Statewide,246
3171,2019,T3,2,Diesel,2012,ICE,Not Applicable,2,Statewide,243
3172,2019,T6,6,Gasoline,2012,ICE,Not Applicable,≥4,Statewide,245
3173,2019,BT,Not Applicable,Diesel,1995,ICE,Not Applicable,≥4,Statewide,245
3174,2019,P,Not Applicable,Gasoline,2016,PHEV,0 to 50 miles,3,Statewide,244
3175,2019,T6,5,Diesel,2011,ICE,Not Applicable,2,Statewide,244
3176,2019,T6,4,Diesel,2006,ICE,Not Applicable,1,Statewide,244
3177,2019,P,Not Applicable,Diesel,1985,ICE,Not Applicable,1,Statewide,244
3178,2019,T2,1,Gasoline,1981,ICE,Not Applicable,1,Statewide,243
3179,2019,T1,1,Gasoline,1982,ICE,Not Applicable,3,Statewide,243
3180,2019,MC,Not Applicable,Gasoline,1976,ICE,Not Applicable,2,Statewide,243
3181,2019,T6,5,Diesel,2019,ICE,Not Applicable,1,Statewide,243
3182,2019,T6,5,Diesel,2012,ICE,Not Applicable,1,Statewide,243
3183,2019,T6,7,Diesel,1988,ICE,Not Applicable,≥4,Statewide,245
3184,2019,T5,3,Gasoline,2003,ICE,Not Applicable,3,Statewide,246
3185,2019,T3,Unknown,Gasoline,1991,ICE,Not Applicable,3,Statewide,233
3186,2019,T5,3,Gasoline,2001,ICE,Not Applicable,3,Statewide,232
3187,2019,T7,8,Diesel,2002,ICE,Not Applicable,1,Statewide,225
3188,2019,T4,2,Diesel,1992,ICE,Not Applicable,2,Statewide,225
3189,2019,T3,2,Gasoline,1988,ICE,Not Applicable,1,Statewide,224
3190,2019,MH,Not Applicable,Gasoline,1984,ICE,Not Applicable,3,Statewide,224
3191,2019,T4,Unknown,Diesel,2005,ICE,Not Applicable,2,Statewide,224
3192,2019,T4,Unknown,Diesel,2005,ICE,Not Applicable,3,Statewide,224
3193,2019,MH,Not Applicable,Diesel,2018,ICE,Not Applicable,3,Statewide,224
3194,2019,T6,7,Diesel,1987,ICE,Not Applicable,≥4,Statewide,223
3195,2019,MH,Not Applicable,Diesel,2019,ICE,Not Applicable,3,Statewide,222
3196,2019,T6,6,Gasoline,1981,ICE,Not Applicable,≥4,Statewide,221
3197,2019,T2,Unknown,Gasoline,1978,ICE,Not Applicable,3,Statewide,225
3198,2019,T2,1,Gasoline,1985,ICE,Not Applicable,3,Statewide,221
3199,2019,T5,3,Gasoline,2012,ICE,Not Applicable,2,Statewide,220
3200,2019,T5,3,Gasoline,2003,ICE,Not Applicable,2,Statewide,220
3201,2019,T4,2,Gasoline,1988,ICE,Not Applicable,3,Statewide,220
3202,2019,T7,8,Diesel,2000,ICE,Not Applicable,2,Statewide,220
3203,2019,T6,5,Diesel,2017,ICE,Not Applicable,1,Statewide,220
3204,2019,T6,5,Diesel,2012,ICE,Not Applicable,3,Statewide,220
3205,2019,T3,Unknown,Gasoline,1982,ICE,Not Applicable,≥4,Statewide,219
3206,2019,T4,Unknown,Gasoline,2017,ICE,Not Applicable,≥4,Statewide,218
3207,2019,MH,Not Applicable,Gasoline,1983,ICE,Not Applicable,1,Statewide,218
3208,2019,T7,8,Diesel,1999,ICE,Not Applicable,1,Statewide,218
3209,2019,MH,Not Applicable,Gasoline,1978,ICE,Not Applicable,3,Statewide,221
3210,2019,T6,4,Diesel,2009,ICE,Not Applicable,3,Statewide,233
3211,2019,T2,Unknown,Gasoline,1981,ICE,Not Applicable,≥4,Statewide,225
3212,2019,T6,4,Gasoline,2014,ICE,Not Applicable,≥4,Statewide,225
3213,2019,T5,3,Gasoline,2003,ICE,Not Applicable,1,Statewide,231
3214,2019,T2,Unknown,Gasoline,1976,ICE,Not Applicable,2,Statewide,231
3215,2019,T1,1,Gasoline,1983,ICE,Not Applicable,2,Statewide,231
3216,2019,MH,Not Applicable,Gasoline,1998,ICE,Not Applicable,1,Statewide,231
3217,2019,T7,8,Diesel,2008,ICE,Not Applicable,1,Statewide,231
3218,2019,P,Not Applicable,Diesel,2002,ICE,Not Applicable,≥4,Statewide,231
3219,2019,P,Not Applicable,Diesel,1975,ICE,Not Applicable,≥4,Statewide,230
3220,2019,T5,3,Gasoline,2000,ICE,Not Applicable,3,Statewide,229
3221,2019,T1,Unknown,Gasoline,1977,ICE,Not Applicable,3,Statewide,229
3222,2019,T6,6,Diesel,2007,ICE,Not Applicable,1,Statewide,229
3223,2019,T5,3,Gasoline,2000,ICE,Not Applicable,2,Statewide,225
3224,2019,T2,1,Gasoline,1987,ICE,Not Applicable,1,Statewide,228
3225,2019,T6,4,Diesel,2010,ICE,Not Applicable,2,Statewide,228
3226,2019,T2,Unknown,Gasoline,1990,ICE,Not Applicable,1,Statewide,227
3227,2019,T6,4,Diesel,2009,ICE,Not Applicable,2,Statewide,227
3228,2019,T6,4,Diesel,2008,ICE,Not Applicable,1,Statewide,227
3229,2019,B,Not Applicable,Diesel,2000,ICE,Not Applicable,≥4,Statewide,227
3230,2019,T5,3,Gasoline,2012,ICE,Not Applicable,1,Statewide,226
3231,2019,T4,2,Gasoline,2015,ICE,Not Applicable,1,Statewide,226
3232,2019,T3,Unknown,Gasoline,1991,ICE,Not Applicable,2,Statewide,226
3233,2019,MH,Not Applicable,Gasoline,1982,ICE,Not Applicable,2,Statewide,226
3234,2019,T7,8,Diesel,2003,ICE,Not Applicable,2,Statewide,226
3235,2019,MH,Not Applicable,Gasoline,2020,ICE,Not Applicable,1,Statewide,228
3236,2019,T5,3,Gasoline,2013,ICE,Not Applicable,2,Statewide,246
3237,2019,MH,Not Applicable,Gasoline,1997,ICE,Not Applicable,1,Statewide,247
3238,2019,T3,2,Gasoline,1985,ICE,Not Applicable,1,Statewide,247
3239,2019,T6,4,Diesel,2012,ICE,Not Applicable,2,Statewide,269
3240,2019,T6,4,Diesel,2010,ICE,Not Applicable,3,Statewide,269
3241,2019,T2,Unknown,Diesel,2017,ICE,Not Applicable,1,Statewide,269
3242,2019,T4,Unknown,Gasoline,1995,ICE,Not Applicable,≥4,Statewide,268
3243,2019,T1,Unknown,Gasoline,1997,ICE,Not Applicable,3,Statewide,268
3244,2019,P,Not Applicable,Gasoline,2016,PHEV,0 to 50 miles,2,Statewide,268
3245,2019,MH,Not Applicable,Gasoline,1992,ICE,Not Applicable,1,Statewide,268
3246,2019,T6,4,Diesel,1998,ICE,Not Applicable,≥4,Statewide,268
3247,2019,T6,6,Diesel,1994,ICE,Not Applicable,≥4,Statewide,268
3248,2019,T4,Unknown,Diesel,2009,ICE,Not Applicable,3,Statewide,268
3249,2019,T1,Unknown,Electric,2019,BEV,101 to 150 miles,≥4,Statewide,269
3250,2019,T6,6,Gasoline,1983,ICE,Not Applicable,≥4,Statewide,267
3251,2019,T3,Unknown,Gasoline,1993,ICE,Not Applicable,1,Statewide,266
3252,2019,BS,Not Applicable,Gasoline,2016,ICE,Not Applicable,≥4,Statewide,266
3253,2019,P,Not Applicable,Electric,2020,BEV,Unknown,≥4,Statewide,266
3254,2019,BT,Not Applicable,Electric,2006,BEV,Unknown,1,Statewide,266
3255,2019,T6,4,Diesel,1994,ICE,Not Applicable,≥4,Statewide,266
3256,2019,T6,4,Gasoline,1975,ICE,Not Applicable,≥4,Statewide,265
3257,2019,T1,Unknown,Gasoline,1979,ICE,Not Applicable,3,Statewide,265
3258,2019,T5,3,Gasoline,1993,ICE,Not Applicable,≥4,Statewide,264
3259,2019,T6,6,Diesel,2009,ICE,Not Applicable,3,Statewide,264
3260,2019,T5,3,Diesel,2001,ICE,Not Applicable,3,Statewide,264
3261,2019,T7,8,Diesel,2021,ICE,Not Applicable,3,Statewide,267
3262,2019,T4,Unknown,Gasoline,2011,ICE,Not Applicable,≥4,Statewide,263
3263,2019,MC,Not Applicable,Gasoline,1984,ICE,Not Applicable,1,Statewide,269
3264,2019,T5,3,Gasoline,2013,ICE,Not Applicable,1,Statewide,269
3265,2019,T3,Unknown,Diesel,2014,ICE,Not Applicable,2,Statewide,275
3266,2019,B,Not Applicable,Diesel,2016,ICE,Not Applicable,≥4,Statewide,275
3267,2019,T4,Unknown,Gasoline,2010,ICE,Not Applicable,2,Statewide,274
3268,2019,T3,2,Gasoline,1976,ICE,Not Applicable,1,Statewide,274
3269,2019,P,Not Applicable,Diesel,2009,ICE,Not Applicable,2,Statewide,274
3270,2019,MH,Not Applicable,Diesel,2010,ICE,Not Applicable,2,Statewide,274
3271,2019,B,Not Applicable,Diesel,2002,ICE,Not Applicable,≥4,Statewide,274
3272,2019,T4,2,Gasoline,2015,ICE,Not Applicable,3,Statewide,273
3273,2019,T4,Unknown,Gasoline,2003,ICE,Not Applicable,3,Statewide,273
3274,2019,T3,2,Gasoline,1985,ICE,Not Applicable,2,Statewide,273
3275,2019,T1,1,Gasoline,1983,ICE,Not Applicable,3,Statewide,269
3276,2019,T4,2,Gasoline,1977,ICE,Not Applicable,1,Statewide,272
3277,2019,T3,Unknown,Diesel,2014,ICE,Not Applicable,≥4,Statewide,272
3278,2019,T6,6,Gasoline,1975,ICE,Not Applicable,1,Statewide,271
3279,2019,MH,Not Applicable,Gasoline,2007,ICE,Not Applicable,1,Statewide,271
3280,2019,T6,4,Diesel,2011,ICE,Not Applicable,2,Statewide,271
3281,2019,MH,Not Applicable,Gasoline,1988,ICE,Not Applicable,3,Statewide,270
3282,2019,T6,4,Diesel,2012,ICE,Not Applicable,3,Statewide,270
3283,2019,T6,4,Diesel,2011,ICE,Not Applicable,3,Statewide,270
3284,2019,P,Not Applicable,Diesel,1983,ICE,Not Applicable,≥4,Statewide,270
3285,2019,B,Not Applicable,Diesel,2011,ICE,Not Applicable,≥4,Statewide,270
3286,2019,T6,6,Gasoline,2002,ICE,Not Applicable,≥4,Statewide,269
3287,2019,T4,2,Gasoline,1976,ICE,Not Applicable,2,Statewide,272
3288,2019,T3,Unknown,Gasoline,1975,ICE,Not Applicable,1,Statewide,263
3289,2019,T2,Unknown,Gasoline,1989,ICE,Not Applicable,1,Statewide,263
3290,2019,T6,6,Diesel,2009,ICE,Not Applicable,2,Statewide,262
3291,2019,P,Not Applicable,Natural Gas,2009,ICE,Not Applicable,≥4,Statewide,252
3292,2019,MH,Not Applicable,Gasoline,1991,ICE,Not Applicable,2,Statewide,252
3293,2019,B,Not Applicable,Gasoline,2011,ICE,Not Applicable,1,Statewide,252
3294,2019,T5,3,Diesel,2001,ICE,Not Applicable,2,Statewide,252
3295,2019,B,Not Applicable,Diesel,2008,ICE,Not Applicable,≥4,Statewide,252
3296,2019,T2,Unknown,Gasoline,1983,ICE,Not Applicable,≥4,Statewide,250
3297,2019,BT,Not Applicable,Gasoline,2019,ICE,Not Applicable,≥4,Statewide,250
3298,2019,T6,4,Diesel,2004,ICE,Not Applicable,3,Statewide,250
3299,2019,MH,Not Applicable,Diesel,2013,ICE,Not Applicable,2,Statewide,250
3300,2019,BT,Not Applicable,Diesel,1994,ICE,Not Applicable,≥4,Statewide,250
3301,2019,T7,8,Diesel,2000,ICE,Not Applicable,3,Statewide,253
3302,2019,MH,Not Applicable,Gasoline,2015,ICE,Not Applicable,3,Statewide,249
3303,2019,P,Not Applicable,Diesel,1984,ICE,Not Applicable,1,Statewide,249
3304,2019,P,Not Applicable,Natural Gas,2013,ICE,Not Applicable,≥4,Statewide,248
3305,2019,T7,8,Gasoline,1975,ICE,Not Applicable,2,Statewide,248
3306,2019,T4,2,Gasoline,1989,ICE,Not Applicable,1,Statewide,248
3307,2019,B,Not Applicable,Gasoline,2011,ICE,Not Applicable,3,Statewide,248
3308,2019,T6,4,Diesel,2006,ICE,Not Applicable,3,Statewide,248
3309,2019,T6,4,Diesel,2005,ICE,Not Applicable,2,Statewide,248
3310,2019,T3,2,Diesel,2016,ICE,Not Applicable,2,Statewide,248
3311,2019,T2,Unknown,Diesel,2018,ICE,Not Applicable,3,Statewide,248
3312,2019,MH,Not Applicable,Diesel,2012,ICE,Not Applicable,2,Statewide,248
3313,2019,BS,Not Applicable,Gasoline,2015,ICE,Not Applicable,≥4,Statewide,249
3314,2019,T4,2,Gasoline,1984,ICE,Not Applicable,3,Statewide,253
3315,2019,BT,Not Applicable,Natural Gas,2009,ICE,Not Applicable,≥4,Statewide,253
3316,2019,B,Not Applicable,Gasoline,2011,ICE,Not Applicable,2,Statewide,254
3317,2019,T4,Unknown,Gasoline,2009,ICE,Not Applicable,1,Statewide,261
3318,2019,T6,6,Diesel,2004,ICE,Not Applicable,3,Statewide,261
3319,2019,P,Not Applicable,Diesel,1992,ICE,Not Applicable,1,Statewide,261
3320,2019,P,Not Applicable,Electric,2014,BEV,Unknown,≥4,Statewide,260
3321,2019,T6,4,Diesel,1997,ICE,Not Applicable,≥4,Statewide,259
3322,2019,T5,3,Diesel,2002,ICE,Not Applicable,3,Statewide,259
3323,2019,T4,Unknown,Diesel,2008,ICE,Not Applicable,2,Statewide,259
3324,2019,T4,2,Diesel,1992,ICE,Not Applicable,3,Statewide,259
3325,2019,T6,6,Gasoline,1976,ICE,Not Applicable,≥4,Statewide,258
3326,2019,T4,Unknown,Diesel,2006,ICE,Not Applicable,2,Statewide,258
3327,2019,P,Not Applicable,Diesel,1984,ICE,Not Applicable,3,Statewide,258
3328,2019,T3,2,Gasoline,1988,ICE,Not Applicable,2,Statewide,257
3329,2019,MH,Not Applicable,Gasoline,2006,ICE,Not Applicable,1,Statewide,257
3330,2019,T7,8,Diesel,2003,ICE,Not Applicable,1,Statewide,257
3331,2019,T4,2,Diesel,1989,ICE,Not Applicable,3,Statewide,257
3332,2019,T4,Unknown,Gasoline,2003,ICE,Not Applicable,1,Statewide,256
3333,2019,T4,Unknown,Gasoline,1975,ICE,Not Applicable,1,Statewide,256
3334,2019,T3,2,Gasoline,1988,ICE,Not Applicable,3,Statewide,256
3335,2019,T4,2,Gasoline,2015,ICE,Not Applicable,2,Statewide,255
3336,2019,T2,Unknown,Gasoline,1982,ICE,Not Applicable,≥4,Statewide,255
3337,2019,T1,1,Gasoline,1979,ICE,Not Applicable,1,Statewide,255
3338,2019,P,Not Applicable,Diesel,2001,ICE,Not Applicable,≥4,Statewide,255
3339,2019,T4,Unknown,Gasoline,1997,ICE,Not Applicable,≥4,Statewide,254
3340,2019,T6,6,Diesel,2006,ICE,Not Applicable,3,Statewide,276
3341,2019,T6,6,Gasoline,2002,ICE,Not Applicable,2,Statewide,20
3342,2019,T6,6,Gasoline,2001,ICE,Not Applicable,1,Statewide,20
3343,2019,T6,6,Gasoline,1983,ICE,Not Applicable,2,Statewide,20
3344,2019,T1,Unknown,Electric,2002,BEV,Unknown,≥4,Statewide,2
3345,2019,T1,Unknown,Electric,2001,BEV,Unknown,1,Statewide,2
3346,2019,T1,Unknown,Electric,1998,BEV,Unknown,2,Statewide,2
3347,2019,T1,Unknown,Electric,1998,BEV,Unknown,≥4,Statewide,2
3348,2019,T1,Unknown,Electric,1997,BEV,Unknown,2,Statewide,2
3349,2019,T1,Unknown,Electric,1993,BEV,Unknown,≥4,Statewide,2
3350,2019,T1,Unknown,Electric,1981,BEV,Unknown,≥4,Statewide,2
3351,2019,T1,Unknown,Electric,1978,BEV,Unknown,1,Statewide,2
3352,2019,T1,Unknown,Electric,1978,BEV,Unknown,≥4,Statewide,2
3353,2019,P,Not Applicable,Electric,2021,BEV,Unknown,1,Statewide,2
3354,2019,T1,1,Electric,2003,BEV,Unknown,1,Statewide,2
3355,2019,P,Not Applicable,Electric,2021,BEV,Unknown,2,Statewide,2
3356,2019,P,Not Applicable,Electric,2005,BEV,Unknown,1,Statewide,2
3357,2019,P,Not Applicable,Electric,2004,BEV,Unknown,2,Statewide,2
3358,2019,P,Not Applicable,Electric,2003,BEV,Unknown,1,Statewide,2
3359,2019,P,Not Applicable,Electric,2003,BEV,Unknown,2,Statewide,2
3360,2019,P,Not Applicable,Electric,2002,BEV,Unknown,3,Statewide,2
3361,2019,P,Not Applicable,Electric,2000,BEV,Unknown,1,Statewide,2
3362,2019,P,Not Applicable,Electric,1998,BEV,Unknown,1,Statewide,2
3363,2019,P,Not Applicable,Electric,1997,BEV,Unknown,2,Statewide,2
3364,2019,P,Not Applicable,Electric,1994,BEV,Unknown,≥4,Statewide,2
3365,2019,P,Not Applicable,Electric,1992,BEV,Unknown,3,Statewide,2
3366,2019,P,Not Applicable,Electric,2017,BEV,101 to 150 miles,≥4,Statewide,2
3367,2019,P,Not Applicable,Electric,1990,BEV,Unknown,≥4,Statewide,2
3368,2019,T1,1,Electric,2004,BEV,Unknown,2,Statewide,2
3369,2019,T1,Unknown,Electric,2006,BEV,Unknown,3,Statewide,2
3370,2019,T3,Unknown,Electric,2011,BEV,Unknown,≥4,Statewide,2
3371,2019,T3,Unknown,Electric,1993,BEV,Unknown,≥4,Statewide,2
3372,2019,T3,Unknown,Electric,1988,BEV,Unknown,≥4,Statewide,2
3373,2019,T2,Unknown,Electric,2020,BEV,Unknown,2,Statewide,2
3374,2019,T2,Unknown,Electric,2017,BEV,101 to 150 miles,1,Statewide,2
3375,2019,T2,1,Electric,2017,BEV,101 to 150 miles,2,Statewide,2
3376,2019,T2,1,Electric,2017,BEV,101 to 150 miles,≥4,Statewide,2
3377,2019,T2,Unknown,Electric,2016,BEV,Unknown,2,Statewide,2
3378,2019,T2,Unknown,Electric,2013,BEV,Unknown,3,Statewide,2
3379,2019,T2,Unknown,Electric,2006,BEV,Unknown,≥4,Statewide,2
3380,2019,T1,Unknown,Electric,2005,BEV,Unknown,1,Statewide,2
3381,2019,T2,Unknown,Electric,2004,BEV,Unknown,1,Statewide,2
3382,2019,T2,Unknown,Electric,1999,BEV,Unknown,≥4,Statewide,2
3383,2019,T2,Unknown,Electric,1998,BEV,Unknown,≥4,Statewide,2
3384,2019,T2,Unknown,Electric,1996,BEV,Unknown,≥4,Statewide,2
3385,2019,T2,Unknown,Electric,1991,BEV,Unknown,≥4,Statewide,2
3386,2019,T2,Unknown,Electric,1975,BEV,Unknown,≥4,Statewide,2
3387,2019,T1,Unknown,Electric,2017,BEV,Unknown,1,Statewide,2
3388,2019,T1,Unknown,Electric,2016,BEV,Unknown,≥4,Statewide,2
3389,2019,T1,Unknown,Electric,2015,BEV,Unknown,1,Statewide,2
3390,2019,T1,Unknown,Electric,2007,BEV,Unknown,1,Statewide,2
3391,2019,T1,Unknown,Electric,2006,BEV,Unknown,1,Statewide,2
3392,2019,T2,1,Electric,2003,BEV,Unknown,≥4,Statewide,2
3393,2019,T3,Unknown,Electric,2018,BEV,Unknown,≥4,Statewide,2
3394,2019,P,Not Applicable,Electric,1986,BEV,Unknown,3,Statewide,2
3395,2019,P,Not Applicable,Electric,1981,BEV,Unknown,3,Statewide,2
3396,2019,T6,4,Diesel,1992,ICE,Not Applicable,1,Statewide,2
3397,2019,T6,4,Diesel,1991,ICE,Not Applicable,1,Statewide,2
3398,2019,T6,5,Diesel,1991,ICE,Not Applicable,2,Statewide,2
3399,2019,T6,5,Diesel,1990,ICE,Not Applicable,1,Statewide,2
3400,2019,T6,4,Diesel,1989,ICE,Not Applicable,1,Statewide,2
3401,2019,T6,Unknown,Diesel,1988,ICE,Not Applicable,1,Statewide,2
3402,2019,T6,Unknown,Diesel,1987,ICE,Not Applicable,1,Statewide,2
3403,2019,T6,6,Diesel,1983,ICE,Not Applicable,2,Statewide,2
3404,2019,T6,6,Diesel,1983,ICE,Not Applicable,3,Statewide,2
3405,2019,T6,7,Diesel,1982,ICE,Not Applicable,2,Statewide,2
3406,2019,T6,Unknown,Diesel,1992,ICE,Not Applicable,2,Statewide,2
3407,2019,T6,Unknown,Diesel,1981,ICE,Not Applicable,2,Statewide,2
3408,2019,T6,7,Diesel,1980,ICE,Not Applicable,3,Statewide,2
3409,2019,T6,6,Diesel,1979,ICE,Not Applicable,3,Statewide,2
3410,2019,T6,7,Diesel,1979,ICE,Not Applicable,3,Statewide,2
3411,2019,T6,7,Diesel,1977,ICE,Not Applicable,3,Statewide,2
3412,2019,T6,Unknown,Diesel,1976,ICE,Not Applicable,2,Statewide,2
3413,2019,T6,5,Diesel,1975,ICE,Not Applicable,1,Statewide,2
3414,2019,T6,7,Diesel,1975,ICE,Not Applicable,3,Statewide,2
3415,2019,T5,3,Diesel,1988,ICE,Not Applicable,2,Statewide,2
3416,2019,T5,3,Diesel,1988,ICE,Not Applicable,3,Statewide,2
3417,2019,T5,3,Diesel,1979,ICE,Not Applicable,≥4,Statewide,2
3418,2019,T6,6,Diesel,1981,ICE,Not Applicable,2,Statewide,2
3419,2019,P,Not Applicable,Electric,1984,BEV,Unknown,3,Statewide,2
3420,2019,T6,Unknown,Diesel,1993,ICE,Not Applicable,3,Statewide,2
3421,2019,T6,Unknown,Diesel,1995,ICE,Not Applicable,3,Statewide,2
3422,2019,MC,Not Applicable,Electric,2014,BEV,Unknown,1,Statewide,2
3423,2019,MC,Not Applicable,Electric,2011,BEV,Unknown,2,Statewide,2
3424,2019,MC,Not Applicable,Electric,2009,BEV,Unknown,≥4,Statewide,2
3425,2019,MC,Not Applicable,Electric,2006,BEV,Unknown,3,Statewide,2
3426,2019,MC,Not Applicable,Electric,2006,BEV,Unknown,≥4,Statewide,2
3427,2019,MC,Not Applicable,Electric,2005,BEV,Unknown,1,Statewide,2
3428,2019,MC,Not Applicable,Electric,2004,BEV,Unknown,≥4,Statewide,2
3429,2019,MC,Not Applicable,Electric,1975,BEV,Unknown,≥4,Statewide,2
3430,2019,BT,Not Applicable,Electric,2019,BEV,Unknown,1,Statewide,2
3431,2019,BT,Not Applicable,Electric,2017,BEV,Unknown,≥4,Statewide,2
3432,2019,T6,Unknown,Diesel,1994,ICE,Not Applicable,3,Statewide,2
3433,2019,BT,Not Applicable,Electric,2009,BEV,Unknown,≥4,Statewide,2
3434,2019,B,Not Applicable,Electric,2003,BEV,Unknown,2,Statewide,2
3435,2019,B,Not Applicable,Electric,1999,BEV,Unknown,1,Statewide,2
3436,2019,T6,4,Diesel,2021,ICE,Not Applicable,2,Statewide,2
3437,2019,T6,Unknown,Diesel,2020,ICE,Not Applicable,2,Statewide,2
3438,2019,T6,Unknown,Diesel,2018,ICE,Not Applicable,1,Statewide,2
3439,2019,T6,Unknown,Diesel,2013,ICE,Not Applicable,2,Statewide,2
3440,2019,T6,Unknown,Diesel,2005,ICE,Not Applicable,1,Statewide,2
3441,2019,T6,Unknown,Diesel,2005,ICE,Not Applicable,3,Statewide,2
3442,2019,T6,Unknown,Diesel,2003,ICE,Not Applicable,3,Statewide,2
3443,2019,T6,Unknown,Diesel,2002,ICE,Not Applicable,2,Statewide,2
3444,2019,BT,Not Applicable,Electric,2004,BEV,Unknown,≥4,Statewide,2
3445,2019,T4,Unknown,Electric,1977,BEV,Unknown,≥4,Statewide,2
3446,2019,T4,Unknown,Electric,1985,BEV,Unknown,≥4,Statewide,2
3447,2019,T4,Unknown,Electric,1991,BEV,Unknown,≥4,Statewide,2
3448,2019,T6,5,Gasoline,1985,ICE,Not Applicable,2,Statewide,2
3449,2019,T6,Unknown,Gasoline,1983,ICE,Not Applicable,1,Statewide,2
3450,2019,T6,Unknown,Gasoline,1983,ICE,Not Applicable,2,Statewide,2
3451,2019,T6,Unknown,Gasoline,1982,ICE,Not Applicable,2,Statewide,2
3452,2019,T6,Unknown,Gasoline,1980,ICE,Not Applicable,3,Statewide,2
3453,2019,T6,Unknown,Gasoline,1978,ICE,Not Applicable,2,Statewide,2
3454,2019,T6,Unknown,Gasoline,1978,ICE,Not Applicable,3,Statewide,2
3455,2019,T6,5,Gasoline,1978,ICE,Not Applicable,2,Statewide,2
3456,2019,T6,4,Gasoline,1977,ICE,Not Applicable,2,Statewide,2
3457,2019,T6,5,Gasoline,1976,ICE,Not Applicable,2,Statewide,2
3458,2019,T6,5,Gasoline,1985,ICE,Not Applicable,1,Statewide,2
3459,2019,T5,3,Gasoline,1985,ICE,Not Applicable,3,Statewide,2
3460,2019,T5,3,Gasoline,1980,ICE,Not Applicable,1,Statewide,2
3461,2019,T4,Unknown,Gasoline,2020,ICE,Not Applicable,≥4,Statewide,2
3462,2019,T4,Unknown,Gasoline,1984,ICE,Not Applicable,2,Statewide,2
3463,2019,T4,Unknown,Gasoline,1977,ICE,Not Applicable,2,Statewide,2
3464,2019,T4,Unknown,Gasoline,1976,ICE,Not Applicable,3,Statewide,2
3465,2019,T3,2,Gasoline,2009,ICE,Not Applicable,Unknown,Statewide,2
3466,2019,T3,Unknown,Gasoline,2008,ICE,Not Applicable,Unknown,Statewide,2
3467,2019,T3,2,Gasoline,2005,ICE,Not Applicable,Unknown,Statewide,2
3468,2019,T2,1,Gasoline,2021,PHEV,Unknown,≥4,Statewide,2
3469,2019,T2,1,Gasoline,2021,PHEV,0 to 50 miles,1,Statewide,2
3470,2019,T5,3,Gasoline,1982,ICE,Not Applicable,3,Statewide,2
3471,2019,T2,Unknown,Gasoline,2018,PHEV,Unknown,3,Statewide,2
3472,2019,T6,5,Gasoline,1986,ICE,Not Applicable,3,Statewide,2
3473,2019,T6,7,Gasoline,1987,ICE,Not Applicable,2,Statewide,2
3474,2019,T6,7,Gasoline,2005,ICE,Not Applicable,3,Statewide,2
3475,2019,T6,7,Gasoline,2004,ICE,Not Applicable,2,Statewide,2
3476,2019,T6,7,Gasoline,2003,ICE,Not Applicable,2,Statewide,2
3477,2019,T6,Unknown,Gasoline,2002,ICE,Not Applicable,3,Statewide,2
3478,2019,T6,Unknown,Gasoline,2002,ICE,Not Applicable,≥4,Statewide,2
3479,2019,T6,5,Gasoline,2001,ICE,Not Applicable,3,Statewide,2
3480,2019,T6,7,Gasoline,2001,ICE,Not Applicable,3,Statewide,2
3481,2019,T6,Unknown,Gasoline,2000,ICE,Not Applicable,≥4,Statewide,2
3482,2019,T6,5,Gasoline,2000,ICE,Not Applicable,1,Statewide,2
3483,2019,T6,5,Gasoline,1999,ICE,Not Applicable,3,Statewide,2
3484,2019,T6,4,Gasoline,1986,ICE,Not Applicable,≥4,Statewide,2
3485,2019,T6,7,Gasoline,1999,ICE,Not Applicable,3,Statewide,2
3486,2019,T6,7,Gasoline,1997,ICE,Not Applicable,2,Statewide,2
3487,2019,T6,5,Gasoline,1995,ICE,Not Applicable,3,Statewide,2
3488,2019,T6,5,Gasoline,1991,ICE,Not Applicable,3,Statewide,2
3489,2019,T6,5,Gasoline,1990,ICE,Not Applicable,2,Statewide,2
3490,2019,T6,5,Gasoline,1989,ICE,Not Applicable,2,Statewide,2
3491,2019,T6,7,Gasoline,1988,ICE,Not Applicable,2,Statewide,2
3492,2019,T6,4,Gasoline,1987,ICE,Not Applicable,≥4,Statewide,2
3493,2019,T6,5,Gasoline,1987,ICE,Not Applicable,1,Statewide,2
3494,2019,T6,5,Gasoline,1987,ICE,Not Applicable,3,Statewide,2
3495,2019,T6,7,Gasoline,1987,ICE,Not Applicable,1,Statewide,2
3496,2019,T6,7,Gasoline,1998,ICE,Not Applicable,2,Statewide,2
3497,2019,T2,Unknown,Gasoline,2018,PHEV,Unknown,≥4,Statewide,2
3498,2019,T2,1,Gasoline,2018,PHEV,Unknown,1,Statewide,2
3499,2019,T2,1,Gasoline,2017,PHEV,Unknown,2,Statewide,2
3500,2019,BS,Not Applicable,Gasoline,1985,ICE,Not Applicable,3,Statewide,2
3501,2019,BS,Not Applicable,Gasoline,1984,ICE,Not Applicable,1,Statewide,2
3502,2019,BS,Not Applicable,Gasoline,1983,ICE,Not Applicable,2,Statewide,2
3503,2019,BS,Not Applicable,Gasoline,1983,ICE,Not Applicable,3,Statewide,2
3504,2019,BS,Not Applicable,Gasoline,1981,ICE,Not Applicable,2,Statewide,2
3505,2019,BS,Not Applicable,Gasoline,1980,ICE,Not Applicable,3,Statewide,2
3506,2019,BS,Not Applicable,Gasoline,1978,ICE,Not Applicable,2,Statewide,2
3507,2019,BS,Not Applicable,Gasoline,1976,ICE,Not Applicable,3,Statewide,2
3508,2019,B,Not Applicable,Gasoline,1989,ICE,Not Applicable,2,Statewide,2
3509,2019,B,Not Applicable,Gasoline,1987,ICE,Not Applicable,2,Statewide,2
3510,2019,BS,Not Applicable,Gasoline,1986,ICE,Not Applicable,2,Statewide,2
3511,2019,B,Not Applicable,Gasoline,1985,ICE,Not Applicable,1,Statewide,2
3512,2019,B,Not Applicable,Gasoline,1983,ICE,Not Applicable,2,Statewide,2
3513,2019,B,Not Applicable,Gasoline,1983,ICE,Not Applicable,3,Statewide,2
3514,2019,B,Not Applicable,Gasoline,1982,ICE,Not Applicable,2,Statewide,2
3515,2019,B,Not Applicable,Gasoline,1978,ICE,Not Applicable,3,Statewide,2
3516,2019,B,Not Applicable,Gasoline,1976,ICE,Not Applicable,2,Statewide,2
3517,2019,T6,5,Electric,2017,BEV,Unknown,1,Statewide,2
3518,2019,T4,2,Electric,2020,BEV,Unknown,1,Statewide,2
3519,2019,T4,2,Electric,2019,BEV,Unknown,≥4,Statewide,2
3520,2019,T4,Unknown,Electric,2011,BEV,Unknown,≥4,Statewide,2
3521,2019,T4,2,Electric,2001,BEV,Unknown,≥4,Statewide,2
3522,2019,B,Not Applicable,Gasoline,1984,ICE,Not Applicable,2,Statewide,2
3523,2019,BS,Not Applicable,Gasoline,1990,ICE,Not Applicable,2,Statewide,2
3524,2019,BS,Not Applicable,Gasoline,1991,ICE,Not Applicable,2,Statewide,2
3525,2019,BS,Not Applicable,Gasoline,1992,ICE,Not Applicable,3,Statewide,2
3526,2019,T2,1,Gasoline,2017,PHEV,Unknown,≥4,Statewide,2
3527,2019,T2,Unknown,Gasoline,2006,ICE,Not Applicable,Unknown,Statewide,2
3528,2019,P,Not Applicable,Gasoline,2015,BEV,Unknown,≥4,Statewide,2
3529,2019,BT,Not Applicable,Gasoline,2020,ICE,Not Applicable,1,Statewide,2
3530,2019,BT,Not Applicable,Gasoline,2016,ICE,Not Applicable,3,Statewide,2
3531,2019,BT,Not Applicable,Gasoline,2014,ICE,Not Applicable,2,Statewide,2
3532,2019,BT,Not Applicable,Gasoline,2014,ICE,Not Applicable,3,Statewide,2
3533,2019,BT,Not Applicable,Gasoline,2007,ICE,Not Applicable,1,Statewide,2
3534,2019,BT,Not Applicable,Gasoline,2005,ICE,Not Applicable,1,Statewide,2
3535,2019,BT,Not Applicable,Gasoline,2004,ICE,Not Applicable,2,Statewide,2
3536,2019,BT,Not Applicable,Gasoline,2003,ICE,Not Applicable,2,Statewide,2
3537,2019,BT,Not Applicable,Gasoline,1991,ICE,Not Applicable,2,Statewide,2
3538,2019,BT,Not Applicable,Gasoline,1989,ICE,Not Applicable,2,Statewide,2
3539,2019,BS,Not Applicable,Gasoline,2017,ICE,Not Applicable,2,Statewide,2
3540,2019,BS,Not Applicable,Gasoline,2012,ICE,Not Applicable,2,Statewide,2
3541,2019,BS,Not Applicable,Gasoline,2008,ICE,Not Applicable,1,Statewide,2
3542,2019,BS,Not Applicable,Gasoline,2008,ICE,Not Applicable,2,Statewide,2
3543,2019,BS,Not Applicable,Gasoline,2006,ICE,Not Applicable,2,Statewide,2
3544,2019,BS,Not Applicable,Gasoline,2006,ICE,Not Applicable,3,Statewide,2
3545,2019,BS,Not Applicable,Gasoline,2004,ICE,Not Applicable,3,Statewide,2
3546,2019,BS,Not Applicable,Gasoline,2003,ICE,Not Applicable,2,Statewide,2
3547,2019,BS,Not Applicable,Gasoline,2000,ICE,Not Applicable,2,Statewide,2
3548,2019,BS,Not Applicable,Gasoline,2000,ICE,Not Applicable,3,Statewide,2
3549,2019,T4,2,Diesel,2006,ICE,Not Applicable,Unknown,Statewide,2
3550,2019,T6,7,Gasoline,2005,ICE,Not Applicable,2,Statewide,2
3551,2019,T4,Unknown,Diesel,1985,ICE,Not Applicable,1,Statewide,2
3552,2019,T4,Unknown,Diesel,1984,ICE,Not Applicable,3,Statewide,2
3553,2019,T7,8,Natural Gas,2011,ICE,Not Applicable,2,Statewide,1
3554,2019,T7,8,Natural Gas,2010,ICE,Not Applicable,2,Statewide,1
3555,2019,T7,8,Natural Gas,2007,ICE,Not Applicable,2,Statewide,1
3556,2019,T7,8,Natural Gas,1999,ICE,Not Applicable,≥4,Statewide,1
3557,2019,T7,8,Natural Gas,1997,ICE,Not Applicable,≥4,Statewide,1
3558,2019,T7,8,Natural Gas,1987,ICE,Not Applicable,≥4,Statewide,1
3559,2019,T6,7,Natural Gas,2021,ICE,Not Applicable,2,Statewide,1
3560,2019,T6,Unknown,Natural Gas,2020,ICE,Not Applicable,1,Statewide,1
3561,2019,T6,4,Natural Gas,2020,ICE,Not Applicable,2,Statewide,1
3562,2019,T6,4,Natural Gas,2020,ICE,Not Applicable,3,Statewide,1
3563,2019,T7,8,Natural Gas,2012,ICE,Not Applicable,2,Statewide,1
3564,2019,T6,7,Natural Gas,2020,ICE,Not Applicable,1,Statewide,1
3565,2019,T6,6,Natural Gas,2018,ICE,Not Applicable,1,Statewide,1
3566,2019,T6,7,Natural Gas,2018,ICE,Not Applicable,3,Statewide,1
3567,2019,T6,7,Natural Gas,2017,ICE,Not Applicable,1,Statewide,1
3568,2019,T6,Unknown,Natural Gas,2015,ICE,Not Applicable,≥4,Statewide,1
3569,2019,T6,4,Natural Gas,2015,ICE,Not Applicable,1,Statewide,1
3570,2019,T6,5,Natural Gas,2015,ICE,Not Applicable,1,Statewide,1
3571,2019,T6,5,Natural Gas,2015,ICE,Not Applicable,≥4,Statewide,1
3572,2019,T6,7,Natural Gas,2014,ICE,Not Applicable,≥4,Statewide,1
3573,2019,T6,6,Natural Gas,2011,ICE,Not Applicable,1,Statewide,1
3574,2019,T6,6,Natural Gas,2011,ICE,Not Applicable,2,Statewide,1
3575,2019,T6,4,Natural Gas,2019,ICE,Not Applicable,1,Statewide,1
3576,2019,T6,6,Natural Gas,2010,ICE,Not Applicable,2,Statewide,1
3577,2019,T7,8,Natural Gas,2020,ICE,Not Applicable,2,Statewide,1
3578,2019,B,Not Applicable,Diesel,1978,ICE,Not Applicable,2,Statewide,2
3579,2019,BT,Not Applicable,Diesel,1985,ICE,Not Applicable,3,Statewide,2
3580,2019,BT,Not Applicable,Diesel,1980,ICE,Not Applicable,2,Statewide,2
3581,2019,BT,Not Applicable,Diesel,1979,ICE,Not Applicable,2,Statewide,2
3582,2019,BS,Not Applicable,Diesel,2021,ICE,Not Applicable,3,Statewide,2
3583,2019,BS,Not Applicable,Diesel,2016,ICE,Not Applicable,3,Statewide,2
3584,2019,BS,Not Applicable,Diesel,1989,ICE,Not Applicable,3,Statewide,2
3585,2019,BS,Not Applicable,Diesel,1988,ICE,Not Applicable,1,Statewide,2
3586,2019,BS,Not Applicable,Diesel,1988,ICE,Not Applicable,2,Statewide,2
3587,2019,BS,Not Applicable,Diesel,1986,ICE,Not Applicable,3,Statewide,2
3588,2019,BS,Not Applicable,Diesel,1983,ICE,Not Applicable,2,Statewide,2
3589,2019,B,Not Applicable,Diesel,1977,ICE,Not Applicable,3,Statewide,2
3590,2019,BS,Not Applicable,Diesel,1981,ICE,Not Applicable,3,Statewide,2
3591,2019,BS,Not Applicable,Diesel,1978,ICE,Not Applicable,3,Statewide,2
3592,2019,BS,Not Applicable,Diesel,1977,ICE,Not Applicable,2,Statewide,2
3593,2019,BS,Not Applicable,Diesel,1977,ICE,Not Applicable,3,Statewide,2
3594,2019,BS,Not Applicable,Diesel,1976,ICE,Not Applicable,2,Statewide,2
3595,2019,BS,Not Applicable,Diesel,1976,ICE,Not Applicable,3,Statewide,2
3596,2019,B,Not Applicable,Diesel,2021,ICE,Not Applicable,1,Statewide,2
3597,2019,B,Not Applicable,Diesel,2021,ICE,Not Applicable,2,Statewide,2
3598,2019,B,Not Applicable,Diesel,2015,ICE,Not Applicable,2,Statewide,2
3599,2019,B,Not Applicable,Diesel,2015,ICE,Not Applicable,3,Statewide,2
3600,2019,B,Not Applicable,Diesel,1983,ICE,Not Applicable,2,Statewide,2
3601,2019,BS,Not Applicable,Diesel,1980,ICE,Not Applicable,1,Statewide,2
3602,2019,BT,Not Applicable,Diesel,1987,ICE,Not Applicable,2,Statewide,2
3603,2019,T6,7,Natural Gas,2010,ICE,Not Applicable,1,Statewide,1
3604,2019,T6,6,Natural Gas,2009,ICE,Not Applicable,3,Statewide,1
3605,2019,T4,Unknown,Natural Gas,2003,ICE,Not Applicable,3,Statewide,1
3606,2019,T4,2,Natural Gas,2003,ICE,Not Applicable,1,Statewide,1
3607,2019,T4,Unknown,Natural Gas,2002,ICE,Not Applicable,2,Statewide,1
3608,2019,T4,Unknown,Natural Gas,2002,ICE,Not Applicable,3,Statewide,1
3609,2019,T4,2,Natural Gas,2002,ICE,Not Applicable,2,Statewide,1
3610,2019,T4,2,Natural Gas,2001,ICE,Not Applicable,2,Statewide,1
3611,2019,T4,Unknown,Natural Gas,2000,ICE,Not Applicable,1,Statewide,1
3612,2019,T4,Unknown,Natural Gas,2000,ICE,Not Applicable,≥4,Statewide,1
3613,2019,T4,2,Natural Gas,1999,ICE,Not Applicable,1,Statewide,1
3614,2019,T4,2,Natural Gas,1999,ICE,Not Applicable,2,Statewide,1
3615,2019,T4,Unknown,Natural Gas,2003,ICE,Not Applicable,2,Statewide,1
3616,2019,T4,2,Natural Gas,1999,ICE,Not Applicable,≥4,Statewide,1
3617,2019,T4,2,Natural Gas,1998,ICE,Not Applicable,2,Statewide,1
3618,2019,T4,Unknown,Natural Gas,1994,ICE,Not Applicable,≥4,Statewide,1
3619,2019,T4,Unknown,Natural Gas,1993,ICE,Not Applicable,≥4,Statewide,1
3620,2019,T4,Unknown,Natural Gas,1991,ICE,Not Applicable,≥4,Statewide,1
3621,2019,T4,Unknown,Natural Gas,1987,ICE,Not Applicable,≥4,Statewide,1
3622,2019,T3,2,Natural Gas,2020,ICE,Not Applicable,2,Statewide,1
3623,2019,T3,Unknown,Natural Gas,2019,ICE,Not Applicable,≥4,Statewide,1
3624,2019,T3,2,Natural Gas,2019,ICE,Not Applicable,3,Statewide,1
3625,2019,T3,Unknown,Natural Gas,2018,ICE,Not Applicable,2,Statewide,1
3626,2019,T3,Unknown,Natural Gas,2018,ICE,Not Applicable,≥4,Statewide,1
3627,2019,T4,Unknown,Natural Gas,1998,ICE,Not Applicable,≥4,Statewide,1
3628,2019,T6,6,Natural Gas,2009,ICE,Not Applicable,2,Statewide,1
3629,2019,T4,2,Natural Gas,2004,ICE,Not Applicable,2,Statewide,1
3630,2019,T4,2,Natural Gas,2006,ICE,Not Applicable,3,Statewide,1
3631,2019,T6,7,Natural Gas,2009,ICE,Not Applicable,1,Statewide,1
3632,2019,T6,7,Natural Gas,2008,ICE,Not Applicable,1,Statewide,1
3633,2019,T6,7,Natural Gas,2008,ICE,Not Applicable,3,Statewide,1
3634,2019,T6,4,Natural Gas,2007,ICE,Not Applicable,1,Statewide,1
3635,2019,T6,5,Natural Gas,2007,ICE,Not Applicable,1,Statewide,1
3636,2019,T6,5,Natural Gas,2007,ICE,Not Applicable,≥4,Statewide,1
3637,2019,T6,4,Natural Gas,2006,ICE,Not Applicable,1,Statewide,1
3638,2019,T6,5,Natural Gas,2005,ICE,Not Applicable,3,Statewide,1
3639,2019,T6,4,Natural Gas,2003,ICE,Not Applicable,1,Statewide,1
3640,2019,T6,4,Natural Gas,2002,ICE,Not Applicable,1,Statewide,1
3641,2019,T4,Unknown,Natural Gas,2004,ICE,Not Applicable,2,Statewide,1
3642,2019,T6,6,Natural Gas,2001,ICE,Not Applicable,≥4,Statewide,1
3643,2019,T6,Unknown,Natural Gas,1983,ICE,Not Applicable,≥4,Statewide,1
3644,2019,T4,Unknown,Natural Gas,2018,ICE,Not Applicable,≥4,Statewide,1
3645,2019,T4,2,Natural Gas,2018,ICE,Not Applicable,1,Statewide,1
3646,2019,T4,2,Natural Gas,2018,ICE,Not Applicable,3,Statewide,1
3647,2019,T4,2,Natural Gas,2017,ICE,Not Applicable,2,Statewide,1
3648,2019,T4,2,Natural Gas,2012,ICE,Not Applicable,1,Statewide,1
3649,2019,T4,2,Natural Gas,2009,ICE,Not Applicable,3,Statewide,1
3650,2019,T4,Unknown,Natural Gas,2008,ICE,Not Applicable,3,Statewide,1
3651,2019,T4,2,Natural Gas,2008,ICE,Not Applicable,3,Statewide,1
3652,2019,T4,Unknown,Natural Gas,2006,ICE,Not Applicable,2,Statewide,1
3653,2019,T6,Unknown,Natural Gas,2000,ICE,Not Applicable,≥4,Statewide,1
3654,2019,BT,Not Applicable,Diesel,1989,ICE,Not Applicable,3,Statewide,2
3655,2019,BT,Not Applicable,Diesel,1990,ICE,Not Applicable,2,Statewide,2
3656,2019,BT,Not Applicable,Diesel,1993,ICE,Not Applicable,2,Statewide,2
3657,2019,T2,1,Diesel,2008,ICE,Not Applicable,3,Statewide,2
3658,2019,T2,Unknown,Diesel,2006,ICE,Not Applicable,2,Statewide,2
3659,2019,T2,Unknown,Diesel,2006,ICE,Not Applicable,3,Statewide,2
3660,2019,T2,Unknown,Diesel,2006,ICE,Not Applicable,≥4,Statewide,2
3661,2019,T2,1,Diesel,2006,ICE,Not Applicable,3,Statewide,2
3662,2019,T2,1,Diesel,2005,ICE,Not Applicable,2,Statewide,2
3663,2019,T2,Unknown,Diesel,2004,ICE,Not Applicable,≥4,Statewide,2
3664,2019,T2,Unknown,Diesel,1999,ICE,Not Applicable,2,Statewide,2
3665,2019,T2,Unknown,Diesel,1999,ICE,Not Applicable,≥4,Statewide,2
3666,2019,T2,Unknown,Diesel,1995,ICE,Not Applicable,3,Statewide,2
3667,2019,T2,Unknown,Diesel,2008,ICE,Not Applicable,3,Statewide,2
3668,2019,T2,1,Diesel,1992,ICE,Not Applicable,≥4,Statewide,2
3669,2019,T2,Unknown,Diesel,1990,ICE,Not Applicable,2,Statewide,2
3670,2019,T2,Unknown,Diesel,1989,ICE,Not Applicable,1,Statewide,2
3671,2019,T2,Unknown,Diesel,1988,ICE,Not Applicable,1,Statewide,2
3672,2019,T2,Unknown,Diesel,1988,ICE,Not Applicable,2,Statewide,2
3673,2019,T2,Unknown,Diesel,1985,ICE,Not Applicable,1,Statewide,2
3674,2019,T2,Unknown,Diesel,1984,ICE,Not Applicable,3,Statewide,2
3675,2019,T2,Unknown,Diesel,1983,ICE,Not Applicable,1,Statewide,2
3676,2019,T2,Unknown,Diesel,1981,ICE,Not Applicable,1,Statewide,2
3677,2019,T2,Unknown,Diesel,1981,ICE,Not Applicable,3,Statewide,2
3678,2019,T2,1,Diesel,1975,ICE,Not Applicable,≥4,Statewide,2
3679,2019,T2,1,Diesel,1991,ICE,Not Applicable,2,Statewide,2
3680,2019,T1,Unknown,Diesel,2019,ICE,Not Applicable,≥4,Statewide,2
3681,2019,T2,Unknown,Diesel,2009,ICE,Not Applicable,1,Statewide,2
3682,2019,T2,1,Diesel,2016,ICE,Not Applicable,1,Statewide,2
3683,2019,T4,2,Diesel,1983,ICE,Not Applicable,≥4,Statewide,2
3684,2019,T4,2,Diesel,1981,ICE,Not Applicable,≥4,Statewide,2
3685,2019,T4,Unknown,Diesel,1976,ICE,Not Applicable,2,Statewide,2
3686,2019,T3,Unknown,Diesel,2004,ICE,Not Applicable,1,Statewide,2
3687,2019,T3,Unknown,Diesel,2004,ICE,Not Applicable,3,Statewide,2
3688,2019,T3,Unknown,Diesel,2003,ICE,Not Applicable,3,Statewide,2
3689,2019,T3,Unknown,Diesel,2002,ICE,Not Applicable,2,Statewide,2
3690,2019,T3,Unknown,Diesel,1998,ICE,Not Applicable,1,Statewide,2
3691,2019,T3,Unknown,Diesel,1996,ICE,Not Applicable,≥4,Statewide,2
3692,2019,T3,2,Diesel,1995,ICE,Not Applicable,2,Statewide,2
3693,2019,T2,Unknown,Diesel,2010,ICE,Not Applicable,1,Statewide,2
3694,2019,T3,2,Diesel,1994,ICE,Not Applicable,1,Statewide,2
3695,2019,T3,2,Diesel,1993,ICE,Not Applicable,2,Statewide,2
3696,2019,T3,2,Diesel,1993,ICE,Not Applicable,3,Statewide,2
3697,2019,T3,Unknown,Diesel,1992,ICE,Not Applicable,1,Statewide,2
3698,2019,T3,Unknown,Diesel,1986,ICE,Not Applicable,3,Statewide,2
3699,2019,T3,Unknown,Diesel,1985,ICE,Not Applicable,2,Statewide,2
3700,2019,T3,2,Diesel,1983,ICE,Not Applicable,3,Statewide,2
3701,2019,T3,Unknown,Diesel,1982,ICE,Not Applicable,3,Statewide,2
3702,2019,T3,Unknown,Diesel,1981,ICE,Not Applicable,≥4,Statewide,2
3703,2019,T3,Unknown,Diesel,1980,ICE,Not Applicable,1,Statewide,2
3704,2019,T3,Unknown,Diesel,1976,ICE,Not Applicable,3,Statewide,2
3705,2019,T3,Unknown,Diesel,1993,ICE,Not Applicable,1,Statewide,2
3706,2019,T1,Unknown,Diesel,2014,ICE,Not Applicable,1,Statewide,2
3707,2019,T1,Unknown,Diesel,2012,ICE,Not Applicable,1,Statewide,2
3708,2019,T1,Unknown,Diesel,2012,ICE,Not Applicable,2,Statewide,2
3709,2019,MC,Not Applicable,Diesel,2018,ICE,Not Applicable,2,Statewide,2
3710,2019,MC,Not Applicable,Diesel,2017,ICE,Not Applicable,≥4,Statewide,2
3711,2019,MC,Not Applicable,Diesel,2015,ICE,Not Applicable,3,Statewide,2
3712,2019,MC,Not Applicable,Diesel,2014,ICE,Not Applicable,3,Statewide,2
3713,2019,MC,Not Applicable,Diesel,2013,ICE,Not Applicable,3,Statewide,2
3714,2019,MC,Not Applicable,Diesel,2010,ICE,Not Applicable,2,Statewide,2
3715,2019,MC,Not Applicable,Diesel,2008,ICE,Not Applicable,3,Statewide,2
3716,2019,MC,Not Applicable,Diesel,2006,ICE,Not Applicable,≥4,Statewide,2
3717,2019,MC,Not Applicable,Diesel,2004,ICE,Not Applicable,1,Statewide,2
3718,2019,MC,Not Applicable,Diesel,2002,ICE,Not Applicable,2,Statewide,2
3719,2019,MC,Not Applicable,Diesel,2019,ICE,Not Applicable,≥4,Statewide,2
3720,2019,MC,Not Applicable,Diesel,1988,ICE,Not Applicable,3,Statewide,2
3721,2019,BT,Not Applicable,Diesel,2017,ICE,Not Applicable,1,Statewide,2
3722,2019,BT,Not Applicable,Diesel,2013,ICE,Not Applicable,2,Statewide,2
3723,2019,BT,Not Applicable,Diesel,2011,ICE,Not Applicable,2,Statewide,2
3724,2019,BT,Not Applicable,Diesel,2007,ICE,Not Applicable,2,Statewide,2
3725,2019,BT,Not Applicable,Diesel,2005,ICE,Not Applicable,3,Statewide,2
3726,2019,BT,Not Applicable,Diesel,2003,ICE,Not Applicable,1,Statewide,2
3727,2019,BT,Not Applicable,Diesel,2001,ICE,Not Applicable,1,Statewide,2
3728,2019,BT,Not Applicable,Diesel,2000,ICE,Not Applicable,1,Statewide,2
3729,2019,BT,Not Applicable,Diesel,1997,ICE,Not Applicable,2,Statewide,2
3730,2019,BT,Not Applicable,Diesel,1996,ICE,Not Applicable,2,Statewide,2
3731,2019,MC,Not Applicable,Diesel,1978,ICE,Not Applicable,≥4,Statewide,2
3732,2019,MH,Not Applicable,Diesel,1977,ICE,Not Applicable,2,Statewide,2
3733,2019,MH,Not Applicable,Diesel,1978,ICE,Not Applicable,3,Statewide,2
3734,2019,MH,Not Applicable,Diesel,1978,ICE,Not Applicable,1,Statewide,2
3735,2019,T1,1,Diesel,2008,ICE,Not Applicable,2,Statewide,2
3736,2019,T1,1,Diesel,2007,ICE,Not Applicable,2,Statewide,2
3737,2019,T1,1,Diesel,2005,ICE,Not Applicable,1,Statewide,2
3738,2019,T1,1,Diesel,2005,ICE,Not Applicable,2,Statewide,2
3739,2019,T1,Unknown,Diesel,2001,ICE,Not Applicable,3,Statewide,2
3740,2019,T1,Unknown,Diesel,2000,ICE,Not Applicable,1,Statewide,2
3741,2019,T1,Unknown,Diesel,1995,ICE,Not Applicable,3,Statewide,2
3742,2019,T1,Unknown,Diesel,1992,ICE,Not Applicable,1,Statewide,2
3743,2019,T1,Unknown,Diesel,1991,ICE,Not Applicable,1,Statewide,2
3744,2019,T1,Unknown,Diesel,1991,ICE,Not Applicable,3,Statewide,2
3745,2019,T1,Unknown,Diesel,1989,ICE,Not Applicable,1,Statewide,2
3746,2019,T1,Unknown,Diesel,1988,ICE,Not Applicable,1,Statewide,2
3747,2019,T1,Unknown,Diesel,1984,ICE,Not Applicable,3,Statewide,2
3748,2019,T1,1,Diesel,1984,ICE,Not Applicable,2,Statewide,2
3749,2019,T1,Unknown,Diesel,1982,ICE,Not Applicable,3,Statewide,2
3750,2019,T1,Unknown,Diesel,1980,ICE,Not Applicable,3,Statewide,2
3751,2019,T1,Unknown,Diesel,1980,ICE,Not Applicable,≥4,Statewide,2
3752,2019,T1,1,Diesel,1980,ICE,Not Applicable,2,Statewide,2
3753,2019,T1,1,Diesel,1979,ICE,Not Applicable,≥4,Statewide,2
3754,2019,T1,Unknown,Diesel,1978,ICE,Not Applicable,1,Statewide,2
3755,2019,MH,Not Applicable,Diesel,1985,ICE,Not Applicable,2,Statewide,2
3756,2019,MH,Not Applicable,Diesel,1983,ICE,Not Applicable,2,Statewide,2
3757,2019,MH,Not Applicable,Diesel,1982,ICE,Not Applicable,2,Statewide,2
3758,2019,T4,Unknown,Diesel,1985,ICE,Not Applicable,2,Statewide,2
3759,2019,T3,2,Natural Gas,2018,ICE,Not Applicable,2,Statewide,1
3760,2019,T6,7,Gasoline,2005,ICE,Not Applicable,1,Statewide,2
3761,2019,T6,7,Gasoline,2006,ICE,Not Applicable,2,Statewide,2
3762,2019,P,Not Applicable,Electric,2001,BEV,Unknown,2,Statewide,3
3763,2019,P,Not Applicable,Electric,2000,BEV,Unknown,3,Statewide,3
3764,2019,P,Not Applicable,Electric,1999,BEV,Unknown,3,Statewide,3
3765,2019,P,Not Applicable,Electric,1998,BEV,Unknown,3,Statewide,3
3766,2019,P,Not Applicable,Electric,1997,BEV,Unknown,≥4,Statewide,3
3767,2019,P,Not Applicable,Electric,1996,BEV,Unknown,≥4,Statewide,3
3768,2019,P,Not Applicable,Electric,1995,BEV,Unknown,≥4,Statewide,3
3769,2019,P,Not Applicable,Electric,1992,BEV,Unknown,≥4,Statewide,3
3770,2019,P,Not Applicable,Electric,1991,BEV,Unknown,≥4,Statewide,3
3771,2019,P,Not Applicable,Electric,1989,BEV,Unknown,≥4,Statewide,3
3772,2019,P,Not Applicable,Electric,2001,BEV,Unknown,1,Statewide,3
3773,2019,P,Not Applicable,Electric,1985,BEV,Unknown,2,Statewide,3
3774,2019,P,Not Applicable,Electric,1982,BEV,Unknown,≥4,Statewide,3
3775,2019,P,Not Applicable,Electric,1981,BEV,Unknown,≥4,Statewide,3
3776,2019,P,Not Applicable,Electric,1980,BEV,Unknown,≥4,Statewide,3
3777,2019,P,Not Applicable,Electric,1979,BEV,Unknown,≥4,Statewide,3
3778,2019,MC,Not Applicable,Electric,2008,BEV,Unknown,≥4,Statewide,3
3779,2019,MC,Not Applicable,Electric,2007,BEV,Unknown,≥4,Statewide,3
3780,2019,MC,Not Applicable,Electric,1992,BEV,Unknown,≥4,Statewide,3
3781,2019,BT,Not Applicable,Electric,2020,BEV,Unknown,≥4,Statewide,3
3782,2019,BT,Not Applicable,Electric,2007,BEV,Unknown,≥4,Statewide,3
3783,2019,B,Not Applicable,Electric,2018,BEV,Unknown,≥4,Statewide,3
3784,2019,P,Not Applicable,Electric,1984,BEV,Unknown,≥4,Statewide,3
3785,2019,B,Not Applicable,Electric,2014,BEV,Unknown,3,Statewide,3
3786,2019,T1,Unknown,Electric,1977,BEV,Unknown,≥4,Statewide,3
3787,2019,T1,Unknown,Electric,1983,BEV,Unknown,≥4,Statewide,3
3788,2019,T5,3,Electric,2012,BEV,Unknown,≥4,Statewide,3
3789,2019,T4,Unknown,Electric,2012,BEV,Unknown,≥4,Statewide,3
3790,2019,T4,Unknown,Electric,1992,BEV,Unknown,≥4,Statewide,3
3791,2019,T4,Unknown,Electric,1990,BEV,Unknown,3,Statewide,3
3792,2019,T4,Unknown,Electric,1979,BEV,Unknown,≥4,Statewide,3
3793,2019,T3,Unknown,Electric,2006,BEV,Unknown,≥4,Statewide,3
3794,2019,T3,Unknown,Electric,1998,BEV,Unknown,3,Statewide,3
3795,2019,T3,Unknown,Electric,1994,BEV,Unknown,≥4,Statewide,3
3796,2019,T2,Unknown,Electric,2017,BEV,Unknown,3,Statewide,3
3797,2019,T2,1,Electric,2017,BEV,51 to 100 miles,2,Statewide,3
3798,2019,T1,Unknown,Electric,1982,BEV,Unknown,≥4,Statewide,3
3799,2019,T2,Unknown,Electric,2012,BEV,Unknown,2,Statewide,3
3800,2019,T2,Unknown,Electric,1985,BEV,Unknown,≥4,Statewide,3
3801,2019,T1,Unknown,Electric,2013,BEV,Unknown,1,Statewide,3
3802,2019,T1,Unknown,Electric,2013,BEV,Unknown,3,Statewide,3
3803,2019,T1,Unknown,Electric,2011,BEV,Unknown,3,Statewide,3
3804,2019,T1,Unknown,Electric,2010,BEV,Unknown,≥4,Statewide,3
3805,2019,T1,Unknown,Electric,2008,BEV,Unknown,≥4,Statewide,3
3806,2019,T1,Unknown,Electric,2007,BEV,Unknown,3,Statewide,3
3807,2019,T1,Unknown,Electric,2001,BEV,Unknown,≥4,Statewide,3
3808,2019,T1,Unknown,Electric,1990,BEV,Unknown,≥4,Statewide,3
3809,2019,T1,Unknown,Electric,1989,BEV,Unknown,≥4,Statewide,3
3810,2019,T2,Unknown,Electric,2005,BEV,Unknown,≥4,Statewide,3
3811,2019,B,Not Applicable,Gasoline,1977,ICE,Not Applicable,2,Statewide,3
3812,2019,B,Not Applicable,Electric,2006,BEV,Unknown,≥4,Statewide,3
3813,2019,T7,8,Diesel,1976,ICE,Not Applicable,3,Statewide,3
3814,2019,T6,Unknown,Diesel,1977,ICE,Not Applicable,3,Statewide,3
3815,2019,T6,7,Diesel,1977,ICE,Not Applicable,2,Statewide,3
3816,2019,T6,6,Diesel,1975,ICE,Not Applicable,2,Statewide,3
3817,2019,T6,6,Diesel,1975,ICE,Not Applicable,3,Statewide,3
3818,2019,T5,3,Diesel,1976,ICE,Not Applicable,≥4,Statewide,3
3819,2019,T4,Unknown,Diesel,1992,ICE,Not Applicable,1,Statewide,3
3820,2019,T4,2,Diesel,1985,ICE,Not Applicable,2,Statewide,3
3821,2019,T4,Unknown,Diesel,1982,ICE,Not Applicable,1,Statewide,3
3822,2019,T3,Unknown,Diesel,2008,ICE,Not Applicable,1,Statewide,3
3823,2019,T3,Unknown,Diesel,2007,ICE,Not Applicable,3,Statewide,3
3824,2019,T6,Unknown,Diesel,1977,ICE,Not Applicable,2,Statewide,3
3825,2019,T3,Unknown,Diesel,2004,ICE,Not Applicable,2,Statewide,3
3826,2019,T3,Unknown,Diesel,2002,ICE,Not Applicable,3,Statewide,3
3827,2019,T3,Unknown,Diesel,1999,ICE,Not Applicable,1,Statewide,3
3828,2019,T3,Unknown,Diesel,1995,ICE,Not Applicable,3,Statewide,3
3829,2019,T3,2,Diesel,1995,ICE,Not Applicable,3,Statewide,3
3830,2019,T3,Unknown,Diesel,1994,ICE,Not Applicable,3,Statewide,3
3831,2019,T3,Unknown,Diesel,1994,ICE,Not Applicable,≥4,Statewide,3
3832,2019,T3,2,Diesel,1994,ICE,Not Applicable,3,Statewide,3
3833,2019,T3,Unknown,Diesel,1993,ICE,Not Applicable,3,Statewide,3
3834,2019,T3,2,Diesel,1992,ICE,Not Applicable,3,Statewide,3
3835,2019,T3,2,Diesel,1986,ICE,Not Applicable,3,Statewide,3
3836,2019,T3,Unknown,Diesel,2004,ICE,Not Applicable,≥4,Statewide,3
3837,2019,B,Not Applicable,Electric,2003,BEV,Unknown,≥4,Statewide,3
3838,2019,T6,7,Diesel,1980,ICE,Not Applicable,2,Statewide,3
3839,2019,T6,6,Diesel,1983,ICE,Not Applicable,1,Statewide,3
3840,2019,T6,4,Diesel,2021,ICE,Not Applicable,1,Statewide,3
3841,2019,T6,Unknown,Diesel,2019,ICE,Not Applicable,3,Statewide,3
3842,2019,T6,Unknown,Diesel,2018,ICE,Not Applicable,2,Statewide,3
3843,2019,T6,Unknown,Diesel,2015,ICE,Not Applicable,1,Statewide,3
3844,2019,T6,Unknown,Diesel,2014,ICE,Not Applicable,1,Statewide,3
3845,2019,T6,Unknown,Diesel,2014,ICE,Not Applicable,2,Statewide,3
3846,2019,T6,Unknown,Diesel,2007,ICE,Not Applicable,3,Statewide,3
3847,2019,T6,Unknown,Diesel,2000,ICE,Not Applicable,1,Statewide,3
3848,2019,T6,Unknown,Diesel,1996,ICE,Not Applicable,1,Statewide,3
3849,2019,T6,5,Diesel,1996,ICE,Not Applicable,2,Statewide,3
3850,2019,T6,Unknown,Diesel,1982,ICE,Not Applicable,2,Statewide,3
3851,2019,T6,Unknown,Diesel,1993,ICE,Not Applicable,1,Statewide,3
3852,2019,T6,5,Diesel,1992,ICE,Not Applicable,3,Statewide,3
3853,2019,T6,Unknown,Diesel,1991,ICE,Not Applicable,1,Statewide,3
3854,2019,T6,4,Diesel,1991,ICE,Not Applicable,3,Statewide,3
3855,2019,T6,4,Diesel,1990,ICE,Not Applicable,3,Statewide,3
3856,2019,T6,5,Diesel,1990,ICE,Not Applicable,2,Statewide,3
3857,2019,T6,5,Diesel,1990,ICE,Not Applicable,3,Statewide,3
3858,2019,T6,4,Diesel,1989,ICE,Not Applicable,≥4,Statewide,3
3859,2019,T6,6,Diesel,1988,ICE,Not Applicable,3,Statewide,3
3860,2019,T6,5,Diesel,1987,ICE,Not Applicable,≥4,Statewide,3
3861,2019,T6,6,Diesel,1986,ICE,Not Applicable,2,Statewide,3
3862,2019,T6,4,Diesel,1992,ICE,Not Applicable,3,Statewide,3
3863,2019,B,Not Applicable,Gasoline,1978,ICE,Not Applicable,1,Statewide,3
3864,2019,B,Not Applicable,Gasoline,1979,ICE,Not Applicable,2,Statewide,3
3865,2019,B,Not Applicable,Gasoline,1980,ICE,Not Applicable,3,Statewide,3
3866,2019,T6,5,Gasoline,1994,ICE,Not Applicable,3,Statewide,3
3867,2019,T6,Unknown,Gasoline,1993,ICE,Not Applicable,≥4,Statewide,3
3868,2019,T6,5,Gasoline,1993,ICE,Not Applicable,1,Statewide,3
3869,2019,T6,5,Gasoline,1993,ICE,Not Applicable,2,Statewide,3
3870,2019,T6,5,Gasoline,1992,ICE,Not Applicable,1,Statewide,3
3871,2019,T6,5,Gasoline,1991,ICE,Not Applicable,1,Statewide,3
3872,2019,T6,4,Gasoline,1989,ICE,Not Applicable,3,Statewide,3
3873,2019,T6,5,Gasoline,1988,ICE,Not Applicable,2,Statewide,3
3874,2019,T6,7,Gasoline,1988,ICE,Not Applicable,3,Statewide,3
3875,2019,T6,7,Gasoline,1986,ICE,Not Applicable,2,Statewide,3
3876,2019,T6,7,Gasoline,1995,ICE,Not Applicable,3,Statewide,3
3877,2019,T6,Unknown,Gasoline,1984,ICE,Not Applicable,1,Statewide,3
3878,2019,T6,7,Gasoline,1983,ICE,Not Applicable,2,Statewide,3
3879,2019,T6,7,Gasoline,1982,ICE,Not Applicable,3,Statewide,3
3880,2019,T6,4,Gasoline,1981,ICE,Not Applicable,≥4,Statewide,3
3881,2019,T6,7,Gasoline,1979,ICE,Not Applicable,3,Statewide,3
3882,2019,T6,7,Gasoline,1978,ICE,Not Applicable,2,Statewide,3
3883,2019,T6,7,Gasoline,1978,ICE,Not Applicable,3,Statewide,3
3884,2019,T6,7,Gasoline,1977,ICE,Not Applicable,2,Statewide,3
3885,2019,T6,7,Gasoline,1977,ICE,Not Applicable,3,Statewide,3
3886,2019,T6,Unknown,Gasoline,1976,ICE,Not Applicable,2,Statewide,3
3887,2019,T6,7,Gasoline,1976,ICE,Not Applicable,2,Statewide,3
3888,2019,T6,7,Gasoline,1984,ICE,Not Applicable,2,Statewide,3
3889,2019,T5,3,Gasoline,2021,ICE,Not Applicable,1,Statewide,3
3890,2019,T6,Unknown,Gasoline,1995,ICE,Not Applicable,≥4,Statewide,3
3891,2019,T6,7,Gasoline,1997,ICE,Not Applicable,3,Statewide,3
3892,2019,T7,8,Gasoline,1990,ICE,Not Applicable,1,Statewide,3
3893,2019,T7,8,Gasoline,1990,ICE,Not Applicable,3,Statewide,3
3894,2019,T7,8,Gasoline,1986,ICE,Not Applicable,1,Statewide,3
3895,2019,T7,8,Gasoline,1983,ICE,Not Applicable,3,Statewide,3
3896,2019,T6,6,Gasoline,2019,ICE,Not Applicable,1,Statewide,3
3897,2019,T6,6,Gasoline,2018,ICE,Not Applicable,3,Statewide,3
3898,2019,T6,6,Gasoline,2017,ICE,Not Applicable,2,Statewide,3
3899,2019,T6,6,Gasoline,2017,ICE,Not Applicable,3,Statewide,3
3900,2019,T6,6,Gasoline,2014,ICE,Not Applicable,2,Statewide,3
3901,2019,T6,7,Gasoline,2014,ICE,Not Applicable,3,Statewide,3
3902,2019,T6,5,Gasoline,1996,ICE,Not Applicable,1,Statewide,3
3903,2019,T6,7,Gasoline,2011,ICE,Not Applicable,1,Statewide,3
3904,2019,T6,7,Gasoline,2008,ICE,Not Applicable,1,Statewide,3
3905,2019,T6,7,Gasoline,2006,ICE,Not Applicable,1,Statewide,3
3906,2019,T6,5,Gasoline,2003,ICE,Not Applicable,≥4,Statewide,3
3907,2019,T6,5,Gasoline,2002,ICE,Not Applicable,3,Statewide,3
3908,2019,T6,5,Gasoline,2001,ICE,Not Applicable,1,Statewide,3
3909,2019,T6,7,Gasoline,2001,ICE,Not Applicable,2,Statewide,3
3910,2019,T6,Unknown,Gasoline,1999,ICE,Not Applicable,≥4,Statewide,3
3911,2019,T6,7,Gasoline,1999,ICE,Not Applicable,2,Statewide,3
3912,2019,T6,5,Gasoline,1998,ICE,Not Applicable,3,Statewide,3
3913,2019,T6,Unknown,Gasoline,1997,ICE,Not Applicable,≥4,Statewide,3
3914,2019,T6,6,Gasoline,2010,ICE,Not Applicable,1,Statewide,3
3915,2019,T5,3,Gasoline,2021,ICE,Not Applicable,2,Statewide,3
3916,2019,T5,3,Gasoline,1984,ICE,Not Applicable,2,Statewide,3
3917,2019,T5,3,Gasoline,1983,ICE,Not Applicable,2,Statewide,3
3918,2019,BS,Not Applicable,Gasoline,2019,ICE,Not Applicable,3,Statewide,3
3919,2019,BS,Not Applicable,Gasoline,2018,ICE,Not Applicable,3,Statewide,3
3920,2019,BS,Not Applicable,Gasoline,2012,ICE,Not Applicable,1,Statewide,3
3921,2019,BS,Not Applicable,Gasoline,2007,ICE,Not Applicable,1,Statewide,3
3922,2019,BS,Not Applicable,Gasoline,2006,ICE,Not Applicable,1,Statewide,3
3923,2019,BS,Not Applicable,Gasoline,2004,ICE,Not Applicable,2,Statewide,3
3924,2019,BS,Not Applicable,Gasoline,1999,ICE,Not Applicable,1,Statewide,3
3925,2019,BS,Not Applicable,Gasoline,1993,ICE,Not Applicable,2,Statewide,3
3926,2019,BS,Not Applicable,Gasoline,1989,ICE,Not Applicable,2,Statewide,3
3927,2019,BS,Not Applicable,Gasoline,1989,ICE,Not Applicable,3,Statewide,3
3928,2019,BS,Not Applicable,Gasoline,2020,ICE,Not Applicable,3,Statewide,3
3929,2019,BS,Not Applicable,Gasoline,1988,ICE,Not Applicable,1,Statewide,3
3930,2019,BS,Not Applicable,Gasoline,1984,ICE,Not Applicable,2,Statewide,3
3931,2019,BS,Not Applicable,Gasoline,1983,ICE,Not Applicable,1,Statewide,3
3932,2019,BS,Not Applicable,Gasoline,1980,ICE,Not Applicable,2,Statewide,3
3933,2019,BS,Not Applicable,Gasoline,1979,ICE,Not Applicable,3,Statewide,3
3934,2019,BS,Not Applicable,Gasoline,1977,ICE,Not Applicable,2,Statewide,3
3935,2019,B,Not Applicable,Gasoline,1993,ICE,Not Applicable,2,Statewide,3
3936,2019,B,Not Applicable,Gasoline,1991,ICE,Not Applicable,3,Statewide,3
3937,2019,B,Not Applicable,Gasoline,1986,ICE,Not Applicable,2,Statewide,3
3938,2019,B,Not Applicable,Gasoline,1985,ICE,Not Applicable,3,Statewide,3
3939,2019,B,Not Applicable,Gasoline,1983,ICE,Not Applicable,1,Statewide,3
3940,2019,BS,Not Applicable,Gasoline,1987,ICE,Not Applicable,1,Statewide,3
3941,2019,BT,Not Applicable,Gasoline,1979,ICE,Not Applicable,1,Statewide,3
3942,2019,BT,Not Applicable,Gasoline,1989,ICE,Not Applicable,1,Statewide,3
3943,2019,BT,Not Applicable,Gasoline,1995,ICE,Not Applicable,1,Statewide,3
3944,2019,T5,3,Gasoline,1981,ICE,Not Applicable,≥4,Statewide,3
3945,2019,T5,3,Gasoline,1980,ICE,Not Applicable,2,Statewide,3
3946,2019,T5,3,Gasoline,1980,ICE,Not Applicable,3,Statewide,3
3947,2019,T5,3,Gasoline,1978,ICE,Not Applicable,1,Statewide,3
3948,2019,T4,Unknown,Gasoline,1983,ICE,Not Applicable,3,Statewide,3
3949,2019,T4,Unknown,Gasoline,1980,ICE,Not Applicable,1,Statewide,3
3950,2019,T4,Unknown,Gasoline,1979,ICE,Not Applicable,3,Statewide,3
3951,2019,T4,Unknown,Gasoline,1978,ICE,Not Applicable,2,Statewide,3
3952,2019,T4,Unknown,Gasoline,1978,ICE,Not Applicable,3,Statewide,3
3953,2019,T4,Unknown,Gasoline,1977,ICE,Not Applicable,3,Statewide,3
3954,2019,T4,Unknown,Gasoline,1976,ICE,Not Applicable,1,Statewide,3
3955,2019,T2,1,Gasoline,2021,PHEV,Unknown,3,Statewide,3
3956,2019,T2,Unknown,Gasoline,2018,PHEV,Unknown,1,Statewide,3
3957,2019,T2,1,Gasoline,2018,PHEV,Unknown,≥4,Statewide,3
3958,2019,T2,Unknown,Gasoline,2017,PHEV,Unknown,≥4,Statewide,3
3959,2019,T2,Unknown,Gasoline,2016,ICE,Not Applicable,Unknown,Statewide,3
3960,2019,T2,1,Gasoline,2016,PHEV,Unknown,≥4,Statewide,3
3961,2019,P,Not Applicable,Gasoline,2014,ICE,Not Applicable,Unknown,Statewide,3
3962,2019,BT,Not Applicable,Gasoline,2015,ICE,Not Applicable,2,Statewide,3
3963,2019,BT,Not Applicable,Gasoline,2013,ICE,Not Applicable,2,Statewide,3
3964,2019,BT,Not Applicable,Gasoline,2011,ICE,Not Applicable,2,Statewide,3
3965,2019,BT,Not Applicable,Gasoline,2010,ICE,Not Applicable,1,Statewide,3
3966,2019,BT,Not Applicable,Gasoline,2002,ICE,Not Applicable,1,Statewide,3
3967,2019,T3,Unknown,Diesel,1984,ICE,Not Applicable,1,Statewide,3
3968,2019,T6,Unknown,Gasoline,2005,ICE,Not Applicable,3,Statewide,2
3969,2019,T3,2,Diesel,1983,ICE,Not Applicable,2,Statewide,3
3970,2019,T3,2,Diesel,1982,ICE,Not Applicable,1,Statewide,3
3971,2019,T3,2,Natural Gas,2000,ICE,Not Applicable,1,Statewide,2
3972,2019,T3,2,Natural Gas,2000,ICE,Not Applicable,3,Statewide,2
3973,2019,T2,Unknown,Natural Gas,2013,ICE,Not Applicable,≥4,Statewide,2
3974,2019,T2,Unknown,Natural Gas,2008,ICE,Not Applicable,≥4,Statewide,2
3975,2019,T2,Unknown,Natural Gas,2006,ICE,Not Applicable,2,Statewide,2
3976,2019,T2,1,Natural Gas,2000,ICE,Not Applicable,≥4,Statewide,2
3977,2019,T2,Unknown,Natural Gas,1999,ICE,Not Applicable,1,Statewide,2
3978,2019,T2,Unknown,Natural Gas,1999,ICE,Not Applicable,2,Statewide,2
3979,2019,T1,Unknown,Natural Gas,2018,ICE,Not Applicable,≥4,Statewide,2
3980,2019,T1,Unknown,Natural Gas,1998,ICE,Not Applicable,≥4,Statewide,2
3981,2019,T3,Unknown,Natural Gas,2001,ICE,Not Applicable,2,Statewide,2
3982,2019,MC,Not Applicable,Natural Gas,2000,ICE,Not Applicable,≥4,Statewide,2
3983,2019,MC,Not Applicable,Natural Gas,1975,ICE,Not Applicable,≥4,Statewide,2
3984,2019,BT,Not Applicable,Natural Gas,2018,ICE,Not Applicable,1,Statewide,2
3985,2019,BT,Not Applicable,Natural Gas,2015,ICE,Not Applicable,2,Statewide,2
3986,2019,BT,Not Applicable,Natural Gas,2012,ICE,Not Applicable,2,Statewide,2
3987,2019,BT,Not Applicable,Natural Gas,2011,ICE,Not Applicable,1,Statewide,2
3988,2019,BT,Not Applicable,Natural Gas,2008,ICE,Not Applicable,1,Statewide,2
3989,2019,BT,Not Applicable,Natural Gas,2008,ICE,Not Applicable,2,Statewide,2
3990,2019,BT,Not Applicable,Natural Gas,2007,ICE,Not Applicable,3,Statewide,2
3991,2019,BT,Not Applicable,Natural Gas,2004,ICE,Not Applicable,2,Statewide,2
3992,2019,BS,Not Applicable,Natural Gas,2020,ICE,Not Applicable,1,Statewide,2
3993,2019,MC,Not Applicable,Natural Gas,1991,ICE,Not Applicable,≥4,Statewide,2
3994,2019,BS,Not Applicable,Natural Gas,2017,ICE,Not Applicable,1,Statewide,2
3995,2019,T3,Unknown,Natural Gas,2001,ICE,Not Applicable,1,Statewide,2
3996,2019,T3,Unknown,Natural Gas,2003,ICE,Not Applicable,3,Statewide,2
3997,2019,T6,7,Natural Gas,2007,ICE,Not Applicable,1,Statewide,2
3998,2019,T6,4,Natural Gas,2006,ICE,Not Applicable,≥4,Statewide,2
3999,2019,T6,7,Natural Gas,2006,ICE,Not Applicable,≥4,Statewide,2
4000,2019,T6,6,Natural Gas,2004,ICE,Not Applicable,≥4,Statewide,2
4001,2019,T6,5,Natural Gas,2003,ICE,Not Applicable,≥4,Statewide,2
4002,2019,T4,2,Natural Gas,2020,ICE,Not Applicable,1,Statewide,2
4003,2019,T4,2,Natural Gas,2018,ICE,Not Applicable,2,Statewide,2
4004,2019,T4,2,Natural Gas,2008,ICE,Not Applicable,2,Statewide,2
4005,2019,T4,2,Natural Gas,2007,ICE,Not Applicable,2,Statewide,2
4006,2019,T4,Unknown,Natural Gas,2005,ICE,Not Applicable,3,Statewide,2
4007,2019,T3,2,Natural Gas,2003,ICE,Not Applicable,3,Statewide,2
4008,2019,T4,Unknown,Natural Gas,2004,ICE,Not Applicable,3,Statewide,2
4009,2019,T4,Unknown,Natural Gas,2002,ICE,Not Applicable,1,Statewide,2
4010,2019,T4,2,Natural Gas,2002,ICE,Not Applicable,1,Statewide,2
4011,2019,T4,Unknown,Natural Gas,2001,ICE,Not Applicable,≥4,Statewide,2
4012,2019,T4,Unknown,Natural Gas,1999,ICE,Not Applicable,≥4,Statewide,2
4013,2019,T3,2,Natural Gas,2016,ICE,Not Applicable,3,Statewide,2
4014,2019,T3,Unknown,Natural Gas,2015,ICE,Not Applicable,≥4,Statewide,2
4015,2019,T3,2,Natural Gas,2015,ICE,Not Applicable,1,Statewide,2
4016,2019,T3,Unknown,Natural Gas,2006,ICE,Not Applicable,1,Statewide,2
4017,2019,T3,Unknown,Natural Gas,2006,ICE,Not Applicable,2,Statewide,2
4018,2019,T3,Unknown,Natural Gas,2004,ICE,Not Applicable,1,Statewide,2
4019,2019,T4,2,Natural Gas,2004,ICE,Not Applicable,1,Statewide,2
4020,2019,T6,6,Natural Gas,2007,ICE,Not Applicable,2,Statewide,2
4021,2019,BS,Not Applicable,Natural Gas,2016,ICE,Not Applicable,2,Statewide,2
4022,2019,BS,Not Applicable,Natural Gas,2009,ICE,Not Applicable,1,Statewide,2
4023,2019,T7,8,Gasoline,1983,ICE,Not Applicable,1,Statewide,2
4024,2019,T7,8,Gasoline,1983,ICE,Not Applicable,2,Statewide,2
4025,2019,T7,8,Gasoline,1981,ICE,Not Applicable,3,Statewide,2
4026,2019,T7,8,Gasoline,1980,ICE,Not Applicable,2,Statewide,2
4027,2019,T7,8,Gasoline,1976,ICE,Not Applicable,2,Statewide,2
4028,2019,T6,Unknown,Gasoline,2020,ICE,Not Applicable,≥4,Statewide,2
4029,2019,T6,6,Gasoline,2020,ICE,Not Applicable,3,Statewide,2
4030,2019,T6,Unknown,Gasoline,2016,ICE,Not Applicable,≥4,Statewide,2
4031,2019,T6,6,Gasoline,2016,ICE,Not Applicable,3,Statewide,2
4032,2019,T6,6,Gasoline,2014,ICE,Not Applicable,3,Statewide,2
4033,2019,T7,8,Gasoline,1984,ICE,Not Applicable,3,Statewide,2
4034,2019,T6,6,Gasoline,2013,ICE,Not Applicable,2,Statewide,2
4035,2019,T6,7,Gasoline,2012,ICE,Not Applicable,1,Statewide,2
4036,2019,T6,Unknown,Gasoline,2011,ICE,Not Applicable,≥4,Statewide,2
4037,2019,T6,7,Gasoline,2011,ICE,Not Applicable,3,Statewide,2
4038,2019,T6,7,Gasoline,2009,ICE,Not Applicable,2,Statewide,2
4039,2019,T6,Unknown,Gasoline,2008,ICE,Not Applicable,2,Statewide,2
4040,2019,T6,Unknown,Gasoline,2008,ICE,Not Applicable,3,Statewide,2
4041,2019,T6,Unknown,Gasoline,2008,ICE,Not Applicable,≥4,Statewide,2
4042,2019,T6,6,Gasoline,2008,ICE,Not Applicable,1,Statewide,2
4043,2019,T6,6,Gasoline,2008,ICE,Not Applicable,2,Statewide,2
4044,2019,T6,Unknown,Gasoline,2006,ICE,Not Applicable,3,Statewide,2
4045,2019,T6,6,Gasoline,2013,ICE,Not Applicable,3,Statewide,2
4046,2019,BS,Not Applicable,Natural Gas,2011,ICE,Not Applicable,1,Statewide,2
4047,2019,T7,8,Gasoline,1992,ICE,Not Applicable,3,Statewide,2
4048,2019,T7,8,Gasoline,1993,ICE,Not Applicable,1,Statewide,2
4049,2019,BS,Not Applicable,Natural Gas,2007,ICE,Not Applicable,1,Statewide,2
4050,2019,BS,Not Applicable,Natural Gas,2006,ICE,Not Applicable,2,Statewide,2
4051,2019,BS,Not Applicable,Natural Gas,2004,ICE,Not Applicable,1,Statewide,2
4052,2019,B,Not Applicable,Natural Gas,2019,ICE,Not Applicable,1,Statewide,2
4053,2019,B,Not Applicable,Natural Gas,2015,ICE,Not Applicable,1,Statewide,2
4054,2019,B,Not Applicable,Natural Gas,2009,ICE,Not Applicable,3,Statewide,2
4055,2019,B,Not Applicable,Natural Gas,2007,ICE,Not Applicable,3,Statewide,2
4056,2019,B,Not Applicable,Natural Gas,2001,ICE,Not Applicable,≥4,Statewide,2
4057,2019,B,Not Applicable,Natural Gas,1997,ICE,Not Applicable,≥4,Statewide,2
4058,2019,T2,Unknown,Hydrogen,2020,FCEV,>150 miles,1,Statewide,2
4059,2019,T7,8,Gasoline,1993,ICE,Not Applicable,3,Statewide,2
4060,2019,T2,Unknown,Hydrogen,2020,FCEV,>150 miles,2,Statewide,2
4061,2019,P,Not Applicable,Hydrogen,2018,FCEV,Unknown,≥4,Statewide,2
4062,2019,P,Not Applicable,Hydrogen,2017,FCEV,Unknown,1,Statewide,2
4063,2019,P,Not Applicable,Hydrogen,2015,FCEV,Unknown,1,Statewide,2
4064,2019,T7,8,Gasoline,2019,ICE,Not Applicable,≥4,Statewide,2
4065,2019,T7,8,Gasoline,2018,ICE,Not Applicable,≥4,Statewide,2
4066,2019,T7,8,Gasoline,2017,ICE,Not Applicable,≥4,Statewide,2
4067,2019,T7,8,Gasoline,2015,ICE,Not Applicable,≥4,Statewide,2
4068,2019,T7,8,Gasoline,2011,ICE,Not Applicable,≥4,Statewide,2
4069,2019,T7,8,Gasoline,2004,ICE,Not Applicable,≥4,Statewide,2
4070,2019,T7,8,Gasoline,2000,ICE,Not Applicable,≥4,Statewide,2
4071,2019,P,Not Applicable,Hydrogen,2021,FCEV,>150 miles,≥4,Statewide,2
4072,2019,T6,4,Natural Gas,2008,ICE,Not Applicable,1,Statewide,2
4073,2019,T6,6,Natural Gas,2014,ICE,Not Applicable,2,Statewide,2
4074,2019,T6,4,Natural Gas,2015,ICE,Not Applicable,3,Statewide,2
4075,2019,T2,Unknown,Diesel,1981,ICE,Not Applicable,≥4,Statewide,3
4076,2019,T2,Unknown,Diesel,1976,ICE,Not Applicable,2,Statewide,3
4077,2019,T2,1,Diesel,1976,ICE,Not Applicable,1,Statewide,3
4078,2019,T1,Unknown,Diesel,2014,ICE,Not Applicable,2,Statewide,3
4079,2019,T1,Unknown,Diesel,2010,ICE,Not Applicable,≥4,Statewide,3
4080,2019,T1,1,Diesel,2006,ICE,Not Applicable,≥4,Statewide,3
4081,2019,T1,Unknown,Diesel,2004,ICE,Not Applicable,3,Statewide,3
4082,2019,T1,Unknown,Diesel,2001,ICE,Not Applicable,1,Statewide,3
4083,2019,T1,Unknown,Diesel,1995,ICE,Not Applicable,1,Statewide,3
4084,2019,T1,Unknown,Diesel,1992,ICE,Not Applicable,2,Statewide,3
4085,2019,T2,Unknown,Diesel,1985,ICE,Not Applicable,3,Statewide,3
4086,2019,T1,1,Diesel,1991,ICE,Not Applicable,3,Statewide,3
4087,2019,T1,Unknown,Diesel,1989,ICE,Not Applicable,2,Statewide,3
4088,2019,T1,Unknown,Diesel,1986,ICE,Not Applicable,1,Statewide,3
4089,2019,T1,Unknown,Diesel,1985,ICE,Not Applicable,2,Statewide,3
4090,2019,T1,Unknown,Diesel,1984,ICE,Not Applicable,1,Statewide,3
4091,2019,T1,Unknown,Diesel,1982,ICE,Not Applicable,1,Statewide,3
4092,2019,T1,Unknown,Diesel,1976,ICE,Not Applicable,2,Statewide,3
4093,2019,MH,Not Applicable,Diesel,1986,ICE,Not Applicable,1,Statewide,3
4094,2019,MH,Not Applicable,Diesel,1985,ICE,Not Applicable,1,Statewide,3
4095,2019,MH,Not Applicable,Diesel,1984,ICE,Not Applicable,1,Statewide,3
4096,2019,MH,Not Applicable,Diesel,1984,ICE,Not Applicable,2,Statewide,3
4097,2019,T1,Unknown,Diesel,1990,ICE,Not Applicable,3,Statewide,3
4098,2019,MH,Not Applicable,Diesel,1983,ICE,Not Applicable,1,Statewide,3
4099,2019,T2,Unknown,Diesel,1986,ICE,Not Applicable,3,Statewide,3
4100,2019,T2,Unknown,Diesel,1989,ICE,Not Applicable,2,Statewide,3
4101,2019,T3,2,Diesel,1981,ICE,Not Applicable,3,Statewide,3
4102,2019,T2,1,Diesel,2015,ICE,Not Applicable,3,Statewide,3
4103,2019,T2,1,Diesel,2015,ICE,Not Applicable,≥4,Statewide,3
4104,2019,T2,1,Diesel,2014,ICE,Not Applicable,1,Statewide,3
4105,2019,T2,Unknown,Diesel,2012,ICE,Not Applicable,3,Statewide,3
4106,2019,T2,1,Diesel,2012,ICE,Not Applicable,1,Statewide,3
4107,2019,T2,1,Diesel,2012,ICE,Not Applicable,3,Statewide,3
4108,2019,T2,Unknown,Diesel,2011,ICE,Not Applicable,≥4,Statewide,3
4109,2019,T2,Unknown,Diesel,2010,ICE,Not Applicable,3,Statewide,3
4110,2019,T2,Unknown,Diesel,2010,ICE,Not Applicable,≥4,Statewide,3
4111,2019,T2,Unknown,Diesel,1986,ICE,Not Applicable,1,Statewide,3
4112,2019,T2,Unknown,Diesel,2009,ICE,Not Applicable,2,Statewide,3
4113,2019,T2,1,Diesel,2007,ICE,Not Applicable,≥4,Statewide,3
4114,2019,T2,Unknown,Diesel,2006,ICE,Not Applicable,1,Statewide,3
4115,2019,T2,1,Diesel,2006,ICE,Not Applicable,≥4,Statewide,3
4116,2019,T2,Unknown,Diesel,1994,ICE,Not Applicable,2,Statewide,3
4117,2019,T2,Unknown,Diesel,1993,ICE,Not Applicable,1,Statewide,3
4118,2019,T2,Unknown,Diesel,1993,ICE,Not Applicable,2,Statewide,3
4119,2019,T2,Unknown,Diesel,1992,ICE,Not Applicable,2,Statewide,3
4120,2019,T2,1,Diesel,1991,ICE,Not Applicable,3,Statewide,3
4121,2019,T2,Unknown,Diesel,1990,ICE,Not Applicable,1,Statewide,3
4122,2019,T2,1,Diesel,1990,ICE,Not Applicable,2,Statewide,3
4123,2019,T2,Unknown,Diesel,2008,ICE,Not Applicable,1,Statewide,3
4124,2019,MH,Not Applicable,Diesel,1982,ICE,Not Applicable,3,Statewide,3
4125,2019,MH,Not Applicable,Diesel,1981,ICE,Not Applicable,3,Statewide,3
4126,2019,MH,Not Applicable,Diesel,1977,ICE,Not Applicable,1,Statewide,3
4127,2019,BS,Not Applicable,Diesel,2013,ICE,Not Applicable,3,Statewide,3
4128,2019,BS,Not Applicable,Diesel,2012,ICE,Not Applicable,2,Statewide,3
4129,2019,BS,Not Applicable,Diesel,2012,ICE,Not Applicable,3,Statewide,3
4130,2019,BS,Not Applicable,Diesel,1986,ICE,Not Applicable,1,Statewide,3
4131,2019,BS,Not Applicable,Diesel,1986,ICE,Not Applicable,2,Statewide,3
4132,2019,BS,Not Applicable,Diesel,1983,ICE,Not Applicable,1,Statewide,3
4133,2019,BS,Not Applicable,Diesel,1982,ICE,Not Applicable,2,Statewide,3
4134,2019,BS,Not Applicable,Diesel,1981,ICE,Not Applicable,1,Statewide,3
4135,2019,BS,Not Applicable,Diesel,1979,ICE,Not Applicable,1,Statewide,3
4136,2019,B,Not Applicable,Diesel,2019,ICE,Not Applicable,3,Statewide,3
4137,2019,BS,Not Applicable,Diesel,2016,ICE,Not Applicable,2,Statewide,3
4138,2019,B,Not Applicable,Diesel,1988,ICE,Not Applicable,1,Statewide,3
4139,2019,B,Not Applicable,Diesel,1988,ICE,Not Applicable,3,Statewide,3
4140,2019,B,Not Applicable,Diesel,1986,ICE,Not Applicable,2,Statewide,3
4141,2019,B,Not Applicable,Diesel,1979,ICE,Not Applicable,2,Statewide,3
4142,2019,T7,8,Natural Gas,2021,ICE,Not Applicable,1,Statewide,2
4143,2019,T7,8,Natural Gas,2012,ICE,Not Applicable,1,Statewide,2
4144,2019,T7,8,Natural Gas,2012,ICE,Not Applicable,3,Statewide,2
4145,2019,T7,8,Natural Gas,2005,ICE,Not Applicable,≥4,Statewide,2
4146,2019,T7,8,Natural Gas,1989,ICE,Not Applicable,≥4,Statewide,2
4147,2019,T6,Unknown,Natural Gas,2018,ICE,Not Applicable,≥4,Statewide,2
4148,2019,T6,4,Natural Gas,2017,ICE,Not Applicable,3,Statewide,2
4149,2019,B,Not Applicable,Diesel,1988,ICE,Not Applicable,2,Statewide,3
4150,2019,BT,Not Applicable,Diesel,1975,ICE,Not Applicable,3,Statewide,3
4151,2019,BT,Not Applicable,Diesel,1978,ICE,Not Applicable,3,Statewide,3
4152,2019,BT,Not Applicable,Diesel,1987,ICE,Not Applicable,3,Statewide,3
4153,2019,MH,Not Applicable,Diesel,1976,ICE,Not Applicable,2,Statewide,3
4154,2019,MC,Not Applicable,Diesel,2018,ICE,Not Applicable,3,Statewide,3
4155,2019,MC,Not Applicable,Diesel,2016,ICE,Not Applicable,≥4,Statewide,3
4156,2019,MC,Not Applicable,Diesel,2014,ICE,Not Applicable,1,Statewide,3
4157,2019,MC,Not Applicable,Diesel,2013,ICE,Not Applicable,2,Statewide,3
4158,2019,MC,Not Applicable,Diesel,2012,ICE,Not Applicable,3,Statewide,3
4159,2019,MC,Not Applicable,Diesel,2007,ICE,Not Applicable,3,Statewide,3
4160,2019,MC,Not Applicable,Diesel,2006,ICE,Not Applicable,2,Statewide,3
4161,2019,MC,Not Applicable,Diesel,2006,ICE,Not Applicable,3,Statewide,3
4162,2019,MC,Not Applicable,Diesel,2004,ICE,Not Applicable,2,Statewide,3
4163,2019,MC,Not Applicable,Diesel,2002,ICE,Not Applicable,≥4,Statewide,3
4164,2019,MC,Not Applicable,Diesel,2000,ICE,Not Applicable,≥4,Statewide,3
4165,2019,MC,Not Applicable,Diesel,1975,ICE,Not Applicable,≥4,Statewide,3
4166,2019,BT,Not Applicable,Diesel,2019,ICE,Not Applicable,3,Statewide,3
4167,2019,BT,Not Applicable,Diesel,2018,ICE,Not Applicable,2,Statewide,3
4168,2019,BT,Not Applicable,Diesel,2015,ICE,Not Applicable,1,Statewide,3
4169,2019,BT,Not Applicable,Diesel,2014,ICE,Not Applicable,2,Statewide,3
4170,2019,BT,Not Applicable,Diesel,2011,ICE,Not Applicable,1,Statewide,3
4171,2019,BT,Not Applicable,Diesel,2010,ICE,Not Applicable,1,Statewide,3
4172,2019,BT,Not Applicable,Diesel,2009,ICE,Not Applicable,1,Statewide,3
4173,2019,BT,Not Applicable,Diesel,2006,ICE,Not Applicable,2,Statewide,3
4174,2019,BT,Not Applicable,Diesel,2006,ICE,Not Applicable,3,Statewide,3
4175,2019,BT,Not Applicable,Diesel,1987,ICE,Not Applicable,1,Statewide,3
4176,2019,T3,Unknown,Diesel,1982,ICE,Not Applicable,≥4,Statewide,3
4177,2019,T7,8,Gasoline,1997,ICE,Not Applicable,≥4,Statewide,3
4178,2019,T3,Unknown,Natural Gas,2017,ICE,Not Applicable,1,Statewide,1
4179,2019,T3,Unknown,Natural Gas,2017,ICE,Not Applicable,3,Statewide,1
4180,2019,T6,Unknown,Diesel,2017,ICE,Not Applicable,3,Statewide,1
4181,2019,T6,Unknown,Diesel,2015,ICE,Not Applicable,3,Statewide,1
4182,2019,T6,Unknown,Diesel,2014,ICE,Not Applicable,3,Statewide,1
4183,2019,T6,Unknown,Diesel,2013,ICE,Not Applicable,1,Statewide,1
4184,2019,T6,Unknown,Diesel,2012,ICE,Not Applicable,1,Statewide,1
4185,2019,T6,Unknown,Diesel,2010,ICE,Not Applicable,1,Statewide,1
4186,2019,T6,Unknown,Diesel,2010,ICE,Not Applicable,3,Statewide,1
4187,2019,T6,Unknown,Diesel,2009,ICE,Not Applicable,1,Statewide,1
4188,2019,T6,Unknown,Diesel,2009,ICE,Not Applicable,3,Statewide,1
4189,2019,T6,Unknown,Diesel,2008,ICE,Not Applicable,1,Statewide,1
4190,2019,T6,Unknown,Diesel,2017,ICE,Not Applicable,2,Statewide,1
4191,2019,T6,Unknown,Diesel,2006,ICE,Not Applicable,2,Statewide,1
4192,2019,T6,Unknown,Diesel,2004,ICE,Not Applicable,3,Statewide,1
4193,2019,T6,Unknown,Diesel,2003,ICE,Not Applicable,1,Statewide,1
4194,2019,T6,6,Diesel,2000,ICE,Not Applicable,Unknown,Statewide,1
4195,2019,T6,Unknown,Diesel,1998,ICE,Not Applicable,1,Statewide,1
4196,2019,T6,Unknown,Diesel,1997,ICE,Not Applicable,1,Statewide,1
4197,2019,T6,Unknown,Diesel,1996,ICE,Not Applicable,3,Statewide,1
4198,2019,T6,Unknown,Diesel,1995,ICE,Not Applicable,1,Statewide,1
4199,2019,T6,5,Diesel,1993,ICE,Not Applicable,1,Statewide,1
4200,2019,T6,4,Diesel,1992,ICE,Not Applicable,2,Statewide,1
4201,2019,T6,Unknown,Diesel,1991,ICE,Not Applicable,2,Statewide,1
4202,2019,T6,Unknown,Diesel,2004,ICE,Not Applicable,1,Statewide,1
4203,2019,T6,Unknown,Diesel,1991,ICE,Not Applicable,3,Statewide,1
4204,2019,T6,Unknown,Diesel,2020,ICE,Not Applicable,1,Statewide,1
4205,2019,B,Not Applicable,Electric,1997,BEV,Unknown,≥4,Statewide,1
4206,2019,MC,Not Applicable,Electric,1990,BEV,Unknown,1,Statewide,1
4207,2019,MC,Not Applicable,Electric,1987,BEV,Unknown,≥4,Statewide,1
4208,2019,MC,Not Applicable,Electric,1986,BEV,Unknown,≥4,Statewide,1
4209,2019,MC,Not Applicable,Electric,1982,BEV,Unknown,≥4,Statewide,1
4210,2019,MC,Not Applicable,Electric,1979,BEV,Unknown,2,Statewide,1
4211,2019,MC,Not Applicable,Electric,1978,BEV,Unknown,2,Statewide,1
4212,2019,MC,Not Applicable,Electric,1975,BEV,Unknown,3,Statewide,1
4213,2019,BT,Not Applicable,Electric,2009,BEV,Unknown,1,Statewide,1
4214,2019,BT,Not Applicable,Electric,2008,BEV,Unknown,≥4,Statewide,1
4215,2019,BT,Not Applicable,Electric,2007,BEV,Unknown,1,Statewide,1
4216,2019,B,Not Applicable,Electric,1975,BEV,Unknown,1,Statewide,1
4217,2019,BT,Not Applicable,Electric,2001,BEV,Unknown,1,Statewide,1
4218,2019,BT,Not Applicable,Electric,1979,BEV,Unknown,≥4,Statewide,1
4219,2019,BS,Not Applicable,Electric,2001,BEV,Unknown,≥4,Statewide,1
4220,2019,BS,Not Applicable,Electric,1998,BEV,Unknown,≥4,Statewide,1
4221,2019,B,Not Applicable,Electric,2020,BEV,Unknown,≥4,Statewide,1
4222,2019,B,Not Applicable,Electric,2019,BEV,Unknown,1,Statewide,1
4223,2019,B,Not Applicable,Electric,2005,BEV,Unknown,≥4,Statewide,1
4224,2019,B,Not Applicable,Electric,2002,BEV,Unknown,≥4,Statewide,1
4225,2019,B,Not Applicable,Electric,2000,BEV,Unknown,≥4,Statewide,1
4226,2019,B,Not Applicable,Electric,1999,BEV,Unknown,2,Statewide,1
4227,2019,B,Not Applicable,Electric,1998,BEV,Unknown,1,Statewide,1
4228,2019,BT,Not Applicable,Electric,2000,BEV,Unknown,≥4,Statewide,1
4229,2019,MC,Not Applicable,Electric,1991,BEV,Unknown,≥4,Statewide,1
4230,2019,T6,4,Diesel,1991,ICE,Not Applicable,2,Statewide,1
4231,2019,T6,Unknown,Diesel,1990,ICE,Not Applicable,1,Statewide,1
4232,2019,T6,4,Diesel,1975,ICE,Not Applicable,≥4,Statewide,1
4233,2019,T6,7,Diesel,1975,ICE,Not Applicable,2,Statewide,1
4234,2019,T5,3,Diesel,1987,ICE,Not Applicable,2,Statewide,1
4235,2019,T5,3,Diesel,1985,ICE,Not Applicable,3,Statewide,1
4236,2019,T5,3,Diesel,1984,ICE,Not Applicable,≥4,Statewide,1
4237,2019,T5,3,Diesel,1982,ICE,Not Applicable,1,Statewide,1
4238,2019,T5,3,Diesel,1982,ICE,Not Applicable,2,Statewide,1
4239,2019,T5,3,Diesel,1981,ICE,Not Applicable,≥4,Statewide,1
4240,2019,T5,3,Diesel,1980,ICE,Not Applicable,≥4,Statewide,1
4241,2019,T5,3,Diesel,1978,ICE,Not Applicable,3,Statewide,1
4242,2019,T6,7,Diesel,1976,ICE,Not Applicable,2,Statewide,1
4243,2019,T5,3,Diesel,1978,ICE,Not Applicable,≥4,Statewide,1
4244,2019,T5,3,Diesel,1976,ICE,Not Applicable,3,Statewide,1
4245,2019,T4,Unknown,Diesel,2020,ICE,Not Applicable,2,Statewide,1
4246,2019,T4,Unknown,Diesel,2020,ICE,Not Applicable,3,Statewide,1
4247,2019,T4,Unknown,Diesel,2014,ICE,Not Applicable,2,Statewide,1
4248,2019,T4,Unknown,Diesel,2014,ICE,Not Applicable,3,Statewide,1
4249,2019,T4,2,Diesel,2004,ICE,Not Applicable,Unknown,Statewide,1
4250,2019,T4,Unknown,Diesel,1998,ICE,Not Applicable,2,Statewide,1
4251,2019,T4,Unknown,Diesel,1998,ICE,Not Applicable,3,Statewide,1
4252,2019,T4,Unknown,Diesel,1997,ICE,Not Applicable,1,Statewide,1
4253,2019,T4,Unknown,Diesel,1997,ICE,Not Applicable,2,Statewide,1
4254,2019,T5,3,Diesel,1977,ICE,Not Applicable,≥4,Statewide,1
4255,2019,T6,5,Diesel,1991,ICE,Not Applicable,3,Statewide,1
4256,2019,T6,4,Diesel,1976,ICE,Not Applicable,≥4,Statewide,1
4257,2019,T6,6,Diesel,1977,ICE,Not Applicable,2,Statewide,1
4258,2019,T6,4,Diesel,1990,ICE,Not Applicable,2,Statewide,1
4259,2019,T6,Unknown,Diesel,1989,ICE,Not Applicable,1,Statewide,1
4260,2019,T6,Unknown,Diesel,1989,ICE,Not Applicable,2,Statewide,1
4261,2019,T6,4,Diesel,1989,ICE,Not Applicable,3,Statewide,1
4262,2019,T6,Unknown,Diesel,1988,ICE,Not Applicable,2,Statewide,1
4263,2019,T6,5,Diesel,1988,ICE,Not Applicable,≥4,Statewide,1
4264,2019,T6,Unknown,Diesel,1987,ICE,Not Applicable,3,Statewide,1
4265,2019,T6,6,Diesel,1987,ICE,Not Applicable,2,Statewide,1
4266,2019,T6,Unknown,Diesel,1986,ICE,Not Applicable,3,Statewide,1
4267,2019,T6,5,Diesel,1986,ICE,Not Applicable,1,Statewide,1
4268,2019,T6,6,Diesel,1977,ICE,Not Applicable,3,Statewide,1
4269,2019,T6,5,Diesel,1986,ICE,Not Applicable,3,Statewide,1
4270,2019,T6,Unknown,Diesel,1985,BEV,Unknown,≥4,Statewide,1
4271,2019,T6,6,Diesel,1985,ICE,Not Applicable,2,Statewide,1
4272,2019,T6,6,Diesel,1985,ICE,Not Applicable,3,Statewide,1
4273,2019,T6,6,Diesel,1982,ICE,Not Applicable,1,Statewide,1
4274,2019,T6,7,Diesel,1981,ICE,Not Applicable,3,Statewide,1
4275,2019,T6,6,Diesel,1980,ICE,Not Applicable,3,Statewide,1
4276,2019,T6,Unknown,Diesel,1979,ICE,Not Applicable,3,Statewide,1
4277,2019,T6,5,Diesel,1978,ICE,Not Applicable,≥4,Statewide,1
4278,2019,T6,6,Diesel,1978,ICE,Not Applicable,3,Statewide,1
4279,2019,T6,7,Diesel,1978,ICE,Not Applicable,3,Statewide,1
4280,2019,T6,5,Diesel,1986,ICE,Not Applicable,≥4,Statewide,1
4281,2019,MC,Not Applicable,Electric,1991,BEV,Unknown,2,Statewide,1
4282,2019,MC,Not Applicable,Electric,1992,BEV,Unknown,3,Statewide,1
4283,2019,MC,Not Applicable,Electric,1996,BEV,Unknown,1,Statewide,1
4284,2019,T2,1,Electric,2005,BEV,Unknown,3,Statewide,1
4285,2019,T2,Unknown,Electric,2004,BEV,Unknown,2,Statewide,1
4286,2019,T2,1,Electric,2004,BEV,Unknown,≥4,Statewide,1
4287,2019,T2,Unknown,Electric,2002,BEV,Unknown,≥4,Statewide,1
4288,2019,T2,Unknown,Electric,2000,BEV,Unknown,3,Statewide,1
4289,2019,T2,Unknown,Electric,1988,BEV,Unknown,1,Statewide,1
4290,2019,T2,Unknown,Electric,1976,BEV,Unknown,2,Statewide,1
4291,2019,T1,Unknown,Electric,2017,BEV,Unknown,2,Statewide,1
4292,2019,T1,Unknown,Electric,2017,BEV,Unknown,3,Statewide,1
4293,2019,T1,Unknown,Electric,2015,BEV,101 to 150 miles,1,Statewide,1
4294,2019,T2,Unknown,Electric,2005,BEV,Unknown,2,Statewide,1
4295,2019,T1,Unknown,Electric,2013,BEV,Unknown,2,Statewide,1
4296,2019,T1,Unknown,Electric,2011,BEV,Unknown,1,Statewide,1
4297,2019,T1,Unknown,Electric,2011,BEV,Unknown,2,Statewide,1
4298,2019,T1,Unknown,Electric,2010,BEV,Unknown,2,Statewide,1
4299,2019,T1,Unknown,Electric,2010,BEV,Unknown,3,Statewide,1
4300,2019,T1,1,Electric,2006,BEV,Unknown,1,Statewide,1
4301,2019,T1,1,Electric,2006,BEV,Unknown,2,Statewide,1
4302,2019,T1,Unknown,Electric,2004,BEV,Unknown,3,Statewide,1
4303,2019,T1,Unknown,Electric,2004,BEV,Unknown,≥4,Statewide,1
4304,2019,T1,Unknown,Electric,2003,BEV,Unknown,1,Statewide,1
4305,2019,T1,Unknown,Electric,2003,BEV,Unknown,≥4,Statewide,1
4306,2019,T1,Unknown,Electric,2012,BEV,Unknown,2,Statewide,1
4307,2019,T1,1,Electric,2003,BEV,Unknown,3,Statewide,1
4308,2019,T2,1,Electric,2006,BEV,Unknown,3,Statewide,1
4309,2019,T2,Unknown,Electric,2008,BEV,Unknown,≥4,Statewide,1
4310,2019,T3,Unknown,Electric,1982,BEV,Unknown,≥4,Statewide,1
4311,2019,T3,Unknown,Electric,1975,BEV,Unknown,1,Statewide,1
4312,2019,T2,Unknown,Electric,2020,BEV,Unknown,1,Statewide,1
4313,2019,T2,Unknown,Electric,2020,BEV,Unknown,3,Statewide,1
4314,2019,T2,1,Electric,2019,BEV,Unknown,2,Statewide,1
4315,2019,T2,1,Electric,2019,BEV,Unknown,≥4,Statewide,1
4316,2019,T2,1,Electric,2018,BEV,101 to 150 miles,2,Statewide,1
4317,2019,T2,1,Electric,2018,BEV,101 to 150 miles,3,Statewide,1
4318,2019,T2,1,Electric,2018,BEV,101 to 150 miles,≥4,Statewide,1
4319,2019,T2,Unknown,Electric,2017,BEV,Unknown,2,Statewide,1
4320,2019,T2,1,Electric,2007,BEV,Unknown,2,Statewide,1
4321,2019,T2,1,Electric,2017,BEV,Unknown,1,Statewide,1
4322,2019,T2,1,Electric,2017,BEV,101 to 150 miles,1,Statewide,1
4323,2019,T2,1,Electric,2017,BEV,101 to 150 miles,3,Statewide,1
4324,2019,T2,1,Electric,2016,BEV,51 to 100 miles,1,Statewide,1
4325,2019,T2,1,Electric,2016,BEV,51 to 100 miles,2,Statewide,1
4326,2019,T2,1,Electric,2016,BEV,51 to 100 miles,3,Statewide,1
4327,2019,T2,Unknown,Electric,2014,BEV,Unknown,2,Statewide,1
4328,2019,T2,Unknown,Electric,2013,BEV,Unknown,1,Statewide,1
4329,2019,T2,Unknown,Electric,2013,BEV,Unknown,2,Statewide,1
4330,2019,T2,1,Electric,2010,BEV,Unknown,1,Statewide,1
4331,2019,T2,Unknown,Electric,2008,BEV,Unknown,3,Statewide,1
4332,2019,T2,1,Electric,2017,BEV,Unknown,3,Statewide,1
4333,2019,T1,1,Electric,2002,BEV,Unknown,1,Statewide,1
4334,2019,T1,Unknown,Electric,2000,BEV,Unknown,1,Statewide,1
4335,2019,T1,Unknown,Electric,2000,BEV,Unknown,2,Statewide,1
4336,2019,P,Not Applicable,Electric,1989,BEV,Unknown,1,Statewide,1
4337,2019,P,Not Applicable,Electric,1988,BEV,Unknown,≥4,Statewide,1
4338,2019,P,Not Applicable,Electric,1987,BEV,Unknown,1,Statewide,1
4339,2019,P,Not Applicable,Electric,1985,BEV,Unknown,1,Statewide,1
4340,2019,P,Not Applicable,Electric,1983,BEV,Unknown,≥4,Statewide,1
4341,2019,P,Not Applicable,Electric,1980,BEV,Unknown,2,Statewide,1
4342,2019,P,Not Applicable,Electric,1979,BEV,Unknown,3,Statewide,1
4343,2019,P,Not Applicable,Electric,1977,BEV,Unknown,3,Statewide,1
4344,2019,P,Not Applicable,Electric,1977,BEV,Unknown,≥4,Statewide,1
4345,2019,P,Not Applicable,Electric,1976,BEV,Unknown,1,Statewide,1
4346,2019,P,Not Applicable,Electric,1990,BEV,Unknown,1,Statewide,1
4347,2019,P,Not Applicable,Electric,1975,BEV,Unknown,2,Statewide,1
4348,2019,MC,Not Applicable,Electric,2010,BEV,Unknown,≥4,Statewide,1
4349,2019,MC,Not Applicable,Electric,2009,BEV,Unknown,1,Statewide,1
4350,2019,MC,Not Applicable,Electric,2009,BEV,Unknown,3,Statewide,1
4351,2019,MC,Not Applicable,Electric,2008,BEV,Unknown,2,Statewide,1
4352,2019,MC,Not Applicable,Electric,2007,BEV,Unknown,1,Statewide,1
4353,2019,MC,Not Applicable,Electric,2004,BEV,Unknown,3,Statewide,1
4354,2019,MC,Not Applicable,Electric,2002,BEV,Unknown,3,Statewide,1
4355,2019,MC,Not Applicable,Electric,2000,BEV,Unknown,≥4,Statewide,1
4356,2019,MC,Not Applicable,Electric,1999,BEV,Unknown,≥4,Statewide,1
4357,2019,MC,Not Applicable,Electric,1998,BEV,Unknown,1,Statewide,1
4358,2019,MC,Not Applicable,Electric,2010,BEV,Unknown,1,Statewide,1
4359,2019,P,Not Applicable,Electric,1991,BEV,Unknown,3,Statewide,1
4360,2019,P,Not Applicable,Electric,1991,BEV,Unknown,2,Statewide,1
4361,2019,P,Not Applicable,Electric,1994,BEV,Unknown,3,Statewide,1
4362,2019,T1,Unknown,Electric,1996,BEV,Unknown,≥4,Statewide,1
4363,2019,T1,Unknown,Electric,1994,BEV,Unknown,≥4,Statewide,1
4364,2019,T1,Unknown,Electric,1991,BEV,Unknown,1,Statewide,1
4365,2019,T1,Unknown,Electric,1990,BEV,Unknown,1,Statewide,1
4366,2019,T1,Unknown,Electric,1988,BEV,Unknown,≥4,Statewide,1
4367,2019,T1,1,Electric,1988,BEV,Unknown,≥4,Statewide,1
4368,2019,T1,Unknown,Electric,1987,BEV,Unknown,1,Statewide,1
4369,2019,T1,Unknown,Electric,1987,BEV,Unknown,≥4,Statewide,1
4370,2019,T1,Unknown,Electric,1985,BEV,Unknown,1,Statewide,1
4371,2019,T1,Unknown,Electric,1983,BEV,Unknown,3,Statewide,1
4372,2019,T1,Unknown,Electric,1981,BEV,Unknown,1,Statewide,1
4373,2019,T1,Unknown,Electric,1977,BEV,Unknown,1,Statewide,1
4374,2019,P,Not Applicable,Electric,2003,BEV,Unknown,3,Statewide,1
4375,2019,P,Not Applicable,Electric,2002,BEV,Unknown,2,Statewide,1
4376,2019,P,Not Applicable,Electric,1999,BEV,Unknown,1,Statewide,1
4377,2019,P,Not Applicable,Electric,1999,BEV,Unknown,2,Statewide,1
4378,2019,P,Not Applicable,Electric,1998,BEV,Unknown,2,Statewide,1
4379,2019,P,Not Applicable,Electric,1997,BEV,Unknown,1,Statewide,1
4380,2019,P,Not Applicable,Electric,1997,BEV,Unknown,3,Statewide,1
4381,2019,P,Not Applicable,Electric,1995,BEV,Unknown,1,Statewide,1
4382,2019,P,Not Applicable,Electric,1995,BEV,Unknown,2,Statewide,1
4383,2019,P,Not Applicable,Electric,1994,BEV,Unknown,1,Statewide,1
4384,2019,P,Not Applicable,Electric,1994,BEV,Unknown,2,Statewide,1
4385,2019,T4,Unknown,Diesel,1986,ICE,Not Applicable,1,Statewide,1
4386,2019,T3,Unknown,Electric,1986,BEV,Unknown,≥4,Statewide,1
4387,2019,T4,Unknown,Diesel,1986,ICE,Not Applicable,2,Statewide,1
4388,2019,T4,2,Diesel,1986,ICE,Not Applicable,2,Statewide,1
4389,2019,T1,1,Diesel,1980,ICE,Not Applicable,≥4,Statewide,1
4390,2019,T1,Unknown,Diesel,1978,ICE,Not Applicable,2,Statewide,1
4391,2019,T1,Unknown,Diesel,1977,ICE,Not Applicable,1,Statewide,1
4392,2019,T1,Unknown,Diesel,1975,ICE,Not Applicable,2,Statewide,1
4393,2019,T1,1,Diesel,1975,ICE,Not Applicable,1,Statewide,1
4394,2019,T1,1,Diesel,1975,ICE,Not Applicable,2,Statewide,1
4395,2019,T1,1,Diesel,1975,ICE,Not Applicable,3,Statewide,1
4396,2019,MH,Not Applicable,Diesel,1982,ICE,Not Applicable,1,Statewide,1
4397,2019,MH,Not Applicable,Diesel,1981,ICE,Not Applicable,1,Statewide,1
4398,2019,MH,Not Applicable,Diesel,1980,ICE,Not Applicable,1,Statewide,1
4399,2019,T1,Unknown,Diesel,1981,ICE,Not Applicable,3,Statewide,1
4400,2019,MH,Not Applicable,Diesel,1979,ICE,Not Applicable,1,Statewide,1
4401,2019,MH,Not Applicable,Diesel,1979,ICE,Not Applicable,3,Statewide,1
4402,2019,MH,Not Applicable,Diesel,1976,ICE,Not Applicable,3,Statewide,1
4403,2019,MC,Not Applicable,Diesel,2020,ICE,Not Applicable,1,Statewide,1
4404,2019,MC,Not Applicable,Diesel,2020,ICE,Not Applicable,3,Statewide,1
4405,2019,MC,Not Applicable,Diesel,2019,ICE,Not Applicable,1,Statewide,1
4406,2019,MC,Not Applicable,Diesel,2019,ICE,Not Applicable,3,Statewide,1
4407,2019,MC,Not Applicable,Diesel,2018,ICE,Not Applicable,1,Statewide,1
4408,2019,MC,Not Applicable,Diesel,2017,ICE,Not Applicable,2,Statewide,1
4409,2019,MC,Not Applicable,Diesel,2016,ICE,Not Applicable,2,Statewide,1
4410,2019,MC,Not Applicable,Diesel,2015,ICE,Not Applicable,2,Statewide,1
4411,2019,MH,Not Applicable,Diesel,1979,ICE,Not Applicable,2,Statewide,1
4412,2019,MC,Not Applicable,Diesel,2015,ICE,Not Applicable,≥4,Statewide,1
4413,2019,T1,Unknown,Diesel,1981,ICE,Not Applicable,2,Statewide,1
4414,2019,T1,Unknown,Diesel,1983,ICE,Not Applicable,3,Statewide,1
4415,2019,T1,1,Diesel,2006,ICE,Not Applicable,1,Statewide,1
4416,2019,T1,1,Diesel,2006,ICE,Not Applicable,3,Statewide,1
4417,2019,T1,Unknown,Diesel,2005,ICE,Not Applicable,3,Statewide,1
4418,2019,T1,Unknown,Diesel,2004,ICE,Not Applicable,1,Statewide,1
4419,2019,T1,Unknown,Diesel,2003,ICE,Not Applicable,1,Statewide,1
4420,2019,T1,Unknown,Diesel,2003,ICE,Not Applicable,3,Statewide,1
4421,2019,T1,Unknown,Diesel,2002,ICE,Not Applicable,1,Statewide,1
4422,2019,T1,Unknown,Diesel,2002,ICE,Not Applicable,2,Statewide,1
4423,2019,T1,Unknown,Diesel,2001,ICE,Not Applicable,2,Statewide,1
4424,2019,T1,Unknown,Diesel,1999,ICE,Not Applicable,1,Statewide,1
4425,2019,T1,1,Diesel,1983,ICE,Not Applicable,≥4,Statewide,1
4426,2019,T1,Unknown,Diesel,1998,ICE,Not Applicable,1,Statewide,1
4427,2019,T1,Unknown,Diesel,1996,ICE,Not Applicable,2,Statewide,1
4428,2019,T1,Unknown,Diesel,1993,ICE,Not Applicable,3,Statewide,1
4429,2019,T1,Unknown,Diesel,1990,ICE,Not Applicable,1,Statewide,1
4430,2019,T1,Unknown,Diesel,1986,ICE,Not Applicable,2,Statewide,1
4431,2019,T1,1,Diesel,1985,ICE,Not Applicable,1,Statewide,1
4432,2019,T1,Unknown,Diesel,1984,ICE,Not Applicable,2,Statewide,1
4433,2019,T1,1,Diesel,1984,ICE,Not Applicable,1,Statewide,1
4434,2019,T1,1,Diesel,1984,ICE,Not Applicable,3,Statewide,1
4435,2019,T1,1,Diesel,1984,ICE,Not Applicable,≥4,Statewide,1
4436,2019,T1,Unknown,Diesel,1983,ICE,Not Applicable,2,Statewide,1
4437,2019,T1,Unknown,Diesel,1998,ICE,Not Applicable,2,Statewide,1
4438,2019,T1,Unknown,Diesel,2006,ICE,Not Applicable,1,Statewide,1
4439,2019,MC,Not Applicable,Diesel,2013,ICE,Not Applicable,1,Statewide,1
4440,2019,MC,Not Applicable,Diesel,2012,ICE,Not Applicable,2,Statewide,1
4441,2019,BT,Not Applicable,Diesel,2017,ICE,Not Applicable,3,Statewide,1
4442,2019,BT,Not Applicable,Diesel,2016,ICE,Not Applicable,3,Statewide,1
4443,2019,BT,Not Applicable,Diesel,2009,ICE,Not Applicable,2,Statewide,1
4444,2019,BT,Not Applicable,Diesel,2008,ICE,Not Applicable,3,Statewide,1
4445,2019,BT,Not Applicable,Diesel,1997,ICE,Not Applicable,3,Statewide,1
4446,2019,BT,Not Applicable,Diesel,1992,ICE,Not Applicable,3,Statewide,1
4447,2019,BT,Not Applicable,Diesel,1984,ICE,Not Applicable,1,Statewide,1
4448,2019,BT,Not Applicable,Diesel,1983,ICE,Not Applicable,1,Statewide,1
4449,2019,BT,Not Applicable,Diesel,1983,ICE,Not Applicable,≥4,Statewide,1
4450,2019,BT,Not Applicable,Diesel,1982,ICE,Not Applicable,1,Statewide,1
4451,2019,BT,Not Applicable,Diesel,2017,ICE,Not Applicable,2,Statewide,1
4452,2019,BT,Not Applicable,Diesel,1982,ICE,Not Applicable,2,Statewide,1
4453,2019,BS,Not Applicable,Diesel,1989,ICE,Not Applicable,2,Statewide,1
4454,2019,BS,Not Applicable,Diesel,1985,ICE,Not Applicable,2,Statewide,1
4455,2019,BS,Not Applicable,Diesel,1984,ICE,Not Applicable,1,Statewide,1
4456,2019,BS,Not Applicable,Diesel,1982,ICE,Not Applicable,1,Statewide,1
4457,2019,BS,Not Applicable,Diesel,1979,ICE,Not Applicable,2,Statewide,1
4458,2019,B,Not Applicable,Diesel,1985,ICE,Not Applicable,1,Statewide,1
4459,2019,B,Not Applicable,Diesel,1984,ICE,Not Applicable,3,Statewide,1
4460,2019,B,Not Applicable,Diesel,1983,ICE,Not Applicable,1,Statewide,1
4461,2019,B,Not Applicable,Diesel,1980,ICE,Not Applicable,2,Statewide,1
4462,2019,B,Not Applicable,Diesel,1978,ICE,Not Applicable,3,Statewide,1
4463,2019,BT,Not Applicable,Diesel,1976,ICE,Not Applicable,2,Statewide,1
4464,2019,MC,Not Applicable,Diesel,2012,ICE,Not Applicable,1,Statewide,1
4465,2019,MC,Not Applicable,Diesel,1977,ICE,Not Applicable,2,Statewide,1
4466,2019,MC,Not Applicable,Diesel,1980,ICE,Not Applicable,≥4,Statewide,1
4467,2019,MC,Not Applicable,Diesel,2009,ICE,Not Applicable,1,Statewide,1
4468,2019,MC,Not Applicable,Diesel,2008,ICE,Not Applicable,1,Statewide,1
4469,2019,MC,Not Applicable,Diesel,2006,ICE,Not Applicable,1,Statewide,1
4470,2019,MC,Not Applicable,Diesel,2005,ICE,Not Applicable,2,Statewide,1
4471,2019,MC,Not Applicable,Diesel,2004,ICE,Not Applicable,3,Statewide,1
4472,2019,MC,Not Applicable,Diesel,2001,ICE,Not Applicable,3,Statewide,1
4473,2019,MC,Not Applicable,Diesel,2000,ICE,Not Applicable,1,Statewide,1
4474,2019,MC,Not Applicable,Diesel,1999,ICE,Not Applicable,2,Statewide,1
4475,2019,MC,Not Applicable,Diesel,1999,ICE,Not Applicable,3,Statewide,1
4476,2019,MC,Not Applicable,Diesel,1999,ICE,Not Applicable,≥4,Statewide,1
4477,2019,MC,Not Applicable,Diesel,1979,ICE,Not Applicable,2,Statewide,1
4478,2019,MC,Not Applicable,Diesel,1997,ICE,Not Applicable,1,Statewide,1
4479,2019,MC,Not Applicable,Diesel,1996,ICE,Not Applicable,1,Statewide,1
4480,2019,MC,Not Applicable,Diesel,1995,ICE,Not Applicable,≥4,Statewide,1
4481,2019,MC,Not Applicable,Diesel,1994,ICE,Not Applicable,3,Statewide,1
4482,2019,MC,Not Applicable,Diesel,1989,ICE,Not Applicable,1,Statewide,1
4483,2019,MC,Not Applicable,Diesel,1988,ICE,Not Applicable,≥4,Statewide,1
4484,2019,MC,Not Applicable,Diesel,1985,ICE,Not Applicable,1,Statewide,1
4485,2019,MC,Not Applicable,Diesel,1985,ICE,Not Applicable,3,Statewide,1
4486,2019,MC,Not Applicable,Diesel,1985,ICE,Not Applicable,≥4,Statewide,1
4487,2019,MC,Not Applicable,Diesel,1983,ICE,Not Applicable,≥4,Statewide,1
4488,2019,MC,Not Applicable,Diesel,1981,ICE,Not Applicable,≥4,Statewide,1
4489,2019,MC,Not Applicable,Diesel,1997,ICE,Not Applicable,3,Statewide,1
4490,2019,T1,1,Diesel,2007,ICE,Not Applicable,3,Statewide,1
4491,2019,T1,Unknown,Diesel,2007,ICE,Not Applicable,3,Statewide,1
4492,2019,T1,1,Diesel,2008,ICE,Not Applicable,1,Statewide,1
4493,2019,T3,Unknown,Diesel,2001,ICE,Not Applicable,3,Statewide,1
4494,2019,T3,Unknown,Diesel,2000,ICE,Not Applicable,1,Statewide,1
4495,2019,T3,Unknown,Diesel,1998,ICE,Not Applicable,2,Statewide,1
4496,2019,T3,Unknown,Diesel,1998,ICE,Not Applicable,3,Statewide,1
4497,2019,T3,Unknown,Diesel,1996,ICE,Not Applicable,3,Statewide,1
4498,2019,T3,Unknown,Diesel,1994,ICE,Not Applicable,1,Statewide,1
4499,2019,T3,Unknown,Diesel,1994,ICE,Not Applicable,2,Statewide,1
4500,2019,T3,2,Diesel,1993,ICE,Not Applicable,1,Statewide,1
4501,2019,T3,2,Diesel,1992,ICE,Not Applicable,1,Statewide,1
4502,2019,T3,Unknown,Diesel,1986,ICE,Not Applicable,2,Statewide,1
4503,2019,T3,Unknown,Diesel,2001,ICE,Not Applicable,1,Statewide,1
4504,2019,T3,2,Diesel,1986,ICE,Not Applicable,1,Statewide,1
4505,2019,T3,Unknown,Diesel,1984,ICE,Not Applicable,2,Statewide,1
4506,2019,T3,Unknown,Diesel,1984,ICE,Not Applicable,3,Statewide,1
4507,2019,T3,Unknown,Diesel,1983,ICE,Not Applicable,2,Statewide,1
4508,2019,T3,2,Diesel,1983,ICE,Not Applicable,1,Statewide,1
4509,2019,T3,2,Diesel,1982,ICE,Not Applicable,3,Statewide,1
4510,2019,T3,Unknown,Diesel,1981,ICE,Not Applicable,2,Statewide,1
4511,2019,T3,Unknown,Diesel,1981,ICE,Not Applicable,3,Statewide,1
4512,2019,T3,2,Diesel,1981,ICE,Not Applicable,1,Statewide,1
4513,2019,T3,2,Diesel,1981,ICE,Not Applicable,2,Statewide,1
4514,2019,T3,Unknown,Diesel,1980,ICE,Not Applicable,2,Statewide,1
4515,2019,T3,Unknown,Diesel,1985,ICE,Not Applicable,3,Statewide,1
4516,2019,T3,Unknown,Diesel,1979,ICE,Not Applicable,2,Statewide,1
4517,2019,T3,Unknown,Diesel,2002,ICE,Not Applicable,1,Statewide,1
4518,2019,T3,Unknown,Diesel,2003,ICE,Not Applicable,2,Statewide,1
4519,2019,T4,2,Diesel,1986,ICE,Not Applicable,≥4,Statewide,1
4520,2019,T4,Unknown,Diesel,1985,ICE,Not Applicable,3,Statewide,1
4521,2019,T4,Unknown,Diesel,1984,ICE,Not Applicable,1,Statewide,1
4522,2019,T4,2,Diesel,1984,ICE,Not Applicable,≥4,Statewide,1
4523,2019,T4,Unknown,Diesel,1982,ICE,Not Applicable,2,Statewide,1
4524,2019,T4,Unknown,Diesel,1982,ICE,Not Applicable,3,Statewide,1
4525,2019,T4,2,Diesel,1982,ICE,Not Applicable,3,Statewide,1
4526,2019,T4,2,Diesel,1982,ICE,Not Applicable,≥4,Statewide,1
4527,2019,T4,2,Diesel,1981,ICE,Not Applicable,1,Statewide,1
4528,2019,T4,2,Diesel,1981,ICE,Not Applicable,2,Statewide,1
4529,2019,T3,Unknown,Diesel,2003,ICE,Not Applicable,≥4,Statewide,1
4530,2019,T4,Unknown,Diesel,1980,ICE,Not Applicable,3,Statewide,1
4531,2019,T4,Unknown,Diesel,1978,ICE,Not Applicable,2,Statewide,1
4532,2019,T4,Unknown,Diesel,1977,ICE,Not Applicable,1,Statewide,1
4533,2019,T4,Unknown,Diesel,1977,ICE,Not Applicable,2,Statewide,1
4534,2019,T4,Unknown,Diesel,1976,ICE,Not Applicable,3,Statewide,1
4535,2019,T4,2,Diesel,1975,ICE,Not Applicable,≥4,Statewide,1
4536,2019,T3,Unknown,Diesel,2010,ICE,Not Applicable,1,Statewide,1
4537,2019,T3,Unknown,Diesel,2008,ICE,Not Applicable,2,Statewide,1
4538,2019,T3,Unknown,Diesel,2007,ICE,Not Applicable,1,Statewide,1
4539,2019,T3,Unknown,Diesel,2006,ICE,Not Applicable,2,Statewide,1
4540,2019,T3,Unknown,Diesel,2005,ICE,Not Applicable,1,Statewide,1
4541,2019,T4,Unknown,Diesel,1979,ICE,Not Applicable,3,Statewide,1
4542,2019,T3,Unknown,Diesel,1979,ICE,Not Applicable,3,Statewide,1
4543,2019,T3,Unknown,Diesel,1978,ICE,Not Applicable,2,Statewide,1
4544,2019,T3,Unknown,Diesel,1977,ICE,Not Applicable,1,Statewide,1
4545,2019,T2,Unknown,Diesel,1996,ICE,Not Applicable,1,Statewide,1
4546,2019,T2,Unknown,Diesel,1996,ICE,Not Applicable,3,Statewide,1
4547,2019,T2,Unknown,Diesel,1995,ICE,Not Applicable,1,Statewide,1
4548,2019,T2,Unknown,Diesel,1984,ICE,Not Applicable,2,Statewide,1
4549,2019,T2,Unknown,Diesel,1983,ICE,Not Applicable,3,Statewide,1
4550,2019,T2,Unknown,Diesel,1982,ICE,Not Applicable,1,Statewide,1
4551,2019,T2,1,Diesel,1981,ICE,Not Applicable,1,Statewide,1
4552,2019,T2,Unknown,Diesel,1977,ICE,Not Applicable,1,Statewide,1
4553,2019,T2,1,Diesel,1977,ICE,Not Applicable,≥4,Statewide,1
4554,2019,T2,1,Diesel,1976,ICE,Not Applicable,2,Statewide,1
4555,2019,T2,Unknown,Diesel,1997,ICE,Not Applicable,2,Statewide,1
4556,2019,T2,Unknown,Diesel,1975,ICE,Not Applicable,2,Statewide,1
4557,2019,T1,Unknown,Diesel,2018,ICE,Not Applicable,3,Statewide,1
4558,2019,T1,Unknown,Diesel,2017,ICE,Not Applicable,1,Statewide,1
4559,2019,T1,Unknown,Diesel,2015,ICE,Not Applicable,1,Statewide,1
4560,2019,T1,Unknown,Diesel,2014,ICE,Not Applicable,3,Statewide,1
4561,2019,T1,Unknown,Diesel,2013,ICE,Not Applicable,1,Statewide,1
4562,2019,T1,Unknown,Diesel,2013,ICE,Not Applicable,3,Statewide,1
4563,2019,T1,Unknown,Diesel,2011,ICE,Not Applicable,3,Statewide,1
4564,2019,T1,Unknown,Diesel,2009,ICE,Not Applicable,1,Statewide,1
4565,2019,T1,Unknown,Diesel,2009,ICE,Not Applicable,≥4,Statewide,1
4566,2019,T1,Unknown,Diesel,2008,ICE,Not Applicable,1,Statewide,1
4567,2019,T2,1,Diesel,1975,ICE,Not Applicable,1,Statewide,1
4568,2019,T2,1,Diesel,1998,ICE,Not Applicable,≥4,Statewide,1
4569,2019,T2,Unknown,Diesel,1998,ICE,Not Applicable,2,Statewide,1
4570,2019,T2,Unknown,Diesel,1998,ICE,Not Applicable,1,Statewide,1
4571,2019,T3,Unknown,Diesel,1977,ICE,Not Applicable,2,Statewide,1
4572,2019,T3,Unknown,Diesel,1976,ICE,Not Applicable,1,Statewide,1
4573,2019,T2,1,Diesel,2014,ICE,Not Applicable,3,Statewide,1
4574,2019,T2,Unknown,Diesel,2011,ICE,Not Applicable,2,Statewide,1
4575,2019,T2,Unknown,Diesel,2010,ICE,Not Applicable,2,Statewide,1
4576,2019,T2,1,Diesel,2008,ICE,Not Applicable,1,Statewide,1
4577,2019,T2,1,Diesel,2008,ICE,Not Applicable,2,Statewide,1
4578,2019,T2,1,Diesel,2008,ICE,Not Applicable,≥4,Statewide,1
4579,2019,T2,1,Diesel,2007,ICE,Not Applicable,1,Statewide,1
4580,2019,T2,1,Diesel,2007,ICE,Not Applicable,2,Statewide,1
4581,2019,T2,1,Diesel,2007,ICE,Not Applicable,3,Statewide,1
4582,2019,T2,1,Diesel,2006,ICE,Not Applicable,2,Statewide,1
4583,2019,T2,1,Diesel,2005,ICE,Not Applicable,1,Statewide,1
4584,2019,T2,1,Diesel,2005,ICE,Not Applicable,≥4,Statewide,1
4585,2019,T2,1,Diesel,2004,ICE,Not Applicable,2,Statewide,1
4586,2019,T2,Unknown,Diesel,2003,ICE,Not Applicable,≥4,Statewide,1
4587,2019,T2,Unknown,Diesel,2002,ICE,Not Applicable,1,Statewide,1
4588,2019,T2,Unknown,Diesel,2002,ICE,Not Applicable,2,Statewide,1
4589,2019,T2,Unknown,Diesel,2002,ICE,Not Applicable,3,Statewide,1
4590,2019,T2,Unknown,Diesel,2001,ICE,Not Applicable,3,Statewide,1
4591,2019,T2,Unknown,Diesel,2000,ICE,Not Applicable,≥4,Statewide,1
4592,2019,T2,Unknown,Diesel,1999,ICE,Not Applicable,1,Statewide,1
4593,2019,T2,Unknown,Diesel,1999,ICE,Not Applicable,3,Statewide,1
4594,2019,T4,2,Diesel,1986,ICE,Not Applicable,1,Statewide,1
4595,2019,T3,Unknown,Natural Gas,2017,ICE,Not Applicable,2,Statewide,1
4596,2019,T3,Unknown,Electric,1990,BEV,Unknown,≥4,Statewide,1
4597,2019,T3,Unknown,Electric,2001,BEV,Unknown,2,Statewide,1
4598,2019,T7,8,Gasoline,2010,ICE,Not Applicable,2,Statewide,1
4599,2019,T7,8,Gasoline,2005,ICE,Not Applicable,2,Statewide,1
4600,2019,T7,8,Gasoline,2004,ICE,Not Applicable,1,Statewide,1
4601,2019,T7,8,Gasoline,2002,ICE,Not Applicable,1,Statewide,1
4602,2019,T7,8,Gasoline,2000,ICE,Not Applicable,2,Statewide,1
4603,2019,T7,8,Gasoline,1998,ICE,Not Applicable,3,Statewide,1
4604,2019,T7,8,Gasoline,1994,ICE,Not Applicable,1,Statewide,1
4605,2019,T7,8,Gasoline,1992,ICE,Not Applicable,1,Statewide,1
4606,2019,T7,8,Gasoline,1991,ICE,Not Applicable,1,Statewide,1
4607,2019,T7,8,Gasoline,1990,ICE,Not Applicable,2,Statewide,1
4608,2019,T7,8,Gasoline,2010,ICE,Not Applicable,1,Statewide,1
4609,2019,T7,8,Gasoline,1989,ICE,Not Applicable,1,Statewide,1
4610,2019,T7,8,Gasoline,1987,ICE,Not Applicable,3,Statewide,1
4611,2019,T7,8,Gasoline,1986,ICE,Not Applicable,3,Statewide,1
4612,2019,T7,8,Gasoline,1985,ICE,Not Applicable,1,Statewide,1
4613,2019,T7,8,Gasoline,1985,ICE,Not Applicable,2,Statewide,1
4614,2019,T7,8,Gasoline,1981,ICE,Not Applicable,2,Statewide,1
4615,2019,T7,8,Gasoline,1980,ICE,Not Applicable,3,Statewide,1
4616,2019,T7,8,Gasoline,1979,ICE,Not Applicable,2,Statewide,1
4617,2019,T7,8,Gasoline,1979,ICE,Not Applicable,3,Statewide,1
4618,2019,T7,8,Gasoline,1978,ICE,Not Applicable,2,Statewide,1
4619,2019,T7,8,Gasoline,1977,ICE,Not Applicable,2,Statewide,1
4620,2019,T7,8,Gasoline,1988,ICE,Not Applicable,2,Statewide,1
4621,2019,T6,4,Gasoline,2021,ICE,Not Applicable,1,Statewide,1
4622,2019,T7,8,Gasoline,2011,ICE,Not Applicable,2,Statewide,1
4623,2019,T7,8,Gasoline,2020,ICE,Not Applicable,1,Statewide,1
4624,2019,B,Not Applicable,Natural Gas,2020,ICE,Not Applicable,1,Statewide,1
4625,2019,B,Not Applicable,Natural Gas,2019,ICE,Not Applicable,2,Statewide,1
4626,2019,B,Not Applicable,Natural Gas,2014,ICE,Not Applicable,1,Statewide,1
4627,2019,B,Not Applicable,Natural Gas,2014,ICE,Not Applicable,3,Statewide,1
4628,2019,B,Not Applicable,Natural Gas,2012,ICE,Not Applicable,1,Statewide,1
4629,2019,B,Not Applicable,Natural Gas,2009,ICE,Not Applicable,1,Statewide,1
4630,2019,B,Not Applicable,Natural Gas,2008,ICE,Not Applicable,3,Statewide,1
4631,2019,B,Not Applicable,Natural Gas,2005,ICE,Not Applicable,2,Statewide,1
4632,2019,B,Not Applicable,Natural Gas,2005,ICE,Not Applicable,3,Statewide,1
4633,2019,B,Not Applicable,Natural Gas,2004,ICE,Not Applicable,3,Statewide,1
4634,2019,T7,8,Gasoline,2013,ICE,Not Applicable,2,Statewide,1
4635,2019,B,Not Applicable,Natural Gas,2002,ICE,Not Applicable,1,Statewide,1
4636,2019,B,Not Applicable,Natural Gas,2000,ICE,Not Applicable,2,Statewide,1
4637,2019,B,Not Applicable,Natural Gas,2000,ICE,Not Applicable,3,Statewide,1
4638,2019,B,Not Applicable,Natural Gas,1999,ICE,Not Applicable,2,Statewide,1
4639,2019,B,Not Applicable,Natural Gas,1999,ICE,Not Applicable,≥4,Statewide,1
4640,2019,B,Not Applicable,Natural Gas,1988,ICE,Not Applicable,3,Statewide,1
4641,2019,T2,Unknown,Hydrogen,2020,FCEV,>150 miles,3,Statewide,1
4642,2019,P,Not Applicable,Hydrogen,2019,FCEV,>150 miles,≥4,Statewide,1
4643,2019,P,Not Applicable,Hydrogen,2018,FCEV,Unknown,1,Statewide,1
4644,2019,P,Not Applicable,Hydrogen,2018,FCEV,Unknown,3,Statewide,1
4645,2019,P,Not Applicable,Hydrogen,2015,FCEV,Unknown,3,Statewide,1
4646,2019,B,Not Applicable,Natural Gas,2001,ICE,Not Applicable,2,Statewide,1
4647,2019,BS,Not Applicable,Natural Gas,2001,ICE,Not Applicable,≥4,Statewide,1
4648,2019,T6,5,Gasoline,2021,ICE,Not Applicable,2,Statewide,1
4649,2019,T6,7,Gasoline,2020,ICE,Not Applicable,1,Statewide,1
4650,2019,T6,Unknown,Gasoline,2004,ICE,Not Applicable,3,Statewide,1
4651,2019,T6,7,Gasoline,2003,ICE,Not Applicable,1,Statewide,1
4652,2019,T6,Unknown,Gasoline,2002,ICE,Not Applicable,2,Statewide,1
4653,2019,T6,5,Gasoline,2002,ICE,Not Applicable,2,Statewide,1
4654,2019,T6,5,Gasoline,2001,ICE,Not Applicable,2,Statewide,1
4655,2019,T6,7,Gasoline,1999,ICE,Not Applicable,1,Statewide,1
4656,2019,T6,Unknown,Gasoline,1998,ICE,Not Applicable,≥4,Statewide,1
4657,2019,T6,5,Gasoline,1997,ICE,Not Applicable,1,Statewide,1
4658,2019,T6,Unknown,Gasoline,1996,ICE,Not Applicable,3,Statewide,1
4659,2019,T6,Unknown,Gasoline,1996,ICE,Not Applicable,≥4,Statewide,1
4660,2019,T6,7,Gasoline,2006,ICE,Not Applicable,3,Statewide,1
4661,2019,T6,7,Gasoline,1996,ICE,Not Applicable,2,Statewide,1
4662,2019,T6,5,Gasoline,1994,ICE,Not Applicable,1,Statewide,1
4663,2019,T6,Unknown,Gasoline,1993,ICE,Not Applicable,3,Statewide,1
4664,2019,T6,5,Gasoline,1992,ICE,Not Applicable,3,Statewide,1
4665,2019,T6,4,Gasoline,1991,ICE,Not Applicable,2,Statewide,1
4666,2019,T6,4,Gasoline,1990,ICE,Not Applicable,1,Statewide,1
4667,2019,T6,Unknown,Gasoline,1989,ICE,Not Applicable,3,Statewide,1
4668,2019,T6,4,Gasoline,1989,ICE,Not Applicable,1,Statewide,1
4669,2019,T6,4,Gasoline,1989,ICE,Not Applicable,2,Statewide,1
4670,2019,T6,4,Gasoline,1988,ICE,Not Applicable,1,Statewide,1
4671,2019,T6,4,Gasoline,1988,ICE,Not Applicable,3,Statewide,1
4672,2019,T6,5,Gasoline,1995,ICE,Not Applicable,1,Statewide,1
4673,2019,T6,Unknown,Gasoline,2020,ICE,Not Applicable,1,Statewide,1
4674,2019,T6,Unknown,Gasoline,2006,ICE,Not Applicable,2,Statewide,1
4675,2019,T6,Unknown,Gasoline,2007,ICE,Not Applicable,≥4,Statewide,1
4676,2019,T6,Unknown,Gasoline,2019,ICE,Not Applicable,≥4,Statewide,1
4677,2019,T6,6,Gasoline,2019,ICE,Not Applicable,2,Statewide,1
4678,2019,T6,7,Gasoline,2018,ICE,Not Applicable,1,Statewide,1
4679,2019,T6,Unknown,Gasoline,2017,ICE,Not Applicable,1,Statewide,1
4680,2019,T6,7,Gasoline,2017,ICE,Not Applicable,2,Statewide,1
4681,2019,T6,6,Gasoline,2016,ICE,Not Applicable,1,Statewide,1
4682,2019,T6,6,Gasoline,2016,ICE,Not Applicable,2,Statewide,1
4683,2019,T6,Unknown,Gasoline,2013,ICE,Not Applicable,1,Statewide,1
4684,2019,T6,Unknown,Gasoline,2013,ICE,Not Applicable,3,Statewide,1
4685,2019,T6,7,Gasoline,2013,ICE,Not Applicable,2,Statewide,1
4686,2019,T6,7,Gasoline,2007,ICE,Not Applicable,3,Statewide,1
4687,2019,T6,7,Gasoline,2013,ICE,Not Applicable,3,Statewide,1
4688,2019,T6,Unknown,Gasoline,2012,ICE,Not Applicable,2,Statewide,1
4689,2019,T6,Unknown,Gasoline,2012,ICE,Not Applicable,3,Statewide,1
4690,2019,T6,7,Gasoline,2012,ICE,Not Applicable,3,Statewide,1
4691,2019,T6,7,Gasoline,2011,ICE,Not Applicable,2,Statewide,1
4692,2019,T6,7,Gasoline,2010,ICE,Not Applicable,2,Statewide,1
4693,2019,T6,7,Gasoline,2010,ICE,Not Applicable,3,Statewide,1
4694,2019,T6,Unknown,Gasoline,2009,ICE,Not Applicable,3,Statewide,1
4695,2019,T6,Unknown,Gasoline,2009,ICE,Not Applicable,≥4,Statewide,1
4696,2019,T6,7,Gasoline,2008,ICE,Not Applicable,2,Statewide,1
4697,2019,T6,Unknown,Gasoline,2007,ICE,Not Applicable,3,Statewide,1
4698,2019,T6,Unknown,Gasoline,2012,ICE,Not Applicable,1,Statewide,1
4699,2019,BS,Not Applicable,Natural Gas,2004,ICE,Not Applicable,3,Statewide,1
4700,2019,BS,Not Applicable,Natural Gas,2012,ICE,Not Applicable,1,Statewide,1
4701,2019,BS,Not Applicable,Natural Gas,2014,ICE,Not Applicable,1,Statewide,1
4702,2019,T2,Unknown,Natural Gas,2012,ICE,Not Applicable,2,Statewide,1
4703,2019,T2,Unknown,Natural Gas,2010,ICE,Not Applicable,≥4,Statewide,1
4704,2019,T2,Unknown,Natural Gas,2009,ICE,Not Applicable,≥4,Statewide,1
4705,2019,T2,Unknown,Natural Gas,2008,ICE,Not Applicable,1,Statewide,1
4706,2019,T2,Unknown,Natural Gas,2008,ICE,Not Applicable,2,Statewide,1
4707,2019,T2,1,Natural Gas,2007,ICE,Not Applicable,2,Statewide,1
4708,2019,T2,Unknown,Natural Gas,2004,ICE,Not Applicable,3,Statewide,1
4709,2019,T2,Unknown,Natural Gas,2001,ICE,Not Applicable,2,Statewide,1
4710,2019,T2,1,Natural Gas,2001,ICE,Not Applicable,2,Statewide,1
4711,2019,T2,Unknown,Natural Gas,2000,ICE,Not Applicable,1,Statewide,1
4712,2019,T2,1,Natural Gas,2017,ICE,Not Applicable,2,Statewide,1
4713,2019,T2,Unknown,Natural Gas,1975,ICE,Not Applicable,2,Statewide,1
4714,2019,T1,Unknown,Natural Gas,2016,ICE,Not Applicable,≥4,Statewide,1
4715,2019,T1,Unknown,Natural Gas,2015,ICE,Not Applicable,≥4,Statewide,1
4716,2019,T1,Unknown,Natural Gas,2014,ICE,Not Applicable,3,Statewide,1
4717,2019,T1,Unknown,Natural Gas,2010,ICE,Not Applicable,1,Statewide,1
4718,2019,T1,Unknown,Natural Gas,2009,ICE,Not Applicable,≥4,Statewide,1
4719,2019,T1,Unknown,Natural Gas,2008,ICE,Not Applicable,3,Statewide,1
4720,2019,T1,Unknown,Natural Gas,2005,ICE,Not Applicable,≥4,Statewide,1
4721,2019,T1,Unknown,Natural Gas,2004,ICE,Not Applicable,≥4,Statewide,1
4722,2019,T1,Unknown,Natural Gas,2001,ICE,Not Applicable,1,Statewide,1
4723,2019,T1,Unknown,Natural Gas,1999,ICE,Not Applicable,3,Statewide,1
4724,2019,T1,Unknown,Natural Gas,2017,ICE,Not Applicable,≥4,Statewide,1
4725,2019,T1,Unknown,Natural Gas,1995,ICE,Not Applicable,2,Statewide,1
4726,2019,T2,Unknown,Natural Gas,2017,ICE,Not Applicable,1,Statewide,1
4727,2019,T2,Unknown,Natural Gas,2018,ICE,Not Applicable,2,Statewide,1
4728,2019,T3,2,Natural Gas,2017,ICE,Not Applicable,2,Statewide,1
4729,2019,T3,2,Natural Gas,2016,ICE,Not Applicable,2,Statewide,1
4730,2019,T3,Unknown,Natural Gas,2014,ICE,Not Applicable,1,Statewide,1
4731,2019,T3,Unknown,Natural Gas,2014,ICE,Not Applicable,≥4,Statewide,1
4732,2019,T3,2,Natural Gas,2013,ICE,Not Applicable,3,Statewide,1
4733,2019,T3,2,Natural Gas,2013,ICE,Not Applicable,≥4,Statewide,1
4734,2019,T3,Unknown,Natural Gas,2012,ICE,Not Applicable,2,Statewide,1
4735,2019,T3,Unknown,Natural Gas,2012,ICE,Not Applicable,3,Statewide,1
4736,2019,T3,Unknown,Natural Gas,2008,ICE,Not Applicable,1,Statewide,1
4737,2019,T3,Unknown,Natural Gas,2008,ICE,Not Applicable,3,Statewide,1
4738,2019,T2,Unknown,Natural Gas,2018,ICE,Not Applicable,3,Statewide,1
4739,2019,T3,Unknown,Natural Gas,2006,ICE,Not Applicable,3,Statewide,1
4740,2019,T3,Unknown,Natural Gas,2005,ICE,Not Applicable,2,Statewide,1
4741,2019,T3,Unknown,Natural Gas,2005,ICE,Not Applicable,3,Statewide,1
4742,2019,T3,Unknown,Natural Gas,2000,ICE,Not Applicable,1,Statewide,1
4743,2019,T3,2,Natural Gas,2000,ICE,Not Applicable,2,Statewide,1
4744,2019,T3,2,Natural Gas,1999,ICE,Not Applicable,2,Statewide,1
4745,2019,T3,2,Natural Gas,1999,ICE,Not Applicable,3,Statewide,1
4746,2019,T3,Unknown,Natural Gas,1998,ICE,Not Applicable,≥4,Statewide,1
4747,2019,T3,2,Natural Gas,1998,ICE,Not Applicable,2,Statewide,1
4748,2019,T3,2,Natural Gas,1997,ICE,Not Applicable,≥4,Statewide,1
4749,2019,T2,Unknown,Natural Gas,2019,ICE,Not Applicable,3,Statewide,1
4750,2019,T3,Unknown,Natural Gas,2005,ICE,Not Applicable,1,Statewide,1
4751,2019,T1,Unknown,Natural Gas,1994,ICE,Not Applicable,1,Statewide,1
4752,2019,T1,Unknown,Natural Gas,1994,ICE,Not Applicable,≥4,Statewide,1
4753,2019,T1,Unknown,Natural Gas,1975,ICE,Not Applicable,2,Statewide,1
4754,2019,MC,Not Applicable,Natural Gas,1990,ICE,Not Applicable,≥4,Statewide,1
4755,2019,MC,Not Applicable,Natural Gas,1989,ICE,Not Applicable,≥4,Statewide,1
4756,2019,MC,Not Applicable,Natural Gas,1987,ICE,Not Applicable,≥4,Statewide,1
4757,2019,MC,Not Applicable,Natural Gas,1985,ICE,Not Applicable,≥4,Statewide,1
4758,2019,MC,Not Applicable,Natural Gas,1979,ICE,Not Applicable,≥4,Statewide,1
4759,2019,MC,Not Applicable,Natural Gas,1977,ICE,Not Applicable,≥4,Statewide,1
4760,2019,MC,Not Applicable,Natural Gas,1975,ICE,Not Applicable,2,Statewide,1
4761,2019,BT,Not Applicable,Natural Gas,2021,ICE,Not Applicable,≥4,Statewide,1
4762,2019,BT,Not Applicable,Natural Gas,2020,ICE,Not Applicable,1,Statewide,1
4763,2019,BT,Not Applicable,Natural Gas,2019,ICE,Not Applicable,1,Statewide,1
4764,2019,MC,Not Applicable,Natural Gas,1992,ICE,Not Applicable,≥4,Statewide,1
4765,2019,BT,Not Applicable,Natural Gas,2017,ICE,Not Applicable,1,Statewide,1
4766,2019,BT,Not Applicable,Natural Gas,2015,ICE,Not Applicable,1,Statewide,1
4767,2019,BT,Not Applicable,Natural Gas,2014,ICE,Not Applicable,1,Statewide,1
4768,2019,BT,Not Applicable,Natural Gas,2013,ICE,Not Applicable,1,Statewide,1
4769,2019,BT,Not Applicable,Natural Gas,2008,ICE,Not Applicable,3,Statewide,1
4770,2019,BT,Not Applicable,Natural Gas,2005,ICE,Not Applicable,1,Statewide,1
4771,2019,BT,Not Applicable,Natural Gas,2002,ICE,Not Applicable,1,Statewide,1
4772,2019,BT,Not Applicable,Natural Gas,1997,ICE,Not Applicable,1,Statewide,1
4773,2019,BT,Not Applicable,Natural Gas,1994,ICE,Not Applicable,≥4,Statewide,1
4774,2019,BS,Not Applicable,Natural Gas,2019,ICE,Not Applicable,2,Statewide,1
4775,2019,BS,Not Applicable,Natural Gas,2018,ICE,Not Applicable,2,Statewide,1
4776,2019,BT,Not Applicable,Natural Gas,2016,ICE,Not Applicable,2,Statewide,1
4777,2019,MC,Not Applicable,Natural Gas,1993,ICE,Not Applicable,≥4,Statewide,1
4778,2019,MC,Not Applicable,Natural Gas,2001,ICE,Not Applicable,2,Statewide,1
4779,2019,MC,Not Applicable,Natural Gas,2002,ICE,Not Applicable,3,Statewide,1
4780,2019,P,Not Applicable,Natural Gas,2000,ICE,Not Applicable,2,Statewide,1
4781,2019,P,Not Applicable,Natural Gas,1994,ICE,Not Applicable,≥4,Statewide,1
4782,2019,P,Not Applicable,Natural Gas,1982,ICE,Not Applicable,3,Statewide,1
4783,2019,P,Not Applicable,Natural Gas,1980,ICE,Not Applicable,≥4,Statewide,1
4784,2019,P,Not Applicable,Natural Gas,1978,ICE,Not Applicable,2,Statewide,1
4785,2019,P,Not Applicable,Natural Gas,1978,ICE,Not Applicable,≥4,Statewide,1
4786,2019,P,Not Applicable,Natural Gas,1977,ICE,Not Applicable,≥4,Statewide,1
4787,2019,P,Not Applicable,Natural Gas,1976,ICE,Not Applicable,≥4,Statewide,1
4788,2019,MH,Not Applicable,Natural Gas,2015,ICE,Not Applicable,1,Statewide,1
4789,2019,MH,Not Applicable,Natural Gas,2012,ICE,Not Applicable,≥4,Statewide,1
4790,2019,MH,Not Applicable,Natural Gas,2007,ICE,Not Applicable,1,Statewide,1
4791,2019,MH,Not Applicable,Natural Gas,1984,ICE,Not Applicable,3,Statewide,1
4792,2019,MH,Not Applicable,Natural Gas,1977,ICE,Not Applicable,≥4,Statewide,1
4793,2019,MH,Not Applicable,Natural Gas,1975,ICE,Not Applicable,2,Statewide,1
4794,2019,MC,Not Applicable,Natural Gas,2020,ICE,Not Applicable,1,Statewide,1
4795,2019,MC,Not Applicable,Natural Gas,2014,ICE,Not Applicable,3,Statewide,1
4796,2019,MC,Not Applicable,Natural Gas,2013,ICE,Not Applicable,≥4,Statewide,1
4797,2019,MC,Not Applicable,Natural Gas,2011,ICE,Not Applicable,3,Statewide,1
4798,2019,MC,Not Applicable,Natural Gas,2009,ICE,Not Applicable,≥4,Statewide,1
4799,2019,MC,Not Applicable,Natural Gas,2008,ICE,Not Applicable,3,Statewide,1
4800,2019,MC,Not Applicable,Natural Gas,2007,ICE,Not Applicable,≥4,Statewide,1
4801,2019,MC,Not Applicable,Natural Gas,2006,ICE,Not Applicable,≥4,Statewide,1
4802,2019,MC,Not Applicable,Natural Gas,2003,ICE,Not Applicable,≥4,Statewide,1
4803,2019,T6,5,Gasoline,1988,ICE,Not Applicable,1,Statewide,1
4804,2019,T3,Unknown,Electric,1996,BEV,Unknown,≥4,Statewide,1
4805,2019,T6,5,Gasoline,1988,ICE,Not Applicable,3,Statewide,1
4806,2019,T6,Unknown,Gasoline,1987,ICE,Not Applicable,3,Statewide,1
4807,2019,BS,Not Applicable,Gasoline,1998,ICE,Not Applicable,3,Statewide,1
4808,2019,BS,Not Applicable,Gasoline,1996,ICE,Not Applicable,1,Statewide,1
4809,2019,BS,Not Applicable,Gasoline,1996,ICE,Not Applicable,3,Statewide,1
4810,2019,BS,Not Applicable,Gasoline,1995,ICE,Not Applicable,1,Statewide,1
4811,2019,BS,Not Applicable,Gasoline,1994,ICE,Not Applicable,1,Statewide,1
4812,2019,BS,Not Applicable,Gasoline,1992,ICE,Not Applicable,2,Statewide,1
4813,2019,BS,Not Applicable,Gasoline,1990,ICE,Not Applicable,3,Statewide,1
4814,2019,BS,Not Applicable,Gasoline,1989,ICE,Not Applicable,1,Statewide,1
4815,2019,BS,Not Applicable,Gasoline,1987,ICE,Not Applicable,2,Statewide,1
4816,2019,BS,Not Applicable,Gasoline,1987,ICE,Not Applicable,3,Statewide,1
4817,2019,BS,Not Applicable,Gasoline,1998,ICE,Not Applicable,1,Statewide,1
4818,2019,BS,Not Applicable,Gasoline,1984,ICE,Not Applicable,3,Statewide,1
4819,2019,BS,Not Applicable,Gasoline,1976,ICE,Not Applicable,2,Statewide,1
4820,2019,B,Not Applicable,Gasoline,2021,ICE,Not Applicable,1,Statewide,1
4821,2019,B,Not Applicable,Gasoline,2021,ICE,Not Applicable,2,Statewide,1
4822,2019,B,Not Applicable,Gasoline,1988,ICE,Not Applicable,3,Statewide,1
4823,2019,B,Not Applicable,Gasoline,1985,ICE,Not Applicable,2,Statewide,1
4824,2019,B,Not Applicable,Gasoline,1981,ICE,Not Applicable,1,Statewide,1
4825,2019,B,Not Applicable,Gasoline,1981,ICE,Not Applicable,2,Statewide,1
4826,2019,B,Not Applicable,Gasoline,1981,ICE,Not Applicable,3,Statewide,1
4827,2019,T6,Unknown,Electric,2019,BEV,Unknown,≥4,Statewide,1
4828,2019,T6,5,Electric,2019,BEV,Unknown,≥4,Statewide,1
4829,2019,BS,Not Applicable,Gasoline,1981,ICE,Not Applicable,3,Statewide,1
4830,2019,T6,Unknown,Electric,2018,BEV,Unknown,≥4,Statewide,1
4831,2019,BS,Not Applicable,Gasoline,1999,ICE,Not Applicable,3,Statewide,1
4832,2019,BS,Not Applicable,Gasoline,2003,ICE,Not Applicable,1,Statewide,1
4833,2019,BT,Not Applicable,Gasoline,1993,ICE,Not Applicable,1,Statewide,1
4834,2019,BT,Not Applicable,Gasoline,1991,ICE,Not Applicable,1,Statewide,1
4835,2019,BT,Not Applicable,Gasoline,1990,ICE,Not Applicable,1,Statewide,1
4836,2019,BT,Not Applicable,Gasoline,1990,ICE,Not Applicable,2,Statewide,1
4837,2019,BT,Not Applicable,Gasoline,1988,ICE,Not Applicable,2,Statewide,1
4838,2019,BT,Not Applicable,Gasoline,1987,ICE,Not Applicable,1,Statewide,1
4839,2019,BT,Not Applicable,Gasoline,1986,ICE,Not Applicable,3,Statewide,1
4840,2019,BT,Not Applicable,Gasoline,1983,ICE,Not Applicable,1,Statewide,1
4841,2019,BT,Not Applicable,Gasoline,1983,ICE,Not Applicable,≥4,Statewide,1
4842,2019,BT,Not Applicable,Gasoline,1982,ICE,Not Applicable,3,Statewide,1
4843,2019,BS,Not Applicable,Gasoline,2001,ICE,Not Applicable,1,Statewide,1
4844,2019,BT,Not Applicable,Gasoline,1981,ICE,Not Applicable,1,Statewide,1
4845,2019,BT,Not Applicable,Gasoline,1977,ICE,Not Applicable,≥4,Statewide,1
4846,2019,BS,Not Applicable,Gasoline,2021,ICE,Not Applicable,1,Statewide,1
4847,2019,BS,Not Applicable,Gasoline,2015,ICE,Not Applicable,2,Statewide,1
4848,2019,BS,Not Applicable,Gasoline,2015,ICE,Not Applicable,3,Statewide,1
4849,2019,BS,Not Applicable,Gasoline,2010,ICE,Not Applicable,3,Statewide,1
4850,2019,BS,Not Applicable,Gasoline,2009,ICE,Not Applicable,3,Statewide,1
4851,2019,BS,Not Applicable,Gasoline,2008,ICE,Not Applicable,3,Statewide,1
4852,2019,BS,Not Applicable,Gasoline,2007,ICE,Not Applicable,2,Statewide,1
4853,2019,BS,Not Applicable,Gasoline,2005,ICE,Not Applicable,2,Statewide,1
4854,2019,BS,Not Applicable,Gasoline,2004,ICE,Not Applicable,1,Statewide,1
4855,2019,BT,Not Applicable,Gasoline,1981,ICE,Not Applicable,≥4,Statewide,1
4856,2019,BT,Not Applicable,Gasoline,1994,ICE,Not Applicable,1,Statewide,1
4857,2019,T6,6,Electric,2017,BEV,Unknown,1,Statewide,1
4858,2019,T5,3,Electric,2020,BEV,Unknown,≥4,Statewide,1
4859,2019,T3,Unknown,Electric,2017,BEV,Unknown,2,Statewide,1
4860,2019,T3,2,Electric,2017,BEV,Unknown,1,Statewide,1
4861,2019,T3,2,Electric,2017,BEV,Unknown,2,Statewide,1
4862,2019,T3,2,Electric,2017,BEV,Unknown,3,Statewide,1
4863,2019,T3,2,Electric,2017,BEV,Unknown,≥4,Statewide,1
4864,2019,T3,2,Electric,2016,BEV,Unknown,1,Statewide,1
4865,2019,T3,Unknown,Electric,2015,BEV,Unknown,1,Statewide,1
4866,2019,T3,2,Electric,2015,BEV,Unknown,1,Statewide,1
4867,2019,T3,Unknown,Electric,2014,BEV,Unknown,≥4,Statewide,1
4868,2019,T3,2,Electric,2014,BEV,Unknown,2,Statewide,1
4869,2019,T3,2,Electric,2018,BEV,Unknown,≥4,Statewide,1
4870,2019,T3,Unknown,Electric,2013,BEV,Unknown,2,Statewide,1
4871,2019,T3,Unknown,Electric,2012,BEV,Unknown,1,Statewide,1
4872,2019,T3,Unknown,Electric,2011,BEV,Unknown,1,Statewide,1
4873,2019,T3,2,Electric,2010,BEV,Unknown,≥4,Statewide,1
4874,2019,T3,Unknown,Electric,2008,BEV,Unknown,1,Statewide,1
4875,2019,T3,2,Electric,2008,BEV,Unknown,3,Statewide,1
4876,2019,T3,2,Electric,2007,BEV,Unknown,1,Statewide,1
4877,2019,T3,Unknown,Electric,2005,BEV,Unknown,3,Statewide,1
4878,2019,T3,Unknown,Electric,2004,BEV,Unknown,1,Statewide,1
4879,2019,T3,Unknown,Electric,2003,BEV,Unknown,1,Statewide,1
4880,2019,T3,Unknown,Electric,2001,BEV,Unknown,1,Statewide,1
4881,2019,T3,Unknown,Electric,2013,BEV,Unknown,3,Statewide,1
4882,2019,T6,6,Electric,2015,BEV,Unknown,1,Statewide,1
4883,2019,T3,2,Electric,2018,BEV,Unknown,3,Statewide,1
4884,2019,T4,Unknown,Electric,1975,BEV,Unknown,1,Statewide,1
4885,2019,T5,3,Electric,2018,BEV,Unknown,≥4,Statewide,1
4886,2019,T5,3,Electric,2017,BEV,Unknown,≥4,Statewide,1
4887,2019,T5,3,Electric,2015,BEV,Unknown,1,Statewide,1
4888,2019,T5,3,Electric,2015,BEV,Unknown,2,Statewide,1
4889,2019,T5,3,Electric,2006,BEV,Unknown,≥4,Statewide,1
4890,2019,T5,3,Electric,2001,BEV,Unknown,≥4,Statewide,1
4891,2019,T5,3,Electric,1999,BEV,Unknown,≥4,Statewide,1
4892,2019,T5,3,Electric,1997,BEV,Unknown,≥4,Statewide,1
4893,2019,T4,Unknown,Electric,2011,BEV,Unknown,1,Statewide,1
4894,2019,T4,Unknown,Electric,2008,BEV,Unknown,2,Statewide,1
4895,2019,T3,2,Electric,2019,BEV,Unknown,≥4,Statewide,1
4896,2019,T4,Unknown,Electric,2006,BEV,Unknown,≥4,Statewide,1
4897,2019,T4,Unknown,Electric,1999,BEV,Unknown,1,Statewide,1
4898,2019,T4,Unknown,Electric,1998,BEV,Unknown,≥4,Statewide,1
4899,2019,T4,Unknown,Electric,1994,BEV,Unknown,≥4,Statewide,1
4900,2019,T4,Unknown,Electric,1990,BEV,Unknown,1,Statewide,1
4901,2019,T4,Unknown,Electric,1989,BEV,Unknown,1,Statewide,1
4902,2019,T4,Unknown,Electric,1989,BEV,Unknown,2,Statewide,1
4903,2019,T4,Unknown,Electric,1989,BEV,Unknown,≥4,Statewide,1
4904,2019,T4,Unknown,Electric,1987,BEV,Unknown,≥4,Statewide,1
4905,2019,T4,Unknown,Electric,1978,BEV,Unknown,≥4,Statewide,1
4906,2019,T4,Unknown,Electric,1976,BEV,Unknown,2,Statewide,1
4907,2019,T4,Unknown,Electric,2001,BEV,Unknown,≥4,Statewide,1
4908,2019,BT,Not Applicable,Gasoline,1996,ICE,Not Applicable,3,Statewide,1
4909,2019,BT,Not Applicable,Gasoline,1996,ICE,Not Applicable,1,Statewide,1
4910,2019,BT,Not Applicable,Gasoline,1999,ICE,Not Applicable,2,Statewide,1
4911,2019,T6,7,Gasoline,1979,ICE,Not Applicable,2,Statewide,1
4912,2019,T6,Unknown,Gasoline,1977,ICE,Not Applicable,3,Statewide,1
4913,2019,T5,3,Gasoline,2021,ICE,Not Applicable,3,Statewide,1
4914,2019,T5,3,Gasoline,1985,ICE,Not Applicable,1,Statewide,1
4915,2019,T5,3,Gasoline,1981,ICE,Not Applicable,1,Statewide,1
4916,2019,T5,3,Gasoline,1981,ICE,Not Applicable,2,Statewide,1
4917,2019,T5,3,Gasoline,1981,ICE,Not Applicable,3,Statewide,1
4918,2019,T5,3,Gasoline,1979,ICE,Not Applicable,3,Statewide,1
4919,2019,T5,3,Gasoline,1978,ICE,Not Applicable,2,Statewide,1
4920,2019,T5,3,Gasoline,1978,ICE,Not Applicable,3,Statewide,1
4921,2019,T6,5,Gasoline,1979,ICE,Not Applicable,2,Statewide,1
4922,2019,T5,3,Gasoline,1977,ICE,Not Applicable,2,Statewide,1
4923,2019,T5,3,Gasoline,1976,ICE,Not Applicable,≥4,Statewide,1
4924,2019,T4,Unknown,Gasoline,2020,ICE,Not Applicable,1,Statewide,1
4925,2019,T4,Unknown,Gasoline,2020,ICE,Not Applicable,3,Statewide,1
4926,2019,T4,2,Gasoline,2006,ICE,Not Applicable,Unknown,Statewide,1
4927,2019,T4,2,Gasoline,2002,ICE,Not Applicable,Unknown,Statewide,1
4928,2019,T4,Unknown,Gasoline,1981,ICE,Not Applicable,1,Statewide,1
4929,2019,T4,Unknown,Gasoline,1977,ICE,Not Applicable,1,Statewide,1
4930,2019,T4,Unknown,Gasoline,1976,ICE,Not Applicable,2,Statewide,1
4931,2019,T3,Unknown,Gasoline,2022,ICE,Not Applicable,2,Statewide,1
4932,2019,T3,Unknown,Gasoline,2021,ICE,Not Applicable,1,Statewide,1
4933,2019,T5,3,Gasoline,1977,ICE,Not Applicable,3,Statewide,1
4934,2019,T3,Unknown,Gasoline,2021,ICE,Not Applicable,≥4,Statewide,1
4935,2019,T6,Unknown,Gasoline,1979,ICE,Not Applicable,3,Statewide,1
4936,2019,T6,7,Gasoline,1980,ICE,Not Applicable,3,Statewide,1
4937,2019,T6,5,Gasoline,1987,ICE,Not Applicable,2,Statewide,1
4938,2019,T6,Unknown,Gasoline,1986,ICE,Not Applicable,1,Statewide,1
4939,2019,T6,Unknown,Gasoline,1985,ICE,Not Applicable,1,Statewide,1
4940,2019,T6,5,Gasoline,1985,ICE,Not Applicable,3,Statewide,1
4941,2019,T6,Unknown,Gasoline,1984,ICE,Not Applicable,3,Statewide,1
4942,2019,T6,5,Gasoline,1984,ICE,Not Applicable,1,Statewide,1
4943,2019,T6,5,Gasoline,1984,ICE,Not Applicable,3,Statewide,1
4944,2019,T6,5,Gasoline,1983,ICE,Not Applicable,2,Statewide,1
4945,2019,T6,Unknown,Gasoline,1982,ICE,Not Applicable,1,Statewide,1
4946,2019,T6,5,Gasoline,1982,ICE,Not Applicable,3,Statewide,1
4947,2019,T6,Unknown,Gasoline,1979,ICE,Not Applicable,2,Statewide,1
4948,2019,T6,Unknown,Gasoline,1981,ICE,Not Applicable,1,Statewide,1
4949,2019,T6,Unknown,Gasoline,1981,ICE,Not Applicable,3,Statewide,1
4950,2019,T6,4,Gasoline,1981,ICE,Not Applicable,1,Statewide,1
4951,2019,T6,7,Gasoline,1981,ICE,Not Applicable,2,Statewide,1
4952,2019,T6,7,Gasoline,1981,ICE,Not Applicable,3,Statewide,1
4953,2019,T6,Unknown,Gasoline,1980,ICE,Not Applicable,1,Statewide,1
4954,2019,T6,Unknown,Gasoline,1980,ICE,Not Applicable,2,Statewide,1
4955,2019,T6,4,Gasoline,1980,ICE,Not Applicable,1,Statewide,1
4956,2019,T6,4,Gasoline,1980,ICE,Not Applicable,2,Statewide,1
4957,2019,T6,5,Gasoline,1980,ICE,Not Applicable,2,Statewide,1
4958,2019,T6,7,Gasoline,1980,ICE,Not Applicable,2,Statewide,1
4959,2019,T6,Unknown,Gasoline,1981,ICE,Not Applicable,2,Statewide,1
4960,2019,T3,Unknown,Gasoline,2019,PHEV,Unknown,1,Statewide,1
4961,2019,T3,Unknown,Gasoline,2019,PHEV,Unknown,3,Statewide,1
4962,2019,T3,Unknown,Gasoline,2019,PHEV,Unknown,≥4,Statewide,1
4963,2019,P,Not Applicable,Gasoline,2005,ICE,Not Applicable,Unknown,Statewide,1
4964,2019,P,Not Applicable,Gasoline,1998,ICE,Not Applicable,Unknown,Statewide,1
4965,2019,P,Not Applicable,Gasoline,1987,PHEV,0 to 50 miles,2,Statewide,1
4966,2019,P,Not Applicable,Gasoline,1985,BEV,Unknown,≥4,Statewide,1
4967,2019,P,Not Applicable,Gasoline,1984,BEV,Unknown,1,Statewide,1
4968,2019,P,Not Applicable,Gasoline,1984,BEV,Unknown,≥4,Statewide,1
4969,2019,P,Not Applicable,Gasoline,1983,BEV,Unknown,≥4,Statewide,1
4970,2019,P,Not Applicable,Gasoline,1980,BEV,Unknown,≥4,Statewide,1
4971,2019,P,Not Applicable,Gasoline,1979,BEV,Unknown,≥4,Statewide,1
4972,2019,MC,Not Applicable,Gasoline,2020,BEV,Unknown,1,Statewide,1
4973,2019,P,Not Applicable,Gasoline,2006,ICE,Not Applicable,Unknown,Statewide,1
4974,2019,MC,Not Applicable,Gasoline,2002,BEV,Unknown,2,Statewide,1
4975,2019,BT,Not Applicable,Gasoline,2018,ICE,Not Applicable,3,Statewide,1
4976,2019,BT,Not Applicable,Gasoline,2017,ICE,Not Applicable,3,Statewide,1
4977,2019,BT,Not Applicable,Gasoline,2012,ICE,Not Applicable,2,Statewide,1
4978,2019,BT,Not Applicable,Gasoline,2011,ICE,Not Applicable,3,Statewide,1
4979,2019,BT,Not Applicable,Gasoline,2010,ICE,Not Applicable,2,Statewide,1
4980,2019,BT,Not Applicable,Gasoline,2009,ICE,Not Applicable,1,Statewide,1
4981,2019,BT,Not Applicable,Gasoline,2008,ICE,Not Applicable,2,Statewide,1
4982,2019,BT,Not Applicable,Gasoline,2008,ICE,Not Applicable,3,Statewide,1
4983,2019,BT,Not Applicable,Gasoline,2002,ICE,Not Applicable,2,Statewide,1
4984,2019,BT,Not Applicable,Gasoline,2000,ICE,Not Applicable,1,Statewide,1
4985,2019,BT,Not Applicable,Gasoline,2021,ICE,Not Applicable,1,Statewide,1
4986,2019,P,Not Applicable,Gasoline,2007,ICE,Not Applicable,Unknown,Statewide,1
4987,2019,P,Not Applicable,Gasoline,2007,BEV,Unknown,≥4,Statewide,1
4988,2019,P,Not Applicable,Gasoline,2008,BEV,Unknown,2,Statewide,1
4989,2019,T3,Unknown,Gasoline,2013,ICE,Not Applicable,Unknown,Statewide,1
4990,2019,T3,Unknown,Gasoline,2004,ICE,Not Applicable,Unknown,Statewide,1
4991,2019,T2,1,Gasoline,2021,PHEV,Unknown,1,Statewide,1
4992,2019,T2,1,Gasoline,2018,PHEV,Unknown,2,Statewide,1
4993,2019,T2,Unknown,Gasoline,2017,PHEV,Unknown,2,Statewide,1
4994,2019,T2,Unknown,Gasoline,2017,PHEV,Unknown,3,Statewide,1
4995,2019,T2,1,Gasoline,2017,PHEV,Unknown,3,Statewide,1
4996,2019,T2,Unknown,Gasoline,2016,PHEV,Unknown,3,Statewide,1
4997,2019,T2,1,Gasoline,2016,PHEV,Unknown,2,Statewide,1
4998,2019,T2,1,Gasoline,2016,PHEV,Unknown,3,Statewide,1
4999,2019,T2,1,Gasoline,2008,ICE,Not Applicable,Unknown,Statewide,1
5000,2019,T2,1,Gasoline,2006,BEV,Unknown,2,Statewide,1
5001,2019,T2,1,Gasoline,2006,ICE,Not Applicable,Unknown,Statewide,1
5002,2019,T1,Unknown,Gasoline,2013,ICE,Not Applicable,Unknown,Statewide,1
5003,2019,T1,Unknown,Gasoline,1975,BEV,Unknown,3,Statewide,1
5004,2019,P,Not Applicable,Gasoline,2022,ICE,Not Applicable,≥4,Statewide,1
5005,2019,P,Not Applicable,Gasoline,2020,PHEV,Unknown,≥4,Statewide,1
5006,2019,P,Not Applicable,Gasoline,2016,ICE,Not Applicable,Unknown,Statewide,1
5007,2019,P,Not Applicable,Gasoline,2013,ICE,Not Applicable,Unknown,Statewide,1
5008,2019,P,Not Applicable,Gasoline,2012,BEV,Unknown,3,Statewide,1
5009,2019,P,Not Applicable,Gasoline,2012,ICE,Not Applicable,Unknown,Statewide,1
5010,2019,P,Not Applicable,Gasoline,2010,BEV,Unknown,1,Statewide,1
5011,2019,P,Not Applicable,Gasoline,2010,BEV,Unknown,2,Statewide,1
5012,2019,T6,Unknown,Gasoline,1987,ICE,Not Applicable,1,Statewide,1
5013,2019,T3,2,Gasoline,1975,ICE,Not Applicable,2,Statewide,1077
5014,2019,T7,8,Gasoline,1998,ICE,Not Applicable,≥4,Statewide,3
5015,2019,B,Not Applicable,Natural Gas,2008,ICE,Not Applicable,1,Statewide,3
5016,2019,BT,Not Applicable,Electric,2005,BEV,Unknown,≥4,Statewide,11
5017,2019,BT,Not Applicable,Electric,1998,BEV,Unknown,≥4,Statewide,11
5018,2019,T7,8,Diesel,1983,ICE,Not Applicable,2,Statewide,11
5019,2019,T7,8,Diesel,1981,ICE,Not Applicable,2,Statewide,11
5020,2019,T7,8,Diesel,1978,ICE,Not Applicable,2,Statewide,11
5021,2019,T6,5,Diesel,2001,ICE,Not Applicable,2,Statewide,11
5022,2019,T6,5,Diesel,2001,ICE,Not Applicable,3,Statewide,11
5023,2019,T6,6,Diesel,1991,ICE,Not Applicable,3,Statewide,11
5024,2019,T6,7,Diesel,1985,ICE,Not Applicable,2,Statewide,11
5025,2019,T6,7,Diesel,1985,ICE,Not Applicable,3,Statewide,11
5026,2019,MC,Not Applicable,Electric,1996,BEV,Unknown,≥4,Statewide,11
5027,2019,T6,7,Diesel,1984,ICE,Not Applicable,1,Statewide,11
5028,2019,T5,3,Diesel,1990,ICE,Not Applicable,1,Statewide,11
5029,2019,T4,Unknown,Diesel,2012,ICE,Not Applicable,3,Statewide,11
5030,2019,T4,Unknown,Diesel,2003,ICE,Not Applicable,2,Statewide,11
5031,2019,T4,Unknown,Diesel,2003,ICE,Not Applicable,3,Statewide,11
5032,2019,T4,Unknown,Diesel,1988,ICE,Not Applicable,1,Statewide,11
5033,2019,T3,Unknown,Diesel,2009,ICE,Not Applicable,1,Statewide,11
5034,2019,T3,2,Diesel,1986,ICE,Not Applicable,2,Statewide,11
5035,2019,T3,2,Diesel,1982,ICE,Not Applicable,≥4,Statewide,11
5036,2019,T3,Unknown,Diesel,1978,ICE,Not Applicable,1,Statewide,11
5037,2019,T3,Unknown,Diesel,1977,ICE,Not Applicable,≥4,Statewide,11
5038,2019,T6,Unknown,Diesel,1975,ICE,Not Applicable,2,Statewide,11
5039,2019,T2,1,Diesel,2016,ICE,Not Applicable,≥4,Statewide,11
5040,2019,P,Not Applicable,Electric,2001,BEV,Unknown,≥4,Statewide,11
5041,2019,T1,Unknown,Electric,2009,BEV,Unknown,≥4,Statewide,11
5042,2019,T6,5,Gasoline,2012,ICE,Not Applicable,1,Statewide,11
5043,2019,T6,5,Gasoline,2012,ICE,Not Applicable,3,Statewide,11
5044,2019,T6,5,Gasoline,2011,ICE,Not Applicable,3,Statewide,11
5045,2019,T6,6,Gasoline,1998,ICE,Not Applicable,2,Statewide,11
5046,2019,T6,5,Gasoline,1995,ICE,Not Applicable,≥4,Statewide,11
5047,2019,T6,6,Gasoline,1995,ICE,Not Applicable,3,Statewide,11
5048,2019,T6,6,Gasoline,1993,ICE,Not Applicable,1,Statewide,11
5049,2019,T6,4,Gasoline,1991,ICE,Not Applicable,≥4,Statewide,11
5050,2019,T6,7,Gasoline,1990,ICE,Not Applicable,2,Statewide,11
5051,2019,T6,6,Gasoline,1988,ICE,Not Applicable,1,Statewide,11
5052,2019,P,Not Applicable,Electric,2011,BEV,Unknown,1,Statewide,11
5053,2019,T6,5,Gasoline,1985,ICE,Not Applicable,≥4,Statewide,11
5054,2019,T6,6,Gasoline,1981,ICE,Not Applicable,2,Statewide,11
5055,2019,T6,7,Gasoline,1980,ICE,Not Applicable,1,Statewide,11
5056,2019,T6,Unknown,Gasoline,1976,ICE,Not Applicable,1,Statewide,11
5057,2019,T5,3,Gasoline,1986,ICE,Not Applicable,3,Statewide,11
5058,2019,T4,Unknown,Gasoline,1986,ICE,Not Applicable,3,Statewide,11
5059,2019,BT,Not Applicable,Gasoline,2013,ICE,Not Applicable,1,Statewide,11
5060,2019,B,Not Applicable,Gasoline,1993,ICE,Not Applicable,1,Statewide,11
5061,2019,B,Not Applicable,Gasoline,1980,ICE,Not Applicable,≥4,Statewide,11
5062,2019,B,Not Applicable,Gasoline,1977,ICE,Not Applicable,1,Statewide,11
5063,2019,B,Not Applicable,Gasoline,1976,ICE,Not Applicable,1,Statewide,11
5064,2019,T6,7,Gasoline,1982,ICE,Not Applicable,1,Statewide,11
5065,2019,T6,4,Gasoline,2016,ICE,Not Applicable,2,Statewide,11
5066,2019,T2,Unknown,Diesel,2015,ICE,Not Applicable,3,Statewide,11
5067,2019,T2,1,Diesel,1989,ICE,Not Applicable,2,Statewide,11
5068,2019,T4,2,Natural Gas,2006,ICE,Not Applicable,1,Statewide,10
5069,2019,T4,2,Natural Gas,2001,ICE,Not Applicable,≥4,Statewide,10
5070,2019,T3,2,Natural Gas,2012,ICE,Not Applicable,1,Statewide,10
5071,2019,T3,2,Natural Gas,2006,ICE,Not Applicable,2,Statewide,10
5072,2019,T3,2,Natural Gas,2005,ICE,Not Applicable,2,Statewide,10
5073,2019,T3,Unknown,Natural Gas,2004,ICE,Not Applicable,≥4,Statewide,10
5074,2019,T3,2,Natural Gas,2004,ICE,Not Applicable,3,Statewide,10
5075,2019,T3,2,Natural Gas,2000,ICE,Not Applicable,≥4,Statewide,10
5076,2019,P,Not Applicable,Natural Gas,1975,ICE,Not Applicable,2,Statewide,10
5077,2019,T2,Unknown,Hydrogen,2020,FCEV,>150 miles,≥4,Statewide,10
5078,2019,T4,Unknown,Natural Gas,2007,ICE,Not Applicable,1,Statewide,10
5079,2019,T7,8,Gasoline,2010,ICE,Not Applicable,≥4,Statewide,10
5080,2019,T6,6,Gasoline,2020,ICE,Not Applicable,1,Statewide,10
5081,2019,T6,5,Gasoline,2019,ICE,Not Applicable,2,Statewide,10
5082,2019,T6,5,Gasoline,2018,ICE,Not Applicable,3,Statewide,10
5083,2019,T6,5,Gasoline,2014,ICE,Not Applicable,3,Statewide,10
5084,2019,T6,6,Gasoline,2011,ICE,Not Applicable,1,Statewide,10
5085,2019,T6,5,Gasoline,2010,ICE,Not Applicable,2,Statewide,10
5086,2019,T6,5,Gasoline,2001,ICE,Not Applicable,≥4,Statewide,10
5087,2019,T6,6,Gasoline,2001,ICE,Not Applicable,2,Statewide,10
5088,2019,T6,6,Gasoline,1999,ICE,Not Applicable,1,Statewide,10
5089,2019,T6,6,Gasoline,1999,ICE,Not Applicable,2,Statewide,10
5090,2019,T7,8,Gasoline,1995,ICE,Not Applicable,≥4,Statewide,10
5091,2019,T2,1,Diesel,1989,ICE,Not Applicable,1,Statewide,11
5092,2019,T6,7,Natural Gas,2007,ICE,Not Applicable,≥4,Statewide,10
5093,2019,T7,8,Natural Gas,2015,ICE,Not Applicable,3,Statewide,10
5094,2019,T2,1,Diesel,1988,ICE,Not Applicable,1,Statewide,11
5095,2019,T2,1,Diesel,1986,ICE,Not Applicable,3,Statewide,11
5096,2019,T2,Unknown,Diesel,1985,ICE,Not Applicable,≥4,Statewide,11
5097,2019,T2,1,Diesel,1984,ICE,Not Applicable,1,Statewide,11
5098,2019,T2,1,Diesel,1980,ICE,Not Applicable,1,Statewide,11
5099,2019,T2,1,Diesel,1980,ICE,Not Applicable,3,Statewide,11
5100,2019,T1,1,Diesel,1992,ICE,Not Applicable,≥4,Statewide,11
5101,2019,P,Not Applicable,Diesel,1978,ICE,Not Applicable,3,Statewide,11
5102,2019,MC,Not Applicable,Diesel,2013,ICE,Not Applicable,≥4,Statewide,11
5103,2019,BS,Not Applicable,Diesel,2017,ICE,Not Applicable,1,Statewide,11
5104,2019,T6,6,Natural Gas,2009,ICE,Not Applicable,≥4,Statewide,10
5105,2019,BS,Not Applicable,Diesel,2007,ICE,Not Applicable,2,Statewide,11
5106,2019,BS,Not Applicable,Diesel,1999,ICE,Not Applicable,1,Statewide,11
5107,2019,BS,Not Applicable,Diesel,1999,ICE,Not Applicable,3,Statewide,11
5108,2019,BS,Not Applicable,Diesel,1995,ICE,Not Applicable,3,Statewide,11
5109,2019,BS,Not Applicable,Diesel,1994,ICE,Not Applicable,1,Statewide,11
5110,2019,B,Not Applicable,Diesel,1997,ICE,Not Applicable,2,Statewide,11
5111,2019,B,Not Applicable,Diesel,1994,ICE,Not Applicable,3,Statewide,11
5112,2019,B,Not Applicable,Diesel,1992,ICE,Not Applicable,1,Statewide,11
5113,2019,B,Not Applicable,Diesel,1991,ICE,Not Applicable,2,Statewide,11
5114,2019,B,Not Applicable,Diesel,1976,ICE,Not Applicable,≥4,Statewide,11
5115,2019,T7,8,Natural Gas,2016,ICE,Not Applicable,2,Statewide,10
5116,2019,BS,Not Applicable,Diesel,2006,ICE,Not Applicable,1,Statewide,11
5117,2019,T7,8,Gasoline,1994,ICE,Not Applicable,≥4,Statewide,11
5118,2019,P,Not Applicable,Natural Gas,2018,ICE,Not Applicable,1,Statewide,11
5119,2019,P,Not Applicable,Natural Gas,2020,ICE,Not Applicable,1,Statewide,11
5120,2019,T6,6,Gasoline,1989,ICE,Not Applicable,2,Statewide,12
5121,2019,T6,6,Gasoline,1987,ICE,Not Applicable,1,Statewide,12
5122,2019,T6,7,Gasoline,1985,ICE,Not Applicable,3,Statewide,12
5123,2019,T6,Unknown,Gasoline,1980,ICE,Not Applicable,≥4,Statewide,12
5124,2019,T6,5,Gasoline,1976,ICE,Not Applicable,1,Statewide,12
5125,2019,T5,3,Gasoline,1988,ICE,Not Applicable,3,Statewide,12
5126,2019,T5,3,Gasoline,1987,ICE,Not Applicable,3,Statewide,12
5127,2019,T4,Unknown,Gasoline,1978,ICE,Not Applicable,≥4,Statewide,12
5128,2019,BS,Not Applicable,Gasoline,2017,ICE,Not Applicable,1,Statewide,12
5129,2019,BS,Not Applicable,Gasoline,2011,ICE,Not Applicable,1,Statewide,12
5130,2019,T6,6,Gasoline,1990,ICE,Not Applicable,2,Statewide,12
5131,2019,B,Not Applicable,Gasoline,2019,ICE,Not Applicable,3,Statewide,12
5132,2019,B,Not Applicable,Gasoline,1997,ICE,Not Applicable,1,Statewide,12
5133,2019,B,Not Applicable,Gasoline,1997,ICE,Not Applicable,2,Statewide,12
5134,2019,B,Not Applicable,Gasoline,1995,ICE,Not Applicable,1,Statewide,12
5135,2019,T4,Unknown,Electric,1982,BEV,Unknown,≥4,Statewide,12
5136,2019,T3,Unknown,Electric,1998,BEV,Unknown,≥4,Statewide,12
5137,2019,T2,Unknown,Electric,2017,BEV,Unknown,≥4,Statewide,12
5138,2019,T2,Unknown,Electric,2007,BEV,Unknown,3,Statewide,12
5139,2019,T1,1,Electric,2002,BEV,Unknown,≥4,Statewide,12
5140,2019,P,Not Applicable,Electric,2011,BEV,Unknown,2,Statewide,12
5141,2019,P,Not Applicable,Electric,2006,BEV,Unknown,1,Statewide,12
5142,2019,B,Not Applicable,Gasoline,1998,ICE,Not Applicable,2,Statewide,12
5143,2019,P,Not Applicable,Electric,1975,BEV,Unknown,≥4,Statewide,12
5144,2019,T6,6,Gasoline,1992,ICE,Not Applicable,2,Statewide,12
5145,2019,T6,6,Gasoline,1997,ICE,Not Applicable,3,Statewide,12
5146,2019,BS,Not Applicable,Diesel,2004,ICE,Not Applicable,3,Statewide,13
5147,2019,BS,Not Applicable,Diesel,1993,ICE,Not Applicable,2,Statewide,13
5148,2019,B,Not Applicable,Diesel,2019,ICE,Not Applicable,2,Statewide,13
5149,2019,B,Not Applicable,Diesel,2009,ICE,Not Applicable,3,Statewide,13
5150,2019,B,Not Applicable,Diesel,2002,ICE,Not Applicable,3,Statewide,13
5151,2019,B,Not Applicable,Diesel,2001,ICE,Not Applicable,1,Statewide,13
5152,2019,B,Not Applicable,Diesel,1999,ICE,Not Applicable,1,Statewide,13
5153,2019,B,Not Applicable,Diesel,1996,ICE,Not Applicable,2,Statewide,13
5154,2019,B,Not Applicable,Diesel,1995,ICE,Not Applicable,2,Statewide,13
5155,2019,B,Not Applicable,Diesel,1995,ICE,Not Applicable,3,Statewide,13
5156,2019,T6,6,Gasoline,1994,ICE,Not Applicable,1,Statewide,12
5157,2019,B,Not Applicable,Diesel,1992,ICE,Not Applicable,3,Statewide,13
5158,2019,T1,1,Hydrogen,2020,FCEV,>150 miles,≥4,Statewide,12
5159,2019,T7,8,Gasoline,2012,ICE,Not Applicable,≥4,Statewide,12
5160,2019,T7,8,Gasoline,1992,ICE,Not Applicable,≥4,Statewide,12
5161,2019,T7,8,Gasoline,1981,ICE,Not Applicable,1,Statewide,12
5162,2019,T6,7,Gasoline,2017,ICE,Not Applicable,≥4,Statewide,12
5163,2019,T6,5,Gasoline,2016,ICE,Not Applicable,3,Statewide,12
5164,2019,T6,5,Gasoline,2013,ICE,Not Applicable,3,Statewide,12
5165,2019,T6,6,Gasoline,2012,ICE,Not Applicable,3,Statewide,12
5166,2019,T6,5,Gasoline,2006,ICE,Not Applicable,2,Statewide,12
5167,2019,T6,6,Gasoline,2004,ICE,Not Applicable,3,Statewide,12
5168,2019,B,Not Applicable,Natural Gas,2010,ICE,Not Applicable,≥4,Statewide,12
5169,2019,MC,Not Applicable,Electric,2011,BEV,Unknown,≥4,Statewide,12
5170,2019,BT,Not Applicable,Electric,2018,BEV,Unknown,≥4,Statewide,12
5171,2019,T7,8,Diesel,1982,ICE,Not Applicable,3,Statewide,12
5172,2019,T2,1,Diesel,1988,ICE,Not Applicable,2,Statewide,12
5173,2019,T2,1,Diesel,1980,ICE,Not Applicable,2,Statewide,12
5174,2019,P,Not Applicable,Diesel,1998,ICE,Not Applicable,3,Statewide,12
5175,2019,MH,Not Applicable,Diesel,1989,ICE,Not Applicable,1,Statewide,12
5176,2019,MH,Not Applicable,Diesel,1987,ICE,Not Applicable,2,Statewide,12
5177,2019,MC,Not Applicable,Diesel,2012,ICE,Not Applicable,≥4,Statewide,12
5178,2019,BS,Not Applicable,Diesel,2019,ICE,Not Applicable,1,Statewide,12
5179,2019,BS,Not Applicable,Diesel,2017,ICE,Not Applicable,2,Statewide,12
5180,2019,BS,Not Applicable,Diesel,2000,ICE,Not Applicable,2,Statewide,12
5181,2019,BS,Not Applicable,Diesel,1996,ICE,Not Applicable,2,Statewide,12
5182,2019,T2,Unknown,Diesel,1988,ICE,Not Applicable,≥4,Statewide,12
5183,2019,B,Not Applicable,Diesel,2013,ICE,Not Applicable,1,Statewide,12
5184,2019,B,Not Applicable,Diesel,1999,ICE,Not Applicable,2,Statewide,12
5185,2019,B,Not Applicable,Diesel,1977,ICE,Not Applicable,≥4,Statewide,12
5186,2019,B,Not Applicable,Diesel,1975,ICE,Not Applicable,3,Statewide,12
5187,2019,T7,8,Natural Gas,2017,ICE,Not Applicable,2,Statewide,11
5188,2019,T7,8,Natural Gas,2015,ICE,Not Applicable,2,Statewide,11
5189,2019,T6,4,Natural Gas,2012,ICE,Not Applicable,1,Statewide,11
5190,2019,T4,Unknown,Natural Gas,2006,ICE,Not Applicable,≥4,Statewide,11
5191,2019,T3,2,Natural Gas,2009,ICE,Not Applicable,2,Statewide,11
5192,2019,T3,2,Natural Gas,2008,ICE,Not Applicable,2,Statewide,11
5193,2019,T3,2,Natural Gas,2006,ICE,Not Applicable,3,Statewide,11
5194,2019,B,Not Applicable,Diesel,2001,ICE,Not Applicable,2,Statewide,12
5195,2019,T2,1,Diesel,2017,ICE,Not Applicable,3,Statewide,12
5196,2019,T2,1,Diesel,2017,ICE,Not Applicable,2,Statewide,12
5197,2019,T2,1,Diesel,2017,ICE,Not Applicable,1,Statewide,12
5198,2019,T7,8,Diesel,1980,ICE,Not Applicable,2,Statewide,12
5199,2019,T7,8,Diesel,1979,ICE,Not Applicable,2,Statewide,12
5200,2019,T6,Unknown,Diesel,2011,ICE,Not Applicable,≥4,Statewide,12
5201,2019,T6,5,Diesel,2001,ICE,Not Applicable,1,Statewide,12
5202,2019,T6,5,Diesel,1996,ICE,Not Applicable,3,Statewide,12
5203,2019,T6,5,Diesel,1994,ICE,Not Applicable,1,Statewide,12
5204,2019,T6,6,Diesel,1991,ICE,Not Applicable,2,Statewide,12
5205,2019,T6,6,Diesel,1990,ICE,Not Applicable,2,Statewide,12
5206,2019,T6,Unknown,Diesel,1982,ICE,Not Applicable,1,Statewide,12
5207,2019,T6,6,Diesel,1981,ICE,Not Applicable,1,Statewide,12
5208,2019,T6,Unknown,Diesel,1980,ICE,Not Applicable,1,Statewide,12
5209,2019,T6,Unknown,Diesel,1976,ICE,Not Applicable,1,Statewide,12
5210,2019,T4,Unknown,Diesel,2004,ICE,Not Applicable,2,Statewide,12
5211,2019,T4,Unknown,Diesel,2002,ICE,Not Applicable,1,Statewide,12
5212,2019,T4,Unknown,Diesel,2001,ICE,Not Applicable,1,Statewide,12
5213,2019,T4,Unknown,Diesel,2001,ICE,Not Applicable,2,Statewide,12
5214,2019,T4,Unknown,Diesel,1993,ICE,Not Applicable,2,Statewide,12
5215,2019,T4,Unknown,Diesel,1989,ICE,Not Applicable,1,Statewide,12
5216,2019,T4,Unknown,Diesel,1988,ICE,Not Applicable,3,Statewide,12
5217,2019,T3,2,Diesel,1991,ICE,Not Applicable,1,Statewide,12
5218,2019,T3,2,Diesel,1990,ICE,Not Applicable,1,Statewide,12
5219,2019,T3,2,Diesel,1985,ICE,Not Applicable,3,Statewide,12
5220,2019,T2,1,Diesel,2018,ICE,Not Applicable,≥4,Statewide,12
5221,2019,T6,7,Gasoline,1996,ICE,Not Applicable,1,Statewide,10
5222,2019,BS,Not Applicable,Diesel,2005,ICE,Not Applicable,3,Statewide,13
5223,2019,T6,4,Gasoline,1992,ICE,Not Applicable,2,Statewide,10
5224,2019,T6,Unknown,Gasoline,1985,ICE,Not Applicable,≥4,Statewide,10
5225,2019,T6,7,Diesel,1987,ICE,Not Applicable,2,Statewide,9
5226,2019,T6,Unknown,Diesel,1985,ICE,Not Applicable,2,Statewide,9
5227,2019,T6,6,Diesel,1985,ICE,Not Applicable,≥4,Statewide,9
5228,2019,T6,Unknown,Diesel,1978,ICE,Not Applicable,1,Statewide,9
5229,2019,T6,Unknown,Diesel,1975,ICE,Not Applicable,3,Statewide,9
5230,2019,T5,3,Diesel,1989,ICE,Not Applicable,1,Statewide,9
5231,2019,T5,3,Diesel,1989,ICE,Not Applicable,3,Statewide,9
5232,2019,T4,Unknown,Diesel,2015,ICE,Not Applicable,≥4,Statewide,9
5233,2019,T4,Unknown,Diesel,2013,ICE,Not Applicable,2,Statewide,9
5234,2019,T4,Unknown,Diesel,2013,ICE,Not Applicable,3,Statewide,9
5235,2019,T6,6,Diesel,1987,ICE,Not Applicable,3,Statewide,9
5236,2019,T4,Unknown,Diesel,1992,ICE,Not Applicable,3,Statewide,9
5237,2019,T4,Unknown,Diesel,1981,ICE,Not Applicable,≥4,Statewide,9
5238,2019,T4,Unknown,Diesel,1978,ICE,Not Applicable,≥4,Statewide,9
5239,2019,T3,Unknown,Diesel,2000,ICE,Not Applicable,≥4,Statewide,9
5240,2019,T3,Unknown,Diesel,1993,ICE,Not Applicable,≥4,Statewide,9
5241,2019,T3,Unknown,Diesel,1991,ICE,Not Applicable,1,Statewide,9
5242,2019,T3,Unknown,Diesel,1991,ICE,Not Applicable,2,Statewide,9
5243,2019,T3,Unknown,Diesel,1986,ICE,Not Applicable,1,Statewide,9
5244,2019,T3,Unknown,Diesel,1983,ICE,Not Applicable,≥4,Statewide,9
5245,2019,T3,Unknown,Diesel,1979,ICE,Not Applicable,≥4,Statewide,9
5246,2019,T2,Unknown,Diesel,2013,ICE,Not Applicable,1,Statewide,9
5247,2019,T4,Unknown,Diesel,1983,ICE,Not Applicable,≥4,Statewide,9
5248,2019,T2,Unknown,Diesel,2012,ICE,Not Applicable,≥4,Statewide,9
5249,2019,T6,5,Diesel,1995,ICE,Not Applicable,3,Statewide,9
5250,2019,T6,Unknown,Diesel,2020,ICE,Not Applicable,3,Statewide,9
5251,2019,BT,Not Applicable,Gasoline,1979,ICE,Not Applicable,≥4,Statewide,9
5252,2019,BS,Not Applicable,Gasoline,1997,ICE,Not Applicable,1,Statewide,9
5253,2019,BS,Not Applicable,Gasoline,1978,ICE,Not Applicable,1,Statewide,9
5254,2019,BS,Not Applicable,Gasoline,1977,ICE,Not Applicable,1,Statewide,9
5255,2019,B,Not Applicable,Gasoline,1998,ICE,Not Applicable,3,Statewide,9
5256,2019,B,Not Applicable,Gasoline,1996,ICE,Not Applicable,1,Statewide,9
5257,2019,B,Not Applicable,Gasoline,1996,ICE,Not Applicable,2,Statewide,9
5258,2019,B,Not Applicable,Gasoline,1995,ICE,Not Applicable,2,Statewide,9
5259,2019,B,Not Applicable,Gasoline,1990,ICE,Not Applicable,2,Statewide,9
5260,2019,B,Not Applicable,Gasoline,1977,ICE,Not Applicable,3,Statewide,9
5261,2019,T6,Unknown,Diesel,1998,ICE,Not Applicable,≥4,Statewide,9
5262,2019,T4,Unknown,Electric,1981,BEV,Unknown,≥4,Statewide,9
5263,2019,T2,1,Electric,2016,BEV,51 to 100 miles,≥4,Statewide,9
5264,2019,T1,Unknown,Electric,2017,BEV,Unknown,≥4,Statewide,9
5265,2019,T1,1,Electric,2005,BEV,Unknown,1,Statewide,9
5266,2019,P,Not Applicable,Electric,2021,BEV,Unknown,3,Statewide,9
5267,2019,P,Not Applicable,Electric,2010,BEV,Unknown,1,Statewide,9
5268,2019,P,Not Applicable,Electric,2008,BEV,Unknown,1,Statewide,9
5269,2019,MC,Not Applicable,Electric,2016,BEV,Unknown,2,Statewide,9
5270,2019,MC,Not Applicable,Electric,2015,BEV,Unknown,3,Statewide,9
5271,2019,B,Not Applicable,Electric,2019,BEV,Unknown,≥4,Statewide,9
5272,2019,T7,8,Diesel,1977,ICE,Not Applicable,3,Statewide,9
5273,2019,T3,Unknown,Electric,2008,BEV,Unknown,2,Statewide,9
5274,2019,BT,Not Applicable,Gasoline,2018,ICE,Not Applicable,2,Statewide,9
5275,2019,T2,Unknown,Diesel,1994,ICE,Not Applicable,≥4,Statewide,9
5276,2019,T2,Unknown,Diesel,1975,ICE,Not Applicable,3,Statewide,9
5277,2019,T4,Unknown,Natural Gas,2008,ICE,Not Applicable,1,Statewide,8
5278,2019,T4,2,Natural Gas,2008,ICE,Not Applicable,1,Statewide,8
5279,2019,T4,Unknown,Natural Gas,2007,ICE,Not Applicable,≥4,Statewide,8
5280,2019,T4,2,Natural Gas,2006,ICE,Not Applicable,2,Statewide,8
5281,2019,T3,2,Natural Gas,2019,ICE,Not Applicable,1,Statewide,8
5282,2019,T3,2,Natural Gas,2007,ICE,Not Applicable,2,Statewide,8
5283,2019,T3,Unknown,Natural Gas,2005,ICE,Not Applicable,≥4,Statewide,8
5284,2019,T3,2,Natural Gas,2004,ICE,Not Applicable,2,Statewide,8
5285,2019,BT,Not Applicable,Natural Gas,2007,ICE,Not Applicable,1,Statewide,8
5286,2019,BS,Not Applicable,Natural Gas,2008,ICE,Not Applicable,1,Statewide,8
5287,2019,T4,2,Natural Gas,2016,ICE,Not Applicable,≥4,Statewide,8
5288,2019,P,Not Applicable,Hydrogen,2017,FCEV,Unknown,≥4,Statewide,8
5289,2019,T6,4,Gasoline,2015,ICE,Not Applicable,2,Statewide,8
5290,2019,T6,5,Gasoline,2015,ICE,Not Applicable,1,Statewide,8
5291,2019,T6,5,Gasoline,2015,ICE,Not Applicable,3,Statewide,8
5292,2019,T6,6,Gasoline,2011,ICE,Not Applicable,2,Statewide,8
5293,2019,T6,6,Gasoline,2010,ICE,Not Applicable,3,Statewide,8
5294,2019,T6,6,Gasoline,2007,ICE,Not Applicable,1,Statewide,8
5295,2019,T6,5,Gasoline,2002,ICE,Not Applicable,≥4,Statewide,8
5296,2019,T6,7,Gasoline,1995,ICE,Not Applicable,2,Statewide,8
5297,2019,T6,6,Gasoline,1994,ICE,Not Applicable,3,Statewide,8
5298,2019,T6,7,Gasoline,1994,ICE,Not Applicable,1,Statewide,8
5299,2019,T7,8,Gasoline,1982,ICE,Not Applicable,1,Statewide,8
5300,2019,T2,Unknown,Diesel,1982,ICE,Not Applicable,≥4,Statewide,9
5301,2019,T6,6,Natural Gas,2011,ICE,Not Applicable,≥4,Statewide,8
5302,2019,B,Not Applicable,Diesel,1983,ICE,Not Applicable,≥4,Statewide,9
5303,2019,T1,Unknown,Diesel,2016,ICE,Not Applicable,≥4,Statewide,9
5304,2019,T1,Unknown,Diesel,1985,ICE,Not Applicable,1,Statewide,9
5305,2019,T1,Unknown,Diesel,1981,ICE,Not Applicable,1,Statewide,9
5306,2019,P,Not Applicable,Diesel,1995,ICE,Not Applicable,1,Statewide,9
5307,2019,P,Not Applicable,Diesel,1993,ICE,Not Applicable,3,Statewide,9
5308,2019,P,Not Applicable,Diesel,1977,ICE,Not Applicable,3,Statewide,9
5309,2019,P,Not Applicable,Diesel,1976,ICE,Not Applicable,3,Statewide,9
5310,2019,MH,Not Applicable,Diesel,1992,ICE,Not Applicable,3,Statewide,9
5311,2019,MH,Not Applicable,Diesel,1981,ICE,Not Applicable,≥4,Statewide,9
5312,2019,MC,Not Applicable,Diesel,2014,ICE,Not Applicable,≥4,Statewide,9
5313,2019,T7,8,Natural Gas,2017,ICE,Not Applicable,3,Statewide,8
5314,2019,BT,Not Applicable,Diesel,2002,ICE,Not Applicable,1,Statewide,9
5315,2019,BS,Not Applicable,Diesel,2021,ICE,Not Applicable,1,Statewide,9
5316,2019,BS,Not Applicable,Diesel,2018,ICE,Not Applicable,2,Statewide,9
5317,2019,BS,Not Applicable,Diesel,2013,ICE,Not Applicable,1,Statewide,9
5318,2019,BS,Not Applicable,Diesel,2012,ICE,Not Applicable,1,Statewide,9
5319,2019,BS,Not Applicable,Diesel,2008,ICE,Not Applicable,2,Statewide,9
5320,2019,B,Not Applicable,Diesel,2016,ICE,Not Applicable,2,Statewide,9
5321,2019,B,Not Applicable,Diesel,2014,ICE,Not Applicable,3,Statewide,9
5322,2019,B,Not Applicable,Diesel,2010,ICE,Not Applicable,2,Statewide,9
5323,2019,B,Not Applicable,Diesel,1994,ICE,Not Applicable,2,Statewide,9
5324,2019,B,Not Applicable,Diesel,1993,ICE,Not Applicable,2,Statewide,9
5325,2019,BT,Not Applicable,Diesel,1984,ICE,Not Applicable,≥4,Statewide,9
5326,2019,BT,Not Applicable,Gasoline,2018,ICE,Not Applicable,1,Statewide,9
5327,2019,T3,Unknown,Gasoline,2009,ICE,Not Applicable,Unknown,Statewide,9
5328,2019,T4,Unknown,Gasoline,1977,ICE,Not Applicable,≥4,Statewide,9
5329,2019,B,Not Applicable,Electric,2004,BEV,Unknown,≥4,Statewide,10
5330,2019,T7,8,Diesel,1982,ICE,Not Applicable,2,Statewide,10
5331,2019,T7,8,Diesel,1978,ICE,Not Applicable,3,Statewide,10
5332,2019,T6,5,Diesel,1994,ICE,Not Applicable,2,Statewide,10
5333,2019,T6,6,Diesel,1989,ICE,Not Applicable,2,Statewide,10
5334,2019,T6,6,Diesel,1988,ICE,Not Applicable,1,Statewide,10
5335,2019,T6,6,Diesel,1987,ICE,Not Applicable,1,Statewide,10
5336,2019,T6,6,Diesel,1982,ICE,Not Applicable,≥4,Statewide,10
5337,2019,T6,6,Diesel,1980,ICE,Not Applicable,1,Statewide,10
5338,2019,T6,7,Diesel,1978,ICE,Not Applicable,1,Statewide,10
5339,2019,BT,Not Applicable,Electric,2014,BEV,Unknown,≥4,Statewide,10
5340,2019,T6,7,Diesel,1977,ICE,Not Applicable,1,Statewide,10
5341,2019,T4,Unknown,Diesel,2004,ICE,Not Applicable,3,Statewide,10
5342,2019,T4,Unknown,Diesel,1992,ICE,Not Applicable,2,Statewide,10
5343,2019,T4,Unknown,Diesel,1985,ICE,Not Applicable,≥4,Statewide,10
5344,2019,T4,Unknown,Diesel,1979,ICE,Not Applicable,≥4,Statewide,10
5345,2019,T3,2,Diesel,2007,ICE,Not Applicable,1,Statewide,10
5346,2019,T3,2,Diesel,2003,ICE,Not Applicable,3,Statewide,10
5347,2019,T3,Unknown,Diesel,1990,ICE,Not Applicable,1,Statewide,10
5348,2019,T3,Unknown,Diesel,1975,ICE,Not Applicable,2,Statewide,10
5349,2019,T2,1,Diesel,2017,ICE,Not Applicable,≥4,Statewide,10
5350,2019,T2,Unknown,Diesel,1983,ICE,Not Applicable,≥4,Statewide,10
5351,2019,T5,3,Diesel,1987,ICE,Not Applicable,≥4,Statewide,10
5352,2019,T2,1,Diesel,1981,ICE,Not Applicable,3,Statewide,10
5353,2019,MC,Not Applicable,Electric,2012,BEV,Unknown,3,Statewide,10
5354,2019,P,Not Applicable,Electric,2009,BEV,Unknown,1,Statewide,10
5355,2019,T5,3,Gasoline,1988,ICE,Not Applicable,2,Statewide,10
5356,2019,T4,Unknown,Gasoline,1988,ICE,Not Applicable,1,Statewide,10
5357,2019,T4,Unknown,Gasoline,1987,ICE,Not Applicable,3,Statewide,10
5358,2019,T4,Unknown,Gasoline,1981,ICE,Not Applicable,≥4,Statewide,10
5359,2019,T3,Unknown,Gasoline,2018,PHEV,Unknown,3,Statewide,10
5360,2019,T2,1,Gasoline,2021,PHEV,0 to 50 miles,3,Statewide,10
5361,2019,T2,1,Gasoline,2021,PHEV,0 to 50 miles,≥4,Statewide,10
5362,2019,BT,Not Applicable,Gasoline,2017,ICE,Not Applicable,1,Statewide,10
5363,2019,BT,Not Applicable,Gasoline,1993,ICE,Not Applicable,≥4,Statewide,10
5364,2019,BS,Not Applicable,Gasoline,2015,ICE,Not Applicable,1,Statewide,10
5365,2019,MC,Not Applicable,Electric,2018,BEV,Unknown,1,Statewide,10
5366,2019,BS,Not Applicable,Gasoline,2014,ICE,Not Applicable,3,Statewide,10
5367,2019,BS,Not Applicable,Gasoline,1981,ICE,Not Applicable,1,Statewide,10
5368,2019,BS,Not Applicable,Gasoline,1980,ICE,Not Applicable,1,Statewide,10
5369,2019,B,Not Applicable,Gasoline,2001,ICE,Not Applicable,1,Statewide,10
5370,2019,B,Not Applicable,Gasoline,1996,ICE,Not Applicable,3,Statewide,10
5371,2019,T2,Unknown,Electric,2018,BEV,Unknown,≥4,Statewide,10
5372,2019,T2,Unknown,Electric,2017,BEV,101 to 150 miles,2,Statewide,10
5373,2019,T2,Unknown,Electric,2017,BEV,101 to 150 miles,3,Statewide,10
5374,2019,T1,1,Electric,2006,BEV,Unknown,≥4,Statewide,10
5375,2019,T1,Unknown,Electric,1980,BEV,Unknown,≥4,Statewide,10
5376,2019,P,Not Applicable,Electric,2021,BEV,51 to 100 miles,1,Statewide,10
5377,2019,BS,Not Applicable,Gasoline,2009,ICE,Not Applicable,1,Statewide,10
5378,2019,T2,Unknown,Diesel,1976,ICE,Not Applicable,≥4,Statewide,10
5379,2019,T1,1,Diesel,2004,ICE,Not Applicable,≥4,Statewide,10
5380,2019,T1,Unknown,Diesel,1982,ICE,Not Applicable,≥4,Statewide,10
5381,2019,T4,2,Natural Gas,2003,ICE,Not Applicable,≥4,Statewide,9
5382,2019,T4,2,Natural Gas,2002,ICE,Not Applicable,≥4,Statewide,9
5383,2019,T3,2,Natural Gas,2007,ICE,Not Applicable,3,Statewide,9
5384,2019,T3,2,Natural Gas,2005,ICE,Not Applicable,3,Statewide,9
5385,2019,BT,Not Applicable,Natural Gas,2012,ICE,Not Applicable,1,Statewide,9
5386,2019,BT,Not Applicable,Natural Gas,2001,ICE,Not Applicable,1,Statewide,9
5387,2019,B,Not Applicable,Natural Gas,2005,ICE,Not Applicable,≥4,Statewide,9
5388,2019,T7,8,Gasoline,1993,ICE,Not Applicable,≥4,Statewide,9
5389,2019,T6,6,Gasoline,2020,ICE,Not Applicable,2,Statewide,9
5390,2019,T6,5,Gasoline,2015,ICE,Not Applicable,2,Statewide,9
5391,2019,T4,Unknown,Natural Gas,2005,ICE,Not Applicable,≥4,Statewide,9
5392,2019,T6,7,Gasoline,1992,ICE,Not Applicable,1,Statewide,9
5393,2019,T6,6,Gasoline,1985,ICE,Not Applicable,3,Statewide,9
5394,2019,T6,Unknown,Gasoline,1979,ICE,Not Applicable,≥4,Statewide,9
5395,2019,T6,4,Gasoline,1978,ICE,Not Applicable,≥4,Statewide,9
5396,2019,T5,3,Gasoline,1986,ICE,Not Applicable,1,Statewide,9
5397,2019,T5,3,Gasoline,1985,ICE,Not Applicable,≥4,Statewide,9
5398,2019,T5,3,Gasoline,1975,ICE,Not Applicable,3,Statewide,9
5399,2019,T4,Unknown,Gasoline,2014,ICE,Not Applicable,1,Statewide,9
5400,2019,T4,Unknown,Gasoline,1988,ICE,Not Applicable,2,Statewide,9
5401,2019,T4,Unknown,Gasoline,1984,ICE,Not Applicable,3,Statewide,9
5402,2019,T4,Unknown,Gasoline,1980,ICE,Not Applicable,≥4,Statewide,9
5403,2019,T6,7,Gasoline,1991,ICE,Not Applicable,1,Statewide,9
5404,2019,T7,8,Natural Gas,2017,ICE,Not Applicable,1,Statewide,9
5405,2019,B,Not Applicable,Diesel,1993,ICE,Not Applicable,1,Statewide,10
5406,2019,B,Not Applicable,Diesel,1997,ICE,Not Applicable,3,Statewide,10
5407,2019,T1,Unknown,Diesel,1979,ICE,Not Applicable,≥4,Statewide,10
5408,2019,T1,Unknown,Diesel,1976,ICE,Not Applicable,1,Statewide,10
5409,2019,P,Not Applicable,Diesel,1993,ICE,Not Applicable,1,Statewide,10
5410,2019,P,Not Applicable,Diesel,1977,ICE,Not Applicable,1,Statewide,10
5411,2019,P,Not Applicable,Diesel,1977,ICE,Not Applicable,2,Statewide,10
5412,2019,MH,Not Applicable,Diesel,1987,ICE,Not Applicable,1,Statewide,10
5413,2019,MC,Not Applicable,Diesel,2018,ICE,Not Applicable,≥4,Statewide,10
5414,2019,BT,Not Applicable,Diesel,2008,ICE,Not Applicable,1,Statewide,10
5415,2019,BS,Not Applicable,Diesel,2020,ICE,Not Applicable,1,Statewide,10
5416,2019,BS,Not Applicable,Diesel,2014,ICE,Not Applicable,3,Statewide,10
5417,2019,BS,Not Applicable,Diesel,2003,ICE,Not Applicable,3,Statewide,10
5418,2019,BS,Not Applicable,Diesel,2002,ICE,Not Applicable,2,Statewide,10
5419,2019,BS,Not Applicable,Diesel,2000,ICE,Not Applicable,3,Statewide,10
5420,2019,BS,Not Applicable,Diesel,1998,ICE,Not Applicable,2,Statewide,10
5421,2019,BS,Not Applicable,Diesel,1997,ICE,Not Applicable,2,Statewide,10
5422,2019,BS,Not Applicable,Diesel,1996,ICE,Not Applicable,3,Statewide,10
5423,2019,BS,Not Applicable,Diesel,1992,ICE,Not Applicable,1,Statewide,10
5424,2019,BS,Not Applicable,Diesel,1978,ICE,Not Applicable,1,Statewide,10
5425,2019,B,Not Applicable,Diesel,2018,ICE,Not Applicable,1,Statewide,10
5426,2019,B,Not Applicable,Diesel,2017,ICE,Not Applicable,3,Statewide,10
5427,2019,B,Not Applicable,Diesel,2013,ICE,Not Applicable,3,Statewide,10
5428,2019,B,Not Applicable,Diesel,2012,ICE,Not Applicable,3,Statewide,10
5429,2019,B,Not Applicable,Diesel,1998,ICE,Not Applicable,3,Statewide,10
5430,2019,T6,6,Gasoline,1991,ICE,Not Applicable,2,Statewide,10
5431,2019,T6,6,Gasoline,1989,ICE,Not Applicable,3,Statewide,8
5432,2019,BS,Not Applicable,Diesel,2009,ICE,Not Applicable,1,Statewide,13
5433,2019,BS,Not Applicable,Diesel,2018,ICE,Not Applicable,1,Statewide,13
5434,2019,T6,6,Gasoline,2004,ICE,Not Applicable,2,Statewide,17
5435,2019,T6,6,Gasoline,1990,ICE,Not Applicable,3,Statewide,17
5436,2019,T6,6,Gasoline,1985,ICE,Not Applicable,1,Statewide,17
5437,2019,T6,7,Gasoline,1985,ICE,Not Applicable,1,Statewide,17
5438,2019,T6,6,Gasoline,1977,ICE,Not Applicable,2,Statewide,17
5439,2019,T2,Unknown,Gasoline,2019,PHEV,Unknown,1,Statewide,17
5440,2019,P,Not Applicable,Gasoline,2017,PHEV,Unknown,1,Statewide,17
5441,2019,BT,Not Applicable,Gasoline,1989,ICE,Not Applicable,≥4,Statewide,17
5442,2019,B,Not Applicable,Gasoline,1994,ICE,Not Applicable,1,Statewide,17
5443,2019,B,Not Applicable,Gasoline,1981,ICE,Not Applicable,≥4,Statewide,17
5444,2019,T6,6,Gasoline,2005,ICE,Not Applicable,1,Statewide,17
5445,2019,B,Not Applicable,Gasoline,1977,ICE,Not Applicable,≥4,Statewide,17
5446,2019,MC,Not Applicable,Electric,2012,BEV,Unknown,≥4,Statewide,17
5447,2019,T7,8,Diesel,1988,ICE,Not Applicable,3,Statewide,17
5448,2019,T7,8,Diesel,1987,ICE,Not Applicable,2,Statewide,17
5449,2019,T7,8,Diesel,1985,ICE,Not Applicable,2,Statewide,17
5450,2019,T6,5,Diesel,2021,ICE,Not Applicable,3,Statewide,17
5451,2019,T6,4,Diesel,1992,ICE,Not Applicable,≥4,Statewide,17
5452,2019,T6,6,Diesel,1992,ICE,Not Applicable,1,Statewide,17
5453,2019,T6,6,Diesel,1992,ICE,Not Applicable,2,Statewide,17
5454,2019,T6,7,Diesel,1985,ICE,Not Applicable,1,Statewide,17
5455,2019,T6,Unknown,Diesel,1983,ICE,Not Applicable,1,Statewide,17
5456,2019,T1,Unknown,Electric,2014,BEV,Unknown,≥4,Statewide,17
5457,2019,T4,Unknown,Diesel,1988,ICE,Not Applicable,2,Statewide,17
5458,2019,T6,5,Gasoline,2013,ICE,Not Applicable,1,Statewide,17
5459,2019,B,Not Applicable,Natural Gas,2004,ICE,Not Applicable,≥4,Statewide,17
5460,2019,T6,5,Diesel,1999,ICE,Not Applicable,3,Statewide,18
5461,2019,T6,7,Diesel,1988,ICE,Not Applicable,3,Statewide,18
5462,2019,T4,Unknown,Diesel,2002,ICE,Not Applicable,3,Statewide,18
5463,2019,T4,Unknown,Diesel,1990,ICE,Not Applicable,2,Statewide,18
5464,2019,T3,2,Diesel,1995,ICE,Not Applicable,≥4,Statewide,18
5465,2019,T3,Unknown,Diesel,1990,ICE,Not Applicable,2,Statewide,18
5466,2019,T3,2,Diesel,1986,ICE,Not Applicable,≥4,Statewide,18
5467,2019,T2,Unknown,Diesel,1992,ICE,Not Applicable,≥4,Statewide,18
5468,2019,P,Not Applicable,Diesel,1998,ICE,Not Applicable,1,Statewide,18
5469,2019,MH,Not Applicable,Diesel,1991,ICE,Not Applicable,1,Statewide,18
5470,2019,T6,4,Gasoline,2016,ICE,Not Applicable,3,Statewide,17
5471,2019,MH,Not Applicable,Diesel,1991,ICE,Not Applicable,2,Statewide,18
5472,2019,BT,Not Applicable,Diesel,1993,ICE,Not Applicable,1,Statewide,18
5473,2019,BS,Not Applicable,Diesel,2008,ICE,Not Applicable,1,Statewide,18
5474,2019,BS,Not Applicable,Diesel,1996,ICE,Not Applicable,1,Statewide,18
5475,2019,B,Not Applicable,Diesel,2007,ICE,Not Applicable,3,Statewide,18
5476,2019,B,Not Applicable,Diesel,2006,ICE,Not Applicable,3,Statewide,18
5477,2019,B,Not Applicable,Diesel,1995,ICE,Not Applicable,1,Statewide,18
5478,2019,B,Not Applicable,Diesel,1979,ICE,Not Applicable,1,Statewide,18
5479,2019,B,Not Applicable,Diesel,1978,ICE,Not Applicable,≥4,Statewide,18
5480,2019,T3,2,Natural Gas,2017,ICE,Not Applicable,≥4,Statewide,17
5481,2019,P,Not Applicable,Natural Gas,2003,ICE,Not Applicable,3,Statewide,17
5482,2019,MH,Not Applicable,Diesel,1990,ICE,Not Applicable,3,Statewide,18
5483,2019,T6,Unknown,Diesel,2007,ICE,Not Applicable,≥4,Statewide,18
5484,2019,T4,Unknown,Diesel,1986,ICE,Not Applicable,≥4,Statewide,17
5485,2019,T3,2,Diesel,1998,ICE,Not Applicable,1,Statewide,17
5486,2019,T6,6,Gasoline,1991,ICE,Not Applicable,1,Statewide,16
5487,2019,T6,6,Gasoline,1982,ICE,Not Applicable,2,Statewide,16
5488,2019,T6,6,Gasoline,1981,ICE,Not Applicable,3,Statewide,16
5489,2019,T4,2,Gasoline,2021,ICE,Not Applicable,1,Statewide,16
5490,2019,BT,Not Applicable,Gasoline,2003,ICE,Not Applicable,≥4,Statewide,16
5491,2019,BS,Not Applicable,Gasoline,2001,ICE,Not Applicable,≥4,Statewide,16
5492,2019,B,Not Applicable,Gasoline,2021,ICE,Not Applicable,≥4,Statewide,16
5493,2019,B,Not Applicable,Gasoline,2003,ICE,Not Applicable,3,Statewide,16
5494,2019,T5,3,Electric,2016,BEV,Unknown,≥4,Statewide,16
5495,2019,P,Not Applicable,Electric,2013,BEV,Unknown,1,Statewide,16
5496,2019,T6,5,Gasoline,1994,ICE,Not Applicable,≥4,Statewide,16
5497,2019,T6,Unknown,Diesel,2015,ICE,Not Applicable,≥4,Statewide,16
5498,2019,T6,6,Diesel,1989,ICE,Not Applicable,3,Statewide,16
5499,2019,T6,7,Diesel,1984,ICE,Not Applicable,3,Statewide,16
5500,2019,T4,Unknown,Diesel,2012,ICE,Not Applicable,1,Statewide,16
5501,2019,T4,Unknown,Diesel,2003,ICE,Not Applicable,1,Statewide,16
5502,2019,T4,Unknown,Diesel,1991,ICE,Not Applicable,1,Statewide,16
5503,2019,T4,Unknown,Diesel,1989,ICE,Not Applicable,2,Statewide,16
5504,2019,T3,2,Diesel,2021,ICE,Not Applicable,2,Statewide,16
5505,2019,T3,Unknown,Diesel,2009,ICE,Not Applicable,3,Statewide,16
5506,2019,T3,2,Diesel,2007,ICE,Not Applicable,3,Statewide,16
5507,2019,T3,2,Diesel,1998,ICE,Not Applicable,3,Statewide,16
5508,2019,T6,Unknown,Diesel,2013,ICE,Not Applicable,≥4,Statewide,16
5509,2019,T3,Unknown,Diesel,2009,ICE,Not Applicable,2,Statewide,17
5510,2019,T6,6,Gasoline,1998,ICE,Not Applicable,1,Statewide,16
5511,2019,T6,5,Gasoline,2009,ICE,Not Applicable,3,Statewide,16
5512,2019,T3,Unknown,Diesel,1992,ICE,Not Applicable,≥4,Statewide,17
5513,2019,T3,Unknown,Diesel,1976,ICE,Not Applicable,≥4,Statewide,17
5514,2019,T2,1,Diesel,2016,ICE,Not Applicable,2,Statewide,17
5515,2019,T2,Unknown,Diesel,2007,ICE,Not Applicable,3,Statewide,17
5516,2019,T1,Unknown,Diesel,1975,ICE,Not Applicable,3,Statewide,17
5517,2019,MH,Not Applicable,Diesel,1987,ICE,Not Applicable,3,Statewide,17
5518,2019,BT,Not Applicable,Diesel,2020,ICE,Not Applicable,1,Statewide,17
5519,2019,BS,Not Applicable,Diesel,2011,ICE,Not Applicable,2,Statewide,17
5520,2019,BS,Not Applicable,Diesel,2003,ICE,Not Applicable,1,Statewide,17
5521,2019,B,Not Applicable,Diesel,2011,ICE,Not Applicable,1,Statewide,17
5522,2019,T6,6,Gasoline,2003,ICE,Not Applicable,2,Statewide,16
5523,2019,B,Not Applicable,Diesel,2003,ICE,Not Applicable,2,Statewide,17
5524,2019,T6,7,Natural Gas,2021,ICE,Not Applicable,≥4,Statewide,16
5525,2019,T6,7,Natural Gas,2016,ICE,Not Applicable,≥4,Statewide,16
5526,2019,T5,3,Natural Gas,2020,ICE,Not Applicable,≥4,Statewide,16
5527,2019,T4,2,Natural Gas,2019,ICE,Not Applicable,≥4,Statewide,16
5528,2019,T3,2,Natural Gas,2007,ICE,Not Applicable,1,Statewide,16
5529,2019,T3,Unknown,Natural Gas,1999,ICE,Not Applicable,≥4,Statewide,16
5530,2019,P,Not Applicable,Natural Gas,2018,ICE,Not Applicable,2,Statewide,16
5531,2019,P,Not Applicable,Natural Gas,2003,ICE,Not Applicable,2,Statewide,16
5532,2019,T6,5,Gasoline,2017,ICE,Not Applicable,3,Statewide,16
5533,2019,T6,5,Gasoline,2012,ICE,Not Applicable,2,Statewide,16
5534,2019,B,Not Applicable,Diesel,2000,ICE,Not Applicable,2,Statewide,17
5535,2019,T7,8,Diesel,1985,ICE,Not Applicable,3,Statewide,18
5536,2019,T7,8,Diesel,1988,ICE,Not Applicable,2,Statewide,18
5537,2019,MC,Not Applicable,Electric,2018,BEV,Unknown,3,Statewide,18
5538,2019,P,Not Applicable,Diesel,1995,ICE,Not Applicable,3,Statewide,20
5539,2019,MH,Not Applicable,Diesel,1988,ICE,Not Applicable,1,Statewide,20
5540,2019,MH,Not Applicable,Diesel,1983,ICE,Not Applicable,≥4,Statewide,20
5541,2019,BT,Not Applicable,Diesel,2014,ICE,Not Applicable,1,Statewide,20
5542,2019,BT,Not Applicable,Diesel,1994,ICE,Not Applicable,1,Statewide,20
5543,2019,BT,Not Applicable,Diesel,1982,ICE,Not Applicable,≥4,Statewide,20
5544,2019,BS,Not Applicable,Diesel,2002,ICE,Not Applicable,1,Statewide,20
5545,2019,BS,Not Applicable,Diesel,2001,ICE,Not Applicable,1,Statewide,20
5546,2019,BS,Not Applicable,Diesel,1998,ICE,Not Applicable,1,Statewide,20
5547,2019,T7,8,Natural Gas,2016,ICE,Not Applicable,3,Statewide,19
5548,2019,T1,1,Diesel,1989,ICE,Not Applicable,1,Statewide,20
5549,2019,T4,Unknown,Natural Gas,2008,ICE,Not Applicable,≥4,Statewide,19
5550,2019,P,Not Applicable,Natural Gas,2020,ICE,Not Applicable,2,Statewide,19
5551,2019,T7,8,Gasoline,1983,ICE,Not Applicable,≥4,Statewide,19
5552,2019,T6,5,Gasoline,2009,ICE,Not Applicable,2,Statewide,19
5553,2019,T6,5,Gasoline,2008,ICE,Not Applicable,3,Statewide,19
5554,2019,T6,5,Gasoline,2004,ICE,Not Applicable,1,Statewide,19
5555,2019,T6,6,Gasoline,2001,ICE,Not Applicable,3,Statewide,19
5556,2019,T6,6,Gasoline,1997,ICE,Not Applicable,2,Statewide,19
5557,2019,T6,6,Gasoline,1995,ICE,Not Applicable,1,Statewide,19
5558,2019,T6,6,Gasoline,1990,ICE,Not Applicable,1,Statewide,19
5559,2019,T6,5,Gasoline,1983,ICE,Not Applicable,≥4,Statewide,19
5560,2019,T4,2,Natural Gas,2007,ICE,Not Applicable,1,Statewide,19
5561,2019,T6,7,Gasoline,1983,ICE,Not Applicable,1,Statewide,19
5562,2019,T2,1,Diesel,1987,ICE,Not Applicable,1,Statewide,20
5563,2019,T3,Unknown,Diesel,1990,ICE,Not Applicable,3,Statewide,20
5564,2019,T6,5,Gasoline,1977,ICE,Not Applicable,1,Statewide,20
5565,2019,T6,4,Gasoline,1976,ICE,Not Applicable,≥4,Statewide,20
5566,2019,T5,3,Gasoline,1989,ICE,Not Applicable,2,Statewide,20
5567,2019,T3,Unknown,Gasoline,2018,PHEV,Unknown,1,Statewide,20
5568,2019,BT,Not Applicable,Gasoline,2011,ICE,Not Applicable,1,Statewide,20
5569,2019,B,Not Applicable,Gasoline,2020,ICE,Not Applicable,1,Statewide,20
5570,2019,T2,Unknown,Electric,2013,BEV,Unknown,≥4,Statewide,20
5571,2019,MC,Not Applicable,Electric,2020,BEV,Unknown,3,Statewide,20
5572,2019,T7,8,Diesel,1984,ICE,Not Applicable,2,Statewide,20
5573,2019,T6,7,Diesel,2021,ICE,Not Applicable,3,Statewide,20
5574,2019,T2,Unknown,Diesel,1993,ICE,Not Applicable,≥4,Statewide,20
5575,2019,T6,Unknown,Diesel,2018,ICE,Not Applicable,≥4,Statewide,20
5576,2019,T6,6,Diesel,1993,ICE,Not Applicable,3,Statewide,20
5577,2019,T6,7,Diesel,1988,ICE,Not Applicable,2,Statewide,20
5578,2019,T6,Unknown,Diesel,1981,ICE,Not Applicable,1,Statewide,20
5579,2019,T6,7,Diesel,1981,ICE,Not Applicable,1,Statewide,20
5580,2019,T4,Unknown,Diesel,1990,ICE,Not Applicable,1,Statewide,20
5581,2019,T3,Unknown,Diesel,2011,ICE,Not Applicable,3,Statewide,20
5582,2019,T3,Unknown,Diesel,2010,ICE,Not Applicable,≥4,Statewide,20
5583,2019,T3,2,Diesel,2004,ICE,Not Applicable,2,Statewide,20
5584,2019,T3,2,Diesel,1999,ICE,Not Applicable,1,Statewide,20
5585,2019,T3,2,Diesel,1999,ICE,Not Applicable,3,Statewide,20
5586,2019,T6,5,Diesel,2000,ICE,Not Applicable,3,Statewide,20
5587,2019,T6,6,Gasoline,1982,ICE,Not Applicable,3,Statewide,19
5588,2019,T6,6,Gasoline,1976,ICE,Not Applicable,2,Statewide,19
5589,2019,T6,4,Gasoline,1975,ICE,Not Applicable,2,Statewide,19
5590,2019,BT,Not Applicable,Diesel,1991,ICE,Not Applicable,1,Statewide,19
5591,2019,BS,Not Applicable,Diesel,2011,ICE,Not Applicable,3,Statewide,19
5592,2019,BS,Not Applicable,Diesel,2000,ICE,Not Applicable,1,Statewide,19
5593,2019,B,Not Applicable,Diesel,2012,ICE,Not Applicable,1,Statewide,19
5594,2019,B,Not Applicable,Diesel,2005,ICE,Not Applicable,2,Statewide,19
5595,2019,B,Not Applicable,Diesel,1996,ICE,Not Applicable,1,Statewide,19
5596,2019,B,Not Applicable,Diesel,1996,ICE,Not Applicable,3,Statewide,19
5597,2019,T6,4,Natural Gas,2018,ICE,Not Applicable,1,Statewide,18
5598,2019,T4,Unknown,Natural Gas,2004,ICE,Not Applicable,≥4,Statewide,18
5599,2019,T4,2,Natural Gas,2004,ICE,Not Applicable,≥4,Statewide,18
5600,2019,MH,Not Applicable,Diesel,1994,ICE,Not Applicable,2,Statewide,19
5601,2019,P,Not Applicable,Natural Gas,1975,ICE,Not Applicable,3,Statewide,18
5602,2019,T6,5,Gasoline,2016,ICE,Not Applicable,2,Statewide,18
5603,2019,T6,4,Gasoline,2014,ICE,Not Applicable,2,Statewide,18
5604,2019,T6,5,Gasoline,2011,ICE,Not Applicable,2,Statewide,18
5605,2019,T6,5,Gasoline,1988,ICE,Not Applicable,≥4,Statewide,18
5606,2019,T5,3,Gasoline,1982,ICE,Not Applicable,≥4,Statewide,18
5607,2019,T4,Unknown,Gasoline,2019,ICE,Not Applicable,1,Statewide,18
5608,2019,T3,Unknown,Gasoline,2018,PHEV,Unknown,2,Statewide,18
5609,2019,P,Not Applicable,Electric,2010,BEV,Unknown,3,Statewide,18
5610,2019,MC,Not Applicable,Electric,2019,BEV,Unknown,1,Statewide,18
5611,2019,MC,Not Applicable,Electric,2019,BEV,Unknown,2,Statewide,18
5612,2019,T7,8,Gasoline,1989,ICE,Not Applicable,≥4,Statewide,18
5613,2019,T1,Unknown,Diesel,1983,ICE,Not Applicable,≥4,Statewide,19
5614,2019,T1,Unknown,Diesel,1988,ICE,Not Applicable,≥4,Statewide,19
5615,2019,T1,1,Diesel,1991,ICE,Not Applicable,≥4,Statewide,19
5616,2019,T4,Unknown,Gasoline,2015,ICE,Not Applicable,1,Statewide,19
5617,2019,T4,Unknown,Gasoline,1979,ICE,Not Applicable,≥4,Statewide,19
5618,2019,BT,Not Applicable,Gasoline,2016,ICE,Not Applicable,1,Statewide,19
5619,2019,BT,Not Applicable,Gasoline,1990,ICE,Not Applicable,≥4,Statewide,19
5620,2019,B,Not Applicable,Gasoline,2000,ICE,Not Applicable,1,Statewide,19
5621,2019,B,Not Applicable,Gasoline,1999,ICE,Not Applicable,3,Statewide,19
5622,2019,T4,Unknown,Electric,1990,BEV,Unknown,≥4,Statewide,19
5623,2019,P,Not Applicable,Electric,2006,BEV,Unknown,2,Statewide,19
5624,2019,MC,Not Applicable,Electric,2020,BEV,Unknown,1,Statewide,19
5625,2019,T6,Unknown,Diesel,2010,ICE,Not Applicable,≥4,Statewide,19
5626,2019,T6,Unknown,Diesel,2003,ICE,Not Applicable,≥4,Statewide,19
5627,2019,T6,5,Diesel,1998,ICE,Not Applicable,2,Statewide,19
5628,2019,T6,5,Diesel,1997,ICE,Not Applicable,1,Statewide,19
5629,2019,T6,6,Diesel,1979,ICE,Not Applicable,≥4,Statewide,19
5630,2019,T6,7,Diesel,1979,ICE,Not Applicable,1,Statewide,19
5631,2019,T4,Unknown,Diesel,2000,ICE,Not Applicable,2,Statewide,19
5632,2019,T3,2,Diesel,2004,ICE,Not Applicable,3,Statewide,19
5633,2019,T3,2,Diesel,2003,ICE,Not Applicable,1,Statewide,19
5634,2019,T3,2,Diesel,1996,ICE,Not Applicable,≥4,Statewide,19
5635,2019,T3,2,Diesel,1991,ICE,Not Applicable,≥4,Statewide,19
5636,2019,T3,Unknown,Diesel,1987,ICE,Not Applicable,2,Statewide,19
5637,2019,T2,Unknown,Diesel,2014,ICE,Not Applicable,1,Statewide,19
5638,2019,T2,Unknown,Diesel,1984,ICE,Not Applicable,≥4,Statewide,19
5639,2019,T3,Unknown,Diesel,1991,ICE,Not Applicable,3,Statewide,16
5640,2019,BS,Not Applicable,Diesel,2013,ICE,Not Applicable,2,Statewide,13
5641,2019,T3,Unknown,Diesel,1987,ICE,Not Applicable,1,Statewide,16
5642,2019,T2,Unknown,Diesel,2014,ICE,Not Applicable,3,Statewide,16
5643,2019,BS,Not Applicable,Diesel,2010,ICE,Not Applicable,1,Statewide,14
5644,2019,BS,Not Applicable,Diesel,2002,ICE,Not Applicable,3,Statewide,14
5645,2019,BS,Not Applicable,Diesel,1991,ICE,Not Applicable,1,Statewide,14
5646,2019,B,Not Applicable,Diesel,2019,ICE,Not Applicable,1,Statewide,14
5647,2019,B,Not Applicable,Diesel,2010,ICE,Not Applicable,3,Statewide,14
5648,2019,B,Not Applicable,Diesel,2009,ICE,Not Applicable,2,Statewide,14
5649,2019,B,Not Applicable,Diesel,2007,ICE,Not Applicable,2,Statewide,14
5650,2019,B,Not Applicable,Diesel,2000,ICE,Not Applicable,3,Statewide,14
5651,2019,B,Not Applicable,Diesel,1999,ICE,Not Applicable,3,Statewide,14
5652,2019,B,Not Applicable,Diesel,1998,ICE,Not Applicable,1,Statewide,14
5653,2019,MC,Not Applicable,Diesel,2010,ICE,Not Applicable,≥4,Statewide,14
5654,2019,B,Not Applicable,Diesel,1981,ICE,Not Applicable,≥4,Statewide,14
5655,2019,T3,2,Natural Gas,2005,ICE,Not Applicable,1,Statewide,13
5656,2019,T3,Unknown,Natural Gas,2001,ICE,Not Applicable,≥4,Statewide,13
5657,2019,BT,Not Applicable,Natural Gas,2016,ICE,Not Applicable,1,Statewide,13
5658,2019,B,Not Applicable,Natural Gas,2020,ICE,Not Applicable,≥4,Statewide,13
5659,2019,T1,1,Hydrogen,2020,FCEV,>150 miles,2,Statewide,13
5660,2019,T1,1,Hydrogen,2020,FCEV,>150 miles,3,Statewide,13
5661,2019,T7,8,Gasoline,2006,ICE,Not Applicable,≥4,Statewide,13
5662,2019,T6,4,Gasoline,2014,ICE,Not Applicable,3,Statewide,13
5663,2019,T6,5,Gasoline,2007,ICE,Not Applicable,3,Statewide,13
5664,2019,T6,6,Gasoline,2006,ICE,Not Applicable,3,Statewide,13
5665,2019,T4,2,Natural Gas,2009,ICE,Not Applicable,≥4,Statewide,13
5666,2019,T6,5,Gasoline,2005,ICE,Not Applicable,1,Statewide,13
5667,2019,P,Not Applicable,Diesel,1993,ICE,Not Applicable,2,Statewide,14
5668,2019,T2,1,Diesel,2018,ICE,Not Applicable,2,Statewide,14
5669,2019,T2,1,Gasoline,2021,PHEV,0 to 50 miles,2,Statewide,14
5670,2019,T2,1,Gasoline,2019,PHEV,Unknown,2,Statewide,14
5671,2019,T2,1,Gasoline,2019,PHEV,Unknown,3,Statewide,14
5672,2019,P,Not Applicable,Gasoline,2018,PHEV,Unknown,2,Statewide,14
5673,2019,BT,Not Applicable,Gasoline,1997,ICE,Not Applicable,≥4,Statewide,14
5674,2019,BT,Not Applicable,Gasoline,1988,ICE,Not Applicable,≥4,Statewide,14
5675,2019,B,Not Applicable,Gasoline,2000,ICE,Not Applicable,2,Statewide,14
5676,2019,B,Not Applicable,Gasoline,1982,ICE,Not Applicable,≥4,Statewide,14
5677,2019,B,Not Applicable,Gasoline,1976,ICE,Not Applicable,3,Statewide,14
5678,2019,T3,Unknown,Electric,1997,BEV,Unknown,≥4,Statewide,14
5679,2019,P,Not Applicable,Diesel,1999,ICE,Not Applicable,1,Statewide,14
5680,2019,T1,Unknown,Electric,2014,BEV,Unknown,1,Statewide,14
5681,2019,MC,Not Applicable,Electric,2015,BEV,Unknown,2,Statewide,14
5682,2019,T6,5,Diesel,1998,ICE,Not Applicable,3,Statewide,14
5683,2019,T6,5,Diesel,1997,ICE,Not Applicable,2,Statewide,14
5684,2019,T6,6,Diesel,1990,ICE,Not Applicable,3,Statewide,14
5685,2019,T6,Unknown,Diesel,1987,ICE,Not Applicable,≥4,Statewide,14
5686,2019,T6,7,Diesel,1976,ICE,Not Applicable,≥4,Statewide,14
5687,2019,T4,Unknown,Diesel,2002,ICE,Not Applicable,2,Statewide,14
5688,2019,T4,Unknown,Diesel,1984,ICE,Not Applicable,≥4,Statewide,14
5689,2019,T3,2,Diesel,2003,ICE,Not Applicable,2,Statewide,14
5690,2019,T3,2,Diesel,1994,ICE,Not Applicable,≥4,Statewide,14
5691,2019,P,Not Applicable,Electric,2005,BEV,Unknown,≥4,Statewide,14
5692,2019,T4,Unknown,Gasoline,1989,ICE,Not Applicable,1,Statewide,14
5693,2019,T6,5,Gasoline,2005,ICE,Not Applicable,2,Statewide,13
5694,2019,T6,6,Gasoline,2005,ICE,Not Applicable,3,Statewide,13
5695,2019,T6,5,Diesel,1995,ICE,Not Applicable,1,Statewide,13
5696,2019,T6,7,Diesel,1988,ICE,Not Applicable,1,Statewide,13
5697,2019,T6,Unknown,Diesel,1984,ICE,Not Applicable,1,Statewide,13
5698,2019,T6,6,Diesel,1978,ICE,Not Applicable,≥4,Statewide,13
5699,2019,T6,6,Diesel,1977,ICE,Not Applicable,≥4,Statewide,13
5700,2019,T6,6,Diesel,1976,ICE,Not Applicable,1,Statewide,13
5701,2019,T6,7,Diesel,1975,ICE,Not Applicable,1,Statewide,13
5702,2019,T4,Unknown,Diesel,1998,ICE,Not Applicable,≥4,Statewide,13
5703,2019,T3,2,Diesel,2021,ICE,Not Applicable,1,Statewide,13
5704,2019,T3,2,Diesel,1997,ICE,Not Applicable,2,Statewide,13
5705,2019,T6,5,Diesel,1997,ICE,Not Applicable,3,Statewide,13
5706,2019,T3,2,Diesel,1997,ICE,Not Applicable,3,Statewide,13
5707,2019,T3,2,Diesel,1983,ICE,Not Applicable,≥4,Statewide,13
5708,2019,T3,Unknown,Diesel,1975,ICE,Not Applicable,3,Statewide,13
5709,2019,T2,1,Diesel,1988,ICE,Not Applicable,3,Statewide,13
5710,2019,T2,Unknown,Diesel,1987,ICE,Not Applicable,1,Statewide,13
5711,2019,T2,1,Diesel,1983,ICE,Not Applicable,2,Statewide,13
5712,2019,T2,1,Diesel,1979,ICE,Not Applicable,1,Statewide,13
5713,2019,T1,Unknown,Diesel,2015,ICE,Not Applicable,≥4,Statewide,13
5714,2019,P,Not Applicable,Diesel,1995,ICE,Not Applicable,2,Statewide,13
5715,2019,P,Not Applicable,Diesel,1979,ICE,Not Applicable,1,Statewide,13
5716,2019,MH,Not Applicable,Diesel,1992,ICE,Not Applicable,2,Statewide,13
5717,2019,T3,Unknown,Diesel,1988,ICE,Not Applicable,1,Statewide,13
5718,2019,T6,6,Gasoline,2005,ICE,Not Applicable,2,Statewide,13
5719,2019,T6,5,Diesel,1999,ICE,Not Applicable,1,Statewide,13
5720,2019,T6,Unknown,Diesel,2016,ICE,Not Applicable,≥4,Statewide,13
5721,2019,T6,6,Gasoline,1996,ICE,Not Applicable,3,Statewide,13
5722,2019,T6,7,Gasoline,1990,ICE,Not Applicable,1,Statewide,13
5723,2019,T6,6,Gasoline,1989,ICE,Not Applicable,1,Statewide,13
5724,2019,T6,4,Gasoline,1975,ICE,Not Applicable,3,Statewide,13
5725,2019,T4,Unknown,Gasoline,1986,ICE,Not Applicable,2,Statewide,13
5726,2019,T2,Unknown,Gasoline,2015,ICE,Not Applicable,Unknown,Statewide,13
5727,2019,P,Not Applicable,Gasoline,2008,ICE,Not Applicable,Unknown,Statewide,13
5728,2019,BT,Not Applicable,Gasoline,2001,ICE,Not Applicable,≥4,Statewide,13
5729,2019,BT,Not Applicable,Gasoline,1980,ICE,Not Applicable,≥4,Statewide,13
5730,2019,BS,Not Applicable,Gasoline,2021,ICE,Not Applicable,≥4,Statewide,13
5731,2019,T6,Unknown,Diesel,1999,ICE,Not Applicable,≥4,Statewide,13
5732,2019,BS,Not Applicable,Gasoline,1979,ICE,Not Applicable,1,Statewide,13
5733,2019,T3,Unknown,Electric,2005,BEV,Unknown,≥4,Statewide,13
5734,2019,T2,Unknown,Electric,2017,BEV,101 to 150 miles,≥4,Statewide,13
5735,2019,T2,Unknown,Electric,2007,BEV,Unknown,1,Statewide,13
5736,2019,T1,Unknown,Electric,2011,BEV,Unknown,≥4,Statewide,13
5737,2019,P,Not Applicable,Electric,2012,BEV,Unknown,1,Statewide,13
5738,2019,P,Not Applicable,Electric,2006,BEV,Unknown,3,Statewide,13
5739,2019,MC,Not Applicable,Electric,2017,BEV,Unknown,2,Statewide,13
5740,2019,MC,Not Applicable,Electric,2014,BEV,Unknown,≥4,Statewide,13
5741,2019,MC,Not Applicable,Electric,2013,BEV,Unknown,3,Statewide,13
5742,2019,T7,8,Diesel,1980,ICE,Not Applicable,3,Statewide,13
5743,2019,T3,Unknown,Electric,2007,BEV,Unknown,3,Statewide,13
5744,2019,T4,Unknown,Gasoline,2019,ICE,Not Applicable,3,Statewide,14
5745,2019,T5,3,Gasoline,1983,ICE,Not Applicable,≥4,Statewide,14
5746,2019,T5,3,Gasoline,1986,ICE,Not Applicable,2,Statewide,14
5747,2019,T6,5,Gasoline,2014,ICE,Not Applicable,1,Statewide,15
5748,2019,T6,5,Gasoline,2011,ICE,Not Applicable,1,Statewide,15
5749,2019,T6,5,Gasoline,2010,ICE,Not Applicable,1,Statewide,15
5750,2019,T6,5,Gasoline,2008,ICE,Not Applicable,2,Statewide,15
5751,2019,T6,5,Gasoline,2007,ICE,Not Applicable,2,Statewide,15
5752,2019,T6,6,Gasoline,1993,ICE,Not Applicable,2,Statewide,15
5753,2019,T6,6,Gasoline,1992,ICE,Not Applicable,1,Statewide,15
5754,2019,T6,6,Gasoline,1991,ICE,Not Applicable,3,Statewide,15
5755,2019,T6,6,Gasoline,1976,ICE,Not Applicable,3,Statewide,15
5756,2019,T2,Unknown,Gasoline,2019,PHEV,Unknown,3,Statewide,15
5757,2019,T6,5,Gasoline,2019,ICE,Not Applicable,3,Statewide,15
5758,2019,P,Not Applicable,Gasoline,2018,PHEV,Unknown,1,Statewide,15
5759,2019,B,Not Applicable,Gasoline,1999,ICE,Not Applicable,2,Statewide,15
5760,2019,B,Not Applicable,Gasoline,1998,ICE,Not Applicable,1,Statewide,15
5761,2019,T2,Unknown,Electric,2007,BEV,Unknown,2,Statewide,15
5762,2019,P,Not Applicable,Electric,2016,BEV,>150 miles,2,Statewide,15
5763,2019,P,Not Applicable,Electric,2011,BEV,Unknown,3,Statewide,15
5764,2019,P,Not Applicable,Electric,2010,BEV,Unknown,2,Statewide,15
5765,2019,P,Not Applicable,Electric,2009,BEV,Unknown,2,Statewide,15
5766,2019,P,Not Applicable,Electric,2008,BEV,Unknown,3,Statewide,15
5767,2019,MC,Not Applicable,Electric,2013,BEV,Unknown,2,Statewide,15
5768,2019,T6,5,Diesel,1999,ICE,Not Applicable,2,Statewide,15
5769,2019,B,Not Applicable,Gasoline,2020,ICE,Not Applicable,3,Statewide,15
5770,2019,T6,5,Diesel,1995,ICE,Not Applicable,2,Statewide,15
5771,2019,T6,4,Gasoline,2021,ICE,Not Applicable,≥4,Statewide,15
5772,2019,T7,8,Gasoline,1982,ICE,Not Applicable,≥4,Statewide,15
5773,2019,T2,Unknown,Diesel,2007,ICE,Not Applicable,2,Statewide,16
5774,2019,T2,Unknown,Diesel,2007,ICE,Not Applicable,≥4,Statewide,16
5775,2019,T2,1,Diesel,1985,ICE,Not Applicable,3,Statewide,16
5776,2019,T2,1,Diesel,1981,ICE,Not Applicable,≥4,Statewide,16
5777,2019,P,Not Applicable,Diesel,1979,ICE,Not Applicable,3,Statewide,16
5778,2019,MH,Not Applicable,Diesel,1993,ICE,Not Applicable,2,Statewide,16
5779,2019,MH,Not Applicable,Diesel,1993,ICE,Not Applicable,3,Statewide,16
5780,2019,MH,Not Applicable,Diesel,1990,ICE,Not Applicable,2,Statewide,16
5781,2019,MH,Not Applicable,Diesel,1975,ICE,Not Applicable,1,Statewide,16
5782,2019,MH,Not Applicable,Diesel,1975,ICE,Not Applicable,2,Statewide,16
5783,2019,T7,8,Gasoline,1977,ICE,Not Applicable,1,Statewide,15
5784,2019,BT,Not Applicable,Diesel,2013,ICE,Not Applicable,1,Statewide,16
5785,2019,BS,Not Applicable,Diesel,1995,ICE,Not Applicable,2,Statewide,16
5786,2019,BS,Not Applicable,Diesel,1985,ICE,Not Applicable,≥4,Statewide,16
5787,2019,B,Not Applicable,Diesel,2013,ICE,Not Applicable,2,Statewide,16
5788,2019,B,Not Applicable,Diesel,2012,ICE,Not Applicable,2,Statewide,16
5789,2019,B,Not Applicable,Diesel,2009,ICE,Not Applicable,1,Statewide,16
5790,2019,B,Not Applicable,Diesel,1998,ICE,Not Applicable,2,Statewide,16
5791,2019,T6,6,Natural Gas,2012,ICE,Not Applicable,1,Statewide,15
5792,2019,T4,Unknown,Natural Gas,2003,ICE,Not Applicable,≥4,Statewide,15
5793,2019,P,Not Applicable,Natural Gas,2001,ICE,Not Applicable,≥4,Statewide,15
5794,2019,T7,8,Gasoline,1990,ICE,Not Applicable,≥4,Statewide,15
5795,2019,BT,Not Applicable,Diesel,1985,ICE,Not Applicable,1,Statewide,16
5796,2019,T6,6,Diesel,1993,ICE,Not Applicable,2,Statewide,15
5797,2019,T6,Unknown,Diesel,1988,ICE,Not Applicable,≥4,Statewide,15
5798,2019,T6,6,Diesel,1986,ICE,Not Applicable,1,Statewide,15
5799,2019,B,Not Applicable,Diesel,2010,ICE,Not Applicable,1,Statewide,15
5800,2019,B,Not Applicable,Diesel,2008,ICE,Not Applicable,3,Statewide,15
5801,2019,B,Not Applicable,Diesel,2002,ICE,Not Applicable,2,Statewide,15
5802,2019,B,Not Applicable,Diesel,1975,ICE,Not Applicable,2,Statewide,15
5803,2019,T7,8,Natural Gas,2014,ICE,Not Applicable,2,Statewide,14
5804,2019,T3,2,Natural Gas,2012,ICE,Not Applicable,≥4,Statewide,14
5805,2019,T3,Unknown,Natural Gas,2006,ICE,Not Applicable,≥4,Statewide,14
5806,2019,T3,Unknown,Natural Gas,1997,ICE,Not Applicable,≥4,Statewide,14
5807,2019,T2,Unknown,Natural Gas,2017,ICE,Not Applicable,≥4,Statewide,14
5808,2019,BT,Not Applicable,Natural Gas,1997,ICE,Not Applicable,≥4,Statewide,14
5809,2019,B,Not Applicable,Diesel,2014,ICE,Not Applicable,1,Statewide,15
5810,2019,T7,8,Gasoline,1991,ICE,Not Applicable,≥4,Statewide,14
5811,2019,T6,7,Gasoline,2018,ICE,Not Applicable,≥4,Statewide,14
5812,2019,T6,7,Gasoline,2014,ICE,Not Applicable,1,Statewide,14
5813,2019,T6,5,Gasoline,2006,ICE,Not Applicable,3,Statewide,14
5814,2019,T6,6,Gasoline,2003,ICE,Not Applicable,3,Statewide,14
5815,2019,T6,5,Gasoline,2000,ICE,Not Applicable,≥4,Statewide,14
5816,2019,T6,6,Gasoline,1993,ICE,Not Applicable,3,Statewide,14
5817,2019,T6,6,Gasoline,1986,ICE,Not Applicable,1,Statewide,14
5818,2019,T6,7,Gasoline,1985,ICE,Not Applicable,2,Statewide,14
5819,2019,T6,Unknown,Gasoline,1977,ICE,Not Applicable,≥4,Statewide,14
5820,2019,T5,3,Gasoline,1988,ICE,Not Applicable,1,Statewide,14
5821,2019,T6,5,Gasoline,2018,ICE,Not Applicable,2,Statewide,14
5822,2019,B,Not Applicable,Diesel,2018,ICE,Not Applicable,2,Statewide,15
5823,2019,B,Not Applicable,Diesel,2020,ICE,Not Applicable,1,Statewide,15
5824,2019,BS,Not Applicable,Diesel,2014,ICE,Not Applicable,2,Statewide,15
5825,2019,T6,6,Diesel,1979,ICE,Not Applicable,1,Statewide,15
5826,2019,T6,6,Diesel,1977,ICE,Not Applicable,1,Statewide,15
5827,2019,T5,3,Diesel,1990,ICE,Not Applicable,3,Statewide,15
5828,2019,T4,Unknown,Diesel,2001,ICE,Not Applicable,3,Statewide,15
5829,2019,T3,2,Diesel,1998,ICE,Not Applicable,2,Statewide,15
5830,2019,T3,2,Diesel,1997,ICE,Not Applicable,≥4,Statewide,15
5831,2019,T3,2,Diesel,1990,ICE,Not Applicable,3,Statewide,15
5832,2019,T2,1,Diesel,2018,ICE,Not Applicable,1,Statewide,15
5833,2019,T2,1,Diesel,2018,ICE,Not Applicable,3,Statewide,15
5834,2019,T2,Unknown,Diesel,2013,ICE,Not Applicable,≥4,Statewide,15
5835,2019,T2,Unknown,Diesel,1990,ICE,Not Applicable,≥4,Statewide,15
5836,2019,T2,1,Diesel,1990,ICE,Not Applicable,≥4,Statewide,15
5837,2019,T2,1,Diesel,1986,ICE,Not Applicable,≥4,Statewide,15
5838,2019,T2,1,Diesel,1985,ICE,Not Applicable,1,Statewide,15
5839,2019,T1,Unknown,Diesel,1996,ICE,Not Applicable,≥4,Statewide,15
5840,2019,T1,Unknown,Diesel,1989,ICE,Not Applicable,≥4,Statewide,15
5841,2019,T1,Unknown,Diesel,1975,ICE,Not Applicable,1,Statewide,15
5842,2019,P,Not Applicable,Diesel,1997,ICE,Not Applicable,1,Statewide,15
5843,2019,P,Not Applicable,Diesel,1979,ICE,Not Applicable,2,Statewide,15
5844,2019,MH,Not Applicable,Diesel,1994,ICE,Not Applicable,1,Statewide,15
5845,2019,MH,Not Applicable,Diesel,1978,ICE,Not Applicable,≥4,Statewide,15
5846,2019,BT,Not Applicable,Diesel,1997,ICE,Not Applicable,1,Statewide,15
5847,2019,BT,Not Applicable,Diesel,1981,ICE,Not Applicable,≥4,Statewide,15
5848,2019,T3,2,Diesel,1985,ICE,Not Applicable,2,Statewide,16
5849,2019,T7,8,Gasoline,2008,ICE,Not Applicable,≥4,Statewide,3
5850,2019,T6,Unknown,Gasoline,1988,ICE,Not Applicable,≥4,Statewide,8
5851,2019,T6,6,Gasoline,1987,ICE,Not Applicable,2,Statewide,8
5852,2019,B,Not Applicable,Diesel,1989,ICE,Not Applicable,3,Statewide,5
5853,2019,B,Not Applicable,Diesel,1987,ICE,Not Applicable,1,Statewide,5
5854,2019,B,Not Applicable,Diesel,1984,ICE,Not Applicable,2,Statewide,5
5855,2019,B,Not Applicable,Diesel,1980,ICE,Not Applicable,3,Statewide,5
5856,2019,T7,8,Natural Gas,2020,ICE,Not Applicable,3,Statewide,4
5857,2019,T7,8,Natural Gas,2010,ICE,Not Applicable,1,Statewide,4
5858,2019,T7,8,Natural Gas,2008,ICE,Not Applicable,1,Statewide,4
5859,2019,T6,Unknown,Natural Gas,2020,ICE,Not Applicable,≥4,Statewide,4
5860,2019,T6,7,Natural Gas,2020,ICE,Not Applicable,2,Statewide,4
5861,2019,T6,5,Natural Gas,2014,ICE,Not Applicable,≥4,Statewide,4
5862,2019,B,Not Applicable,Diesel,1991,ICE,Not Applicable,1,Statewide,5
5863,2019,T6,6,Natural Gas,2007,ICE,Not Applicable,≥4,Statewide,4
5864,2019,T4,Unknown,Natural Gas,2019,ICE,Not Applicable,≥4,Statewide,4
5865,2019,T4,2,Natural Gas,2009,ICE,Not Applicable,1,Statewide,4
5866,2019,T4,Unknown,Natural Gas,2008,ICE,Not Applicable,2,Statewide,4
5867,2019,T4,Unknown,Natural Gas,2004,ICE,Not Applicable,1,Statewide,4
5868,2019,T4,Unknown,Natural Gas,2003,ICE,Not Applicable,1,Statewide,4
5869,2019,T3,Unknown,Natural Gas,2007,ICE,Not Applicable,1,Statewide,4
5870,2019,T3,2,Natural Gas,2004,ICE,Not Applicable,1,Statewide,4
5871,2019,T3,2,Natural Gas,2001,ICE,Not Applicable,3,Statewide,4
5872,2019,T3,Unknown,Natural Gas,1999,ICE,Not Applicable,1,Statewide,4
5873,2019,T3,Unknown,Natural Gas,1999,ICE,Not Applicable,2,Statewide,4
5874,2019,T6,6,Natural Gas,2006,ICE,Not Applicable,≥4,Statewide,4
5875,2019,T2,Unknown,Natural Gas,2016,ICE,Not Applicable,≥4,Statewide,4
5876,2019,B,Not Applicable,Diesel,1997,ICE,Not Applicable,1,Statewide,5
5877,2019,B,Not Applicable,Diesel,2020,ICE,Not Applicable,3,Statewide,5
5878,2019,T1,1,Diesel,1991,ICE,Not Applicable,2,Statewide,5
5879,2019,T1,Unknown,Diesel,1989,ICE,Not Applicable,3,Statewide,5
5880,2019,T1,Unknown,Diesel,1988,ICE,Not Applicable,3,Statewide,5
5881,2019,T1,Unknown,Diesel,1976,ICE,Not Applicable,3,Statewide,5
5882,2019,P,Not Applicable,Diesel,1976,ICE,Not Applicable,2,Statewide,5
5883,2019,MH,Not Applicable,Diesel,1992,ICE,Not Applicable,1,Statewide,5
5884,2019,MH,Not Applicable,Diesel,1985,ICE,Not Applicable,3,Statewide,5
5885,2019,MH,Not Applicable,Diesel,1984,ICE,Not Applicable,3,Statewide,5
5886,2019,MH,Not Applicable,Diesel,1983,ICE,Not Applicable,3,Statewide,5
5887,2019,MH,Not Applicable,Diesel,1980,ICE,Not Applicable,2,Statewide,5
5888,2019,B,Not Applicable,Diesel,2018,ICE,Not Applicable,3,Statewide,5
5889,2019,MH,Not Applicable,Diesel,1980,ICE,Not Applicable,3,Statewide,5
5890,2019,MC,Not Applicable,Diesel,2005,ICE,Not Applicable,3,Statewide,5
5891,2019,MC,Not Applicable,Diesel,2003,ICE,Not Applicable,≥4,Statewide,5
5892,2019,MC,Not Applicable,Diesel,1998,ICE,Not Applicable,≥4,Statewide,5
5893,2019,BT,Not Applicable,Diesel,1975,ICE,Not Applicable,2,Statewide,5
5894,2019,BS,Not Applicable,Diesel,2018,ICE,Not Applicable,3,Statewide,5
5895,2019,BS,Not Applicable,Diesel,2015,ICE,Not Applicable,3,Statewide,5
5896,2019,BS,Not Applicable,Diesel,1999,ICE,Not Applicable,2,Statewide,5
5897,2019,BS,Not Applicable,Diesel,1997,ICE,Not Applicable,1,Statewide,5
5898,2019,BS,Not Applicable,Diesel,1994,ICE,Not Applicable,3,Statewide,5
5899,2019,BS,Not Applicable,Diesel,1976,ICE,Not Applicable,1,Statewide,5
5900,2019,MH,Not Applicable,Diesel,1980,ICE,Not Applicable,≥4,Statewide,5
5901,2019,T2,Unknown,Diesel,1979,ICE,Not Applicable,≥4,Statewide,5
5902,2019,T2,Unknown,Natural Gas,2007,ICE,Not Applicable,3,Statewide,4
5903,2019,T1,Unknown,Natural Gas,1975,ICE,Not Applicable,≥4,Statewide,4
5904,2019,T6,7,Gasoline,2001,ICE,Not Applicable,1,Statewide,4
5905,2019,T6,5,Gasoline,2000,ICE,Not Applicable,2,Statewide,4
5906,2019,T6,7,Gasoline,2000,ICE,Not Applicable,3,Statewide,4
5907,2019,T6,7,Gasoline,1997,ICE,Not Applicable,1,Statewide,4
5908,2019,T6,7,Gasoline,1993,ICE,Not Applicable,1,Statewide,4
5909,2019,T6,Unknown,Gasoline,1992,ICE,Not Applicable,≥4,Statewide,4
5910,2019,T6,7,Gasoline,1991,ICE,Not Applicable,2,Statewide,4
5911,2019,T6,5,Gasoline,1990,ICE,Not Applicable,3,Statewide,4
5912,2019,T6,4,Gasoline,1989,ICE,Not Applicable,≥4,Statewide,4
5913,2019,T6,5,Gasoline,1989,ICE,Not Applicable,1,Statewide,4
5914,2019,T6,7,Gasoline,2002,ICE,Not Applicable,2,Statewide,4
5915,2019,T6,4,Gasoline,1988,ICE,Not Applicable,≥4,Statewide,4
5916,2019,T6,7,Gasoline,1986,ICE,Not Applicable,1,Statewide,4
5917,2019,T6,7,Gasoline,1986,ICE,Not Applicable,3,Statewide,4
5918,2019,T6,5,Gasoline,1983,ICE,Not Applicable,1,Statewide,4
5919,2019,T6,5,Gasoline,1983,ICE,Not Applicable,3,Statewide,4
5920,2019,T6,5,Gasoline,1981,ICE,Not Applicable,2,Statewide,4
5921,2019,T6,5,Gasoline,1981,ICE,Not Applicable,3,Statewide,4
5922,2019,T6,4,Gasoline,1980,ICE,Not Applicable,≥4,Statewide,4
5923,2019,T6,5,Gasoline,1980,ICE,Not Applicable,3,Statewide,4
5924,2019,T6,Unknown,Gasoline,1979,ICE,Not Applicable,1,Statewide,4
5925,2019,T6,4,Gasoline,1979,ICE,Not Applicable,1,Statewide,4
5926,2019,T6,7,Gasoline,1988,ICE,Not Applicable,1,Statewide,4
5927,2019,T2,Unknown,Natural Gas,2000,ICE,Not Applicable,≥4,Statewide,4
5928,2019,T6,7,Gasoline,2003,ICE,Not Applicable,3,Statewide,4
5929,2019,T6,7,Gasoline,2007,ICE,Not Applicable,2,Statewide,4
5930,2019,BT,Not Applicable,Natural Gas,2006,ICE,Not Applicable,1,Statewide,4
5931,2019,BT,Not Applicable,Natural Gas,2003,ICE,Not Applicable,2,Statewide,4
5932,2019,BS,Not Applicable,Natural Gas,2016,ICE,Not Applicable,1,Statewide,4
5933,2019,BS,Not Applicable,Natural Gas,2008,ICE,Not Applicable,2,Statewide,4
5934,2019,BS,Not Applicable,Natural Gas,1997,ICE,Not Applicable,≥4,Statewide,4
5935,2019,B,Not Applicable,Natural Gas,2021,ICE,Not Applicable,≥4,Statewide,4
5936,2019,B,Not Applicable,Natural Gas,2007,ICE,Not Applicable,1,Statewide,4
5937,2019,B,Not Applicable,Natural Gas,2007,ICE,Not Applicable,2,Statewide,4
5938,2019,B,Not Applicable,Natural Gas,2002,ICE,Not Applicable,≥4,Statewide,4
5939,2019,P,Not Applicable,Hydrogen,2016,FCEV,Unknown,3,Statewide,4
5940,2019,T6,7,Gasoline,2004,ICE,Not Applicable,1,Statewide,4
5941,2019,T7,8,Gasoline,2014,ICE,Not Applicable,≥4,Statewide,4
5942,2019,T7,8,Gasoline,2005,ICE,Not Applicable,≥4,Statewide,4
5943,2019,T7,8,Gasoline,1984,ICE,Not Applicable,1,Statewide,4
5944,2019,T7,8,Gasoline,1978,ICE,Not Applicable,3,Statewide,4
5945,2019,T6,5,Gasoline,2021,ICE,Not Applicable,1,Statewide,4
5946,2019,T6,6,Gasoline,2018,ICE,Not Applicable,2,Statewide,4
5947,2019,T6,7,Gasoline,2013,ICE,Not Applicable,1,Statewide,4
5948,2019,T6,Unknown,Gasoline,2012,ICE,Not Applicable,≥4,Statewide,4
5949,2019,T6,6,Gasoline,2012,ICE,Not Applicable,1,Statewide,4
5950,2019,T6,6,Gasoline,2009,ICE,Not Applicable,2,Statewide,4
5951,2019,T6,7,Gasoline,2007,ICE,Not Applicable,1,Statewide,4
5952,2019,T7,8,Gasoline,2009,ICE,Not Applicable,≥4,Statewide,4
5953,2019,T2,1,Diesel,1986,ICE,Not Applicable,2,Statewide,5
5954,2019,T2,Unknown,Diesel,1988,ICE,Not Applicable,3,Statewide,5
5955,2019,T2,Unknown,Diesel,1989,ICE,Not Applicable,3,Statewide,5
5956,2019,BS,Not Applicable,Gasoline,2017,ICE,Not Applicable,3,Statewide,5
5957,2019,BS,Not Applicable,Gasoline,2016,ICE,Not Applicable,3,Statewide,5
5958,2019,BS,Not Applicable,Gasoline,2000,ICE,Not Applicable,1,Statewide,5
5959,2019,BS,Not Applicable,Gasoline,1988,ICE,Not Applicable,2,Statewide,5
5960,2019,BS,Not Applicable,Gasoline,1977,ICE,Not Applicable,3,Statewide,5
5961,2019,BS,Not Applicable,Gasoline,1976,ICE,Not Applicable,1,Statewide,5
5962,2019,B,Not Applicable,Gasoline,1982,ICE,Not Applicable,1,Statewide,5
5963,2019,B,Not Applicable,Gasoline,1980,ICE,Not Applicable,2,Statewide,5
5964,2019,B,Not Applicable,Gasoline,1978,ICE,Not Applicable,2,Statewide,5
5965,2019,T4,Unknown,Electric,1984,BEV,Unknown,≥4,Statewide,5
5966,2019,BS,Not Applicable,Gasoline,2019,ICE,Not Applicable,2,Statewide,5
5967,2019,T4,Unknown,Electric,1975,BEV,Unknown,≥4,Statewide,5
5968,2019,T2,1,Electric,2005,BEV,Unknown,≥4,Statewide,5
5969,2019,T1,Unknown,Electric,2007,BEV,Unknown,2,Statewide,5
5970,2019,T1,1,Electric,2005,BEV,Unknown,2,Statewide,5
5971,2019,P,Not Applicable,Electric,2005,BEV,Unknown,3,Statewide,5
5972,2019,P,Not Applicable,Electric,2004,BEV,Unknown,3,Statewide,5
5973,2019,P,Not Applicable,Electric,2002,BEV,Unknown,1,Statewide,5
5974,2019,P,Not Applicable,Electric,2000,BEV,Unknown,2,Statewide,5
5975,2019,P,Not Applicable,Electric,1993,BEV,Unknown,≥4,Statewide,5
5976,2019,P,Not Applicable,Electric,1975,BEV,Unknown,3,Statewide,5
5977,2019,MC,Not Applicable,Electric,2016,BEV,Unknown,3,Statewide,5
5978,2019,T3,Unknown,Electric,2012,BEV,Unknown,≥4,Statewide,5
5979,2019,MC,Not Applicable,Electric,2014,BEV,Unknown,3,Statewide,5
5980,2019,BS,Not Applicable,Gasoline,2020,ICE,Not Applicable,2,Statewide,5
5981,2019,BT,Not Applicable,Gasoline,1980,ICE,Not Applicable,1,Statewide,5
5982,2019,T6,6,Gasoline,1992,ICE,Not Applicable,3,Statewide,5
5983,2019,T6,5,Gasoline,1989,ICE,Not Applicable,3,Statewide,5
5984,2019,T6,7,Gasoline,1989,ICE,Not Applicable,1,Statewide,5
5985,2019,T6,7,Gasoline,1989,ICE,Not Applicable,3,Statewide,5
5986,2019,T6,Unknown,Gasoline,1987,ICE,Not Applicable,≥4,Statewide,5
5987,2019,T6,Unknown,Gasoline,1983,ICE,Not Applicable,≥4,Statewide,5
5988,2019,T6,4,Gasoline,1978,ICE,Not Applicable,1,Statewide,5
5989,2019,T6,5,Gasoline,1978,ICE,Not Applicable,3,Statewide,5
5990,2019,T6,5,Gasoline,1977,ICE,Not Applicable,2,Statewide,5
5991,2019,T6,7,Gasoline,1976,ICE,Not Applicable,3,Statewide,5
5992,2019,BT,Not Applicable,Gasoline,1978,ICE,Not Applicable,≥4,Statewide,5
5993,2019,T5,3,Gasoline,1983,ICE,Not Applicable,1,Statewide,5
5994,2019,T5,3,Gasoline,1978,ICE,Not Applicable,≥4,Statewide,5
5995,2019,T4,Unknown,Gasoline,1984,ICE,Not Applicable,1,Statewide,5
5996,2019,T4,Unknown,Gasoline,1980,ICE,Not Applicable,3,Statewide,5
5997,2019,T4,Unknown,Gasoline,1979,ICE,Not Applicable,1,Statewide,5
5998,2019,T2,1,Gasoline,2019,PHEV,Unknown,1,Statewide,5
5999,2019,T2,Unknown,Gasoline,2016,PHEV,Unknown,2,Statewide,5
6000,2019,BT,Not Applicable,Gasoline,2019,ICE,Not Applicable,2,Statewide,5
6001,2019,BT,Not Applicable,Gasoline,2012,ICE,Not Applicable,1,Statewide,5
6002,2019,BT,Not Applicable,Gasoline,1986,ICE,Not Applicable,1,Statewide,5
6003,2019,BT,Not Applicable,Gasoline,1982,ICE,Not Applicable,≥4,Statewide,5
6004,2019,T5,3,Gasoline,1982,ICE,Not Applicable,2,Statewide,5
6005,2019,MC,Not Applicable,Electric,2011,BEV,Unknown,3,Statewide,5
6006,2019,MC,Not Applicable,Electric,2005,BEV,Unknown,≥4,Statewide,5
6007,2019,MC,Not Applicable,Electric,1997,BEV,Unknown,≥4,Statewide,5
6008,2019,T3,Unknown,Diesel,2010,ICE,Not Applicable,3,Statewide,5
6009,2019,T3,2,Diesel,2005,ICE,Not Applicable,3,Statewide,5
6010,2019,T3,Unknown,Diesel,2000,ICE,Not Applicable,3,Statewide,5
6011,2019,T3,2,Diesel,1994,ICE,Not Applicable,2,Statewide,5
6012,2019,T3,Unknown,Diesel,1992,ICE,Not Applicable,2,Statewide,5
6013,2019,T3,Unknown,Diesel,1992,ICE,Not Applicable,3,Statewide,5
6014,2019,T3,2,Diesel,1991,ICE,Not Applicable,3,Statewide,5
6015,2019,T3,Unknown,Diesel,1980,ICE,Not Applicable,≥4,Statewide,5
6016,2019,T2,1,Diesel,2015,ICE,Not Applicable,1,Statewide,5
6017,2019,T2,1,Diesel,2015,ICE,Not Applicable,2,Statewide,5
6018,2019,T4,Unknown,Diesel,1980,ICE,Not Applicable,≥4,Statewide,5
6019,2019,T2,1,Diesel,2014,ICE,Not Applicable,2,Statewide,5
6020,2019,T2,Unknown,Diesel,2012,ICE,Not Applicable,1,Statewide,5
6021,2019,T2,Unknown,Diesel,2009,ICE,Not Applicable,3,Statewide,5
6022,2019,T2,Unknown,Diesel,2009,ICE,Not Applicable,≥4,Statewide,5
6023,2019,T2,Unknown,Diesel,2008,ICE,Not Applicable,≥4,Statewide,5
6024,2019,T2,Unknown,Diesel,1997,ICE,Not Applicable,≥4,Statewide,5
6025,2019,T2,Unknown,Diesel,1993,ICE,Not Applicable,3,Statewide,5
6026,2019,T2,Unknown,Diesel,1992,ICE,Not Applicable,1,Statewide,5
6027,2019,T2,Unknown,Diesel,1991,ICE,Not Applicable,1,Statewide,5
6028,2019,T2,1,Diesel,1991,ICE,Not Applicable,≥4,Statewide,5
6029,2019,T2,Unknown,Diesel,1990,ICE,Not Applicable,3,Statewide,5
6030,2019,T2,Unknown,Diesel,2013,ICE,Not Applicable,3,Statewide,5
6031,2019,T4,Unknown,Diesel,1982,ICE,Not Applicable,≥4,Statewide,5
6032,2019,T4,Unknown,Diesel,1987,ICE,Not Applicable,2,Statewide,5
6033,2019,T4,Unknown,Diesel,1987,ICE,Not Applicable,1,Statewide,5
6034,2019,BT,Not Applicable,Electric,2015,BEV,Unknown,≥4,Statewide,5
6035,2019,T7,8,Diesel,1981,ICE,Not Applicable,3,Statewide,5
6036,2019,T7,8,Diesel,1976,ICE,Not Applicable,2,Statewide,5
6037,2019,T6,Unknown,Diesel,2021,ICE,Not Applicable,1,Statewide,5
6038,2019,T6,Unknown,Diesel,2002,ICE,Not Applicable,1,Statewide,5
6039,2019,T6,5,Diesel,1993,ICE,Not Applicable,2,Statewide,5
6040,2019,T6,5,Diesel,1993,ICE,Not Applicable,3,Statewide,5
6041,2019,T6,6,Diesel,1986,ICE,Not Applicable,3,Statewide,5
6042,2019,T6,Unknown,Diesel,1985,ICE,Not Applicable,1,Statewide,5
6043,2019,T6,6,Diesel,1984,ICE,Not Applicable,1,Statewide,5
6044,2019,T6,6,Diesel,1984,ICE,Not Applicable,2,Statewide,5
6045,2019,T6,6,Diesel,1984,ICE,Not Applicable,3,Statewide,5
6046,2019,T6,Unknown,Diesel,1983,ICE,Not Applicable,2,Statewide,5
6047,2019,T6,Unknown,Diesel,1983,ICE,Not Applicable,3,Statewide,5
6048,2019,T6,7,Diesel,1983,ICE,Not Applicable,3,Statewide,5
6049,2019,T6,Unknown,Diesel,1982,ICE,Not Applicable,3,Statewide,5
6050,2019,T6,7,Diesel,1982,ICE,Not Applicable,3,Statewide,5
6051,2019,T6,7,Diesel,1981,ICE,Not Applicable,2,Statewide,5
6052,2019,T4,Unknown,Diesel,2015,ICE,Not Applicable,3,Statewide,5
6053,2019,T4,Unknown,Diesel,1996,ICE,Not Applicable,3,Statewide,5
6054,2019,T4,Unknown,Diesel,1995,ICE,Not Applicable,1,Statewide,5
6055,2019,T4,Unknown,Diesel,1995,ICE,Not Applicable,2,Statewide,5
6056,2019,T4,Unknown,Diesel,1993,ICE,Not Applicable,1,Statewide,5
6057,2019,T6,5,Gasoline,1979,ICE,Not Applicable,3,Statewide,4
6058,2019,T6,5,Gasoline,1992,ICE,Not Applicable,2,Statewide,5
6059,2019,T6,Unknown,Gasoline,1977,ICE,Not Applicable,2,Statewide,4
6060,2019,T6,Unknown,Gasoline,1976,ICE,Not Applicable,3,Statewide,4
6061,2019,MC,Not Applicable,Diesel,2010,ICE,Not Applicable,3,Statewide,4
6062,2019,MC,Not Applicable,Diesel,2009,ICE,Not Applicable,2,Statewide,4
6063,2019,MC,Not Applicable,Diesel,2009,ICE,Not Applicable,3,Statewide,4
6064,2019,MC,Not Applicable,Diesel,2009,ICE,Not Applicable,≥4,Statewide,4
6065,2019,MC,Not Applicable,Diesel,2007,ICE,Not Applicable,2,Statewide,4
6066,2019,MC,Not Applicable,Diesel,2004,ICE,Not Applicable,≥4,Statewide,4
6067,2019,MC,Not Applicable,Diesel,2001,ICE,Not Applicable,≥4,Statewide,4
6068,2019,MC,Not Applicable,Diesel,1997,ICE,Not Applicable,≥4,Statewide,4
6069,2019,BT,Not Applicable,Diesel,2021,ICE,Not Applicable,≥4,Statewide,4
6070,2019,BT,Not Applicable,Diesel,2020,ICE,Not Applicable,2,Statewide,4
6071,2019,MC,Not Applicable,Diesel,2010,ICE,Not Applicable,1,Statewide,4
6072,2019,BT,Not Applicable,Diesel,1998,ICE,Not Applicable,2,Statewide,4
6073,2019,BS,Not Applicable,Diesel,2021,ICE,Not Applicable,2,Statewide,4
6074,2019,BS,Not Applicable,Diesel,2019,ICE,Not Applicable,3,Statewide,4
6075,2019,BS,Not Applicable,Diesel,2017,ICE,Not Applicable,3,Statewide,4
6076,2019,BS,Not Applicable,Diesel,1997,ICE,Not Applicable,3,Statewide,4
6077,2019,BS,Not Applicable,Diesel,1990,ICE,Not Applicable,1,Statewide,4
6078,2019,BS,Not Applicable,Diesel,1987,ICE,Not Applicable,1,Statewide,4
6079,2019,BS,Not Applicable,Diesel,1978,ICE,Not Applicable,2,Statewide,4
6080,2019,BS,Not Applicable,Diesel,1977,ICE,Not Applicable,1,Statewide,4
6081,2019,B,Not Applicable,Diesel,2017,ICE,Not Applicable,2,Statewide,4
6082,2019,B,Not Applicable,Diesel,2016,ICE,Not Applicable,1,Statewide,4
6083,2019,BT,Not Applicable,Diesel,1992,ICE,Not Applicable,2,Statewide,4
6084,2019,B,Not Applicable,Diesel,2016,ICE,Not Applicable,3,Statewide,4
6085,2019,MC,Not Applicable,Diesel,2011,ICE,Not Applicable,≥4,Statewide,4
6086,2019,MH,Not Applicable,Diesel,1981,ICE,Not Applicable,2,Statewide,4
6087,2019,T2,Unknown,Diesel,1994,ICE,Not Applicable,3,Statewide,4
6088,2019,T2,1,Diesel,1990,ICE,Not Applicable,1,Statewide,4
6089,2019,T2,1,Diesel,1990,ICE,Not Applicable,3,Statewide,4
6090,2019,T2,Unknown,Diesel,1986,ICE,Not Applicable,2,Statewide,4
6091,2019,T2,Unknown,Diesel,1985,ICE,Not Applicable,2,Statewide,4
6092,2019,T2,Unknown,Diesel,1976,ICE,Not Applicable,3,Statewide,4
6093,2019,T2,Unknown,Diesel,1975,ICE,Not Applicable,1,Statewide,4
6094,2019,T1,Unknown,Diesel,2011,ICE,Not Applicable,1,Statewide,4
6095,2019,T1,1,Diesel,2005,ICE,Not Applicable,3,Statewide,4
6096,2019,T1,1,Diesel,2004,ICE,Not Applicable,1,Statewide,4
6097,2019,MC,Not Applicable,Diesel,2016,ICE,Not Applicable,3,Statewide,4
6098,2019,T1,1,Diesel,2004,ICE,Not Applicable,3,Statewide,4
6099,2019,T1,Unknown,Diesel,1992,ICE,Not Applicable,3,Statewide,4
6100,2019,T1,1,Diesel,1992,ICE,Not Applicable,3,Statewide,4
6101,2019,T1,Unknown,Diesel,1991,ICE,Not Applicable,2,Statewide,4
6102,2019,T1,Unknown,Diesel,1988,ICE,Not Applicable,2,Statewide,4
6103,2019,T1,Unknown,Diesel,1980,ICE,Not Applicable,1,Statewide,4
6104,2019,T1,Unknown,Diesel,1979,ICE,Not Applicable,1,Statewide,4
6105,2019,P,Not Applicable,Diesel,1994,ICE,Not Applicable,1,Statewide,4
6106,2019,P,Not Applicable,Diesel,1994,ICE,Not Applicable,2,Statewide,4
6107,2019,P,Not Applicable,Diesel,1994,ICE,Not Applicable,3,Statewide,4
6108,2019,MH,Not Applicable,Diesel,1986,ICE,Not Applicable,3,Statewide,4
6109,2019,T1,Unknown,Diesel,1995,ICE,Not Applicable,2,Statewide,4
6110,2019,T2,Unknown,Diesel,1994,ICE,Not Applicable,1,Statewide,4
6111,2019,B,Not Applicable,Diesel,2015,ICE,Not Applicable,1,Statewide,4
6112,2019,B,Not Applicable,Diesel,1985,ICE,Not Applicable,2,Statewide,4
6113,2019,T3,2,Natural Gas,2003,ICE,Not Applicable,2,Statewide,3
6114,2019,T3,2,Natural Gas,2002,ICE,Not Applicable,2,Statewide,3
6115,2019,T3,Unknown,Natural Gas,2001,ICE,Not Applicable,3,Statewide,3
6116,2019,T3,2,Natural Gas,2001,ICE,Not Applicable,2,Statewide,3
6117,2019,T3,Unknown,Natural Gas,2000,ICE,Not Applicable,≥4,Statewide,3
6118,2019,T3,2,Natural Gas,1999,ICE,Not Applicable,1,Statewide,3
6119,2019,T3,2,Natural Gas,1999,ICE,Not Applicable,≥4,Statewide,3
6120,2019,T3,2,Natural Gas,1998,ICE,Not Applicable,≥4,Statewide,3
6121,2019,T1,Unknown,Natural Gas,2007,ICE,Not Applicable,≥4,Statewide,3
6122,2019,P,Not Applicable,Natural Gas,2002,ICE,Not Applicable,2,Statewide,3
6123,2019,T3,Unknown,Natural Gas,2004,ICE,Not Applicable,2,Statewide,3
6124,2019,P,Not Applicable,Natural Gas,1995,ICE,Not Applicable,≥4,Statewide,3
6125,2019,MC,Not Applicable,Natural Gas,2008,ICE,Not Applicable,≥4,Statewide,3
6126,2019,BT,Not Applicable,Natural Gas,2011,ICE,Not Applicable,3,Statewide,3
6127,2019,BS,Not Applicable,Natural Gas,2018,ICE,Not Applicable,1,Statewide,3
6128,2019,BS,Not Applicable,Natural Gas,2013,ICE,Not Applicable,1,Statewide,3
6129,2019,BS,Not Applicable,Natural Gas,2008,ICE,Not Applicable,3,Statewide,3
6130,2019,BS,Not Applicable,Natural Gas,2005,ICE,Not Applicable,1,Statewide,3
6131,2019,BS,Not Applicable,Natural Gas,2005,ICE,Not Applicable,2,Statewide,3
6132,2019,BS,Not Applicable,Natural Gas,2005,ICE,Not Applicable,3,Statewide,3
6133,2019,BS,Not Applicable,Natural Gas,2002,ICE,Not Applicable,1,Statewide,3
6134,2019,B,Not Applicable,Natural Gas,2017,ICE,Not Applicable,3,Statewide,3
6135,2019,P,Not Applicable,Natural Gas,1975,ICE,Not Applicable,1,Statewide,3
6136,2019,B,Not Applicable,Diesel,1987,ICE,Not Applicable,2,Statewide,4
6137,2019,T3,Unknown,Natural Gas,2007,ICE,Not Applicable,3,Statewide,3
6138,2019,T3,2,Natural Gas,2014,ICE,Not Applicable,≥4,Statewide,3
6139,2019,B,Not Applicable,Diesel,1985,ICE,Not Applicable,3,Statewide,4
6140,2019,B,Not Applicable,Diesel,1982,ICE,Not Applicable,2,Statewide,4
6141,2019,B,Not Applicable,Diesel,1981,ICE,Not Applicable,3,Statewide,4
6142,2019,T7,8,Natural Gas,2019,ICE,Not Applicable,3,Statewide,3
6143,2019,T7,8,Natural Gas,2013,ICE,Not Applicable,2,Statewide,3
6144,2019,T7,8,Natural Gas,2009,ICE,Not Applicable,1,Statewide,3
6145,2019,T7,8,Natural Gas,2009,ICE,Not Applicable,2,Statewide,3
6146,2019,T7,8,Natural Gas,2007,ICE,Not Applicable,1,Statewide,3
6147,2019,T6,4,Natural Gas,2019,ICE,Not Applicable,≥4,Statewide,3
6148,2019,T6,7,Natural Gas,2019,ICE,Not Applicable,1,Statewide,3
6149,2019,T3,Unknown,Natural Gas,2007,ICE,Not Applicable,2,Statewide,3
6150,2019,T6,6,Natural Gas,2014,ICE,Not Applicable,1,Statewide,3
6151,2019,T4,2,Natural Gas,2017,ICE,Not Applicable,3,Statewide,3
6152,2019,T4,2,Natural Gas,2009,ICE,Not Applicable,2,Statewide,3
6153,2019,T4,2,Natural Gas,2007,ICE,Not Applicable,3,Statewide,3
6154,2019,T4,Unknown,Natural Gas,2006,ICE,Not Applicable,1,Statewide,3
6155,2019,T4,2,Natural Gas,2005,ICE,Not Applicable,2,Statewide,3
6156,2019,T4,2,Natural Gas,2005,ICE,Not Applicable,3,Statewide,3
6157,2019,T3,2,Natural Gas,2020,ICE,Not Applicable,1,Statewide,3
6158,2019,T3,2,Natural Gas,2020,ICE,Not Applicable,3,Statewide,3
6159,2019,T3,2,Natural Gas,2018,ICE,Not Applicable,1,Statewide,3
6160,2019,T3,2,Natural Gas,2017,ICE,Not Applicable,1,Statewide,3
6161,2019,T5,3,Natural Gas,2018,ICE,Not Applicable,≥4,Statewide,3
6162,2019,T2,Unknown,Diesel,1998,ICE,Not Applicable,≥4,Statewide,4
6163,2019,T2,1,Diesel,2012,ICE,Not Applicable,≥4,Statewide,4
6164,2019,T2,1,Diesel,2013,ICE,Not Applicable,≥4,Statewide,4
6165,2019,BS,Not Applicable,Gasoline,1986,ICE,Not Applicable,3,Statewide,4
6166,2019,BS,Not Applicable,Gasoline,1985,ICE,Not Applicable,2,Statewide,4
6167,2019,BS,Not Applicable,Gasoline,1979,ICE,Not Applicable,2,Statewide,4
6168,2019,B,Not Applicable,Gasoline,1994,ICE,Not Applicable,3,Statewide,4
6169,2019,B,Not Applicable,Gasoline,1992,ICE,Not Applicable,2,Statewide,4
6170,2019,B,Not Applicable,Gasoline,1991,ICE,Not Applicable,1,Statewide,4
6171,2019,B,Not Applicable,Gasoline,1991,ICE,Not Applicable,2,Statewide,4
6172,2019,B,Not Applicable,Gasoline,1990,ICE,Not Applicable,3,Statewide,4
6173,2019,B,Not Applicable,Gasoline,1989,ICE,Not Applicable,1,Statewide,4
6174,2019,B,Not Applicable,Gasoline,1989,ICE,Not Applicable,3,Statewide,4
6175,2019,BS,Not Applicable,Gasoline,1990,ICE,Not Applicable,1,Statewide,4
6176,2019,B,Not Applicable,Gasoline,1988,ICE,Not Applicable,2,Statewide,4
6177,2019,B,Not Applicable,Gasoline,1984,ICE,Not Applicable,1,Statewide,4
6178,2019,B,Not Applicable,Gasoline,1984,ICE,Not Applicable,3,Statewide,4
6179,2019,B,Not Applicable,Gasoline,1982,ICE,Not Applicable,3,Statewide,4
6180,2019,T6,6,Electric,2018,BEV,Unknown,≥4,Statewide,4
6181,2019,T4,2,Electric,2020,BEV,Unknown,≥4,Statewide,4
6182,2019,T4,Unknown,Electric,1986,BEV,Unknown,≥4,Statewide,4
6183,2019,T3,Unknown,Electric,2004,BEV,Unknown,≥4,Statewide,4
6184,2019,T3,Unknown,Electric,2003,BEV,Unknown,≥4,Statewide,4
6185,2019,T2,Unknown,Electric,2018,BEV,Unknown,1,Statewide,4
6186,2019,T2,Unknown,Electric,2015,BEV,Unknown,2,Statewide,4
6187,2019,B,Not Applicable,Gasoline,1987,ICE,Not Applicable,3,Statewide,4
6188,2019,T1,Unknown,Electric,2020,BEV,Unknown,≥4,Statewide,4
6189,2019,BS,Not Applicable,Gasoline,1991,ICE,Not Applicable,1,Statewide,4
6190,2019,BS,Not Applicable,Gasoline,2005,ICE,Not Applicable,1,Statewide,4
6191,2019,T6,4,Gasoline,1976,ICE,Not Applicable,2,Statewide,4
6192,2019,T6,4,Gasoline,1976,ICE,Not Applicable,3,Statewide,4
6193,2019,T5,3,Gasoline,1984,ICE,Not Applicable,1,Statewide,4
6194,2019,T4,Unknown,Gasoline,1985,ICE,Not Applicable,3,Statewide,4
6195,2019,T4,Unknown,Gasoline,1983,ICE,Not Applicable,1,Statewide,4
6196,2019,T4,Unknown,Gasoline,1982,ICE,Not Applicable,1,Statewide,4
6197,2019,T4,Unknown,Gasoline,1982,ICE,Not Applicable,3,Statewide,4
6198,2019,T4,Unknown,Gasoline,1981,ICE,Not Applicable,3,Statewide,4
6199,2019,T4,Unknown,Gasoline,1978,ICE,Not Applicable,1,Statewide,4
6200,2019,T3,Unknown,Gasoline,2019,PHEV,Unknown,2,Statewide,4
6201,2019,BS,Not Applicable,Gasoline,1995,ICE,Not Applicable,2,Statewide,4
6202,2019,T3,2,Gasoline,2006,ICE,Not Applicable,Unknown,Statewide,4
6203,2019,T2,Unknown,Gasoline,2009,ICE,Not Applicable,Unknown,Statewide,4
6204,2019,T2,Unknown,Gasoline,2008,ICE,Not Applicable,Unknown,Statewide,4
6205,2019,BT,Not Applicable,Gasoline,2016,ICE,Not Applicable,2,Statewide,4
6206,2019,BT,Not Applicable,Gasoline,2015,ICE,Not Applicable,1,Statewide,4
6207,2019,BT,Not Applicable,Gasoline,2004,ICE,Not Applicable,1,Statewide,4
6208,2019,BS,Not Applicable,Gasoline,2016,ICE,Not Applicable,1,Statewide,4
6209,2019,BS,Not Applicable,Gasoline,2016,ICE,Not Applicable,2,Statewide,4
6210,2019,BS,Not Applicable,Gasoline,2013,ICE,Not Applicable,3,Statewide,4
6211,2019,BS,Not Applicable,Gasoline,2010,ICE,Not Applicable,2,Statewide,4
6212,2019,BS,Not Applicable,Gasoline,2009,ICE,Not Applicable,2,Statewide,4
6213,2019,T2,1,Gasoline,2017,PHEV,Unknown,1,Statewide,4
6214,2019,T1,Unknown,Electric,2015,BEV,Unknown,≥4,Statewide,4
6215,2019,T1,1,Electric,2004,BEV,Unknown,3,Statewide,4
6216,2019,T1,1,Electric,2003,BEV,Unknown,2,Statewide,4
6217,2019,T6,Unknown,Diesel,1980,ICE,Not Applicable,2,Statewide,4
6218,2019,T6,Unknown,Diesel,1978,ICE,Not Applicable,3,Statewide,4
6219,2019,T6,6,Diesel,1978,ICE,Not Applicable,1,Statewide,4
6220,2019,T5,3,Diesel,1983,ICE,Not Applicable,≥4,Statewide,4
6221,2019,T4,Unknown,Diesel,2015,ICE,Not Applicable,1,Statewide,4
6222,2019,T4,Unknown,Diesel,1997,ICE,Not Applicable,3,Statewide,4
6223,2019,T4,Unknown,Diesel,1996,ICE,Not Applicable,2,Statewide,4
6224,2019,T4,2,Diesel,1985,ICE,Not Applicable,1,Statewide,4
6225,2019,T4,Unknown,Diesel,1979,ICE,Not Applicable,1,Statewide,4
6226,2019,T4,Unknown,Diesel,1977,ICE,Not Applicable,≥4,Statewide,4
6227,2019,T6,Unknown,Diesel,1985,ICE,Not Applicable,3,Statewide,4
6228,2019,T4,Unknown,Diesel,1975,ICE,Not Applicable,2,Statewide,4
6229,2019,T3,Unknown,Diesel,2007,ICE,Not Applicable,≥4,Statewide,4
6230,2019,T3,Unknown,Diesel,2006,ICE,Not Applicable,≥4,Statewide,4
6231,2019,T3,Unknown,Diesel,2000,ICE,Not Applicable,2,Statewide,4
6232,2019,T3,Unknown,Diesel,1999,ICE,Not Applicable,2,Statewide,4
6233,2019,T3,Unknown,Diesel,1998,ICE,Not Applicable,≥4,Statewide,4
6234,2019,T3,Unknown,Diesel,1996,ICE,Not Applicable,2,Statewide,4
6235,2019,T3,2,Diesel,1995,ICE,Not Applicable,1,Statewide,4
6236,2019,T3,2,Diesel,1992,ICE,Not Applicable,2,Statewide,4
6237,2019,T3,2,Diesel,1992,ICE,Not Applicable,≥4,Statewide,4
6238,2019,T2,1,Diesel,2013,ICE,Not Applicable,3,Statewide,4
6239,2019,T3,Unknown,Diesel,2008,ICE,Not Applicable,3,Statewide,4
6240,2019,T6,Unknown,Diesel,1986,ICE,Not Applicable,2,Statewide,4
6241,2019,T6,Unknown,Diesel,1986,ICE,Not Applicable,1,Statewide,4
6242,2019,T6,Unknown,Diesel,1990,ICE,Not Applicable,2,Statewide,4
6243,2019,T1,Unknown,Electric,2000,BEV,Unknown,≥4,Statewide,4
6244,2019,T1,Unknown,Electric,1999,BEV,Unknown,≥4,Statewide,4
6245,2019,T1,Unknown,Electric,1992,BEV,Unknown,≥4,Statewide,4
6246,2019,T1,Unknown,Electric,1991,BEV,Unknown,≥4,Statewide,4
6247,2019,T1,Unknown,Electric,1984,BEV,Unknown,≥4,Statewide,4
6248,2019,T1,Unknown,Electric,1975,BEV,Unknown,1,Statewide,4
6249,2019,P,Not Applicable,Electric,2016,BEV,0 to 50 miles,≥4,Statewide,4
6250,2019,P,Not Applicable,Electric,2009,BEV,Unknown,3,Statewide,4
6251,2019,P,Not Applicable,Electric,2001,BEV,Unknown,3,Statewide,4
6252,2019,P,Not Applicable,Electric,1985,BEV,Unknown,3,Statewide,4
6253,2019,P,Not Applicable,Electric,1975,BEV,Unknown,1,Statewide,4
6254,2019,MC,Not Applicable,Electric,2015,BEV,Unknown,1,Statewide,4
6255,2019,MC,Not Applicable,Electric,2013,BEV,Unknown,1,Statewide,4
6256,2019,MC,Not Applicable,Electric,2012,BEV,Unknown,1,Statewide,4
6257,2019,MC,Not Applicable,Electric,2005,BEV,Unknown,3,Statewide,4
6258,2019,B,Not Applicable,Electric,2008,BEV,Unknown,≥4,Statewide,4
6259,2019,B,Not Applicable,Electric,1998,BEV,Unknown,≥4,Statewide,4
6260,2019,T6,Unknown,Diesel,2021,ICE,Not Applicable,2,Statewide,4
6261,2019,T6,Unknown,Diesel,2021,ICE,Not Applicable,3,Statewide,4
6262,2019,T6,4,Diesel,2021,ICE,Not Applicable,3,Statewide,4
6263,2019,T6,Unknown,Diesel,2019,ICE,Not Applicable,1,Statewide,4
6264,2019,T6,Unknown,Diesel,1996,ICE,Not Applicable,2,Statewide,4
6265,2019,T6,Unknown,Diesel,1995,ICE,Not Applicable,2,Statewide,4
6266,2019,T6,4,Gasoline,1977,ICE,Not Applicable,3,Statewide,4
6267,2019,T6,6,Gasoline,1988,ICE,Not Applicable,3,Statewide,8
6268,2019,T6,4,Gasoline,1992,ICE,Not Applicable,1,Statewide,5
6269,2019,T6,7,Gasoline,1993,ICE,Not Applicable,2,Statewide,5
6270,2019,BS,Not Applicable,Gasoline,2013,ICE,Not Applicable,1,Statewide,7
6271,2019,BS,Not Applicable,Gasoline,1993,ICE,Not Applicable,1,Statewide,7
6272,2019,BS,Not Applicable,Gasoline,1986,ICE,Not Applicable,1,Statewide,7
6273,2019,BS,Not Applicable,Gasoline,1985,ICE,Not Applicable,1,Statewide,7
6274,2019,BS,Not Applicable,Gasoline,1982,ICE,Not Applicable,1,Statewide,7
6275,2019,B,Not Applicable,Gasoline,2002,ICE,Not Applicable,3,Statewide,7
6276,2019,B,Not Applicable,Gasoline,1997,ICE,Not Applicable,3,Statewide,7
6277,2019,B,Not Applicable,Gasoline,1994,ICE,Not Applicable,2,Statewide,7
6278,2019,B,Not Applicable,Gasoline,1986,ICE,Not Applicable,1,Statewide,7
6279,2019,T3,Unknown,Electric,2000,BEV,Unknown,≥4,Statewide,7
6280,2019,BT,Not Applicable,Gasoline,1975,ICE,Not Applicable,1,Statewide,7
6281,2019,T2,Unknown,Electric,2018,BEV,101 to 150 miles,2,Statewide,7
6282,2019,T1,Unknown,Electric,2012,BEV,Unknown,≥4,Statewide,7
6283,2019,T1,Unknown,Electric,2005,BEV,Unknown,≥4,Statewide,7
6284,2019,T1,1,Electric,2005,BEV,Unknown,3,Statewide,7
6285,2019,T1,Unknown,Electric,1997,BEV,Unknown,≥4,Statewide,7
6286,2019,P,Not Applicable,Electric,2008,BEV,Unknown,2,Statewide,7
6287,2019,P,Not Applicable,Electric,2005,BEV,Unknown,2,Statewide,7
6288,2019,MC,Not Applicable,Electric,2020,BEV,Unknown,2,Statewide,7
6289,2019,MC,Not Applicable,Electric,2012,BEV,Unknown,2,Statewide,7
6290,2019,BT,Not Applicable,Electric,2019,BEV,Unknown,≥4,Statewide,7
6291,2019,BS,Not Applicable,Electric,2002,BEV,Unknown,≥4,Statewide,7
6292,2019,T2,Unknown,Electric,2018,BEV,101 to 150 miles,3,Statewide,7
6293,2019,T6,5,Diesel,1996,ICE,Not Applicable,1,Statewide,7
6294,2019,BT,Not Applicable,Gasoline,1992,ICE,Not Applicable,≥4,Statewide,7
6295,2019,T2,Unknown,Gasoline,2017,PHEV,Unknown,1,Statewide,7
6296,2019,T6,7,Gasoline,1992,ICE,Not Applicable,3,Statewide,7
6297,2019,T6,7,Gasoline,1991,ICE,Not Applicable,3,Statewide,7
6298,2019,T6,Unknown,Gasoline,1990,ICE,Not Applicable,≥4,Statewide,7
6299,2019,T6,4,Gasoline,1990,ICE,Not Applicable,≥4,Statewide,7
6300,2019,T6,7,Gasoline,1990,ICE,Not Applicable,3,Statewide,7
6301,2019,T6,7,Gasoline,1989,ICE,Not Applicable,2,Statewide,7
6302,2019,T6,6,Gasoline,1987,ICE,Not Applicable,3,Statewide,7
6303,2019,T6,7,Gasoline,1987,ICE,Not Applicable,3,Statewide,7
6304,2019,T6,5,Gasoline,1986,ICE,Not Applicable,1,Statewide,7
6305,2019,T6,Unknown,Gasoline,1982,ICE,Not Applicable,≥4,Statewide,7
6306,2019,P,Not Applicable,Gasoline,2019,BEV,Unknown,≥4,Statewide,7
6307,2019,T6,Unknown,Gasoline,1981,ICE,Not Applicable,≥4,Statewide,7
6308,2019,T6,5,Gasoline,1979,ICE,Not Applicable,1,Statewide,7
6309,2019,T6,5,Gasoline,1976,ICE,Not Applicable,3,Statewide,7
6310,2019,T5,3,Gasoline,1979,ICE,Not Applicable,≥4,Statewide,7
6311,2019,T4,Unknown,Gasoline,1987,ICE,Not Applicable,1,Statewide,7
6312,2019,T4,Unknown,Gasoline,1987,ICE,Not Applicable,2,Statewide,7
6313,2019,T4,Unknown,Gasoline,1986,ICE,Not Applicable,1,Statewide,7
6314,2019,T4,Unknown,Gasoline,1985,ICE,Not Applicable,1,Statewide,7
6315,2019,T4,Unknown,Gasoline,1985,ICE,Not Applicable,2,Statewide,7
6316,2019,T4,Unknown,Gasoline,1982,ICE,Not Applicable,2,Statewide,7
6317,2019,T3,2,Gasoline,2021,PHEV,Unknown,≥4,Statewide,7
6318,2019,T6,5,Gasoline,1980,ICE,Not Applicable,1,Statewide,7
6319,2019,T6,6,Gasoline,1994,ICE,Not Applicable,2,Statewide,7
6320,2019,T6,5,Diesel,1992,ICE,Not Applicable,1,Statewide,7
6321,2019,T6,4,Diesel,1990,ICE,Not Applicable,≥4,Statewide,7
6322,2019,T3,2,Diesel,1993,ICE,Not Applicable,≥4,Statewide,7
6323,2019,T3,2,Diesel,1985,ICE,Not Applicable,1,Statewide,7
6324,2019,T3,Unknown,Diesel,1984,ICE,Not Applicable,≥4,Statewide,7
6325,2019,T2,1,Diesel,2016,ICE,Not Applicable,3,Statewide,7
6326,2019,T2,1,Diesel,2013,ICE,Not Applicable,1,Statewide,7
6327,2019,T2,Unknown,Diesel,2007,ICE,Not Applicable,1,Statewide,7
6328,2019,T2,Unknown,Diesel,1995,ICE,Not Applicable,≥4,Statewide,7
6329,2019,T2,Unknown,Diesel,1989,ICE,Not Applicable,≥4,Statewide,7
6330,2019,T2,Unknown,Diesel,1977,ICE,Not Applicable,≥4,Statewide,7
6331,2019,T2,1,Diesel,1976,ICE,Not Applicable,≥4,Statewide,7
6332,2019,T3,2,Diesel,1996,ICE,Not Applicable,2,Statewide,7
6333,2019,T1,1,Diesel,2004,ICE,Not Applicable,2,Statewide,7
6334,2019,T1,Unknown,Diesel,1978,ICE,Not Applicable,≥4,Statewide,7
6335,2019,P,Not Applicable,Diesel,1999,ICE,Not Applicable,3,Statewide,7
6336,2019,P,Not Applicable,Diesel,1978,ICE,Not Applicable,2,Statewide,7
6337,2019,P,Not Applicable,Diesel,1976,ICE,Not Applicable,1,Statewide,7
6338,2019,MH,Not Applicable,Diesel,1990,ICE,Not Applicable,1,Statewide,7
6339,2019,MH,Not Applicable,Diesel,1982,ICE,Not Applicable,≥4,Statewide,7
6340,2019,MH,Not Applicable,Diesel,1976,ICE,Not Applicable,≥4,Statewide,7
6341,2019,BS,Not Applicable,Diesel,2020,ICE,Not Applicable,2,Statewide,7
6342,2019,BS,Not Applicable,Diesel,2020,ICE,Not Applicable,3,Statewide,7
6343,2019,BS,Not Applicable,Diesel,2009,ICE,Not Applicable,3,Statewide,7
6344,2019,T1,Unknown,Diesel,1985,ICE,Not Applicable,3,Statewide,7
6345,2019,T6,5,Diesel,1992,ICE,Not Applicable,2,Statewide,7
6346,2019,T3,2,Diesel,1996,ICE,Not Applicable,1,Statewide,7
6347,2019,T3,Unknown,Diesel,1997,ICE,Not Applicable,≥4,Statewide,7
6348,2019,T6,5,Diesel,1989,ICE,Not Applicable,≥4,Statewide,7
6349,2019,T6,Unknown,Diesel,1984,ICE,Not Applicable,2,Statewide,7
6350,2019,T6,6,Diesel,1980,ICE,Not Applicable,≥4,Statewide,7
6351,2019,T6,Unknown,Diesel,1979,ICE,Not Applicable,2,Statewide,7
6352,2019,T6,6,Diesel,1976,ICE,Not Applicable,≥4,Statewide,7
6353,2019,T5,3,Diesel,1990,ICE,Not Applicable,2,Statewide,7
6354,2019,T5,3,Diesel,1985,ICE,Not Applicable,≥4,Statewide,7
6355,2019,T4,Unknown,Diesel,2020,ICE,Not Applicable,≥4,Statewide,7
6356,2019,T4,Unknown,Diesel,2014,ICE,Not Applicable,≥4,Statewide,7
6357,2019,T4,Unknown,Diesel,2013,ICE,Not Applicable,1,Statewide,7
6358,2019,T3,2,Diesel,1997,ICE,Not Applicable,1,Statewide,7
6359,2019,T4,Unknown,Diesel,2004,ICE,Not Applicable,1,Statewide,7
6360,2019,T4,Unknown,Diesel,1999,ICE,Not Applicable,1,Statewide,7
6361,2019,T4,Unknown,Diesel,1996,ICE,Not Applicable,1,Statewide,7
6362,2019,T4,Unknown,Diesel,1995,ICE,Not Applicable,3,Statewide,7
6363,2019,T4,Unknown,Diesel,1994,ICE,Not Applicable,3,Statewide,7
6364,2019,T4,Unknown,Diesel,1993,ICE,Not Applicable,3,Statewide,7
6365,2019,T4,Unknown,Diesel,1975,ICE,Not Applicable,1,Statewide,7
6366,2019,T3,Unknown,Diesel,2010,ICE,Not Applicable,2,Statewide,7
6367,2019,T3,Unknown,Diesel,2008,ICE,Not Applicable,≥4,Statewide,7
6368,2019,T3,2,Diesel,2005,ICE,Not Applicable,2,Statewide,7
6369,2019,T3,Unknown,Diesel,2001,ICE,Not Applicable,≥4,Statewide,7
6370,2019,T4,Unknown,Diesel,2000,ICE,Not Applicable,1,Statewide,7
6371,2019,T6,7,Gasoline,1995,ICE,Not Applicable,1,Statewide,7
6372,2019,T6,7,Gasoline,1996,ICE,Not Applicable,3,Statewide,7
6373,2019,T6,6,Gasoline,1998,ICE,Not Applicable,3,Statewide,7
6374,2019,P,Not Applicable,Electric,1998,BEV,Unknown,≥4,Statewide,8
6375,2019,P,Not Applicable,Electric,1985,BEV,Unknown,≥4,Statewide,8
6376,2019,T7,8,Diesel,1983,ICE,Not Applicable,3,Statewide,8
6377,2019,T6,6,Diesel,1988,ICE,Not Applicable,2,Statewide,8
6378,2019,T6,Unknown,Diesel,1984,ICE,Not Applicable,3,Statewide,8
6379,2019,T6,7,Diesel,1984,ICE,Not Applicable,2,Statewide,8
6380,2019,T6,6,Diesel,1975,ICE,Not Applicable,1,Statewide,8
6381,2019,T4,Unknown,Diesel,1994,ICE,Not Applicable,1,Statewide,8
6382,2019,T4,2,Diesel,1985,ICE,Not Applicable,≥4,Statewide,8
6383,2019,T4,Unknown,Diesel,1976,ICE,Not Applicable,≥4,Statewide,8
6384,2019,P,Not Applicable,Electric,2000,BEV,Unknown,≥4,Statewide,8
6385,2019,T4,Unknown,Diesel,1975,ICE,Not Applicable,3,Statewide,8
6386,2019,T3,2,Diesel,1981,ICE,Not Applicable,≥4,Statewide,8
6387,2019,T2,Unknown,Diesel,2013,ICE,Not Applicable,2,Statewide,8
6388,2019,T2,1,Diesel,2013,ICE,Not Applicable,2,Statewide,8
6389,2019,T2,1,Diesel,2012,ICE,Not Applicable,2,Statewide,8
6390,2019,T2,1,Diesel,1989,ICE,Not Applicable,3,Statewide,8
6391,2019,T2,1,Diesel,1986,ICE,Not Applicable,1,Statewide,8
6392,2019,T2,1,Diesel,1981,ICE,Not Applicable,2,Statewide,8
6393,2019,T1,1,Diesel,1991,ICE,Not Applicable,1,Statewide,8
6394,2019,T1,Unknown,Diesel,1977,ICE,Not Applicable,≥4,Statewide,8
6395,2019,P,Not Applicable,Diesel,1999,ICE,Not Applicable,2,Statewide,8
6396,2019,T3,2,Diesel,1996,ICE,Not Applicable,3,Statewide,8
6397,2019,MH,Not Applicable,Diesel,1993,ICE,Not Applicable,1,Statewide,8
6398,2019,P,Not Applicable,Electric,2004,BEV,Unknown,1,Statewide,8
6399,2019,T1,Unknown,Electric,1975,BEV,Unknown,≥4,Statewide,8
6400,2019,T6,6,Gasoline,1986,ICE,Not Applicable,2,Statewide,8
6401,2019,T6,6,Gasoline,1986,ICE,Not Applicable,3,Statewide,8
6402,2019,T6,Unknown,Gasoline,1984,ICE,Not Applicable,≥4,Statewide,8
6403,2019,T6,7,Gasoline,1984,ICE,Not Applicable,1,Statewide,8
6404,2019,T6,4,Gasoline,1979,ICE,Not Applicable,≥4,Statewide,8
6405,2019,T6,7,Gasoline,1979,ICE,Not Applicable,1,Statewide,8
6406,2019,T6,Unknown,Gasoline,1977,ICE,Not Applicable,1,Statewide,8
6407,2019,T6,4,Gasoline,1977,ICE,Not Applicable,1,Statewide,8
6408,2019,T6,7,Gasoline,1975,ICE,Not Applicable,3,Statewide,8
6409,2019,T5,3,Gasoline,1975,ICE,Not Applicable,1,Statewide,8
6410,2019,P,Not Applicable,Electric,2016,BEV,>150 miles,1,Statewide,8
6411,2019,T4,2,Gasoline,2021,ICE,Not Applicable,2,Statewide,8
6412,2019,BT,Not Applicable,Gasoline,1984,ICE,Not Applicable,≥4,Statewide,8
6413,2019,BS,Not Applicable,Gasoline,2019,ICE,Not Applicable,1,Statewide,8
6414,2019,BS,Not Applicable,Gasoline,2002,ICE,Not Applicable,≥4,Statewide,8
6415,2019,BS,Not Applicable,Gasoline,1982,ICE,Not Applicable,2,Statewide,8
6416,2019,B,Not Applicable,Gasoline,2001,ICE,Not Applicable,2,Statewide,8
6417,2019,B,Not Applicable,Gasoline,1979,ICE,Not Applicable,3,Statewide,8
6418,2019,T3,Unknown,Electric,2008,BEV,Unknown,3,Statewide,8
6419,2019,T2,Unknown,Electric,2019,BEV,Unknown,≥4,Statewide,8
6420,2019,T2,Unknown,Electric,2015,BEV,Unknown,1,Statewide,8
6421,2019,T2,Unknown,Electric,2015,BEV,Unknown,3,Statewide,8
6422,2019,BT,Not Applicable,Gasoline,2006,ICE,Not Applicable,1,Statewide,8
6423,2019,MH,Not Applicable,Diesel,1979,ICE,Not Applicable,≥4,Statewide,8
6424,2019,MC,Not Applicable,Diesel,2008,ICE,Not Applicable,≥4,Statewide,8
6425,2019,MC,Not Applicable,Diesel,2005,ICE,Not Applicable,≥4,Statewide,8
6426,2019,T3,2,Natural Gas,2009,ICE,Not Applicable,3,Statewide,7
6427,2019,T3,Unknown,Natural Gas,2007,ICE,Not Applicable,≥4,Statewide,7
6428,2019,T3,2,Natural Gas,2002,ICE,Not Applicable,1,Statewide,7
6429,2019,T3,2,Natural Gas,2001,ICE,Not Applicable,1,Statewide,7
6430,2019,T2,Unknown,Natural Gas,1999,ICE,Not Applicable,≥4,Statewide,7
6431,2019,T1,Unknown,Natural Gas,2014,ICE,Not Applicable,≥4,Statewide,7
6432,2019,P,Not Applicable,Hydrogen,2017,FCEV,Unknown,2,Statewide,7
6433,2019,T7,8,Gasoline,2007,ICE,Not Applicable,≥4,Statewide,7
6434,2019,T7,8,Gasoline,1988,ICE,Not Applicable,≥4,Statewide,7
6435,2019,T7,8,Gasoline,1979,ICE,Not Applicable,1,Statewide,7
6436,2019,T3,2,Natural Gas,2012,ICE,Not Applicable,3,Statewide,7
6437,2019,T6,4,Gasoline,2015,ICE,Not Applicable,1,Statewide,7
6438,2019,T6,6,Gasoline,2011,ICE,Not Applicable,3,Statewide,7
6439,2019,T6,6,Gasoline,2010,ICE,Not Applicable,2,Statewide,7
6440,2019,T6,6,Gasoline,2007,ICE,Not Applicable,2,Statewide,7
6441,2019,T6,6,Gasoline,2006,ICE,Not Applicable,2,Statewide,7
6442,2019,T6,7,Gasoline,2002,ICE,Not Applicable,1,Statewide,7
6443,2019,T6,7,Gasoline,2000,ICE,Not Applicable,1,Statewide,7
6444,2019,T6,7,Gasoline,2000,ICE,Not Applicable,2,Statewide,7
6445,2019,T6,5,Gasoline,1999,ICE,Not Applicable,2,Statewide,7
6446,2019,T6,6,Gasoline,1999,ICE,Not Applicable,3,Statewide,7
6447,2019,T6,5,Gasoline,1998,ICE,Not Applicable,1,Statewide,7
6448,2019,T6,5,Gasoline,2014,ICE,Not Applicable,2,Statewide,7
6449,2019,T4,2,Natural Gas,2005,ICE,Not Applicable,1,Statewide,7
6450,2019,T6,6,Natural Gas,2008,ICE,Not Applicable,≥4,Statewide,7
6451,2019,T6,4,Natural Gas,2014,ICE,Not Applicable,≥4,Statewide,7
6452,2019,BS,Not Applicable,Diesel,2019,ICE,Not Applicable,2,Statewide,8
6453,2019,BS,Not Applicable,Diesel,2016,ICE,Not Applicable,1,Statewide,8
6454,2019,BS,Not Applicable,Diesel,2015,ICE,Not Applicable,2,Statewide,8
6455,2019,BS,Not Applicable,Diesel,2010,ICE,Not Applicable,3,Statewide,8
6456,2019,BS,Not Applicable,Diesel,2007,ICE,Not Applicable,3,Statewide,8
6457,2019,BS,Not Applicable,Diesel,2006,ICE,Not Applicable,3,Statewide,8
6458,2019,BS,Not Applicable,Diesel,2001,ICE,Not Applicable,2,Statewide,8
6459,2019,BS,Not Applicable,Diesel,1998,ICE,Not Applicable,3,Statewide,8
6460,2019,BS,Not Applicable,Diesel,1993,ICE,Not Applicable,1,Statewide,8
6461,2019,BS,Not Applicable,Diesel,1992,ICE,Not Applicable,2,Statewide,8
6462,2019,B,Not Applicable,Diesel,2020,ICE,Not Applicable,2,Statewide,8
6463,2019,B,Not Applicable,Diesel,2017,ICE,Not Applicable,1,Statewide,8
6464,2019,B,Not Applicable,Diesel,2011,ICE,Not Applicable,2,Statewide,8
6465,2019,B,Not Applicable,Diesel,2011,ICE,Not Applicable,3,Statewide,8
6466,2019,B,Not Applicable,Diesel,1993,ICE,Not Applicable,3,Statewide,8
6467,2019,B,Not Applicable,Diesel,1990,ICE,Not Applicable,1,Statewide,8
6468,2019,B,Not Applicable,Diesel,1990,ICE,Not Applicable,2,Statewide,8
6469,2019,B,Not Applicable,Diesel,1977,ICE,Not Applicable,1,Statewide,8
6470,2019,T7,8,Natural Gas,2020,ICE,Not Applicable,1,Statewide,7
6471,2019,T7,8,Natural Gas,2011,ICE,Not Applicable,1,Statewide,7
6472,2019,T6,Unknown,Natural Gas,2019,ICE,Not Applicable,≥4,Statewide,7
6473,2019,T6,4,Natural Gas,2018,ICE,Not Applicable,≥4,Statewide,7
6474,2019,T6,4,Natural Gas,2016,ICE,Not Applicable,≥4,Statewide,7
6475,2019,BS,Not Applicable,Diesel,2006,ICE,Not Applicable,2,Statewide,7
6476,2019,T6,7,Gasoline,1993,ICE,Not Applicable,3,Statewide,5
6477,2019,BS,Not Applicable,Diesel,2003,ICE,Not Applicable,2,Statewide,7
6478,2019,BS,Not Applicable,Diesel,1993,ICE,Not Applicable,3,Statewide,7
6479,2019,T2,Unknown,Diesel,2012,ICE,Not Applicable,2,Statewide,6
6480,2019,T2,Unknown,Diesel,2008,ICE,Not Applicable,2,Statewide,6
6481,2019,T2,Unknown,Diesel,1996,ICE,Not Applicable,≥4,Statewide,6
6482,2019,T2,Unknown,Diesel,1992,ICE,Not Applicable,3,Statewide,6
6483,2019,T2,Unknown,Diesel,1991,ICE,Not Applicable,2,Statewide,6
6484,2019,T2,Unknown,Diesel,1991,ICE,Not Applicable,3,Statewide,6
6485,2019,T2,Unknown,Diesel,1986,ICE,Not Applicable,≥4,Statewide,6
6486,2019,T2,1,Diesel,1983,ICE,Not Applicable,1,Statewide,6
6487,2019,T2,Unknown,Diesel,1980,ICE,Not Applicable,≥4,Statewide,6
6488,2019,T2,Unknown,Diesel,1978,ICE,Not Applicable,≥4,Statewide,6
6489,2019,T2,1,Diesel,2014,ICE,Not Applicable,≥4,Statewide,6
6490,2019,T1,1,Diesel,2005,ICE,Not Applicable,≥4,Statewide,6
6491,2019,T1,Unknown,Diesel,1990,ICE,Not Applicable,2,Statewide,6
6492,2019,T1,Unknown,Diesel,1983,ICE,Not Applicable,1,Statewide,6
6493,2019,T1,Unknown,Diesel,1981,ICE,Not Applicable,≥4,Statewide,6
6494,2019,P,Not Applicable,Diesel,1978,ICE,Not Applicable,1,Statewide,6
6495,2019,MH,Not Applicable,Diesel,1986,ICE,Not Applicable,2,Statewide,6
6496,2019,MH,Not Applicable,Diesel,1977,ICE,Not Applicable,≥4,Statewide,6
6497,2019,MC,Not Applicable,Diesel,2011,ICE,Not Applicable,3,Statewide,6
6498,2019,MC,Not Applicable,Diesel,2007,ICE,Not Applicable,≥4,Statewide,6
6499,2019,BT,Not Applicable,Diesel,2019,ICE,Not Applicable,1,Statewide,6
6500,2019,BT,Not Applicable,Diesel,2016,ICE,Not Applicable,1,Statewide,6
6501,2019,T1,1,Diesel,1992,ICE,Not Applicable,2,Statewide,6
6502,2019,BS,Not Applicable,Diesel,2010,ICE,Not Applicable,2,Statewide,6
6503,2019,T3,Unknown,Diesel,1978,ICE,Not Applicable,≥4,Statewide,6
6504,2019,T3,2,Diesel,1991,ICE,Not Applicable,2,Statewide,6
6505,2019,B,Not Applicable,Electric,1999,BEV,Unknown,≥4,Statewide,6
6506,2019,T7,8,Diesel,1979,ICE,Not Applicable,3,Statewide,6
6507,2019,T7,8,Diesel,1977,ICE,Not Applicable,2,Statewide,6
6508,2019,T6,Unknown,Diesel,1994,ICE,Not Applicable,1,Statewide,6
6509,2019,T6,5,Diesel,1994,ICE,Not Applicable,3,Statewide,6
6510,2019,T6,4,Diesel,1991,ICE,Not Applicable,≥4,Statewide,6
6511,2019,T6,6,Diesel,1991,ICE,Not Applicable,1,Statewide,6
6512,2019,T6,7,Diesel,1983,ICE,Not Applicable,2,Statewide,6
6513,2019,T6,Unknown,Diesel,1981,ICE,Not Applicable,3,Statewide,6
6514,2019,T6,Unknown,Diesel,1980,ICE,Not Applicable,3,Statewide,6
6515,2019,T3,2,Diesel,1984,ICE,Not Applicable,≥4,Statewide,6
6516,2019,T6,7,Diesel,1976,ICE,Not Applicable,1,Statewide,6
6517,2019,T5,3,Diesel,1988,ICE,Not Applicable,1,Statewide,6
6518,2019,T4,Unknown,Diesel,2015,ICE,Not Applicable,2,Statewide,6
6519,2019,T4,Unknown,Diesel,1994,ICE,Not Applicable,2,Statewide,6
6520,2019,T4,Unknown,Diesel,1987,ICE,Not Applicable,3,Statewide,6
6521,2019,T4,2,Diesel,1985,ICE,Not Applicable,3,Statewide,6
6522,2019,T3,2,Diesel,2005,ICE,Not Applicable,1,Statewide,6
6523,2019,T3,Unknown,Diesel,2002,ICE,Not Applicable,≥4,Statewide,6
6524,2019,T3,Unknown,Diesel,1999,ICE,Not Applicable,3,Statewide,6
6525,2019,T3,Unknown,Diesel,1999,ICE,Not Applicable,≥4,Statewide,6
6526,2019,T3,Unknown,Diesel,1995,ICE,Not Applicable,≥4,Statewide,6
6527,2019,T5,3,Diesel,1989,ICE,Not Applicable,2,Statewide,6
6528,2019,BT,Not Applicable,Electric,2001,BEV,Unknown,≥4,Statewide,6
6529,2019,BS,Not Applicable,Diesel,2009,ICE,Not Applicable,2,Statewide,6
6530,2019,BS,Not Applicable,Diesel,1994,ICE,Not Applicable,2,Statewide,6
6531,2019,BS,Not Applicable,Natural Gas,2002,ICE,Not Applicable,2,Statewide,5
6532,2019,B,Not Applicable,Natural Gas,2003,ICE,Not Applicable,≥4,Statewide,5
6533,2019,B,Not Applicable,Natural Gas,2000,ICE,Not Applicable,≥4,Statewide,5
6534,2019,P,Not Applicable,Hydrogen,2017,FCEV,Unknown,3,Statewide,5
6535,2019,T7,8,Gasoline,2003,ICE,Not Applicable,≥4,Statewide,5
6536,2019,T7,8,Gasoline,2001,ICE,Not Applicable,≥4,Statewide,5
6537,2019,T7,8,Gasoline,1999,ICE,Not Applicable,≥4,Statewide,5
6538,2019,T7,8,Gasoline,1980,ICE,Not Applicable,1,Statewide,5
6539,2019,T7,8,Gasoline,1976,ICE,Not Applicable,3,Statewide,5
6540,2019,T6,6,Gasoline,2019,ICE,Not Applicable,3,Statewide,5
6541,2019,P,Not Applicable,Natural Gas,2001,ICE,Not Applicable,1,Statewide,5
6542,2019,T6,6,Gasoline,2013,ICE,Not Applicable,1,Statewide,5
6543,2019,T6,6,Gasoline,2009,ICE,Not Applicable,1,Statewide,5
6544,2019,T6,6,Gasoline,2008,ICE,Not Applicable,3,Statewide,5
6545,2019,T6,6,Gasoline,2007,ICE,Not Applicable,3,Statewide,5
6546,2019,T6,7,Gasoline,2002,ICE,Not Applicable,3,Statewide,5
6547,2019,T6,5,Gasoline,2000,ICE,Not Applicable,3,Statewide,5
6548,2019,T6,5,Gasoline,1998,ICE,Not Applicable,2,Statewide,5
6549,2019,T6,7,Gasoline,1998,ICE,Not Applicable,1,Statewide,5
6550,2019,T6,7,Gasoline,1998,ICE,Not Applicable,3,Statewide,5
6551,2019,T6,7,Gasoline,1994,ICE,Not Applicable,2,Statewide,5
6552,2019,T6,7,Gasoline,1994,ICE,Not Applicable,3,Statewide,5
6553,2019,T6,6,Gasoline,2012,ICE,Not Applicable,2,Statewide,5
6554,2019,BS,Not Applicable,Diesel,2008,ICE,Not Applicable,3,Statewide,6
6555,2019,P,Not Applicable,Natural Gas,2002,ICE,Not Applicable,1,Statewide,5
6556,2019,T2,Unknown,Natural Gas,2007,ICE,Not Applicable,≥4,Statewide,5
6557,2019,BS,Not Applicable,Diesel,1992,ICE,Not Applicable,3,Statewide,6
6558,2019,BS,Not Applicable,Diesel,1991,ICE,Not Applicable,3,Statewide,6
6559,2019,BS,Not Applicable,Diesel,1990,ICE,Not Applicable,2,Statewide,6
6560,2019,BS,Not Applicable,Diesel,1990,ICE,Not Applicable,3,Statewide,6
6561,2019,BS,Not Applicable,Diesel,1989,ICE,Not Applicable,1,Statewide,6
6562,2019,B,Not Applicable,Diesel,1989,ICE,Not Applicable,2,Statewide,6
6563,2019,B,Not Applicable,Diesel,1986,ICE,Not Applicable,1,Statewide,6
6564,2019,B,Not Applicable,Diesel,1981,ICE,Not Applicable,1,Statewide,6
6565,2019,B,Not Applicable,Diesel,1978,ICE,Not Applicable,1,Statewide,6
6566,2019,B,Not Applicable,Diesel,1976,ICE,Not Applicable,1,Statewide,6
6567,2019,P,Not Applicable,Natural Gas,2003,ICE,Not Applicable,1,Statewide,5
6568,2019,T7,8,Natural Gas,2019,ICE,Not Applicable,2,Statewide,5
6569,2019,T6,6,Natural Gas,2020,ICE,Not Applicable,≥4,Statewide,5
6570,2019,T6,6,Natural Gas,2018,ICE,Not Applicable,≥4,Statewide,5
6571,2019,T6,6,Natural Gas,2010,ICE,Not Applicable,≥4,Statewide,5
6572,2019,T5,3,Natural Gas,2019,ICE,Not Applicable,≥4,Statewide,5
6573,2019,T4,2,Natural Gas,2004,ICE,Not Applicable,3,Statewide,5
6574,2019,T3,2,Natural Gas,2019,ICE,Not Applicable,≥4,Statewide,5
6575,2019,T3,2,Natural Gas,2015,ICE,Not Applicable,≥4,Statewide,5
6576,2019,T3,2,Natural Gas,2003,ICE,Not Applicable,1,Statewide,5
6577,2019,T3,2,Natural Gas,2002,ICE,Not Applicable,3,Statewide,5
6578,2019,T2,Unknown,Natural Gas,2007,ICE,Not Applicable,1,Statewide,5
6579,2019,T7,8,Natural Gas,2018,ICE,Not Applicable,3,Statewide,5
6580,2019,BT,Not Applicable,Electric,2006,BEV,Unknown,≥4,Statewide,6
6581,2019,MC,Not Applicable,Electric,2001,BEV,Unknown,≥4,Statewide,6
6582,2019,MC,Not Applicable,Electric,2011,BEV,Unknown,1,Statewide,6
6583,2019,T7,8,Gasoline,1996,ICE,Not Applicable,≥4,Statewide,6
6584,2019,T7,8,Gasoline,1977,ICE,Not Applicable,3,Statewide,6
6585,2019,T6,4,Gasoline,2015,ICE,Not Applicable,3,Statewide,6
6586,2019,T6,6,Gasoline,2014,ICE,Not Applicable,1,Statewide,6
6587,2019,T6,7,Gasoline,2010,ICE,Not Applicable,1,Statewide,6
6588,2019,T6,6,Gasoline,2009,ICE,Not Applicable,3,Statewide,6
6589,2019,T6,5,Gasoline,1999,ICE,Not Applicable,1,Statewide,6
6590,2019,T6,Unknown,Gasoline,1994,ICE,Not Applicable,≥4,Statewide,6
6591,2019,T6,5,Gasoline,1994,ICE,Not Applicable,2,Statewide,6
6592,2019,T6,5,Gasoline,1993,ICE,Not Applicable,3,Statewide,6
6593,2019,T7,8,Gasoline,2013,ICE,Not Applicable,≥4,Statewide,6
6594,2019,T6,4,Gasoline,1992,ICE,Not Applicable,3,Statewide,6
6595,2019,T6,Unknown,Gasoline,1991,ICE,Not Applicable,≥4,Statewide,6
6596,2019,T6,5,Gasoline,1990,ICE,Not Applicable,1,Statewide,6
6597,2019,T6,Unknown,Gasoline,1989,ICE,Not Applicable,≥4,Statewide,6
6598,2019,T6,6,Gasoline,1988,ICE,Not Applicable,2,Statewide,6
6599,2019,T6,5,Gasoline,1986,ICE,Not Applicable,2,Statewide,6
6600,2019,T6,6,Gasoline,1985,ICE,Not Applicable,2,Statewide,6
6601,2019,T6,7,Gasoline,1984,ICE,Not Applicable,3,Statewide,6
6602,2019,T6,5,Gasoline,1982,ICE,Not Applicable,1,Statewide,6
6603,2019,T6,5,Gasoline,1981,ICE,Not Applicable,1,Statewide,6
6604,2019,T6,Unknown,Gasoline,1978,ICE,Not Applicable,1,Statewide,6
6605,2019,T6,7,Gasoline,1992,ICE,Not Applicable,2,Statewide,6
6606,2019,T6,5,Gasoline,1978,ICE,Not Applicable,1,Statewide,6
6607,2019,T7,8,Gasoline,2016,ICE,Not Applicable,≥4,Statewide,6
6608,2019,P,Not Applicable,Hydrogen,2016,FCEV,Unknown,1,Statewide,6
6609,2019,BS,Not Applicable,Diesel,1991,ICE,Not Applicable,2,Statewide,7
6610,2019,B,Not Applicable,Diesel,2014,ICE,Not Applicable,2,Statewide,7
6611,2019,B,Not Applicable,Diesel,1992,ICE,Not Applicable,2,Statewide,7
6612,2019,B,Not Applicable,Diesel,1991,ICE,Not Applicable,3,Statewide,7
6613,2019,B,Not Applicable,Diesel,1990,ICE,Not Applicable,3,Statewide,7
6614,2019,B,Not Applicable,Diesel,1989,ICE,Not Applicable,1,Statewide,7
6615,2019,B,Not Applicable,Diesel,1987,ICE,Not Applicable,3,Statewide,7
6616,2019,B,Not Applicable,Diesel,1986,ICE,Not Applicable,3,Statewide,7
6617,2019,B,Not Applicable,Diesel,1984,ICE,Not Applicable,1,Statewide,7
6618,2019,T7,8,Natural Gas,2013,ICE,Not Applicable,1,Statewide,6
6619,2019,P,Not Applicable,Hydrogen,2016,FCEV,Unknown,2,Statewide,6
6620,2019,T6,6,Natural Gas,2019,ICE,Not Applicable,≥4,Statewide,6
6621,2019,T6,4,Natural Gas,2008,ICE,Not Applicable,≥4,Statewide,6
6622,2019,T6,4,Natural Gas,2007,ICE,Not Applicable,≥4,Statewide,6
6623,2019,T6,6,Natural Gas,2005,ICE,Not Applicable,≥4,Statewide,6
6624,2019,T4,Unknown,Natural Gas,2002,ICE,Not Applicable,≥4,Statewide,6
6625,2019,T3,2,Natural Gas,2018,ICE,Not Applicable,3,Statewide,6
6626,2019,T3,2,Natural Gas,2012,ICE,Not Applicable,2,Statewide,6
6627,2019,T3,Unknown,Natural Gas,1999,ICE,Not Applicable,3,Statewide,6
6628,2019,T2,Unknown,Natural Gas,2006,ICE,Not Applicable,≥4,Statewide,6
6629,2019,BT,Not Applicable,Natural Gas,2010,ICE,Not Applicable,1,Statewide,6
6630,2019,T1,1,Hydrogen,2020,FCEV,>150 miles,1,Statewide,6
6631,2019,T6,4,Natural Gas,2009,ICE,Not Applicable,≥4,Statewide,6
6632,2019,T6,5,Gasoline,1977,ICE,Not Applicable,3,Statewide,6
6633,2019,T6,4,Gasoline,1976,ICE,Not Applicable,1,Statewide,6
6634,2019,T6,7,Gasoline,1975,ICE,Not Applicable,2,Statewide,6
6635,2019,B,Not Applicable,Gasoline,1992,ICE,Not Applicable,3,Statewide,6
6636,2019,B,Not Applicable,Gasoline,1990,ICE,Not Applicable,1,Statewide,6
6637,2019,B,Not Applicable,Gasoline,1988,ICE,Not Applicable,1,Statewide,6
6638,2019,B,Not Applicable,Gasoline,1987,ICE,Not Applicable,1,Statewide,6
6639,2019,B,Not Applicable,Gasoline,1979,ICE,Not Applicable,1,Statewide,6
6640,2019,T5,3,Electric,2015,BEV,Unknown,≥4,Statewide,6
6641,2019,T4,Unknown,Electric,2003,BEV,Unknown,≥4,Statewide,6
6642,2019,T4,Unknown,Electric,1983,BEV,Unknown,≥4,Statewide,6
6643,2019,T3,Unknown,Electric,2013,BEV,Unknown,≥4,Statewide,6
6644,2019,T3,Unknown,Electric,2010,BEV,Unknown,≥4,Statewide,6
6645,2019,B,Not Applicable,Gasoline,1992,ICE,Not Applicable,1,Statewide,6
6646,2019,T3,Unknown,Electric,2007,BEV,Unknown,1,Statewide,6
6647,2019,T2,Unknown,Electric,2018,BEV,101 to 150 miles,≥4,Statewide,6
6648,2019,T2,Unknown,Electric,2014,BEV,Unknown,3,Statewide,6
6649,2019,T1,Unknown,Electric,2019,BEV,Unknown,≥4,Statewide,6
6650,2019,T1,1,Electric,2004,BEV,Unknown,1,Statewide,6
6651,2019,T1,Unknown,Electric,1986,BEV,Unknown,≥4,Statewide,6
6652,2019,T1,Unknown,Electric,1979,BEV,Unknown,≥4,Statewide,6
6653,2019,P,Not Applicable,Electric,1999,BEV,Unknown,≥4,Statewide,6
6654,2019,MC,Not Applicable,Electric,2017,BEV,Unknown,1,Statewide,6
6655,2019,MC,Not Applicable,Electric,2016,BEV,Unknown,1,Statewide,6
6656,2019,MC,Not Applicable,Electric,2014,BEV,Unknown,2,Statewide,6
6657,2019,T3,Unknown,Electric,2001,BEV,Unknown,≥4,Statewide,6
6658,2019,B,Not Applicable,Gasoline,1993,ICE,Not Applicable,3,Statewide,6
6659,2019,B,Not Applicable,Gasoline,1995,ICE,Not Applicable,3,Statewide,6
6660,2019,B,Not Applicable,Gasoline,2001,ICE,Not Applicable,3,Statewide,6
6661,2019,T5,3,Gasoline,1987,ICE,Not Applicable,1,Statewide,6
6662,2019,T5,3,Gasoline,1987,ICE,Not Applicable,2,Statewide,6
6663,2019,T5,3,Gasoline,1984,ICE,Not Applicable,3,Statewide,6
6664,2019,T5,3,Gasoline,1983,ICE,Not Applicable,3,Statewide,6
6665,2019,T5,3,Gasoline,1982,ICE,Not Applicable,1,Statewide,6
6666,2019,T5,3,Gasoline,1980,ICE,Not Applicable,≥4,Statewide,6
6667,2019,T5,3,Gasoline,1975,ICE,Not Applicable,2,Statewide,6
6668,2019,T4,Unknown,Gasoline,1981,ICE,Not Applicable,2,Statewide,6
6669,2019,T4,Unknown,Gasoline,1980,ICE,Not Applicable,2,Statewide,6
6670,2019,T4,Unknown,Gasoline,1979,ICE,Not Applicable,2,Statewide,6
6671,2019,T4,Unknown,Gasoline,1976,ICE,Not Applicable,≥4,Statewide,6
6672,2019,T1,1,Gasoline,2006,ICE,Not Applicable,Unknown,Statewide,6
6673,2019,P,Not Applicable,Gasoline,2014,BEV,Unknown,≥4,Statewide,6
6674,2019,BT,Not Applicable,Gasoline,2019,ICE,Not Applicable,3,Statewide,6
6675,2019,BT,Not Applicable,Gasoline,2014,ICE,Not Applicable,1,Statewide,6
6676,2019,BS,Not Applicable,Gasoline,2020,ICE,Not Applicable,1,Statewide,6
6677,2019,BS,Not Applicable,Gasoline,2018,ICE,Not Applicable,2,Statewide,6
6678,2019,BS,Not Applicable,Gasoline,2014,ICE,Not Applicable,1,Statewide,6
6679,2019,BS,Not Applicable,Gasoline,2013,ICE,Not Applicable,2,Statewide,6
6680,2019,BS,Not Applicable,Gasoline,2011,ICE,Not Applicable,2,Statewide,6
6681,2019,BS,Not Applicable,Gasoline,2011,ICE,Not Applicable,3,Statewide,6
6682,2019,BS,Not Applicable,Gasoline,2010,ICE,Not Applicable,1,Statewide,6
6683,2019,BS,Not Applicable,Gasoline,1992,ICE,Not Applicable,1,Statewide,6
6684,2019,BS,Not Applicable,Diesel,2001,ICE,Not Applicable,3,Statewide,7
6685,2019,T7,8,Diesel,1992,ICE,Not Applicable,≥4,Statewide,1078
6686,2019,B,Not Applicable,Diesel,1976,ICE,Not Applicable,3,Statewide,1
6687,2019,T2,1,Gasoline,2007,ICE,Not Applicable,3,Statewide,16245
6688,2019,T1,1,Gasoline,2013,ICE,Not Applicable,3,Statewide,3361
6689,2019,P,Not Applicable,Gasoline,2007,ICE,Not Applicable,1,Statewide,124875
6690,2019,T2,Unknown,Gasoline,2015,ICE,Not Applicable,3,Statewide,35635
6691,2019,P,Not Applicable,Gasoline,1977,ICE,Not Applicable,2,Statewide,3361
6692,2019,MH,Not Applicable,Gasoline,2010,ICE,Not Applicable,≥4,Statewide,3358
6693,2019,T1,Unknown,Gasoline,1993,ICE,Not Applicable,≥4,Statewide,1588
6694,2019,T3,Unknown,Gasoline,2006,ICE,Not Applicable,≥4,Statewide,35963
6695,2019,MH,Not Applicable,Gasoline,2011,ICE,Not Applicable,≥4,Statewide,3355
6696,2019,T3,2,Gasoline,2011,ICE,Not Applicable,2,Statewide,36177
6697,2019,T3,Unknown,Gasoline,1994,ICE,Not Applicable,≥4,Statewide,1207
6698,2019,T2,Unknown,Gasoline,2011,ICE,Not Applicable,1,Statewide,35364
6699,2019,T5,3,Diesel,2019,ICE,Not Applicable,≥4,Statewide,3348
6700,2019,P,Not Applicable,Gasoline,2008,ICE,Not Applicable,3,Statewide,125541
6701,2019,T2,Unknown,Gasoline,2004,ICE,Not Applicable,≥4,Statewide,36267
6702,2019,T1,1,Gasoline,2019,ICE,Not Applicable,1,Statewide,4920
6703,2019,T3,2,Gasoline,2012,ICE,Not Applicable,2,Statewide,36391
6704,2019,P,Not Applicable,Gasoline,1984,ICE,Not Applicable,1,Statewide,1460
6705,2019,P,Not Applicable,Gasoline,2015,ICE,Not Applicable,3,Statewide,126203
6706,2019,T3,2,Gasoline,2002,ICE,Not Applicable,≥4,Statewide,19457
6707,2019,T2,Unknown,Gasoline,2008,ICE,Not Applicable,3,Statewide,36637
6708,2019,T2,1,Gasoline,2013,ICE,Not Applicable,≥4,Statewide,19462
6709,2019,P,Not Applicable,Diesel,2016,ICE,Not Applicable,1,Statewide,1867
6710,2019,T1,Unknown,Gasoline,2013,ICE,Not Applicable,2,Statewide,19430
6711,2019,T1,Unknown,Gasoline,2005,ICE,Not Applicable,2,Statewide,3369
6712,2019,T2,Unknown,Gasoline,2009,ICE,Not Applicable,≥4,Statewide,65748
6713,2019,P,Not Applicable,Diesel,2016,ICE,Not Applicable,≥4,Statewide,2636
6714,2019,T2,Unknown,Gasoline,2007,ICE,Not Applicable,3,Statewide,33662
6715,2019,T2,Unknown,Gasoline,2008,ICE,Not Applicable,1,Statewide,33666
6716,2019,P,Not Applicable,Gasoline,2009,ICE,Not Applicable,3,Statewide,124463
6717,2019,T3,Unknown,Gasoline,2009,ICE,Not Applicable,2,Statewide,33800
6718,2019,T3,2,Gasoline,1999,ICE,Not Applicable,1,Statewide,4736
6719,2019,MC,Not Applicable,Gasoline,2018,ICE,Not Applicable,≥4,Statewide,19133
6720,2019,T3,2,Gasoline,2007,ICE,Not Applicable,2,Statewide,33826
6721,2019,T2,1,Gasoline,2008,ICE,Not Applicable,3,Statewide,19141
6722,2019,T4,2,Diesel,2000,ICE,Not Applicable,3,Statewide,1212
6723,2019,T2,1,Gasoline,2008,ICE,Not Applicable,≥4,Statewide,33901
6724,2019,T3,2,Gasoline,2008,ICE,Not Applicable,3,Statewide,33918
6725,2019,T2,1,Gasoline,2007,ICE,Not Applicable,2,Statewide,19251
6726,2019,T2,Unknown,Gasoline,2015,ICE,Not Applicable,1,Statewide,33962
6727,2019,T2,Unknown,Gasoline,1993,ICE,Not Applicable,≥4,Statewide,1460
6728,2019,P,Not Applicable,Gasoline,1999,ICE,Not Applicable,2,Statewide,34332
6729,2019,T3,Unknown,Gasoline,2006,ICE,Not Applicable,3,Statewide,19289
6730,2019,T3,2,Gasoline,2019,ICE,Not Applicable,2,Statewide,34495
6731,2019,T2,Unknown,Gasoline,2013,ICE,Not Applicable,3,Statewide,34558
6732,2019,T7,8,Diesel,1997,ICE,Not Applicable,≥4,Statewide,1211
6733,2019,T1,1,Gasoline,2020,ICE,Not Applicable,3,Statewide,23952
6734,2019,T6,6,Diesel,2015,ICE,Not Applicable,≥4,Statewide,1211
6735,2019,T4,2,Gasoline,1975,ICE,Not Applicable,3,Statewide,1325
6736,2019,T4,2,Gasoline,2008,ICE,Not Applicable,≥4,Statewide,19313
6737,2019,T3,Unknown,Gasoline,2012,ICE,Not Applicable,≥4,Statewide,36709
6738,2019,T3,2,Gasoline,2010,ICE,Not Applicable,3,Statewide,36725
6739,2019,T1,1,Gasoline,2002,ICE,Not Applicable,≥4,Statewide,19573
6740,2019,T4,2,Gasoline,2006,ICE,Not Applicable,3,Statewide,4702
6741,2019,T3,Unknown,Gasoline,2020,ICE,Not Applicable,2,Statewide,4260
6742,2019,T4,2,Gasoline,1995,ICE,Not Applicable,3,Statewide,1330
6743,2019,P,Not Applicable,Gasoline,1988,ICE,Not Applicable,1,Statewide,1591
6744,2019,T3,2,Gasoline,2003,ICE,Not Applicable,≥4,Statewide,19789
6745,2019,MH,Not Applicable,Gasoline,2018,ICE,Not Applicable,≥4,Statewide,1192
6746,2019,T6,5,Diesel,2013,ICE,Not Applicable,≥4,Statewide,3332
6747,2019,P,Not Applicable,Diesel,2020,ICE,Not Applicable,2,Statewide,3324
6748,2019,T2,1,Gasoline,1996,ICE,Not Applicable,3,Statewide,3312
6749,2019,T2,1,Gasoline,1997,ICE,Not Applicable,2,Statewide,3305
6750,2019,P,Not Applicable,Gasoline,1998,ICE,Not Applicable,≥4,Statewide,46140
6751,2019,T2,Unknown,Gasoline,2003,ICE,Not Applicable,2,Statewide,19887
6752,2019,T5,3,Diesel,2020,ICE,Not Applicable,3,Statewide,1191
6753,2019,T3,2,Diesel,2020,ICE,Not Applicable,≥4,Statewide,4265
6754,2019,T4,2,Gasoline,2000,ICE,Not Applicable,3,Statewide,2020
6755,2019,T1,1,Gasoline,2007,ICE,Not Applicable,≥4,Statewide,20014
6756,2019,MC,Not Applicable,Gasoline,1993,ICE,Not Applicable,≥4,Statewide,2299
6757,2019,T6,Unknown,Gasoline,1975,ICE,Not Applicable,≥4,Statewide,4278
6758,2019,P,Not Applicable,Gasoline,1988,ICE,Not Applicable,≥4,Statewide,4972
6759,2019,MH,Not Applicable,Gasoline,2011,ICE,Not Applicable,3,Statewide,1593
6760,2019,P,Not Applicable,Gasoline,1986,ICE,Not Applicable,≥4,Statewide,4288
6761,2019,MH,Not Applicable,Gasoline,2000,ICE,Not Applicable,≥4,Statewide,2295
6762,2019,T1,1,Gasoline,1992,ICE,Not Applicable,≥4,Statewide,8054
6763,2019,T4,2,Diesel,2005,ICE,Not Applicable,3,Statewide,2675
6764,2019,T6,4,Gasoline,2005,ICE,Not Applicable,≥4,Statewide,1857
6765,2019,P,Not Applicable,Gasoline,2020,PHEV,0 to 50 miles,2,Statewide,4737
6766,2019,T3,2,Gasoline,1979,ICE,Not Applicable,≥4,Statewide,1329
6767,2019,T6,4,Diesel,2012,ICE,Not Applicable,≥4,Statewide,2656
6768,2019,T2,1,Gasoline,2005,ICE,Not Applicable,2,Statewide,23928
6769,2019,T2,1,Gasoline,2012,ICE,Not Applicable,2,Statewide,19573
6770,2019,T2,Unknown,Gasoline,2020,ICE,Not Applicable,3,Statewide,4692
6771,2019,MC,Not Applicable,Gasoline,2009,ICE,Not Applicable,3,Statewide,6851
6772,2019,MC,Not Applicable,Gasoline,2009,ICE,Not Applicable,2,Statewide,4688
6773,2019,T2,1,Gasoline,2021,ICE,Not Applicable,1,Statewide,4231
6774,2019,T1,1,Gasoline,2018,ICE,Not Applicable,2,Statewide,1200
6775,2019,MC,Not Applicable,Gasoline,2002,ICE,Not Applicable,2,Statewide,1327
6776,2019,P,Not Applicable,Gasoline,1986,ICE,Not Applicable,2,Statewide,1327
6777,2019,MC,Not Applicable,Gasoline,2007,ICE,Not Applicable,3,Statewide,6824
6778,2019,T3,2,Gasoline,2010,ICE,Not Applicable,1,Statewide,23853
6779,2019,T6,4,Gasoline,2004,ICE,Not Applicable,≥4,Statewide,1589
6780,2019,T4,2,Diesel,2005,ICE,Not Applicable,1,Statewide,1591
6781,2019,T4,2,Diesel,2016,ICE,Not Applicable,≥4,Statewide,4921
6782,2019,T3,Unknown,Gasoline,2011,ICE,Not Applicable,1,Statewide,19592
6783,2019,T1,1,Gasoline,2006,ICE,Not Applicable,≥4,Statewide,19595
6784,2019,T3,2,Gasoline,1998,ICE,Not Applicable,≥4,Statewide,8102
6785,2019,P,Not Applicable,Gasoline,1997,ICE,Not Applicable,1,Statewide,19657
6786,2019,T1,Unknown,Gasoline,2016,ICE,Not Applicable,3,Statewide,4247
6787,2019,P,Not Applicable,Gasoline,2005,ICE,Not Applicable,2,Statewide,128152
6788,2019,T2,1,Gasoline,1999,ICE,Not Applicable,1,Statewide,4682
6789,2019,T2,Unknown,Gasoline,1996,ICE,Not Applicable,1,Statewide,2652
6790,2019,T5,3,Diesel,2018,ICE,Not Applicable,≥4,Statewide,2655
6791,2019,T4,2,Diesel,2018,ICE,Not Applicable,≥4,Statewide,4674
6792,2019,T3,Unknown,Gasoline,2016,ICE,Not Applicable,1,Statewide,8053
6793,2019,T3,2,Gasoline,2006,ICE,Not Applicable,1,Statewide,19113
6794,2019,T4,2,Diesel,1996,ICE,Not Applicable,≥4,Statewide,1325
6795,2019,T3,2,Gasoline,2019,ICE,Not Applicable,≥4,Statewide,67109
6796,2019,T2,1,Gasoline,2006,ICE,Not Applicable,3,Statewide,18258
6797,2019,P,Not Applicable,Gasoline,1996,ICE,Not Applicable,1,Statewide,18309
6798,2019,P,Not Applicable,Gasoline,1982,ICE,Not Applicable,3,Statewide,1464
6799,2019,T3,2,Gasoline,2013,ICE,Not Applicable,3,Statewide,24701
6800,2019,T1,Unknown,Gasoline,2009,ICE,Not Applicable,≥4,Statewide,4810
6801,2019,T7,8,Diesel,1998,ICE,Not Applicable,≥4,Statewide,1464
6802,2019,T3,2,Gasoline,2013,ICE,Not Applicable,1,Statewide,18355
6803,2019,T4,2,Gasoline,2008,ICE,Not Applicable,2,Statewide,5648
6804,2019,P,Not Applicable,Gasoline,2007,ICE,Not Applicable,3,Statewide,115379
6805,2019,T3,2,Gasoline,2000,ICE,Not Applicable,1,Statewide,5625
6806,2019,T1,1,Gasoline,2004,ICE,Not Applicable,2,Statewide,12113
6807,2019,T4,2,Diesel,2020,ICE,Not Applicable,1,Statewide,1876
6808,2019,P,Not Applicable,Gasoline,1981,ICE,Not Applicable,1,Statewide,1581
6809,2019,P,Not Applicable,Gasoline,2014,ICE,Not Applicable,1,Statewide,115857
6810,2019,T4,2,Diesel,2010,ICE,Not Applicable,2,Statewide,5716
6811,2019,T1,1,Gasoline,2001,ICE,Not Applicable,1,Statewide,5720
6812,2019,P,Not Applicable,Diesel,2019,ICE,Not Applicable,≥4,Statewide,5722
6813,2019,P,Not Applicable,Gasoline,2006,ICE,Not Applicable,1,Statewide,116278
6814,2019,T2,1,Gasoline,1993,ICE,Not Applicable,≥4,Statewide,4795
6815,2019,T1,1,Gasoline,1992,ICE,Not Applicable,3,Statewide,3420
6816,2019,T1,1,Gasoline,1989,ICE,Not Applicable,2,Statewide,1463
6817,2019,T6,7,Diesel,2011,ICE,Not Applicable,≥4,Statewide,1876
6818,2019,P,Not Applicable,Gasoline,1978,ICE,Not Applicable,≥4,Statewide,12183
6819,2019,T5,3,Diesel,2008,ICE,Not Applicable,≥4,Statewide,2612
6820,2019,T2,1,Gasoline,2009,ICE,Not Applicable,3,Statewide,18164
6821,2019,T1,Unknown,Gasoline,2013,ICE,Not Applicable,≥4,Statewide,17883
6822,2019,MC,Not Applicable,Gasoline,2018,ICE,Not Applicable,3,Statewide,7775
6823,2019,T1,1,Gasoline,2000,ICE,Not Applicable,2,Statewide,7794
6824,2019,P,Not Applicable,Gasoline,2005,ICE,Not Applicable,1,Statewide,109406
6825,2019,P,Not Applicable,Gasoline,2006,ICE,Not Applicable,3,Statewide,109569
6826,2019,T3,2,Gasoline,1981,ICE,Not Applicable,≥4,Statewide,1319
6827,2019,T4,2,Gasoline,1999,ICE,Not Applicable,3,Statewide,1319
6828,2019,T5,3,Diesel,2010,ICE,Not Applicable,3,Statewide,1577
6829,2019,T2,1,Gasoline,2011,ICE,Not Applicable,1,Statewide,18016
6830,2019,T3,Unknown,Gasoline,2003,ICE,Not Applicable,3,Statewide,7801
6831,2019,T6,7,Diesel,2020,ICE,Not Applicable,≥4,Statewide,2597
6832,2019,MC,Not Applicable,Gasoline,2008,ICE,Not Applicable,3,Statewide,7823
6833,2019,T5,3,Diesel,2004,ICE,Not Applicable,≥4,Statewide,2598
6834,2019,T4,2,Diesel,2014,ICE,Not Applicable,≥4,Statewide,2600
6835,2019,T2,Unknown,Gasoline,1998,ICE,Not Applicable,≥4,Statewide,7843
6836,2019,T2,Unknown,Gasoline,2014,ICE,Not Applicable,≥4,Statewide,24949
6837,2019,T2,Unknown,Gasoline,1992,ICE,Not Applicable,≥4,Statewide,1464
6838,2019,P,Not Applicable,Diesel,2020,ICE,Not Applicable,3,Statewide,2606
6839,2019,T2,Unknown,Gasoline,2014,ICE,Not Applicable,1,Statewide,18101
6840,2019,T6,5,Diesel,2012,ICE,Not Applicable,≥4,Statewide,2606
6841,2019,P,Not Applicable,Gasoline,2021,ICE,Not Applicable,1,Statewide,7869
6842,2019,T1,1,Gasoline,2010,ICE,Not Applicable,≥4,Statewide,4063
6843,2019,T2,1,Gasoline,2005,ICE,Not Applicable,1,Statewide,18129
6844,2019,T2,1,Gasoline,1996,ICE,Not Applicable,2,Statewide,3419
6845,2019,T7,8,Diesel,2010,ICE,Not Applicable,≥4,Statewide,5735
6846,2019,T7,8,Diesel,2002,ICE,Not Applicable,≥4,Statewide,2617
6847,2019,P,Not Applicable,Gasoline,1991,ICE,Not Applicable,2,Statewide,5743
6848,2019,MC,Not Applicable,Gasoline,2020,ICE,Not Applicable,≥4,Statewide,18730
6849,2019,P,Not Applicable,Gasoline,2003,ICE,Not Applicable,≥4,Statewide,119357
6850,2019,T6,6,Diesel,2005,ICE,Not Applicable,≥4,Statewide,3386
6851,2019,T3,Unknown,Gasoline,2010,ICE,Not Applicable,3,Statewide,24094
6852,2019,T1,1,Gasoline,2020,ICE,Not Applicable,≥4,Statewide,45642
6853,2019,T3,2,Gasoline,2020,ICE,Not Applicable,1,Statewide,24047
6854,2019,P,Not Applicable,Gasoline,1998,ICE,Not Applicable,1,Statewide,24031
6855,2019,T3,Unknown,Gasoline,2000,ICE,Not Applicable,2,Statewide,2318
6856,2019,T3,Unknown,Gasoline,2000,ICE,Not Applicable,3,Statewide,2313
6857,2019,MC,Not Applicable,Gasoline,2009,ICE,Not Applicable,≥4,Statewide,18819
6858,2019,T5,3,Diesel,2007,ICE,Not Applicable,≥4,Statewide,2313
6859,2019,P,Not Applicable,Gasoline,1997,ICE,Not Applicable,3,Statewide,18835
6860,2019,T4,2,Gasoline,2001,ICE,Not Applicable,3,Statewide,2312
6861,2019,P,Not Applicable,Gasoline,1996,ICE,Not Applicable,3,Statewide,18863
6862,2019,T3,2,Gasoline,2008,ICE,Not Applicable,≥4,Statewide,66094
6863,2019,MC,Not Applicable,Gasoline,2007,ICE,Not Applicable,≥4,Statewide,18901
6864,2019,P,Not Applicable,Gasoline,2021,ICE,Not Applicable,≥4,Statewide,32758
6865,2019,T3,Unknown,Gasoline,2011,ICE,Not Applicable,2,Statewide,32962
6866,2019,T3,Unknown,Gasoline,1997,ICE,Not Applicable,≥4,Statewide,1584
6867,2019,T5,3,Gasoline,2018,ICE,Not Applicable,≥4,Statewide,1870
6868,2019,T2,1,Gasoline,2006,ICE,Not Applicable,≥4,Statewide,33127
6869,2019,P,Not Applicable,Gasoline,2016,ICE,Not Applicable,3,Statewide,123031
6870,2019,T4,2,Gasoline,2000,ICE,Not Applicable,2,Statewide,2018
6871,2019,T4,2,Gasoline,2012,ICE,Not Applicable,3,Statewide,3390
6872,2019,T3,2,Gasoline,2004,ICE,Not Applicable,≥4,Statewide,33296
6873,2019,T2,Unknown,Gasoline,2010,ICE,Not Applicable,2,Statewide,66411
6874,2019,T3,Unknown,Gasoline,2008,ICE,Not Applicable,2,Statewide,32182
6875,2019,T1,Unknown,Gasoline,2005,ICE,Not Applicable,3,Statewide,2617
6876,2019,T1,1,Gasoline,2014,ICE,Not Applicable,≥4,Statewide,3418
6877,2019,T1,Unknown,Gasoline,2007,ICE,Not Applicable,≥4,Statewide,5750
6878,2019,T2,Unknown,Gasoline,1997,ICE,Not Applicable,≥4,Statewide,5759
6879,2019,MH,Not Applicable,Gasoline,2012,ICE,Not Applicable,≥4,Statewide,2622
6880,2019,T1,Unknown,Gasoline,2002,ICE,Not Applicable,2,Statewide,2624
6881,2019,MC,Not Applicable,Gasoline,1988,ICE,Not Applicable,≥4,Statewide,2625
6882,2019,T2,1,Gasoline,2014,ICE,Not Applicable,3,Statewide,5773
6883,2019,T4,Unknown,Gasoline,2006,ICE,Not Applicable,≥4,Statewide,2629
6884,2019,T1,Unknown,Gasoline,1991,ICE,Not Applicable,≥4,Statewide,1582
6885,2019,T7,8,Diesel,2005,ICE,Not Applicable,≥4,Statewide,5806
6886,2019,T1,1,Gasoline,1999,ICE,Not Applicable,1,Statewide,5807
6887,2019,T1,1,Gasoline,2013,ICE,Not Applicable,1,Statewide,3407
6888,2019,T1,1,Gasoline,2014,ICE,Not Applicable,1,Statewide,1582
6889,2019,T2,1,Gasoline,2010,ICE,Not Applicable,1,Statewide,18605
6890,2019,T2,Unknown,Gasoline,1999,ICE,Not Applicable,2,Statewide,5824
6891,2019,T6,5,Diesel,2019,ICE,Not Applicable,≥4,Statewide,3407
6892,2019,T2,1,Gasoline,1989,ICE,Not Applicable,≥4,Statewide,1582
6893,2019,MC,Not Applicable,Gasoline,2015,ICE,Not Applicable,3,Statewide,3397
6894,2019,T1,1,Gasoline,2008,ICE,Not Applicable,3,Statewide,5846
6895,2019,T3,2,Gasoline,2018,ICE,Not Applicable,3,Statewide,18625
6896,2019,T2,1,Gasoline,2021,ICE,Not Applicable,3,Statewide,4768
6897,2019,T3,2,Gasoline,2011,ICE,Not Applicable,≥4,Statewide,66765
6898,2019,T3,2,Gasoline,2012,ICE,Not Applicable,3,Statewide,32233
6899,2019,P,Not Applicable,Diesel,2014,ICE,Not Applicable,2,Statewide,1319
6900,2019,P,Not Applicable,Gasoline,2016,ICE,Not Applicable,1,Statewide,131685
6901,2019,T7,8,Diesel,1994,ICE,Not Applicable,≥4,Statewide,1595
6902,2019,T6,4,Diesel,2007,ICE,Not Applicable,≥4,Statewide,1612
6903,2019,P,Not Applicable,Gasoline,2007,ICE,Not Applicable,2,Statewide,147272
6904,2019,T3,2,Gasoline,1976,ICE,Not Applicable,≥4,Statewide,1167
6905,2019,T4,2,Diesel,2018,ICE,Not Applicable,3,Statewide,1614
6906,2019,MC,Not Applicable,Gasoline,2004,ICE,Not Applicable,3,Statewide,3212
6907,2019,T7,8,Gasoline,1975,ICE,Not Applicable,≥4,Statewide,3209
6908,2019,P,Not Applicable,Gasoline,1989,ICE,Not Applicable,3,Statewide,3209
6909,2019,T1,1,Gasoline,2011,ICE,Not Applicable,3,Statewide,1614
6910,2019,P,Not Applicable,Gasoline,2017,PHEV,0 to 50 miles,3,Statewide,2249
6911,2019,MC,Not Applicable,Gasoline,1987,ICE,Not Applicable,≥4,Statewide,2812
6912,2019,P,Not Applicable,Diesel,2015,ICE,Not Applicable,3,Statewide,1612
6913,2019,T3,Unknown,Gasoline,2007,ICE,Not Applicable,≥4,Statewide,47891
6914,2019,T4,2,Diesel,2013,ICE,Not Applicable,1,Statewide,2053
6915,2019,T3,2,Gasoline,2007,ICE,Not Applicable,≥4,Statewide,62004
6916,2019,T1,1,Gasoline,2010,ICE,Not Applicable,3,Statewide,1620
6917,2019,T5,3,Gasoline,2012,ICE,Not Applicable,≥4,Statewide,2054
6918,2019,T7,8,Diesel,2011,ICE,Not Applicable,≥4,Statewide,6809
6919,2019,P,Not Applicable,Gasoline,1975,ICE,Not Applicable,1,Statewide,23520
6920,2019,T3,2,Gasoline,1999,ICE,Not Applicable,3,Statewide,6805
6921,2019,T3,2,Gasoline,2018,ICE,Not Applicable,2,Statewide,23338
6922,2019,T3,2,Gasoline,2005,ICE,Not Applicable,2,Statewide,23323
6923,2019,T4,2,Diesel,2010,ICE,Not Applicable,3,Statewide,5884
6924,2019,T2,1,Gasoline,1978,ICE,Not Applicable,≥4,Statewide,2052
6925,2019,T2,Unknown,Gasoline,1995,ICE,Not Applicable,3,Statewide,1610
6926,2019,MC,Not Applicable,Gasoline,1979,ICE,Not Applicable,≥4,Statewide,1831
6927,2019,BS,Not Applicable,Gasoline,1975,ICE,Not Applicable,≥4,Statewide,1447
6928,2019,MH,Not Applicable,Gasoline,2003,ICE,Not Applicable,≥4,Statewide,2050
6929,2019,P,Not Applicable,Electric,2019,BEV,>150 miles,2,Statewide,2051
6930,2019,T3,Unknown,Gasoline,1999,ICE,Not Applicable,1,Statewide,1174
6931,2019,T3,2,Gasoline,1995,ICE,Not Applicable,1,Statewide,1609
6932,2019,T2,1,Diesel,2020,ICE,Not Applicable,2,Statewide,1174
6933,2019,T6,5,Diesel,2004,ICE,Not Applicable,≥4,Statewide,1173
6934,2019,T4,Unknown,Gasoline,2008,ICE,Not Applicable,≥4,Statewide,1609
6935,2019,T6,4,Gasoline,2013,ICE,Not Applicable,≥4,Statewide,1609
6936,2019,T5,3,Diesel,2005,ICE,Not Applicable,≥4,Statewide,2052
6937,2019,T4,2,Gasoline,2010,ICE,Not Applicable,3,Statewide,2788
6938,2019,P,Not Applicable,Gasoline,2014,ICE,Not Applicable,2,Statewide,143169
6939,2019,T6,5,Diesel,2016,ICE,Not Applicable,≥4,Statewide,2793
6940,2019,T2,1,Gasoline,1995,ICE,Not Applicable,2,Statewide,3231
6941,2019,T1,1,Gasoline,2012,ICE,Not Applicable,2,Statewide,3230
6942,2019,T4,2,Diesel,2010,ICE,Not Applicable,1,Statewide,3230
6943,2019,P,Not Applicable,Gasoline,2010,ICE,Not Applicable,3,Statewide,144512
6944,2019,P,Not Applicable,Gasoline,2013,ICE,Not Applicable,1,Statewide,145034
6945,2019,T4,2,Gasoline,1998,ICE,Not Applicable,≥4,Statewide,3223
6946,2019,T3,2,Gasoline,1997,ICE,Not Applicable,2,Statewide,3222
6947,2019,MC,Not Applicable,Gasoline,1998,ICE,Not Applicable,3,Statewide,1170
6948,2019,T2,Unknown,Gasoline,2008,ICE,Not Applicable,2,Statewide,47545
6949,2019,MH,Not Applicable,Gasoline,2009,ICE,Not Applicable,3,Statewide,1834
6950,2019,T2,Unknown,Gasoline,2010,ICE,Not Applicable,3,Statewide,47801
6951,2019,T2,Unknown,Gasoline,2005,ICE,Not Applicable,2,Statewide,36764
6952,2019,P,Not Applicable,Gasoline,1983,ICE,Not Applicable,3,Statewide,1828
6953,2019,T2,1,Gasoline,1994,ICE,Not Applicable,≥4,Statewide,6798
6954,2019,T3,2,Diesel,2020,ICE,Not Applicable,2,Statewide,1828
6955,2019,T3,2,Diesel,2019,ICE,Not Applicable,≥4,Statewide,1823
6956,2019,T2,Unknown,Gasoline,1996,ICE,Not Applicable,2,Statewide,3197
6957,2019,T6,6,Diesel,2017,ICE,Not Applicable,≥4,Statewide,3195
6958,2019,T2,Unknown,Gasoline,2017,ICE,Not Applicable,1,Statewide,37140
6959,2019,T3,2,Gasoline,1993,ICE,Not Applicable,≥4,Statewide,3191
6960,2019,P,Not Applicable,Gasoline,2018,PHEV,0 to 50 miles,2,Statewide,5982
6961,2019,T1,1,Gasoline,1996,ICE,Not Applicable,3,Statewide,5982
6962,2019,T4,2,Gasoline,2008,ICE,Not Applicable,3,Statewide,5982
6963,2019,T3,Unknown,Gasoline,2015,ICE,Not Applicable,1,Statewide,5984
6964,2019,T7,8,Diesel,2000,ICE,Not Applicable,≥4,Statewide,3191
6965,2019,T1,Unknown,Gasoline,1975,ICE,Not Applicable,1,Statewide,5989
6966,2019,MC,Not Applicable,Gasoline,1980,ICE,Not Applicable,≥4,Statewide,1822
6967,2019,T4,2,Gasoline,1997,ICE,Not Applicable,≥4,Statewide,3186
6968,2019,T6,7,Diesel,2018,ICE,Not Applicable,≥4,Statewide,3182
6969,2019,P,Not Applicable,Diesel,2017,ICE,Not Applicable,2,Statewide,3182
6970,2019,T4,2,Diesel,2001,ICE,Not Applicable,≥4,Statewide,3181
6971,2019,T4,2,Diesel,2012,ICE,Not Applicable,1,Statewide,2246
6972,2019,T3,Unknown,Gasoline,2018,ICE,Not Applicable,1,Statewide,6749
6973,2019,T1,Unknown,Gasoline,2016,ICE,Not Applicable,2,Statewide,6739
6974,2019,T4,2,Gasoline,2015,ICE,Not Applicable,≥4,Statewide,2244
6975,2019,P,Not Applicable,Gasoline,1984,ICE,Not Applicable,≥4,Statewide,6011
6976,2019,T3,2,Gasoline,2014,ICE,Not Applicable,≥4,Statewide,22770
6977,2019,T2,1,Gasoline,1992,ICE,Not Applicable,2,Statewide,1348
6978,2019,T5,3,Gasoline,2013,ICE,Not Applicable,≥4,Statewide,3202
6979,2019,T1,1,Gasoline,1988,ICE,Not Applicable,≥4,Statewide,2048
6980,2019,P,Not Applicable,Diesel,2018,ICE,Not Applicable,1,Statewide,2831
6981,2019,P,Not Applicable,Gasoline,1998,ICE,Not Applicable,3,Statewide,22929
6982,2019,T1,1,Gasoline,2003,ICE,Not Applicable,≥4,Statewide,23234
6983,2019,T1,1,Gasoline,2002,ICE,Not Applicable,1,Statewide,6795
6984,2019,T4,2,Gasoline,2011,ICE,Not Applicable,≥4,Statewide,23109
6985,2019,T1,1,Gasoline,1993,ICE,Not Applicable,3,Statewide,3795
6986,2019,P,Not Applicable,Electric,2020,BEV,51 to 100 miles,3,Statewide,5914
6987,2019,P,Not Applicable,Gasoline,2011,ICE,Not Applicable,3,Statewide,150277
6988,2019,T3,2,Gasoline,1998,ICE,Not Applicable,2,Statewide,3798
6989,2019,T2,Unknown,Gasoline,2002,ICE,Not Applicable,≥4,Statewide,23086
6990,2019,T3,Unknown,Gasoline,1996,ICE,Not Applicable,≥4,Statewide,1160
6991,2019,T2,1,Gasoline,2017,ICE,Not Applicable,≥4,Statewide,23055
6992,2019,MC,Not Applicable,Gasoline,2013,ICE,Not Applicable,2,Statewide,5919
6993,2019,MC,Not Applicable,Gasoline,2020,ICE,Not Applicable,2,Statewide,5923
6994,2019,T2,1,Gasoline,2008,ICE,Not Applicable,2,Statewide,22957
6995,2019,MH,Not Applicable,Gasoline,1997,ICE,Not Applicable,≥4,Statewide,1825
6996,2019,T3,Unknown,Gasoline,2020,ICE,Not Applicable,≥4,Statewide,5935
6997,2019,T2,1,Gasoline,1999,ICE,Not Applicable,2,Statewide,5936
6998,2019,T4,2,Diesel,2001,ICE,Not Applicable,2,Statewide,1348
6999,2019,MC,Not Applicable,Gasoline,2020,ICE,Not Applicable,3,Statewide,6792
7000,2019,T1,Unknown,Gasoline,2006,ICE,Not Applicable,2,Statewide,5941
7001,2019,T3,2,Gasoline,2008,ICE,Not Applicable,2,Statewide,36915
7002,2019,MC,Not Applicable,Gasoline,2006,ICE,Not Applicable,2,Statewide,3801
7003,2019,P,Not Applicable,Gasoline,1979,ICE,Not Applicable,1,Statewide,2820
7004,2019,T1,Unknown,Gasoline,2003,ICE,Not Applicable,1,Statewide,2821
7005,2019,T3,Unknown,Gasoline,1999,ICE,Not Applicable,3,Statewide,1623
7006,2019,T2,1,Gasoline,2016,ICE,Not Applicable,≥4,Statewide,20073
7007,2019,T2,1,Gasoline,1975,ICE,Not Applicable,1,Statewide,1834
7008,2019,P,Not Applicable,Electric,2018,BEV,>150 miles,≥4,Statewide,2270
7009,2019,T4,2,Gasoline,2004,ICE,Not Applicable,3,Statewide,3765
7010,2019,P,Not Applicable,Gasoline,1981,ICE,Not Applicable,2,Statewide,1184
7011,2019,T3,2,Gasoline,1997,ICE,Not Applicable,1,Statewide,2293
7012,2019,P,Not Applicable,Gasoline,2009,ICE,Not Applicable,1,Statewide,135785
7013,2019,P,Not Applicable,Gasoline,2008,ICE,Not Applicable,1,Statewide,135816
7014,2019,T4,2,Diesel,2005,ICE,Not Applicable,2,Statewide,2721
7015,2019,T2,1,Gasoline,2019,ICE,Not Applicable,1,Statewide,20362
7016,2019,T1,Unknown,Gasoline,2000,ICE,Not Applicable,2,Statewide,1183
7017,2019,T4,2,Gasoline,2009,ICE,Not Applicable,1,Statewide,3294
7018,2019,T2,1,Gasoline,1997,ICE,Not Applicable,3,Statewide,3290
7019,2019,T2,Unknown,Gasoline,2012,ICE,Not Applicable,2,Statewide,64745
7020,2019,T1,1,Gasoline,1992,ICE,Not Applicable,2,Statewide,3290
7021,2019,MC,Not Applicable,Gasoline,1975,ICE,Not Applicable,2,Statewide,1183
7022,2019,P,Not Applicable,Gasoline,1980,ICE,Not Applicable,2,Statewide,1334
7023,2019,T3,Unknown,Gasoline,2008,ICE,Not Applicable,1,Statewide,20465
7024,2019,T3,Unknown,Gasoline,2014,ICE,Not Applicable,3,Statewide,5032
7025,2019,T1,1,Gasoline,2004,ICE,Not Applicable,≥4,Statewide,20543
7026,2019,T5,3,Diesel,2012,ICE,Not Applicable,3,Statewide,1183
7027,2019,T3,2,Gasoline,1993,ICE,Not Applicable,3,Statewide,1335
7028,2019,T4,2,Gasoline,2013,ICE,Not Applicable,1,Statewide,1335
7029,2019,T3,2,Gasoline,2007,ICE,Not Applicable,1,Statewide,20666
7030,2019,T3,Unknown,Gasoline,2006,ICE,Not Applicable,2,Statewide,20676
7031,2019,MC,Not Applicable,Gasoline,1983,ICE,Not Applicable,≥4,Statewide,2033
7032,2019,T2,Unknown,Gasoline,2009,ICE,Not Applicable,2,Statewide,64793
7033,2019,T1,Unknown,Gasoline,2008,ICE,Not Applicable,3,Statewide,3758
7034,2019,T1,Unknown,Gasoline,1994,ICE,Not Applicable,≥4,Statewide,1332
7035,2019,T3,2,Gasoline,1995,ICE,Not Applicable,≥4,Statewide,4982
7036,2019,T5,3,Gasoline,2004,ICE,Not Applicable,≥4,Statewide,2681
7037,2019,MC,Not Applicable,Gasoline,1994,ICE,Not Applicable,≥4,Statewide,2684
7038,2019,T1,1,Gasoline,2005,ICE,Not Applicable,1,Statewide,8039
7039,2019,MH,Not Applicable,Gasoline,1994,ICE,Not Applicable,≥4,Statewide,1850
7040,2019,MC,Not Applicable,Gasoline,2017,ICE,Not Applicable,2,Statewide,4985
7041,2019,T2,Unknown,Gasoline,1999,ICE,Not Applicable,1,Statewide,4989
7042,2019,T4,2,Gasoline,1978,ICE,Not Applicable,≥4,Statewide,1187
7043,2019,P,Not Applicable,Gasoline,1980,ICE,Not Applicable,1,Statewide,2027
7044,2019,T6,5,Diesel,2020,ICE,Not Applicable,≥4,Statewide,3725
7045,2019,T2,Unknown,Gasoline,2004,ICE,Not Applicable,1,Statewide,20227
7046,2019,P,Not Applicable,Gasoline,1976,ICE,Not Applicable,≥4,Statewide,11890
7047,2019,T3,2,Gasoline,2001,ICE,Not Applicable,2,Statewide,8011
7048,2019,T6,6,Diesel,2000,ICE,Not Applicable,≥4,Statewide,1332
7049,2019,P,Not Applicable,Gasoline,2019,PHEV,0 to 50 miles,≥4,Statewide,7988
7050,2019,T2,Unknown,Gasoline,2001,ICE,Not Applicable,1,Statewide,7934
7051,2019,T1,1,Gasoline,1994,ICE,Not Applicable,≥4,Statewide,11877
7052,2019,T4,2,Gasoline,2017,ICE,Not Applicable,≥4,Statewide,4997
7053,2019,T2,1,Gasoline,2019,ICE,Not Applicable,3,Statewide,20313
7054,2019,P,Not Applicable,Gasoline,2004,ICE,Not Applicable,≥4,Statewide,134489
7055,2019,P,Not Applicable,Gasoline,2013,ICE,Not Applicable,3,Statewide,134782
7056,2019,P,Not Applicable,Gasoline,1981,ICE,Not Applicable,≥4,Statewide,5006
7057,2019,T4,2,Gasoline,2005,ICE,Not Applicable,2,Statewide,3750
7058,2019,T3,Unknown,Gasoline,2019,ICE,Not Applicable,2,Statewide,20676
7059,2019,P,Not Applicable,Gasoline,2006,ICE,Not Applicable,2,Statewide,136721
7060,2019,T4,2,Gasoline,2007,ICE,Not Applicable,1,Statewide,2729
7061,2019,T2,Unknown,Gasoline,2014,ICE,Not Applicable,3,Statewide,20688
7062,2019,MH,Not Applicable,Gasoline,2007,ICE,Not Applicable,≥4,Statewide,2775
7063,2019,P,Not Applicable,Diesel,2014,ICE,Not Applicable,≥4,Statewide,1338
7064,2019,MC,Not Applicable,Gasoline,2017,ICE,Not Applicable,1,Statewide,3252
7065,2019,T6,6,Diesel,2002,ICE,Not Applicable,≥4,Statewide,1339
7066,2019,T2,1,Gasoline,1995,ICE,Not Applicable,3,Statewide,3245
7067,2019,T2,Unknown,Gasoline,1997,ICE,Not Applicable,2,Statewide,3242
7068,2019,T3,Unknown,Gasoline,2020,ICE,Not Applicable,3,Statewide,3236
7069,2019,T4,2,Gasoline,2001,ICE,Not Applicable,2,Statewide,2045
7070,2019,T3,Unknown,Gasoline,2000,ICE,Not Applicable,1,Statewide,1837
7071,2019,T6,7,Diesel,2008,ICE,Not Applicable,≥4,Statewide,1339
7072,2019,T3,2,Gasoline,2016,ICE,Not Applicable,2,Statewide,21402
7073,2019,T1,1,Gasoline,2005,ICE,Not Applicable,≥4,Statewide,21411
7074,2019,MC,Not Applicable,Gasoline,2007,ICE,Not Applicable,1,Statewide,2777
7075,2019,T4,2,Diesel,2008,ICE,Not Applicable,≥4,Statewide,11742
7076,2019,T3,2,Gasoline,1998,ICE,Not Applicable,1,Statewide,2778
7077,2019,T4,2,Diesel,2002,ICE,Not Applicable,1,Statewide,1340
7078,2019,T7,8,Diesel,2013,ICE,Not Applicable,≥4,Statewide,11707
7079,2019,T6,7,Diesel,2016,ICE,Not Applicable,≥4,Statewide,1449
7080,2019,T4,2,Gasoline,2004,ICE,Not Applicable,≥4,Statewide,11686
7081,2019,MH,Not Applicable,Gasoline,2012,ICE,Not Applicable,3,Statewide,1176
7082,2019,MC,Not Applicable,Gasoline,1995,ICE,Not Applicable,≥4,Statewide,2786
7083,2019,T1,1,Gasoline,1992,ICE,Not Applicable,1,Statewide,2272
7084,2019,MC,Not Applicable,Gasoline,1986,ICE,Not Applicable,≥4,Statewide,2271
7085,2019,T2,1,Gasoline,2006,ICE,Not Applicable,2,Statewide,21162
7086,2019,T4,2,Gasoline,2013,ICE,Not Applicable,2,Statewide,1605
7087,2019,P,Not Applicable,Diesel,2015,ICE,Not Applicable,1,Statewide,1451
7088,2019,T6,7,Diesel,2013,ICE,Not Applicable,≥4,Statewide,2044
7089,2019,T2,Unknown,Gasoline,1997,ICE,Not Applicable,1,Statewide,2730
7090,2019,T4,2,Gasoline,2005,ICE,Not Applicable,1,Statewide,2740
7091,2019,T3,Unknown,Gasoline,2009,ICE,Not Applicable,1,Statewide,20813
7092,2019,MC,Not Applicable,Gasoline,2012,ICE,Not Applicable,3,Statewide,11796
7093,2019,P,Not Applicable,Gasoline,1982,ICE,Not Applicable,1,Statewide,1600
7094,2019,T3,Unknown,Gasoline,2020,ICE,Not Applicable,1,Statewide,2745
7095,2019,T1,Unknown,Gasoline,2004,ICE,Not Applicable,1,Statewide,2747
7096,2019,T2,1,Gasoline,2017,ICE,Not Applicable,3,Statewide,11791
7097,2019,P,Not Applicable,Gasoline,1991,ICE,Not Applicable,≥4,Statewide,11771
7098,2019,P,Not Applicable,Gasoline,2000,ICE,Not Applicable,2,Statewide,46717
7099,2019,MH,Not Applicable,Gasoline,1992,ICE,Not Applicable,≥4,Statewide,1336
7100,2019,T2,1,Gasoline,2005,ICE,Not Applicable,3,Statewide,20923
7101,2019,P,Not Applicable,Gasoline,1985,ICE,Not Applicable,2,Statewide,1181
7102,2019,T2,Unknown,Gasoline,2010,ICE,Not Applicable,≥4,Statewide,64158
7103,2019,P,Not Applicable,Gasoline,1996,ICE,Not Applicable,2,Statewide,21000
7104,2019,T3,Unknown,Gasoline,2007,ICE,Not Applicable,1,Statewide,21004
7105,2019,P,Not Applicable,Gasoline,2015,ICE,Not Applicable,1,Statewide,138408
7106,2019,T3,Unknown,Gasoline,2013,ICE,Not Applicable,1,Statewide,9752
7107,2019,T5,3,Gasoline,2016,ICE,Not Applicable,≥4,Statewide,1844
7108,2019,T6,4,Diesel,2004,ICE,Not Applicable,≥4,Statewide,2040
7109,2019,T4,2,Gasoline,2010,ICE,Not Applicable,1,Statewide,2040
7110,2019,T6,6,Diesel,2019,ICE,Not Applicable,≥4,Statewide,2285
7111,2019,T3,2,Gasoline,1992,ICE,Not Applicable,≥4,Statewide,2283
7112,2019,T6,6,Diesel,2013,ICE,Not Applicable,≥4,Statewide,2749
7113,2019,MC,Not Applicable,Gasoline,2003,ICE,Not Applicable,≥4,Statewide,6736
7114,2019,T1,1,Gasoline,2003,ICE,Not Applicable,3,Statewide,12199
7115,2019,T2,1,Gasoline,1995,ICE,Not Applicable,1,Statewide,2331
7116,2019,MC,Not Applicable,Gasoline,2014,ICE,Not Applicable,3,Statewide,8632
7117,2019,T3,2,Gasoline,1999,ICE,Not Applicable,≥4,Statewide,14640
7118,2019,T1,Unknown,Gasoline,1975,ICE,Not Applicable,2,Statewide,8701
7119,2019,T4,2,Diesel,2006,ICE,Not Applicable,≥4,Statewide,9217
7120,2019,MH,Not Applicable,Gasoline,1993,ICE,Not Applicable,≥4,Statewide,1523
7121,2019,T3,2,Gasoline,2002,ICE,Not Applicable,3,Statewide,9213
7122,2019,MC,Not Applicable,Gasoline,2019,ICE,Not Applicable,3,Statewide,8612
7123,2019,T3,Unknown,Gasoline,2001,ICE,Not Applicable,1,Statewide,1925
7124,2019,T2,1,Gasoline,2013,ICE,Not Applicable,1,Statewide,9206
7125,2019,T3,2,Gasoline,2015,ICE,Not Applicable,1,Statewide,9185
7126,2019,T3,2,Gasoline,2016,ICE,Not Applicable,1,Statewide,12770
7127,2019,T1,Unknown,Gasoline,2013,ICE,Not Applicable,1,Statewide,14689
7128,2019,T2,1,Gasoline,1975,ICE,Not Applicable,≥4,Statewide,9156
7129,2019,P,Not Applicable,Electric,2020,BEV,>150 miles,3,Statewide,1299
7130,2019,T4,2,Gasoline,1989,ICE,Not Applicable,≥4,Statewide,1299
7131,2019,T3,Unknown,Gasoline,2014,ICE,Not Applicable,≥4,Statewide,8738
7132,2019,T4,2,Diesel,2006,ICE,Not Applicable,1,Statewide,2493
7133,2019,T1,1,Gasoline,1999,ICE,Not Applicable,2,Statewide,9094
7134,2019,MC,Not Applicable,Gasoline,2010,ICE,Not Applicable,3,Statewide,9064
7135,2019,P,Not Applicable,Gasoline,1992,ICE,Not Applicable,≥4,Statewide,14749
7136,2019,P,Not Applicable,Gasoline,1979,ICE,Not Applicable,≥4,Statewide,9018
7137,2019,T1,Unknown,Gasoline,2014,ICE,Not Applicable,≥4,Statewide,13598
7138,2019,MC,Not Applicable,Gasoline,1975,ICE,Not Applicable,≥4,Statewide,9164
7139,2019,T3,2,Gasoline,2005,ICE,Not Applicable,1,Statewide,14616
7140,2019,T3,Unknown,Gasoline,2017,ICE,Not Applicable,≥4,Statewide,14613
7141,2019,P,Not Applicable,Gasoline,2004,ICE,Not Applicable,1,Statewide,83978
7142,2019,P,Not Applicable,Gasoline,1995,ICE,Not Applicable,3,Statewide,14533
7143,2019,T1,1,Gasoline,2003,ICE,Not Applicable,2,Statewide,13392
7144,2019,T2,1,Gasoline,1998,ICE,Not Applicable,3,Statewide,4859
7145,2019,T4,2,Gasoline,2012,ICE,Not Applicable,2,Statewide,3629
7146,2019,T2,1,Gasoline,1990,ICE,Not Applicable,≥4,Statewide,1970
7147,2019,T4,2,Gasoline,1999,ICE,Not Applicable,2,Statewide,1275
7148,2019,T4,2,Gasoline,2003,ICE,Not Applicable,1,Statewide,1298
7149,2019,MC,Not Applicable,Gasoline,1991,ICE,Not Applicable,≥4,Statewide,3631
7150,2019,P,Not Applicable,Gasoline,1990,ICE,Not Applicable,1,Statewide,3632
7151,2019,T4,2,Gasoline,2004,ICE,Not Applicable,1,Statewide,2480
7152,2019,T4,2,Diesel,2007,ICE,Not Applicable,1,Statewide,2481
7153,2019,T4,2,Gasoline,2010,ICE,Not Applicable,2,Statewide,2483
7154,2019,T3,Unknown,Gasoline,2018,ICE,Not Applicable,≥4,Statewide,14562
7155,2019,MH,Not Applicable,Gasoline,2004,ICE,Not Applicable,3,Statewide,1503
7156,2019,T4,2,Gasoline,2020,ICE,Not Applicable,≥4,Statewide,9364
7157,2019,T1,Unknown,Gasoline,2002,ICE,Not Applicable,≥4,Statewide,3645
7158,2019,T1,Unknown,Gasoline,2017,ICE,Not Applicable,2,Statewide,13432
7159,2019,P,Not Applicable,Gasoline,2003,ICE,Not Applicable,2,Statewide,83524
7160,2019,T5,3,Gasoline,2011,ICE,Not Applicable,≥4,Statewide,3645
7161,2019,T2,1,Gasoline,1991,ICE,Not Applicable,2,Statewide,1272
7162,2019,T1,Unknown,Gasoline,2013,ICE,Not Applicable,3,Statewide,12822
7163,2019,T3,2,Gasoline,2014,ICE,Not Applicable,3,Statewide,9249
7164,2019,P,Not Applicable,Gasoline,1995,ICE,Not Applicable,1,Statewide,14590
7165,2019,T4,2,Gasoline,2007,ICE,Not Applicable,≥4,Statewide,14757
7166,2019,T7,8,Diesel,2016,ICE,Not Applicable,≥4,Statewide,9015
7167,2019,P,Not Applicable,Gasoline,2000,ICE,Not Applicable,≥4,Statewide,76208
7168,2019,T4,2,Diesel,2013,ICE,Not Applicable,2,Statewide,3572
7169,2019,T3,2,Gasoline,2010,ICE,Not Applicable,≥4,Statewide,74124
7170,2019,T2,1,Gasoline,2003,ICE,Not Applicable,3,Statewide,14910
7171,2019,P,Not Applicable,Gasoline,1979,ICE,Not Applicable,2,Statewide,2393
7172,2019,T1,Unknown,Gasoline,2009,ICE,Not Applicable,1,Statewide,4174
7173,2019,T3,Unknown,Gasoline,2012,ICE,Not Applicable,1,Statewide,14945
7174,2019,T6,5,Diesel,2005,ICE,Not Applicable,≥4,Statewide,1535
7175,2019,T3,2,Gasoline,1994,ICE,Not Applicable,≥4,Statewide,4177
7176,2019,T4,Unknown,Gasoline,2009,ICE,Not Applicable,≥4,Statewide,1259
7177,2019,T3,Unknown,Gasoline,1999,ICE,Not Applicable,2,Statewide,1537
7178,2019,T3,Unknown,Gasoline,2002,ICE,Not Applicable,1,Statewide,4179
7179,2019,MC,Not Applicable,Gasoline,2014,ICE,Not Applicable,1,Statewide,4182
7180,2019,T2,Unknown,Gasoline,2001,ICE,Not Applicable,≥4,Statewide,15069
7181,2019,T2,1,Gasoline,2017,ICE,Not Applicable,2,Statewide,15087
7182,2019,MH,Not Applicable,Gasoline,1990,ICE,Not Applicable,≥4,Statewide,1259
7183,2019,T4,2,Gasoline,2005,ICE,Not Applicable,≥4,Statewide,13712
7184,2019,T1,Unknown,Gasoline,2001,ICE,Not Applicable,2,Statewide,1496
7185,2019,T7,8,Diesel,2012,ICE,Not Applicable,≥4,Statewide,8560
7186,2019,T5,3,Diesel,2011,ICE,Not Applicable,1,Statewide,1301
7187,2019,P,Not Applicable,Gasoline,1988,ICE,Not Applicable,3,Statewide,1918
7188,2019,P,Not Applicable,Gasoline,1978,ICE,Not Applicable,1,Statewide,2511
7189,2019,MC,Not Applicable,Gasoline,2002,ICE,Not Applicable,3,Statewide,1917
7190,2019,T2,1,Gasoline,1976,ICE,Not Applicable,≥4,Statewide,1978
7191,2019,T4,2,Diesel,2002,ICE,Not Applicable,3,Statewide,1985
7192,2019,T4,2,Diesel,2019,ICE,Not Applicable,3,Statewide,1919
7193,2019,T1,1,Gasoline,1991,ICE,Not Applicable,≥4,Statewide,8623
7194,2019,MH,Not Applicable,Diesel,2013,ICE,Not Applicable,≥4,Statewide,1301
7195,2019,T3,2,Gasoline,1984,ICE,Not Applicable,≥4,Statewide,2508
7196,2019,T5,3,Diesel,2013,ICE,Not Applicable,2,Statewide,1300
7197,2019,T3,Unknown,Gasoline,1975,ICE,Not Applicable,≥4,Statewide,1924
7198,2019,P,Not Applicable,Gasoline,1977,ICE,Not Applicable,≥4,Statewide,13631
7199,2019,T1,1,Gasoline,1994,ICE,Not Applicable,1,Statewide,3546
7200,2019,T1,1,Gasoline,1991,ICE,Not Applicable,2,Statewide,3546
7201,2019,P,Not Applicable,Electric,2020,BEV,51 to 100 miles,1,Statewide,3545
7202,2019,T4,2,Gasoline,2016,ICE,Not Applicable,≥4,Statewide,3542
7203,2019,P,Not Applicable,Diesel,2015,ICE,Not Applicable,≥4,Statewide,1977
7204,2019,T4,2,Gasoline,2004,ICE,Not Applicable,2,Statewide,3541
7205,2019,T3,Unknown,Gasoline,2005,ICE,Not Applicable,3,Statewide,14854
7206,2019,T2,Unknown,Gasoline,2018,ICE,Not Applicable,2,Statewide,85294
7207,2019,T2,Unknown,Gasoline,2015,ICE,Not Applicable,≥4,Statewide,43127
7208,2019,MC,Not Applicable,Gasoline,2001,ICE,Not Applicable,2,Statewide,1300
7209,2019,T2,Unknown,Gasoline,2013,ICE,Not Applicable,≥4,Statewide,43225
7210,2019,T6,5,Diesel,2008,ICE,Not Applicable,≥4,Statewide,1497
7211,2019,T3,2,Gasoline,1975,ICE,Not Applicable,≥4,Statewide,4152
7212,2019,T7,8,Diesel,2014,ICE,Not Applicable,≥4,Statewide,14886
7213,2019,T3,2,Gasoline,2009,ICE,Not Applicable,≥4,Statewide,74664
7214,2019,T2,1,Gasoline,2012,ICE,Not Applicable,1,Statewide,13644
7215,2019,T2,1,Gasoline,2002,ICE,Not Applicable,3,Statewide,12665
7216,2019,T6,4,Diesel,2010,ICE,Not Applicable,≥4,Statewide,2502
7217,2019,T1,1,Gasoline,2014,ICE,Not Applicable,3,Statewide,1534
7218,2019,T1,1,Gasoline,1993,ICE,Not Applicable,1,Statewide,2508
7219,2019,T3,Unknown,Gasoline,1998,ICE,Not Applicable,≥4,Statewide,2396
7220,2019,T4,2,Diesel,2006,ICE,Not Applicable,3,Statewide,4190
7221,2019,T2,Unknown,Gasoline,2016,ICE,Not Applicable,1,Statewide,42796
7222,2019,T2,1,Gasoline,2007,ICE,Not Applicable,1,Statewide,14470
7223,2019,T3,2,Gasoline,2020,ICE,Not Applicable,≥4,Statewide,79396
7224,2019,T2,1,Gasoline,2016,ICE,Not Applicable,1,Statewide,9444
7225,2019,P,Not Applicable,Gasoline,1977,ICE,Not Applicable,1,Statewide,2435
7226,2019,MH,Not Applicable,Diesel,2012,ICE,Not Applicable,≥4,Statewide,1510
7227,2019,T1,1,Gasoline,1997,ICE,Not Applicable,1,Statewide,3616
7228,2019,P,Not Applicable,Gasoline,2018,PHEV,0 to 50 miles,≥4,Statewide,5528
7229,2019,T1,Unknown,Gasoline,2012,ICE,Not Applicable,≥4,Statewide,9439
7230,2019,T4,2,Gasoline,2014,ICE,Not Applicable,≥4,Statewide,2432
7231,2019,T2,Unknown,Gasoline,1999,ICE,Not Applicable,≥4,Statewide,9961
7232,2019,T3,Unknown,Gasoline,2001,ICE,Not Applicable,3,Statewide,2425
7233,2019,T1,1,Gasoline,2019,ICE,Not Applicable,≥4,Statewide,5458
7234,2019,T3,Unknown,Gasoline,2019,ICE,Not Applicable,3,Statewide,13249
7235,2019,T4,2,Gasoline,1975,ICE,Not Applicable,≥4,Statewide,3601
7236,2019,T4,2,Gasoline,2012,ICE,Not Applicable,1,Statewide,2423
7237,2019,T1,Unknown,Gasoline,2011,ICE,Not Applicable,3,Statewide,5544
7238,2019,T2,Unknown,Gasoline,2002,ICE,Not Applicable,3,Statewide,13295
7239,2019,T7,8,Diesel,1996,ICE,Not Applicable,≥4,Statewide,1283
7240,2019,T4,2,Diesel,1995,ICE,Not Applicable,≥4,Statewide,1283
7241,2019,T3,Unknown,Gasoline,2013,ICE,Not Applicable,3,Statewide,13306
7242,2019,T1,Unknown,Gasoline,2003,ICE,Not Applicable,2,Statewide,3589
7243,2019,T1,1,Gasoline,2009,ICE,Not Applicable,1,Statewide,3588
7244,2019,P,Not Applicable,Gasoline,1994,ICE,Not Applicable,3,Statewide,10026
7245,2019,T1,1,Gasoline,1989,ICE,Not Applicable,≥4,Statewide,3603
7246,2019,T2,1,Gasoline,2016,ICE,Not Applicable,3,Statewide,9956
7247,2019,T1,1,Gasoline,1993,ICE,Not Applicable,2,Statewide,3626
7248,2019,T4,2,Diesel,2007,ICE,Not Applicable,≥4,Statewide,9914
7249,2019,T3,2,Gasoline,2009,ICE,Not Applicable,2,Statewide,41870
7250,2019,P,Not Applicable,Gasoline,2001,ICE,Not Applicable,3,Statewide,41832
7251,2019,T6,7,Diesel,2000,ICE,Not Applicable,≥4,Statewide,1509
7252,2019,T3,2,Gasoline,2002,ICE,Not Applicable,2,Statewide,9657
7253,2019,T4,Unknown,Gasoline,2002,ICE,Not Applicable,≥4,Statewide,1289
7254,2019,T5,3,Gasoline,2020,ICE,Not Applicable,≥4,Statewide,2436
7255,2019,P,Not Applicable,Gasoline,2021,ICE,Not Applicable,3,Statewide,9762
7256,2019,T4,2,Diesel,2010,ICE,Not Applicable,≥4,Statewide,13188
7257,2019,T1,Unknown,Gasoline,2001,ICE,Not Applicable,3,Statewide,1286
7258,2019,P,Not Applicable,Electric,2019,BEV,51 to 100 miles,1,Statewide,2443
7259,2019,T1,Unknown,Gasoline,2001,ICE,Not Applicable,≥4,Statewide,2444
7260,2019,T1,Unknown,Gasoline,2017,ICE,Not Applicable,1,Statewide,9770
7261,2019,T1,1,Gasoline,2002,ICE,Not Applicable,3,Statewide,9791
7262,2019,T4,2,Diesel,2013,ICE,Not Applicable,≥4,Statewide,9803
7263,2019,T3,2,Gasoline,1975,ICE,Not Applicable,3,Statewide,1285
7264,2019,T4,2,Diesel,1997,ICE,Not Applicable,≥4,Statewide,1285
7265,2019,T2,1,Gasoline,1998,ICE,Not Applicable,≥4,Statewide,9829
7266,2019,T2,Unknown,Gasoline,2001,ICE,Not Applicable,2,Statewide,9553
7267,2019,T3,2,Gasoline,2001,ICE,Not Applicable,1,Statewide,5470
7268,2019,T3,Unknown,Gasoline,2017,ICE,Not Applicable,3,Statewide,9535
7269,2019,P,Not Applicable,Diesel,1988,ICE,Not Applicable,≥4,Statewide,1285
7270,2019,T3,2,Gasoline,2003,ICE,Not Applicable,3,Statewide,9883
7271,2019,T2,1,Gasoline,2013,ICE,Not Applicable,2,Statewide,13047
7272,2019,T1,Unknown,Gasoline,2004,ICE,Not Applicable,3,Statewide,2422
7273,2019,T3,2,Gasoline,1993,ICE,Not Applicable,2,Statewide,1294
7274,2019,P,Not Applicable,Gasoline,2004,ICE,Not Applicable,3,Statewide,78836
7275,2019,T2,1,Gasoline,2021,ICE,Not Applicable,2,Statewide,5563
7276,2019,T2,1,Gasoline,2016,ICE,Not Applicable,2,Statewide,12905
7277,2019,T3,Unknown,Gasoline,2004,ICE,Not Applicable,3,Statewide,14342
7278,2019,MC,Not Applicable,Gasoline,2002,ICE,Not Applicable,≥4,Statewide,5623
7279,2019,T4,2,Gasoline,2009,ICE,Not Applicable,2,Statewide,4902
7280,2019,T1,1,Gasoline,2012,ICE,Not Applicable,3,Statewide,2418
7281,2019,MC,Not Applicable,Gasoline,2015,ICE,Not Applicable,2,Statewide,2466
7282,2019,MC,Not Applicable,Gasoline,2006,ICE,Not Applicable,1,Statewide,2471
7283,2019,T1,1,Gasoline,1998,ICE,Not Applicable,≥4,Statewide,14371
7284,2019,T3,Unknown,Gasoline,2001,ICE,Not Applicable,2,Statewide,2471
7285,2019,T2,1,Gasoline,1997,ICE,Not Applicable,1,Statewide,2477
7286,2019,MC,Not Applicable,Gasoline,2016,ICE,Not Applicable,≥4,Statewide,10027
7287,2019,T1,Unknown,Gasoline,2016,ICE,Not Applicable,≥4,Statewide,5421
7288,2019,T4,2,Diesel,2002,ICE,Not Applicable,≥4,Statewide,4895
7289,2019,T4,2,Diesel,2017,ICE,Not Applicable,3,Statewide,1278
7290,2019,T1,1,Gasoline,2005,ICE,Not Applicable,2,Statewide,12885
7291,2019,T1,1,Gasoline,2007,ICE,Not Applicable,2,Statewide,12860
7292,2019,T2,1,Gasoline,2003,ICE,Not Applicable,1,Statewide,12849
7293,2019,T3,Unknown,Gasoline,2006,ICE,Not Applicable,1,Statewide,14428
7294,2019,T4,2,Diesel,2009,ICE,Not Applicable,≥4,Statewide,14432
7295,2019,T2,Unknown,Gasoline,2000,ICE,Not Applicable,≥4,Statewide,14449
7296,2019,T3,Unknown,Gasoline,2000,ICE,Not Applicable,≥4,Statewide,4879
7297,2019,T1,Unknown,Gasoline,2006,ICE,Not Applicable,1,Statewide,4876
7298,2019,T4,2,Diesel,2017,ICE,Not Applicable,2,Statewide,1297
7299,2019,P,Not Applicable,Gasoline,1984,ICE,Not Applicable,2,Statewide,1966
7300,2019,T2,Unknown,Gasoline,2009,ICE,Not Applicable,1,Statewide,42699
7301,2019,MC,Not Applicable,Gasoline,2006,ICE,Not Applicable,3,Statewide,5621
7302,2019,T1,Unknown,Gasoline,2016,ICE,Not Applicable,1,Statewide,5424
7303,2019,T2,1,Gasoline,2004,ICE,Not Applicable,1,Statewide,13022
7304,2019,T3,2,Gasoline,2015,ICE,Not Applicable,3,Statewide,12969
7305,2019,T1,1,Gasoline,1997,ICE,Not Applicable,3,Statewide,5442
7306,2019,T2,Unknown,Gasoline,2007,ICE,Not Applicable,2,Statewide,42251
7307,2019,T3,2,Gasoline,2017,ICE,Not Applicable,1,Statewide,12943
7308,2019,MC,Not Applicable,Gasoline,2015,ICE,Not Applicable,1,Statewide,1511
7309,2019,T1,1,Gasoline,1989,ICE,Not Applicable,3,Statewide,1513
7310,2019,T1,Unknown,Gasoline,2019,ICE,Not Applicable,1,Statewide,12942
7311,2019,P,Not Applicable,Diesel,2019,ICE,Not Applicable,2,Statewide,5575
7312,2019,T1,1,Gasoline,1996,ICE,Not Applicable,≥4,Statewide,12942
7313,2019,T1,Unknown,Gasoline,1975,ICE,Not Applicable,3,Statewide,12942
7314,2019,MC,Not Applicable,Gasoline,2001,ICE,Not Applicable,≥4,Statewide,5436
7315,2019,MH,Not Applicable,Gasoline,1996,ICE,Not Applicable,≥4,Statewide,1507
7316,2019,T6,7,Diesel,2009,ICE,Not Applicable,≥4,Statewide,1295
7317,2019,T2,1,Gasoline,1975,ICE,Not Applicable,2,Statewide,2465
7318,2019,T6,4,Diesel,2005,ICE,Not Applicable,≥4,Statewide,2466
7319,2019,T3,Unknown,Gasoline,2017,ICE,Not Applicable,2,Statewide,13336
7320,2019,T2,1,Gasoline,1999,ICE,Not Applicable,3,Statewide,5614
7321,2019,T1,Unknown,Gasoline,2003,ICE,Not Applicable,≥4,Statewide,4906
7322,2019,T6,6,Diesel,2003,ICE,Not Applicable,≥4,Statewide,1961
7323,2019,P,Not Applicable,Gasoline,2001,ICE,Not Applicable,≥4,Statewide,78232
7324,2019,T5,3,Diesel,2011,ICE,Not Applicable,3,Statewide,1962
7325,2019,T3,2,Gasoline,1996,ICE,Not Applicable,≥4,Statewide,4905
7326,2019,T1,1,Gasoline,2011,ICE,Not Applicable,2,Statewide,1937
7327,2019,P,Not Applicable,Gasoline,1989,ICE,Not Applicable,2,Statewide,3429
7328,2019,P,Not Applicable,Electric,2016,BEV,51 to 100 miles,2,Statewide,1257
7329,2019,P,Not Applicable,Gasoline,1987,ICE,Not Applicable,2,Statewide,1496
7330,2019,MC,Not Applicable,Gasoline,2001,ICE,Not Applicable,3,Statewide,1893
7331,2019,T1,Unknown,Gasoline,2019,ICE,Not Applicable,2,Statewide,16802
7332,2019,MH,Not Applicable,Gasoline,2001,ICE,Not Applicable,≥4,Statewide,2004
7333,2019,T6,7,Diesel,2015,ICE,Not Applicable,≥4,Statewide,1236
7334,2019,T2,Unknown,Gasoline,2016,ICE,Not Applicable,3,Statewide,44947
7335,2019,T6,6,Diesel,2016,ICE,Not Applicable,≥4,Statewide,2006
7336,2019,T1,Unknown,Gasoline,2010,ICE,Not Applicable,1,Statewide,3681
7337,2019,T3,2,Gasoline,2017,ICE,Not Applicable,3,Statewide,16816
7338,2019,T1,1,Gasoline,2000,ICE,Not Applicable,3,Statewide,7460
7339,2019,T2,1,Gasoline,2003,ICE,Not Applicable,2,Statewide,16826
7340,2019,T4,2,Diesel,2011,ICE,Not Applicable,≥4,Statewide,16788
7341,2019,MH,Not Applicable,Gasoline,2007,ICE,Not Applicable,3,Statewide,1232
7342,2019,P,Not Applicable,Gasoline,1993,ICE,Not Applicable,2,Statewide,8162
7343,2019,T3,2,Gasoline,2000,ICE,Not Applicable,≥4,Statewide,16915
7344,2019,T3,2,Gasoline,2000,ICE,Not Applicable,3,Statewide,8153
7345,2019,T3,2,Gasoline,2000,ICE,Not Applicable,2,Statewide,8136
7346,2019,T2,1,Gasoline,2004,ICE,Not Applicable,3,Statewide,14320
7347,2019,T3,Unknown,Gasoline,2010,ICE,Not Applicable,1,Statewide,17030
7348,2019,T3,2,Gasoline,2004,ICE,Not Applicable,2,Statewide,17064
7349,2019,P,Not Applicable,Gasoline,2003,ICE,Not Applicable,3,Statewide,68739
7350,2019,P,Not Applicable,Diesel,2019,ICE,Not Applicable,3,Statewide,4111
7351,2019,P,Not Applicable,Diesel,2015,ICE,Not Applicable,2,Statewide,2345
7352,2019,T4,2,Diesel,2013,ICE,Not Applicable,3,Statewide,3698
7353,2019,T6,5,Diesel,2009,ICE,Not Applicable,≥4,Statewide,2001
7354,2019,T1,1,Gasoline,1978,ICE,Not Applicable,≥4,Statewide,2000
7355,2019,T1,1,Gasoline,2009,ICE,Not Applicable,≥4,Statewide,8193
7356,2019,T4,2,Gasoline,1977,ICE,Not Applicable,≥4,Statewide,1240
7357,2019,T2,1,Gasoline,2015,ICE,Not Applicable,3,Statewide,8271
7358,2019,T4,2,Gasoline,2011,ICE,Not Applicable,3,Statewide,8266
7359,2019,T4,Unknown,Gasoline,1975,ICE,Not Applicable,≥4,Statewide,1487
7360,2019,T4,2,Gasoline,2002,ICE,Not Applicable,3,Statewide,2364
7361,2019,MC,Not Applicable,Gasoline,1999,ICE,Not Applicable,3,Statewide,1311
7362,2019,T2,1,Gasoline,2004,ICE,Not Applicable,2,Statewide,16588
7363,2019,T3,2,Gasoline,1980,ICE,Not Applicable,≥4,Statewide,1556
7364,2019,MH,Not Applicable,Gasoline,2002,ICE,Not Applicable,≥4,Statewide,2360
7365,2019,T1,1,Gasoline,2010,ICE,Not Applicable,1,Statewide,1559
7366,2019,T3,Unknown,Gasoline,2016,ICE,Not Applicable,≥4,Statewide,16596
7367,2019,T2,1,Gasoline,2020,ICE,Not Applicable,2,Statewide,69686
7368,2019,P,Not Applicable,Diesel,1987,ICE,Not Applicable,≥4,Statewide,1239
7369,2019,MC,Not Applicable,Gasoline,2003,ICE,Not Applicable,3,Statewide,2355
7370,2019,T1,Unknown,Gasoline,2017,ICE,Not Applicable,3,Statewide,8237
7371,2019,P,Not Applicable,Gasoline,1995,ICE,Not Applicable,2,Statewide,16648
7372,2019,MC,Not Applicable,Gasoline,2005,ICE,Not Applicable,≥4,Statewide,12370
7373,2019,P,Not Applicable,Gasoline,1989,ICE,Not Applicable,1,Statewide,2555
7374,2019,T2,1,Gasoline,1996,ICE,Not Applicable,1,Statewide,2555
7375,2019,T2,1,Gasoline,2001,ICE,Not Applicable,3,Statewide,7373
7376,2019,T6,5,Diesel,2018,ICE,Not Applicable,≥4,Statewide,2562
7377,2019,T3,2,Gasoline,2001,ICE,Not Applicable,≥4,Statewide,16718
7378,2019,MC,Not Applicable,Gasoline,2013,ICE,Not Applicable,3,Statewide,8223
7379,2019,T3,2,Gasoline,2009,ICE,Not Applicable,1,Statewide,25465
7380,2019,T5,3,Gasoline,2014,ICE,Not Applicable,≥4,Statewide,1231
7381,2019,MC,Not Applicable,Gasoline,2011,ICE,Not Applicable,2,Statewide,7558
7382,2019,T6,7,Diesel,2019,ICE,Not Applicable,≥4,Statewide,2342
7383,2019,T1,1,Gasoline,2007,ICE,Not Applicable,1,Statewide,7673
7384,2019,T3,2,Gasoline,2001,ICE,Not Applicable,3,Statewide,7710
7385,2019,MC,Not Applicable,Gasoline,2010,ICE,Not Applicable,≥4,Statewide,25107
7386,2019,P,Not Applicable,Electric,2017,BEV,51 to 100 miles,2,Statewide,1224
7387,2019,T4,2,Diesel,2000,ICE,Not Applicable,2,Statewide,1224
7388,2019,P,Not Applicable,Gasoline,1989,ICE,Not Applicable,≥4,Statewide,7726
7389,2019,T6,4,Gasoline,2012,ICE,Not Applicable,≥4,Statewide,1315
7390,2019,P,Not Applicable,Gasoline,1987,ICE,Not Applicable,3,Statewide,1569
7391,2019,T1,Unknown,Gasoline,2018,ICE,Not Applicable,2,Statewide,17583
7392,2019,T2,1,Gasoline,1993,ICE,Not Applicable,1,Statewide,1570
7393,2019,T4,2,Gasoline,1993,ICE,Not Applicable,≥4,Statewide,2592
7394,2019,T7,8,Diesel,1993,ICE,Not Applicable,≥4,Statewide,1223
7395,2019,T1,1,Gasoline,2012,ICE,Not Applicable,1,Statewide,2596
7396,2019,T6,6,Diesel,2021,ICE,Not Applicable,≥4,Statewide,1469
7397,2019,P,Not Applicable,Gasoline,2014,ICE,Not Applicable,3,Statewide,107410
7398,2019,P,Not Applicable,Electric,2019,BEV,51 to 100 miles,3,Statewide,4089
7399,2019,T3,Unknown,Gasoline,2018,ICE,Not Applicable,2,Statewide,12271
7400,2019,T4,2,Diesel,2006,ICE,Not Applicable,2,Statewide,4084
7401,2019,T4,2,Gasoline,2009,ICE,Not Applicable,≥4,Statewide,17616
7402,2019,T5,3,Diesel,2013,ICE,Not Applicable,3,Statewide,1317
7403,2019,T2,1,Gasoline,2000,ICE,Not Applicable,2,Statewide,7739
7404,2019,T3,Unknown,Gasoline,2015,ICE,Not Applicable,3,Statewide,7762
7405,2019,T6,6,Diesel,2020,ICE,Not Applicable,≥4,Statewide,3441
7406,2019,T5,3,Gasoline,2003,ICE,Not Applicable,≥4,Statewide,1315
7407,2019,T3,2,Gasoline,2005,ICE,Not Applicable,≥4,Statewide,44467
7408,2019,T4,2,Diesel,2002,ICE,Not Applicable,2,Statewide,2007
7409,2019,T1,1,Gasoline,1999,ICE,Not Applicable,≥4,Statewide,17443
7410,2019,T4,2,Diesel,2004,ICE,Not Applicable,1,Statewide,1890
7411,2019,T2,Unknown,Gasoline,1994,ICE,Not Applicable,≥4,Statewide,1889
7412,2019,T2,Unknown,Gasoline,2003,ICE,Not Applicable,3,Statewide,17132
7413,2019,T3,Unknown,Gasoline,2015,ICE,Not Applicable,≥4,Statewide,12333
7414,2019,T6,6,Diesel,2004,ICE,Not Applicable,≥4,Statewide,2571
7415,2019,T1,1,Gasoline,1996,ICE,Not Applicable,1,Statewide,4105
7416,2019,P,Not Applicable,Gasoline,2002,ICE,Not Applicable,≥4,Statewide,101390
7417,2019,T3,Unknown,Gasoline,2013,ICE,Not Applicable,2,Statewide,17193
7418,2019,T2,1,Gasoline,1980,ICE,Not Applicable,≥4,Statewide,1314
7419,2019,T1,Unknown,Gasoline,2001,ICE,Not Applicable,1,Statewide,1229
7420,2019,T4,2,Diesel,2009,ICE,Not Applicable,1,Statewide,3720
7421,2019,T3,2,Gasoline,2016,ICE,Not Applicable,3,Statewide,17289
7422,2019,T6,7,Diesel,2003,ICE,Not Applicable,≥4,Statewide,1229
7423,2019,P,Not Applicable,Gasoline,2002,ICE,Not Applicable,2,Statewide,68514
7424,2019,T2,Unknown,Gasoline,2000,ICE,Not Applicable,3,Statewide,7612
7425,2019,T3,2,Gasoline,1989,ICE,Not Applicable,≥4,Statewide,1226
7426,2019,T6,7,Diesel,2007,ICE,Not Applicable,≥4,Statewide,1226
7427,2019,T1,1,Gasoline,2004,ICE,Not Applicable,1,Statewide,7628
7428,2019,T2,Unknown,Gasoline,2020,ICE,Not Applicable,2,Statewide,7629
7429,2019,T2,1,Gasoline,2018,ICE,Not Applicable,≥4,Statewide,25183
7430,2019,P,Not Applicable,Gasoline,2005,ICE,Not Applicable,3,Statewide,103246
7431,2019,T4,2,Diesel,2003,ICE,Not Applicable,≥4,Statewide,1474
7432,2019,T4,2,Gasoline,2002,ICE,Not Applicable,1,Statewide,1568
7433,2019,MH,Not Applicable,Gasoline,1998,ICE,Not Applicable,≥4,Statewide,1569
7434,2019,T3,2,Gasoline,1994,ICE,Not Applicable,1,Statewide,1255
7435,2019,T1,1,Gasoline,2001,ICE,Not Applicable,3,Statewide,8309
7436,2019,MC,Not Applicable,Gasoline,2004,ICE,Not Applicable,1,Statewide,1242
7437,2019,T3,2,Gasoline,2021,ICE,Not Applicable,3,Statewide,1303
7438,2019,T2,Unknown,Gasoline,2018,ICE,Not Applicable,≥4,Statewide,71933
7439,2019,T4,2,Diesel,2020,ICE,Not Applicable,2,Statewide,2518
7440,2019,T4,2,Gasoline,1995,ICE,Not Applicable,2,Statewide,1250
7441,2019,T1,1,Gasoline,1991,ICE,Not Applicable,1,Statewide,2522
7442,2019,T2,1,Gasoline,2006,ICE,Not Applicable,1,Statewide,15639
7443,2019,T6,5,Diesel,2014,ICE,Not Applicable,≥4,Statewide,1250
7444,2019,T2,Unknown,Gasoline,2003,ICE,Not Applicable,1,Statewide,15654
7445,2019,P,Not Applicable,Diesel,2020,ICE,Not Applicable,≥4,Statewide,4229
7446,2019,T1,Unknown,Gasoline,2011,ICE,Not Applicable,2,Statewide,8527
7447,2019,T2,Unknown,Gasoline,2002,ICE,Not Applicable,2,Statewide,15558
7448,2019,T2,Unknown,Gasoline,2000,ICE,Not Applicable,2,Statewide,8505
7449,2019,T2,1,Gasoline,2009,ICE,Not Applicable,1,Statewide,15683
7450,2019,T2,Unknown,Gasoline,2010,ICE,Not Applicable,1,Statewide,44142
7451,2019,T3,Unknown,Gasoline,2003,ICE,Not Applicable,2,Statewide,8485
7452,2019,T7,8,Diesel,2009,ICE,Not Applicable,≥4,Statewide,3533
7453,2019,T2,1,Gasoline,2000,ICE,Not Applicable,≥4,Statewide,13945
7454,2019,T4,2,Gasoline,1994,ICE,Not Applicable,2,Statewide,1249
7455,2019,T1,1,Gasoline,1991,ICE,Not Applicable,3,Statewide,3532
7456,2019,P,Not Applicable,Gasoline,1980,ICE,Not Applicable,3,Statewide,1546
7457,2019,T1,1,Gasoline,2001,ICE,Not Applicable,2,Statewide,8820
7458,2019,T6,4,Gasoline,2006,ICE,Not Applicable,≥4,Statewide,1492
7459,2019,T2,1,Gasoline,2018,ICE,Not Applicable,2,Statewide,15659
7460,2019,T2,1,Gasoline,2012,ICE,Not Applicable,3,Statewide,15552
7461,2019,MC,Not Applicable,Gasoline,1976,ICE,Not Applicable,≥4,Statewide,1545
7462,2019,T7,8,Diesel,2014,ICE,Not Applicable,3,Statewide,1252
7463,2019,T1,Unknown,Gasoline,2018,ICE,Not Applicable,1,Statewide,13834
7464,2019,T1,1,Gasoline,2009,ICE,Not Applicable,3,Statewide,4200
7465,2019,MC,Not Applicable,Gasoline,2000,ICE,Not Applicable,3,Statewide,1543
7466,2019,T1,Unknown,Gasoline,2010,ICE,Not Applicable,≥4,Statewide,3663
7467,2019,T3,2,Gasoline,1998,ICE,Not Applicable,3,Statewide,3666
7468,2019,MC,Not Applicable,Gasoline,2004,ICE,Not Applicable,≥4,Statewide,8928
7469,2019,P,Not Applicable,Gasoline,2003,ICE,Not Applicable,1,Statewide,72608
7470,2019,T2,1,Gasoline,2001,ICE,Not Applicable,2,Statewide,8531
7471,2019,P,Not Applicable,Gasoline,2019,PHEV,0 to 50 miles,2,Statewide,8926
7472,2019,T2,Unknown,Gasoline,2002,ICE,Not Applicable,1,Statewide,12584
7473,2019,T4,2,Gasoline,2007,ICE,Not Applicable,2,Statewide,4220
7474,2019,T1,1,Gasoline,2000,ICE,Not Applicable,≥4,Statewide,15387
7475,2019,MC,Not Applicable,Gasoline,2015,ICE,Not Applicable,≥4,Statewide,8901
7476,2019,P,Not Applicable,Gasoline,1990,ICE,Not Applicable,3,Statewide,4226
7477,2019,T3,Unknown,Gasoline,2016,ICE,Not Applicable,2,Statewide,15470
7478,2019,T3,Unknown,Gasoline,2004,ICE,Not Applicable,2,Statewide,15522
7479,2019,T2,Unknown,Gasoline,1975,ICE,Not Applicable,2,Statewide,1252
7480,2019,T3,2,Gasoline,1983,ICE,Not Applicable,≥4,Statewide,2377
7481,2019,P,Not Applicable,Gasoline,2001,ICE,Not Applicable,1,Statewide,44084
7482,2019,T4,2,Gasoline,2003,ICE,Not Applicable,3,Statewide,1913
7483,2019,MC,Not Applicable,Gasoline,1978,ICE,Not Applicable,≥4,Statewide,1913
7484,2019,T3,Unknown,Gasoline,2003,ICE,Not Applicable,≥4,Statewide,15545
7485,2019,T1,1,Gasoline,2011,ICE,Not Applicable,1,Statewide,1493
7486,2019,T1,1,Gasoline,1976,ICE,Not Applicable,≥4,Statewide,1547
7487,2019,MC,Not Applicable,Gasoline,2006,ICE,Not Applicable,≥4,Statewide,15684
7488,2019,T3,2,Gasoline,2015,ICE,Not Applicable,2,Statewide,15695
7489,2019,T1,Unknown,Gasoline,2015,ICE,Not Applicable,2,Statewide,8484
7490,2019,P,Not Applicable,Diesel,2020,ICE,Not Applicable,1,Statewide,2539
7491,2019,MH,Not Applicable,Gasoline,2008,ICE,Not Applicable,3,Statewide,1492
7492,2019,T2,1,Gasoline,2018,ICE,Not Applicable,3,Statewide,12494
7493,2019,T2,1,Gasoline,2001,ICE,Not Applicable,≥4,Statewide,14058
7494,2019,T1,1,Gasoline,2003,ICE,Not Applicable,1,Statewide,8406
7495,2019,T1,Unknown,Gasoline,2019,ICE,Not Applicable,≥4,Statewide,14079
7496,2019,P,Not Applicable,Gasoline,1993,ICE,Not Applicable,≥4,Statewide,16003
7497,2019,P,Not Applicable,Gasoline,2017,PHEV,0 to 50 miles,1,Statewide,1491
7498,2019,T3,2,Gasoline,2004,ICE,Not Applicable,3,Statewide,16114
7499,2019,T2,1,Gasoline,2008,ICE,Not Applicable,1,Statewide,16119
7500,2019,T5,3,Gasoline,2008,ICE,Not Applicable,≥4,Statewide,2373
7501,2019,T5,3,Diesel,2014,ICE,Not Applicable,≥4,Statewide,1310
7502,2019,T1,Unknown,Gasoline,1975,ICE,Not Applicable,≥4,Statewide,44376
7503,2019,T4,2,Diesel,2020,ICE,Not Applicable,3,Statewide,2553
7504,2019,MH,Not Applicable,Gasoline,2010,ICE,Not Applicable,3,Statewide,1489
7505,2019,MC,Not Applicable,Gasoline,2017,ICE,Not Applicable,≥4,Statewide,16346
7506,2019,T2,Unknown,Gasoline,2001,ICE,Not Applicable,3,Statewide,8364
7507,2019,T5,3,Diesel,2010,ICE,Not Applicable,2,Statewide,1489
7508,2019,T1,1,Gasoline,2013,ICE,Not Applicable,≥4,Statewide,8354
7509,2019,P,Not Applicable,Gasoline,2004,ICE,Not Applicable,2,Statewide,96714
7510,2019,P,Not Applicable,Gasoline,1981,ICE,Not Applicable,3,Statewide,1242
7511,2019,T1,Unknown,Gasoline,2018,ICE,Not Applicable,≥4,Statewide,16457
7512,2019,T2,1,Gasoline,2020,ICE,Not Applicable,≥4,Statewide,96871
7513,2019,T2,Unknown,Gasoline,2012,ICE,Not Applicable,3,Statewide,44280
7514,2019,T5,3,Gasoline,2019,ICE,Not Applicable,≥4,Statewide,1898
7515,2019,T2,1,Gasoline,2002,ICE,Not Applicable,2,Statewide,14023
7516,2019,T2,1,Gasoline,2015,ICE,Not Applicable,≥4,Statewide,15883
7517,2019,T1,1,Gasoline,1993,ICE,Not Applicable,≥4,Statewide,8478
7518,2019,T1,1,Gasoline,2019,ICE,Not Applicable,3,Statewide,3510
7519,2019,MH,Not Applicable,Gasoline,2004,ICE,Not Applicable,≥4,Statewide,3510
7520,2019,T1,Unknown,Gasoline,2000,ICE,Not Applicable,≥4,Statewide,1909
7521,2019,T3,Unknown,Gasoline,1995,ICE,Not Applicable,≥4,Statewide,1306
7522,2019,T3,Unknown,Gasoline,1999,ICE,Not Applicable,≥4,Statewide,3507
7523,2019,T4,2,Gasoline,2006,ICE,Not Applicable,≥4,Statewide,15738
7524,2019,T1,Unknown,Gasoline,2012,ICE,Not Applicable,1,Statewide,8788
7525,2019,MC,Not Applicable,Gasoline,1998,ICE,Not Applicable,≥4,Statewide,3505
7526,2019,T2,Unknown,Gasoline,2016,ICE,Not Applicable,2,Statewide,71641
7527,2019,T4,2,Gasoline,2011,ICE,Not Applicable,2,Statewide,8780
7528,2019,P,Not Applicable,Gasoline,1985,ICE,Not Applicable,3,Statewide,1248
7529,2019,MC,Not Applicable,Gasoline,2012,ICE,Not Applicable,2,Statewide,8752
7530,2019,T3,Unknown,Gasoline,2018,ICE,Not Applicable,3,Statewide,8749
7531,2019,T1,1,Gasoline,1999,ICE,Not Applicable,3,Statewide,8747
7532,2019,T1,Unknown,Gasoline,2014,ICE,Not Applicable,2,Statewide,15840
7533,2019,T3,Unknown,Gasoline,2005,ICE,Not Applicable,2,Statewide,15864
7534,2019,T1,1,Gasoline,1990,ICE,Not Applicable,2,Statewide,1996
7535,2019,T3,2,Gasoline,2012,ICE,Not Applicable,≥4,Statewide,71478
7536,2019,T6,4,Diesel,2008,ICE,Not Applicable,≥4,Statewide,1549
7537,2019,T5,3,Gasoline,2000,ICE,Not Applicable,≥4,Statewide,1247
7538,2019,T3,2,Gasoline,2018,ICE,Not Applicable,1,Statewide,14015
7539,2019,T1,1,Gasoline,2001,ICE,Not Applicable,≥4,Statewide,15875
7540,2019,T6,5,Gasoline,2017,ICE,Not Applicable,≥4,Statewide,1551
7541,2019,T3,2,Gasoline,2011,ICE,Not Applicable,1,Statewide,22551
7542,2019,T4,2,Diesel,2012,ICE,Not Applicable,≥4,Statewide,9734
7543,2019,T1,Unknown,Gasoline,2015,ICE,Not Applicable,1,Statewide,6026
7544,2019,T2,1,Gasoline,2021,ICE,Not Applicable,≥4,Statewide,10368
7545,2019,P,Not Applicable,Gasoline,2019,ICE,Not Applicable,3,Statewide,189427
7546,2019,T2,1,Gasoline,1994,ICE,Not Applicable,2,Statewide,2942
7547,2019,P,Not Applicable,Gasoline,2017,PHEV,0 to 50 miles,2,Statewide,3020
7548,2019,T2,Unknown,Gasoline,1975,ICE,Not Applicable,≥4,Statewide,6334
7549,2019,T4,2,Gasoline,1996,ICE,Not Applicable,≥4,Statewide,3019
7550,2019,T2,1,Gasoline,2009,ICE,Not Applicable,≥4,Statewide,31626
7551,2019,T6,7,Diesel,2005,ICE,Not Applicable,≥4,Statewide,2153
7552,2019,P,Not Applicable,Gasoline,2010,ICE,Not Applicable,2,Statewide,190454
7553,2019,MC,Not Applicable,Gasoline,1997,ICE,Not Applicable,≥4,Statewide,3018
7554,2019,T2,1,Gasoline,2004,ICE,Not Applicable,≥4,Statewide,27277
7555,2019,P,Not Applicable,Diesel,2018,ICE,Not Applicable,3,Statewide,3013
7556,2019,T2,Unknown,Gasoline,1995,ICE,Not Applicable,1,Statewide,1367
7557,2019,T2,1,Gasoline,2013,ICE,Not Applicable,3,Statewide,10426
7558,2019,P,Not Applicable,Gasoline,2000,ICE,Not Applicable,1,Statewide,41379
7559,2019,T3,2,Gasoline,2004,ICE,Not Applicable,1,Statewide,11584
7560,2019,T1,Unknown,Gasoline,2008,ICE,Not Applicable,1,Statewide,4370
7561,2019,T2,Unknown,Gasoline,2000,ICE,Not Applicable,1,Statewide,7237
7562,2019,P,Not Applicable,Gasoline,2015,ICE,Not Applicable,≥4,Statewide,192265
7563,2019,T1,Unknown,Gasoline,2011,ICE,Not Applicable,≥4,Statewide,7236
7564,2019,T7,8,Diesel,2015,ICE,Not Applicable,≥4,Statewide,10356
7565,2019,P,Not Applicable,Gasoline,2007,ICE,Not Applicable,≥4,Statewide,185360
7566,2019,T3,Unknown,Gasoline,2017,ICE,Not Applicable,1,Statewide,7208
7567,2019,T4,2,Gasoline,2002,ICE,Not Applicable,≥4,Statewide,7213
7568,2019,P,Not Applicable,Gasoline,2019,PHEV,0 to 50 miles,3,Statewide,6386
7569,2019,T6,6,Diesel,2014,ICE,Not Applicable,≥4,Statewide,1698
7570,2019,T4,2,Gasoline,2013,ICE,Not Applicable,≥4,Statewide,10246
7571,2019,T7,8,Diesel,2019,ICE,Not Applicable,≥4,Statewide,10255
7572,2019,T5,3,Diesel,2011,ICE,Not Applicable,≥4,Statewide,7226
7573,2019,T4,2,Diesel,1999,ICE,Not Applicable,≥4,Statewide,1751
7574,2019,P,Not Applicable,Gasoline,1992,ICE,Not Applicable,2,Statewide,7227
7575,2019,T1,Unknown,Gasoline,2020,ICE,Not Applicable,2,Statewide,1752
7576,2019,P,Not Applicable,Gasoline,1990,ICE,Not Applicable,≥4,Statewide,10286
7577,2019,T5,3,Gasoline,2006,ICE,Not Applicable,≥4,Statewide,2928
7578,2019,T4,2,Diesel,2005,ICE,Not Applicable,≥4,Statewide,6363
7579,2019,T3,2,Gasoline,2016,ICE,Not Applicable,≥4,Statewide,41194
7580,2019,T6,4,Diesel,2013,ICE,Not Applicable,≥4,Statewide,2932
7581,2019,T3,2,Gasoline,1994,ICE,Not Applicable,3,Statewide,1752
7582,2019,T1,Unknown,Gasoline,2005,ICE,Not Applicable,1,Statewide,2938
7583,2019,P,Not Applicable,Gasoline,2017,ICE,Not Applicable,≥4,Statewide,268069
7584,2019,T1,Unknown,Gasoline,2018,ICE,Not Applicable,3,Statewide,11550
7585,2019,P,Not Applicable,Gasoline,1999,ICE,Not Applicable,≥4,Statewide,57632
7586,2019,T3,2,Gasoline,2019,ICE,Not Applicable,3,Statewide,27149
7587,2019,T2,1,Gasoline,1992,ICE,Not Applicable,3,Statewide,1383
7588,2019,P,Not Applicable,Gasoline,2011,ICE,Not Applicable,2,Statewide,198234
7589,2019,T1,1,Gasoline,1994,ICE,Not Applicable,3,Statewide,5400
7590,2019,T2,Unknown,Gasoline,2005,ICE,Not Applicable,1,Statewide,26938
7591,2019,T1,1,Gasoline,1975,ICE,Not Applicable,≥4,Statewide,5071
7592,2019,T7,8,Diesel,1995,ICE,Not Applicable,≥4,Statewide,1671
7593,2019,T2,Unknown,Gasoline,2004,ICE,Not Applicable,2,Statewide,26915
7594,2019,T2,Unknown,Gasoline,1995,ICE,Not Applicable,2,Statewide,1671
7595,2019,P,Not Applicable,Gasoline,2008,ICE,Not Applicable,≥4,Statewide,198540
7596,2019,P,Not Applicable,Gasoline,2019,ICE,Not Applicable,1,Statewide,198549
7597,2019,T3,2,Gasoline,2006,ICE,Not Applicable,≥4,Statewide,57172
7598,2019,MC,Not Applicable,Gasoline,2005,ICE,Not Applicable,1,Statewide,1778
7599,2019,T3,2,Diesel,2017,ICE,Not Applicable,≥4,Statewide,1775
7600,2019,T1,Unknown,Gasoline,2008,ICE,Not Applicable,≥4,Statewide,5074
7601,2019,T2,1,Gasoline,2015,ICE,Not Applicable,1,Statewide,7311
7602,2019,P,Not Applicable,Gasoline,2002,ICE,Not Applicable,3,Statewide,56865
7603,2019,T1,1,Gasoline,2020,ICE,Not Applicable,1,Statewide,27161
7604,2019,T2,1,Gasoline,2019,ICE,Not Applicable,2,Statewide,27271
7605,2019,T4,2,Gasoline,1994,ICE,Not Applicable,≥4,Statewide,3985
7606,2019,MH,Not Applicable,Gasoline,2009,ICE,Not Applicable,≥4,Statewide,3995
7607,2019,P,Not Applicable,Gasoline,1994,ICE,Not Applicable,2,Statewide,11534
7608,2019,T3,2,Diesel,2019,ICE,Not Applicable,2,Statewide,1113
7609,2019,T1,Unknown,Gasoline,2012,ICE,Not Applicable,3,Statewide,7253
7610,2019,T1,1,Gasoline,2006,ICE,Not Applicable,2,Statewide,11484
7611,2019,T3,Unknown,Gasoline,2004,ICE,Not Applicable,1,Statewide,11465
7612,2019,T3,Unknown,Gasoline,2005,ICE,Not Applicable,1,Statewide,11452
7613,2019,P,Not Applicable,Gasoline,2016,ICE,Not Applicable,≥4,Statewide,192354
7614,2019,T7,8,Diesel,2020,ICE,Not Applicable,≥4,Statewide,11432
7615,2019,T2,Unknown,Gasoline,2018,ICE,Not Applicable,1,Statewide,51791
7616,2019,T1,1,Gasoline,2010,ICE,Not Applicable,2,Statewide,2085
7617,2019,P,Not Applicable,Gasoline,1987,ICE,Not Applicable,≥4,Statewide,4368
7618,2019,T7,8,Diesel,2006,ICE,Not Applicable,≥4,Statewide,4364
7619,2019,P,Not Applicable,Gasoline,2009,ICE,Not Applicable,≥4,Statewide,192883
7620,2019,T3,Unknown,Gasoline,2002,ICE,Not Applicable,2,Statewide,5402
7621,2019,T6,4,Diesel,2003,ICE,Not Applicable,≥4,Statewide,1111
7622,2019,T3,2,Gasoline,1995,ICE,Not Applicable,2,Statewide,2187
7623,2019,T5,3,Diesel,2013,ICE,Not Applicable,≥4,Statewide,5055
7624,2019,MH,Not Applicable,Diesel,2010,ICE,Not Applicable,≥4,Statewide,1779
7625,2019,MC,Not Applicable,Gasoline,2019,ICE,Not Applicable,2,Statewide,7205
7626,2019,T4,Unknown,Gasoline,2005,ICE,Not Applicable,2,Statewide,1092
7627,2019,MC,Not Applicable,Gasoline,1991,ICE,Not Applicable,3,Statewide,1092
7628,2019,T6,6,Diesel,2009,ICE,Not Applicable,≥4,Statewide,3126
7629,2019,T3,Unknown,Gasoline,2009,ICE,Not Applicable,≥4,Statewide,49718
7630,2019,MH,Not Applicable,Gasoline,2008,ICE,Not Applicable,≥4,Statewide,3125
7631,2019,MC,Not Applicable,Gasoline,1992,ICE,Not Applicable,≥4,Statewide,2917
7632,2019,T4,2,Gasoline,1999,ICE,Not Applicable,≥4,Statewide,3893
7633,2019,T5,3,Gasoline,2007,ICE,Not Applicable,≥4,Statewide,2108
7634,2019,T6,6,Diesel,2018,ICE,Not Applicable,≥4,Statewide,2919
7635,2019,T6,4,Diesel,2006,ICE,Not Applicable,≥4,Statewide,2207
7636,2019,T1,1,Gasoline,1975,ICE,Not Applicable,2,Statewide,1432
7637,2019,T5,3,Gasoline,2009,ICE,Not Applicable,≥4,Statewide,2925
7638,2019,T5,3,Diesel,2011,ICE,Not Applicable,2,Statewide,1795
7639,2019,T4,2,Gasoline,2006,ICE,Not Applicable,1,Statewide,3119
7640,2019,T2,1,Gasoline,1992,ICE,Not Applicable,≥4,Statewide,3117
7641,2019,T6,5,Diesel,2011,ICE,Not Applicable,≥4,Statewide,3115
7642,2019,T1,Unknown,Gasoline,2019,ICE,Not Applicable,3,Statewide,10085
7643,2019,T6,7,Diesel,2006,ICE,Not Applicable,≥4,Statewide,1794
7644,2019,T7,8,Diesel,2003,ICE,Not Applicable,≥4,Statewide,3113
7645,2019,T1,Unknown,Gasoline,2014,ICE,Not Applicable,3,Statewide,10037
7646,2019,T1,1,Gasoline,2006,ICE,Not Applicable,1,Statewide,7152
7647,2019,T4,2,Diesel,2012,ICE,Not Applicable,2,Statewide,3902
7648,2019,P,Not Applicable,Gasoline,2020,ICE,Not Applicable,3,Statewide,174773
7649,2019,P,Not Applicable,Diesel,1989,ICE,Not Applicable,≥4,Statewide,1124
7650,2019,T1,Unknown,Gasoline,2006,ICE,Not Applicable,≥4,Statewide,7077
7651,2019,T6,7,Diesel,2010,ICE,Not Applicable,≥4,Statewide,1795
7652,2019,P,Not Applicable,Gasoline,2000,ICE,Not Applicable,3,Statewide,40094
7653,2019,T1,1,Gasoline,1990,ICE,Not Applicable,3,Statewide,2072
7654,2019,P,Not Applicable,Diesel,2019,ICE,Not Applicable,1,Statewide,3913
7655,2019,T4,2,Gasoline,1994,ICE,Not Applicable,3,Statewide,1358
7656,2019,T3,2,Diesel,2020,ICE,Not Applicable,1,Statewide,1123
7657,2019,P,Not Applicable,Gasoline,1993,ICE,Not Applicable,1,Statewide,7083
7658,2019,T2,Unknown,Gasoline,2011,ICE,Not Applicable,3,Statewide,40218
7659,2019,P,Not Applicable,Gasoline,2005,ICE,Not Applicable,≥4,Statewide,174383
7660,2019,MH,Not Applicable,Gasoline,1999,ICE,Not Applicable,≥4,Statewide,2147
7661,2019,MC,Not Applicable,Gasoline,2016,ICE,Not Applicable,3,Statewide,3845
7662,2019,T5,3,Diesel,2012,ICE,Not Applicable,≥4,Statewide,4440
7663,2019,T1,1,Gasoline,2013,ICE,Not Applicable,2,Statewide,4428
7664,2019,T7,8,Diesel,2008,ICE,Not Applicable,≥4,Statewide,3848
7665,2019,T7,8,Diesel,1999,ICE,Not Applicable,≥4,Statewide,2149
7666,2019,T3,2,Gasoline,2003,ICE,Not Applicable,2,Statewide,10034
7667,2019,T1,1,Gasoline,2020,ICE,Not Applicable,2,Statewide,31832
7668,2019,T2,Unknown,Gasoline,2019,ICE,Not Applicable,2,Statewide,59550
7669,2019,T1,Unknown,Gasoline,2010,ICE,Not Applicable,2,Statewide,4422
7670,2019,T1,1,Gasoline,1987,ICE,Not Applicable,≥4,Statewide,1790
7671,2019,P,Not Applicable,Gasoline,2006,ICE,Not Applicable,≥4,Statewide,181103
7672,2019,T4,2,Gasoline,1998,ICE,Not Applicable,3,Statewide,1091
7673,2019,MC,Not Applicable,Gasoline,1985,ICE,Not Applicable,≥4,Statewide,2103
7674,2019,P,Not Applicable,Gasoline,2018,ICE,Not Applicable,2,Statewide,271799
7675,2019,T1,1,Gasoline,1995,ICE,Not Applicable,1,Statewide,3110
7676,2019,MC,Not Applicable,Gasoline,2018,ICE,Not Applicable,2,Statewide,6401
7677,2019,T3,2,Gasoline,2017,ICE,Not Applicable,≥4,Statewide,41022
7678,2019,MC,Not Applicable,Gasoline,2013,ICE,Not Applicable,1,Statewide,3884
7679,2019,T1,1,Gasoline,2014,ICE,Not Applicable,2,Statewide,2102
7680,2019,P,Not Applicable,Gasoline,1994,ICE,Not Applicable,1,Statewide,10193
7681,2019,P,Not Applicable,Gasoline,2017,ICE,Not Applicable,1,Statewide,184363
7682,2019,P,Not Applicable,Electric,2017,BEV,51 to 100 miles,≥4,Statewide,1115
7683,2019,T1,1,Gasoline,1995,ICE,Not Applicable,≥4,Statewide,10200
7684,2019,T4,2,Gasoline,2000,ICE,Not Applicable,1,Statewide,1429
7685,2019,P,Not Applicable,Gasoline,2001,ICE,Not Applicable,2,Statewide,50102
7686,2019,T7,8,Diesel,2018,ICE,Not Applicable,≥4,Statewide,10217
7687,2019,T4,2,Gasoline,1990,ICE,Not Applicable,≥4,Statewide,1790
7688,2019,T6,7,Diesel,2002,ICE,Not Applicable,≥4,Statewide,1091
7689,2019,T4,2,Diesel,2004,ICE,Not Applicable,≥4,Statewide,7183
7690,2019,T6,6,Diesel,2007,ICE,Not Applicable,≥4,Statewide,2199
7691,2019,MH,Not Applicable,Diesel,2009,ICE,Not Applicable,≥4,Statewide,1406
7692,2019,T3,2,Gasoline,2013,ICE,Not Applicable,≥4,Statewide,54945
7693,2019,T4,2,Diesel,2011,ICE,Not Applicable,3,Statewide,7162
7694,2019,T1,1,Gasoline,2006,ICE,Not Applicable,3,Statewide,10127
7695,2019,P,Not Applicable,Gasoline,2020,ICE,Not Applicable,1,Statewide,179563
7696,2019,P,Not Applicable,Gasoline,2013,ICE,Not Applicable,2,Statewide,179633
7697,2019,T1,1,Gasoline,1975,ICE,Not Applicable,3,Statewide,1793
7698,2019,T1,1,Gasoline,1998,ICE,Not Applicable,2,Statewide,7162
7699,2019,T1,Unknown,Gasoline,2012,ICE,Not Applicable,2,Statewide,11369
7700,2019,T2,1,Gasoline,2012,ICE,Not Applicable,≥4,Statewide,27728
7701,2019,P,Not Applicable,Gasoline,1992,ICE,Not Applicable,3,Statewide,6406
7702,2019,T6,5,Diesel,2017,ICE,Not Applicable,≥4,Statewide,3863
7703,2019,T3,Unknown,Gasoline,2008,ICE,Not Applicable,≥4,Statewide,52036
7704,2019,T2,1,Gasoline,2014,ICE,Not Applicable,2,Statewide,7171
7705,2019,T3,Unknown,Gasoline,2005,ICE,Not Applicable,≥4,Statewide,27717
7706,2019,P,Not Applicable,Diesel,2016,ICE,Not Applicable,3,Statewide,2078
7707,2019,T2,1,Gasoline,1993,ICE,Not Applicable,3,Statewide,2202
7708,2019,MH,Not Applicable,Gasoline,2006,ICE,Not Applicable,≥4,Statewide,2202
7709,2019,T1,1,Gasoline,2018,ICE,Not Applicable,≥4,Statewide,1116
7710,2019,T2,Unknown,Gasoline,1998,ICE,Not Applicable,3,Statewide,3838
7711,2019,T4,Unknown,Gasoline,2007,ICE,Not Applicable,≥4,Statewide,1693
7712,2019,P,Not Applicable,Gasoline,1998,ICE,Not Applicable,2,Statewide,26842
7713,2019,T3,Unknown,Gasoline,2011,ICE,Not Applicable,3,Statewide,25831
7714,2019,T2,1,Gasoline,2002,ICE,Not Applicable,≥4,Statewide,25644
7715,2019,T3,2,Gasoline,1978,ICE,Not Applicable,≥4,Statewide,1764
7716,2019,T6,7,Diesel,2014,ICE,Not Applicable,≥4,Statewide,1688
7717,2019,MH,Not Applicable,Gasoline,2020,ICE,Not Applicable,≥4,Statewide,1764
7718,2019,T1,Unknown,Gasoline,2002,ICE,Not Applicable,1,Statewide,2168
7719,2019,P,Not Applicable,Gasoline,1995,ICE,Not Applicable,≥4,Statewide,31024
7720,2019,T1,1,Gasoline,2012,ICE,Not Applicable,≥4,Statewide,6152
7721,2019,T1,Unknown,Gasoline,2015,ICE,Not Applicable,≥4,Statewide,6142
7722,2019,T1,1,Gasoline,2002,ICE,Not Applicable,2,Statewide,10758
7723,2019,P,Not Applicable,Electric,2018,BEV,>150 miles,3,Statewide,1762
7724,2019,T3,Unknown,Gasoline,2019,ICE,Not Applicable,1,Statewide,10962
7725,2019,T4,2,Diesel,2019,ICE,Not Applicable,≥4,Statewide,5158
7726,2019,P,Not Applicable,Gasoline,2011,ICE,Not Applicable,≥4,Statewide,238351
7727,2019,T3,2,Gasoline,1977,ICE,Not Applicable,≥4,Statewide,1762
7728,2019,T1,Unknown,Gasoline,1978,ICE,Not Applicable,≥4,Statewide,1100
7729,2019,T2,1,Gasoline,1999,ICE,Not Applicable,≥4,Statewide,10937
7730,2019,T4,2,Gasoline,1992,ICE,Not Applicable,≥4,Statewide,1764
7731,2019,T1,1,Gasoline,2008,ICE,Not Applicable,≥4,Statewide,10932
7732,2019,T4,2,Gasoline,2000,ICE,Not Applicable,≥4,Statewide,6177
7733,2019,T4,2,Diesel,2004,ICE,Not Applicable,2,Statewide,2992
7734,2019,T2,1,Gasoline,2002,ICE,Not Applicable,1,Statewide,10682
7735,2019,MC,Not Applicable,Gasoline,1990,ICE,Not Applicable,≥4,Statewide,3000
7736,2019,T1,1,Gasoline,2019,ICE,Not Applicable,2,Statewide,5280
7737,2019,P,Not Applicable,Gasoline,1991,ICE,Not Applicable,3,Statewide,5278
7738,2019,T3,2,Gasoline,2020,ICE,Not Applicable,3,Statewide,31111
7739,2019,P,Not Applicable,Electric,2017,BEV,51 to 100 miles,3,Statewide,1102
7740,2019,T1,1,Gasoline,2009,ICE,Not Applicable,2,Statewide,5263
7741,2019,MC,Not Applicable,Gasoline,2016,ICE,Not Applicable,2,Statewide,2997
7742,2019,T7,8,Diesel,2001,ICE,Not Applicable,≥4,Statewide,2971
7743,2019,MC,Not Applicable,Gasoline,1984,ICE,Not Applicable,≥4,Statewide,2100
7744,2019,T2,Unknown,Gasoline,1998,ICE,Not Applicable,2,Statewide,4509
7745,2019,P,Not Applicable,Gasoline,2018,ICE,Not Applicable,1,Statewide,220820
7746,2019,T2,Unknown,Gasoline,1999,ICE,Not Applicable,3,Statewide,5147
7747,2019,T4,2,Gasoline,2009,ICE,Not Applicable,3,Statewide,5253
7748,2019,T3,2,Gasoline,1995,ICE,Not Applicable,3,Statewide,2169
7749,2019,T2,Unknown,Gasoline,2020,ICE,Not Applicable,1,Statewide,5152
7750,2019,T1,Unknown,Gasoline,2003,ICE,Not Applicable,3,Statewide,2975
7751,2019,T5,3,Diesel,2009,ICE,Not Applicable,≥4,Statewide,2976
7752,2019,T6,4,Gasoline,2007,ICE,Not Applicable,≥4,Statewide,1374
7753,2019,T4,Unknown,Gasoline,2005,ICE,Not Applicable,≥4,Statewide,3108
7754,2019,P,Not Applicable,Gasoline,2010,ICE,Not Applicable,≥4,Statewide,224551
7755,2019,T3,2,Gasoline,2021,ICE,Not Applicable,≥4,Statewide,3948
7756,2019,T4,2,Gasoline,1995,ICE,Not Applicable,≥4,Statewide,3948
7757,2019,T6,6,Diesel,2010,ICE,Not Applicable,≥4,Statewide,4544
7758,2019,P,Not Applicable,Gasoline,1977,ICE,Not Applicable,3,Statewide,4546
7759,2019,T1,Unknown,Gasoline,2007,ICE,Not Applicable,3,Statewide,3949
7760,2019,MC,Not Applicable,Gasoline,2011,ICE,Not Applicable,3,Statewide,10764
7761,2019,P,Not Applicable,Gasoline,1982,ICE,Not Applicable,2,Statewide,1379
7762,2019,MC,Not Applicable,Gasoline,2008,ICE,Not Applicable,1,Statewide,3096
7763,2019,P,Not Applicable,Gasoline,1978,ICE,Not Applicable,2,Statewide,3093
7764,2019,T4,2,Gasoline,2019,ICE,Not Applicable,≥4,Statewide,4556
7765,2019,MC,Not Applicable,Gasoline,2007,ICE,Not Applicable,2,Statewide,4556
7766,2019,P,Not Applicable,Gasoline,2018,PHEV,0 to 50 miles,3,Statewide,4554
7767,2019,T2,Unknown,Gasoline,2005,ICE,Not Applicable,3,Statewide,30950
7768,2019,T1,1,Gasoline,2018,ICE,Not Applicable,1,Statewide,1380
7769,2019,T4,2,Diesel,2011,ICE,Not Applicable,1,Statewide,3953
7770,2019,P,Not Applicable,Electric,2019,BEV,51 to 100 miles,2,Statewide,5192
7771,2019,T1,Unknown,Gasoline,2020,ICE,Not Applicable,≥4,Statewide,1099
7772,2019,T1,1,Gasoline,2004,ICE,Not Applicable,3,Statewide,10824
7773,2019,T1,1,Gasoline,2007,ICE,Not Applicable,3,Statewide,10918
7774,2019,T6,6,Diesel,2012,ICE,Not Applicable,≥4,Statewide,5233
7775,2019,P,Not Applicable,Gasoline,2017,ICE,Not Applicable,2,Statewide,227512
7776,2019,T6,4,Diesel,2011,ICE,Not Applicable,≥4,Statewide,2976
7777,2019,T3,2,Diesel,2020,ICE,Not Applicable,3,Statewide,1683
7778,2019,T4,2,Gasoline,2001,ICE,Not Applicable,1,Statewide,1377
7779,2019,P,Not Applicable,Gasoline,2021,ICE,Not Applicable,2,Statewide,10907
7780,2019,MC,Not Applicable,Gasoline,2008,ICE,Not Applicable,2,Statewide,5241
7781,2019,T3,Unknown,Gasoline,2019,ICE,Not Applicable,≥4,Statewide,25634
7782,2019,MC,Not Applicable,Gasoline,2020,ICE,Not Applicable,1,Statewide,5167
7783,2019,T1,1,Gasoline,2008,ICE,Not Applicable,1,Statewide,4574
7784,2019,T4,2,Diesel,2016,ICE,Not Applicable,3,Statewide,1681
7785,2019,T1,Unknown,Gasoline,2017,ICE,Not Applicable,≥4,Statewide,10880
7786,2019,T1,1,Gasoline,1986,ICE,Not Applicable,≥4,Statewide,1381
7787,2019,MC,Not Applicable,Gasoline,2000,ICE,Not Applicable,≥4,Statewide,4512
7788,2019,T6,6,Diesel,2011,ICE,Not Applicable,≥4,Statewide,4527
7789,2019,P,Not Applicable,Gasoline,1990,ICE,Not Applicable,2,Statewide,4566
7790,2019,P,Not Applicable,Gasoline,2020,PHEV,0 to 50 miles,≥4,Statewide,5206
7791,2019,T1,1,Gasoline,1994,ICE,Not Applicable,2,Statewide,5196
7792,2019,T3,Unknown,Gasoline,2016,ICE,Not Applicable,3,Statewide,10872
7793,2019,T2,1,Gasoline,2017,ICE,Not Applicable,1,Statewide,10839
7794,2019,T6,5,Gasoline,2016,ICE,Not Applicable,≥4,Statewide,1102
7795,2019,MC,Not Applicable,Gasoline,2012,ICE,Not Applicable,1,Statewide,5281
7796,2019,T3,Unknown,Gasoline,2002,ICE,Not Applicable,≥4,Statewide,10640
7797,2019,T2,Unknown,Gasoline,2016,ICE,Not Applicable,≥4,Statewide,55195
7798,2019,P,Not Applicable,Electric,2020,BEV,>150 miles,2,Statewide,1421
7799,2019,T1,Unknown,Gasoline,2008,ICE,Not Applicable,2,Statewide,5340
7800,2019,T1,Unknown,Gasoline,2009,ICE,Not Applicable,2,Statewide,5338
7801,2019,T6,5,Diesel,2007,ICE,Not Applicable,≥4,Statewide,1095
7802,2019,T4,2,Diesel,2001,ICE,Not Applicable,3,Statewide,1420
7803,2019,T2,Unknown,Gasoline,2007,ICE,Not Applicable,≥4,Statewide,50868
7804,2019,T1,1,Gasoline,1997,ICE,Not Applicable,≥4,Statewide,11215
7805,2019,P,Not Applicable,Gasoline,2018,ICE,Not Applicable,3,Statewide,207557
7806,2019,T1,1,Gasoline,2005,ICE,Not Applicable,3,Statewide,11193
7807,2019,P,Not Applicable,Gasoline,2019,ICE,Not Applicable,2,Statewide,247916
7808,2019,T4,2,Gasoline,2012,ICE,Not Applicable,≥4,Statewide,11162
7809,2019,T2,Unknown,Gasoline,2004,ICE,Not Applicable,3,Statewide,22532
7810,2019,T3,2,Gasoline,2014,ICE,Not Applicable,2,Statewide,11160
7811,2019,T1,Unknown,Gasoline,2014,ICE,Not Applicable,1,Statewide,11156
7812,2019,MC,Not Applicable,Gasoline,1975,ICE,Not Applicable,3,Statewide,1691
7813,2019,P,Not Applicable,Gasoline,1983,ICE,Not Applicable,≥4,Statewide,5101
7814,2019,P,Not Applicable,Electric,2019,BEV,51 to 100 miles,≥4,Statewide,4478
7815,2019,T2,1,Gasoline,2018,ICE,Not Applicable,1,Statewide,11098
7816,2019,P,Not Applicable,Electric,2020,BEV,>150 miles,≥4,Statewide,1674
7817,2019,T2,1,Diesel,2020,ICE,Not Applicable,≥4,Statewide,1673
7818,2019,T2,1,Gasoline,2000,ICE,Not Applicable,1,Statewide,6273
7819,2019,T5,3,Diesel,2012,ICE,Not Applicable,2,Statewide,1109
7820,2019,P,Not Applicable,Gasoline,1993,ICE,Not Applicable,3,Statewide,7335
7821,2019,T1,Unknown,Gasoline,2010,ICE,Not Applicable,3,Statewide,2963
7822,2019,MC,Not Applicable,Gasoline,1996,ICE,Not Applicable,≥4,Statewide,2970
7823,2019,T2,1,Gasoline,2010,ICE,Not Applicable,2,Statewide,26690
7824,2019,MC,Not Applicable,Gasoline,2019,ICE,Not Applicable,1,Statewide,5359
7825,2019,T2,Unknown,Gasoline,2012,ICE,Not Applicable,≥4,Statewide,56784
7826,2019,T1,1,Gasoline,2021,ICE,Not Applicable,≥4,Statewide,2182
7827,2019,P,Not Applicable,Gasoline,1975,ICE,Not Applicable,≥4,Statewide,201522
7828,2019,T3,2,Gasoline,1991,ICE,Not Applicable,≥4,Statewide,2177
7829,2019,B,Not Applicable,Gasoline,2011,ICE,Not Applicable,≥4,Statewide,1410
7830,2019,T1,Unknown,Gasoline,2002,ICE,Not Applicable,3,Statewide,2177
7831,2019,P,Not Applicable,Gasoline,1976,ICE,Not Applicable,3,Statewide,3973
7832,2019,MC,Not Applicable,Gasoline,2010,ICE,Not Applicable,2,Statewide,6236
7833,2019,T1,1,Gasoline,2015,ICE,Not Applicable,≥4,Statewide,1108
7834,2019,T2,1,Gasoline,2011,ICE,Not Applicable,2,Statewide,26536
7835,2019,T3,Unknown,Gasoline,2014,ICE,Not Applicable,1,Statewide,3965
7836,2019,T1,Unknown,Gasoline,2020,ICE,Not Applicable,1,Statewide,1371
7837,2019,P,Not Applicable,Gasoline,1980,ICE,Not Applicable,≥4,Statewide,5118
7838,2019,P,Not Applicable,Gasoline,2012,ICE,Not Applicable,≥4,Statewide,247576
7839,2019,T2,1,Gasoline,2014,ICE,Not Applicable,1,Statewide,4498
7840,2019,T2,Unknown,Gasoline,2008,ICE,Not Applicable,≥4,Statewide,51093
7841,2019,T7,8,Diesel,2017,ICE,Not Applicable,≥4,Statewide,10501
7842,2019,T3,Unknown,Gasoline,2002,ICE,Not Applicable,3,Statewide,5295
7843,2019,T3,Unknown,Gasoline,2001,ICE,Not Applicable,≥4,Statewide,5130
7844,2019,T2,1,Gasoline,2014,ICE,Not Applicable,≥4,Statewide,10517
7845,2019,T3,2,Gasoline,1996,ICE,Not Applicable,1,Statewide,1678
7846,2019,T1,1,Gasoline,1990,ICE,Not Applicable,1,Statewide,1373
7847,2019,T3,Unknown,Gasoline,2015,ICE,Not Applicable,2,Statewide,10523
7848,2019,P,Not Applicable,Diesel,2018,ICE,Not Applicable,≥4,Statewide,3963
7849,2019,T2,1,Gasoline,2015,ICE,Not Applicable,2,Statewide,10524
7850,2019,T4,2,Gasoline,2010,ICE,Not Applicable,≥4,Statewide,10538
7851,2019,T4,2,Diesel,2008,ICE,Not Applicable,2,Statewide,5139
7852,2019,T1,Unknown,Gasoline,2015,ICE,Not Applicable,3,Statewide,5139
7853,2019,T4,2,Gasoline,2011,ICE,Not Applicable,1,Statewide,5285
7854,2019,T5,3,Diesel,2010,ICE,Not Applicable,≥4,Statewide,5285
7855,2019,T2,1,Gasoline,1998,ICE,Not Applicable,2,Statewide,5281
7856,2019,T4,2,Diesel,2007,ICE,Not Applicable,3,Statewide,4496
7857,2019,P,Not Applicable,Gasoline,1976,ICE,Not Applicable,1,Statewide,2162
7858,2019,MC,Not Applicable,Gasoline,1989,ICE,Not Applicable,≥4,Statewide,2174
7859,2019,T4,2,Gasoline,2002,ICE,Not Applicable,2,Statewide,2174
7860,2019,T2,Unknown,Gasoline,2011,ICE,Not Applicable,2,Statewide,56555
7861,2019,T2,Unknown,Gasoline,2015,ICE,Not Applicable,2,Statewide,56173
7862,2019,T1,1,Gasoline,1990,ICE,Not Applicable,≥4,Statewide,5124
7863,2019,T2,Unknown,Gasoline,2014,ICE,Not Applicable,2,Statewide,31537
7864,2019,P,Not Applicable,Gasoline,2012,ICE,Not Applicable,2,Statewide,212957
7865,2019,T3,2,Gasoline,2007,ICE,Not Applicable,3,Statewide,31408
7866,2019,T4,2,Diesel,2008,ICE,Not Applicable,3,Statewide,5318
7867,2019,T3,Unknown,Gasoline,2007,ICE,Not Applicable,2,Statewide,31373
7868,2019,P,Not Applicable,Gasoline,1979,ICE,Not Applicable,3,Statewide,2962
7869,2019,P,Not Applicable,Gasoline,2013,ICE,Not Applicable,≥4,Statewide,214058
7870,2019,T1,1,Gasoline,1997,ICE,Not Applicable,2,Statewide,5312
7871,2019,T1,Unknown,Gasoline,2007,ICE,Not Applicable,2,Statewide,5311
7872,2019,T3,2,Gasoline,1996,ICE,Not Applicable,3,Statewide,2176
7873,2019,T7,8,Diesel,2004,ICE,Not Applicable,≥4,Statewide,4483
7874,2019,P,Not Applicable,Electric,2016,BEV,51 to 100 miles,≥4,Statewide,1096
7875,2019,T2,1,Gasoline,1979,ICE,Not Applicable,≥4,Statewide,2176
7876,2019,T1,1,Gasoline,2000,ICE,Not Applicable,1,Statewide,5126
7877,2019,P,Not Applicable,Gasoline,2020,ICE,Not Applicable,2,Statewide,215296
7878,2019,T3,Unknown,Gasoline,2012,ICE,Not Applicable,2,Statewide,26270
7879,2019,T3,2,Gasoline,1990,ICE,Not Applicable,≥4,Statewide,1745
7880,2019,P,Not Applicable,Electric,2018,BEV,51 to 100 miles,2,Statewide,3957
7881,2019,T1,Unknown,Gasoline,2009,ICE,Not Applicable,3,Statewide,3829
7882,2019,T2,1,Gasoline,2000,ICE,Not Applicable,3,Statewide,6956
7883,2019,T4,Unknown,Gasoline,2005,ICE,Not Applicable,3,Statewide,1146
7884,2019,T2,1,Gasoline,1994,ICE,Not Applicable,1,Statewide,2233
7885,2019,P,Not Applicable,Diesel,2017,ICE,Not Applicable,3,Statewide,2231
7886,2019,T1,1,Gasoline,2015,ICE,Not Applicable,2,Statewide,1132
7887,2019,P,Not Applicable,Electric,2019,BEV,>150 miles,1,Statewide,1133
7888,2019,MC,Not Applicable,Gasoline,1981,ICE,Not Applicable,≥4,Statewide,1391
7889,2019,T3,2,Gasoline,2006,ICE,Not Applicable,3,Statewide,28730
7890,2019,P,Not Applicable,Gasoline,1986,ICE,Not Applicable,3,Statewide,1440
7891,2019,P,Not Applicable,Gasoline,1997,ICE,Not Applicable,2,Statewide,21799
7892,2019,T3,2,Gasoline,1997,ICE,Not Applicable,≥4,Statewide,6694
7893,2019,T2,1,Gasoline,1977,ICE,Not Applicable,3,Statewide,1133
7894,2019,P,Not Applicable,Gasoline,2017,PHEV,0 to 50 miles,≥4,Statewide,3054
7895,2019,P,Not Applicable,Gasoline,1975,ICE,Not Applicable,2,Statewide,38554
7896,2019,T1,1,Gasoline,2015,ICE,Not Applicable,1,Statewide,1145
7897,2019,T3,Unknown,Gasoline,2010,ICE,Not Applicable,≥4,Statewide,38530
7898,2019,T3,Unknown,Gasoline,2012,ICE,Not Applicable,3,Statewide,21716
7899,2019,T2,Unknown,Gasoline,1975,ICE,Not Applicable,3,Statewide,1722
7900,2019,T3,2,Gasoline,2003,ICE,Not Applicable,1,Statewide,6663
7901,2019,T2,Unknown,Gasoline,2020,ICE,Not Applicable,≥4,Statewide,6668
7902,2019,P,Not Applicable,Gasoline,1999,ICE,Not Applicable,3,Statewide,29335
7903,2019,T3,2,Gasoline,2013,ICE,Not Applicable,2,Statewide,29280
7904,2019,T2,Unknown,Gasoline,2006,ICE,Not Applicable,3,Statewide,32083
7905,2019,T3,Unknown,Gasoline,2014,ICE,Not Applicable,2,Statewide,6971
7906,2019,T1,Unknown,Gasoline,2011,ICE,Not Applicable,1,Statewide,6927
7907,2019,T5,3,Diesel,2016,ICE,Not Applicable,≥4,Statewide,3147
7908,2019,T2,Unknown,Gasoline,2017,ICE,Not Applicable,2,Statewide,61190
7909,2019,T4,Unknown,Gasoline,2004,ICE,Not Applicable,≥4,Statewide,1133
7910,2019,T2,1,Gasoline,2010,ICE,Not Applicable,3,Statewide,21542
7911,2019,T2,1,Gasoline,2011,ICE,Not Applicable,3,Statewide,21558
7912,2019,T3,2,Gasoline,2011,ICE,Not Applicable,3,Statewide,32088
7913,2019,MC,Not Applicable,Gasoline,1977,ICE,Not Applicable,≥4,Statewide,1806
7914,2019,P,Not Applicable,Gasoline,2020,PHEV,0 to 50 miles,3,Statewide,4028
7915,2019,P,Not Applicable,Diesel,2016,ICE,Not Applicable,2,Statewide,3036
7916,2019,P,Not Applicable,Electric,2018,BEV,51 to 100 miles,3,Statewide,3030
7917,2019,T2,1,Gasoline,2005,ICE,Not Applicable,≥4,Statewide,38753
7918,2019,P,Not Applicable,Gasoline,1985,ICE,Not Applicable,≥4,Statewide,3927
7919,2019,T2,1,Gasoline,1996,ICE,Not Applicable,≥4,Statewide,7001
7920,2019,T4,2,Gasoline,1991,ICE,Not Applicable,≥4,Statewide,2068
7921,2019,MC,Not Applicable,Gasoline,2019,ICE,Not Applicable,≥4,Statewide,21811
7922,2019,T2,Unknown,Gasoline,2009,ICE,Not Applicable,3,Statewide,48481
7923,2019,T2,Unknown,Gasoline,2013,ICE,Not Applicable,2,Statewide,52320
7924,2019,T2,Unknown,Gasoline,2003,ICE,Not Applicable,≥4,Statewide,28327
7925,2019,T4,2,Gasoline,2005,ICE,Not Applicable,3,Statewide,4036
7926,2019,T2,Unknown,Gasoline,2006,ICE,Not Applicable,2,Statewide,38690
7927,2019,T4,2,Diesel,2017,ICE,Not Applicable,≥4,Statewide,4311
7928,2019,T1,Unknown,Gasoline,2006,ICE,Not Applicable,3,Statewide,4670
7929,2019,T4,2,Diesel,2015,ICE,Not Applicable,≥4,Statewide,2141
7930,2019,T2,1,Gasoline,2003,ICE,Not Applicable,≥4,Statewide,28338
7931,2019,P,Not Applicable,Gasoline,2002,ICE,Not Applicable,1,Statewide,60418
7932,2019,T6,6,Diesel,2006,ICE,Not Applicable,≥4,Statewide,3022
7933,2019,P,Not Applicable,Gasoline,2019,ICE,Not Applicable,≥4,Statewide,348475
7934,2019,T3,Unknown,Gasoline,2011,ICE,Not Applicable,≥4,Statewide,38581
7935,2019,T2,1,Gasoline,1994,ICE,Not Applicable,3,Statewide,3029
7936,2019,MH,Not Applicable,Diesel,2008,ICE,Not Applicable,≥4,Statewide,1132
7937,2019,P,Not Applicable,Gasoline,2018,ICE,Not Applicable,≥4,Statewide,333296
7938,2019,P,Not Applicable,Electric,2019,BEV,>150 miles,3,Statewide,1646
7939,2019,T2,1,Gasoline,1995,ICE,Not Applicable,≥4,Statewide,6995
7940,2019,T6,5,Gasoline,2020,ICE,Not Applicable,≥4,Statewide,1146
7941,2019,T4,2,Gasoline,2018,ICE,Not Applicable,≥4,Statewide,6114
7942,2019,T3,Unknown,Gasoline,2010,ICE,Not Applicable,2,Statewide,28632
7943,2019,T2,Unknown,Gasoline,2017,ICE,Not Applicable,3,Statewide,38672
7944,2019,T4,Unknown,Gasoline,2003,ICE,Not Applicable,≥4,Statewide,1147
7945,2019,T3,Unknown,Gasoline,2007,ICE,Not Applicable,3,Statewide,28370
7946,2019,T1,1,Gasoline,1979,ICE,Not Applicable,≥4,Statewide,1082
7947,2019,T6,6,Diesel,2008,ICE,Not Applicable,≥4,Statewide,2063
7948,2019,MC,Not Applicable,Gasoline,1982,ICE,Not Applicable,≥4,Statewide,1403
7949,2019,T3,Unknown,Gasoline,2008,ICE,Not Applicable,3,Statewide,29551
7950,2019,T6,4,Diesel,2009,ICE,Not Applicable,≥4,Statewide,2133
7951,2019,T1,1,Gasoline,1977,ICE,Not Applicable,≥4,Statewide,2129
7952,2019,P,Not Applicable,Gasoline,1999,ICE,Not Applicable,1,Statewide,30296
7953,2019,P,Not Applicable,Gasoline,1975,ICE,Not Applicable,3,Statewide,60630
7954,2019,P,Not Applicable,Electric,2018,BEV,51 to 100 miles,≥4,Statewide,2873
7955,2019,T6,5,Diesel,2006,ICE,Not Applicable,≥4,Statewide,1392
7956,2019,T4,2,Diesel,2008,ICE,Not Applicable,1,Statewide,2871
7957,2019,T3,2,Gasoline,2002,ICE,Not Applicable,1,Statewide,6479
7958,2019,T3,Unknown,Gasoline,2009,ICE,Not Applicable,3,Statewide,29900
7959,2019,T2,1,Gasoline,1997,ICE,Not Applicable,≥4,Statewide,6903
7960,2019,T7,8,Diesel,2021,ICE,Not Applicable,≥4,Statewide,6486
7961,2019,T2,1,Gasoline,2019,ICE,Not Applicable,≥4,Statewide,37673
7962,2019,T4,2,Diesel,1998,ICE,Not Applicable,≥4,Statewide,1809
7963,2019,T6,7,Diesel,1995,ICE,Not Applicable,≥4,Statewide,1141
7964,2019,P,Not Applicable,Gasoline,1983,ICE,Not Applicable,1,Statewide,1724
7965,2019,T3,2,Gasoline,2014,ICE,Not Applicable,1,Statewide,6615
7966,2019,T2,Unknown,Gasoline,1996,ICE,Not Applicable,3,Statewide,2869
7967,2019,MH,Not Applicable,Gasoline,2013,ICE,Not Applicable,≥4,Statewide,1808
7968,2019,T4,2,Diesel,2019,ICE,Not Applicable,2,Statewide,2113
7969,2019,T1,Unknown,Gasoline,1992,ICE,Not Applicable,≥4,Statewide,2065
7970,2019,T6,4,Diesel,2002,ICE,Not Applicable,≥4,Statewide,1633
7971,2019,P,Not Applicable,Gasoline,2008,ICE,Not Applicable,2,Statewide,162075
7972,2019,P,Not Applicable,Gasoline,2011,ICE,Not Applicable,1,Statewide,162033
7973,2019,T3,Unknown,Gasoline,2003,ICE,Not Applicable,1,Statewide,6556
7974,2019,MC,Not Applicable,Gasoline,2014,ICE,Not Applicable,2,Statewide,6549
7975,2019,T6,7,Diesel,2012,ICE,Not Applicable,≥4,Statewide,2129
7976,2019,P,Not Applicable,Gasoline,2016,ICE,Not Applicable,2,Statewide,162874
7977,2019,T1,1,Gasoline,2011,ICE,Not Applicable,≥4,Statewide,4021
7978,2019,P,Not Applicable,Gasoline,1988,ICE,Not Applicable,2,Statewide,2059
7979,2019,T2,Unknown,Gasoline,2013,ICE,Not Applicable,1,Statewide,29994
7980,2019,P,Not Applicable,Electric,2020,BEV,51 to 100 miles,≥4,Statewide,6876
7981,2019,T2,Unknown,Gasoline,2007,ICE,Not Applicable,1,Statewide,29987
7982,2019,T2,Unknown,Gasoline,2011,ICE,Not Applicable,≥4,Statewide,52193
7983,2019,T5,3,Gasoline,2002,ICE,Not Applicable,≥4,Statewide,1632
7984,2019,T3,2,Gasoline,1999,ICE,Not Applicable,2,Statewide,6907
7985,2019,T3,2,Gasoline,2019,ICE,Not Applicable,1,Statewide,21416
7986,2019,MC,Not Applicable,Gasoline,2012,ICE,Not Applicable,≥4,Statewide,32086
7987,2019,P,Not Applicable,Gasoline,2009,ICE,Not Applicable,2,Statewide,163414
7988,2019,T1,Unknown,Gasoline,2005,ICE,Not Applicable,≥4,Statewide,4027
7989,2019,T6,4,Gasoline,2011,ICE,Not Applicable,≥4,Statewide,1138
7990,2019,P,Not Applicable,Gasoline,1983,ICE,Not Applicable,2,Statewide,1635
7991,2019,T2,Unknown,Gasoline,2019,ICE,Not Applicable,3,Statewide,38175
7992,2019,T7,8,Diesel,2007,ICE,Not Applicable,≥4,Statewide,3173
7993,2019,MC,Not Applicable,Gasoline,2003,ICE,Not Applicable,2,Statewide,1633
7994,2019,T3,2,Gasoline,1996,ICE,Not Applicable,2,Statewide,2229
7995,2019,T4,2,Diesel,2004,ICE,Not Applicable,3,Statewide,3170
7996,2019,T2,1,Gasoline,1993,ICE,Not Applicable,2,Statewide,2227
7997,2019,T4,2,Diesel,2009,ICE,Not Applicable,3,Statewide,6653
7998,2019,T1,Unknown,Gasoline,2004,ICE,Not Applicable,2,Statewide,3165
7999,2019,T3,2,Gasoline,2009,ICE,Not Applicable,3,Statewide,38239
8000,2019,P,Not Applicable,Gasoline,2014,ICE,Not Applicable,≥4,Statewide,165496
8001,2019,T5,3,Diesel,2017,ICE,Not Applicable,≥4,Statewide,3836
8002,2019,T3,2,Gasoline,2018,ICE,Not Applicable,≥4,Statewide,48475
8003,2019,T5,3,Diesel,2006,ICE,Not Applicable,≥4,Statewide,2883
8004,2019,T4,2,Gasoline,2003,ICE,Not Applicable,2,Statewide,1731
8005,2019,T2,1,Gasoline,1991,ICE,Not Applicable,3,Statewide,1353
8006,2019,P,Not Applicable,Gasoline,1984,ICE,Not Applicable,3,Statewide,2127
8007,2019,T3,2,Gasoline,2006,ICE,Not Applicable,2,Statewide,30624
8008,2019,T3,2,Gasoline,2015,ICE,Not Applicable,≥4,Statewide,29699
8009,2019,T3,2,Gasoline,2020,ICE,Not Applicable,2,Statewide,37844
8010,2019,MH,Not Applicable,Gasoline,2019,ICE,Not Applicable,≥4,Statewide,1728
8011,2019,MC,Not Applicable,Gasoline,2017,ICE,Not Applicable,3,Statewide,6417
8012,2019,T2,1,Gasoline,2020,ICE,Not Applicable,3,Statewide,52264
8013,2019,T4,2,Diesel,2009,ICE,Not Applicable,2,Statewide,6437
8014,2019,MH,Not Applicable,Gasoline,2005,ICE,Not Applicable,≥4,Statewide,3176
8015,2019,T3,2,Gasoline,2017,ICE,Not Applicable,2,Statewide,21489
8016,2019,T6,7,Diesel,2004,ICE,Not Applicable,≥4,Statewide,1630
8017,2019,T5,3,Gasoline,2017,ICE,Not Applicable,≥4,Statewide,1730
8018,2019,T2,1,Gasoline,2010,ICE,Not Applicable,≥4,Statewide,38048
8019,2019,T2,1,Gasoline,1975,ICE,Not Applicable,3,Statewide,3176
8020,2019,T3,2,Gasoline,1994,ICE,Not Applicable,2,Statewide,1737
8021,2019,T5,3,Gasoline,2005,ICE,Not Applicable,≥4,Statewide,2126
8022,2019,T3,2,Gasoline,2008,ICE,Not Applicable,1,Statewide,22337
8023,2019,T1,1,Gasoline,1998,ICE,Not Applicable,1,Statewide,4625
8024,2019,T4,2,Gasoline,2008,ICE,Not Applicable,1,Statewide,3812
8025,2019,T3,Unknown,Gasoline,2004,ICE,Not Applicable,≥4,Statewide,28134
8026,2019,P,Not Applicable,Diesel,2017,ICE,Not Applicable,≥4,Statewide,2897
8027,2019,T4,2,Gasoline,2006,ICE,Not Applicable,2,Statewide,4340
8028,2019,T3,2,Gasoline,2021,ICE,Not Applicable,2,Statewide,1078
8029,2019,P,Not Applicable,Gasoline,2018,PHEV,0 to 50 miles,1,Statewide,3143
8030,2019,P,Not Applicable,Electric,2018,BEV,>150 miles,2,Statewide,2118
8031,2019,T2,Unknown,Gasoline,2012,ICE,Not Applicable,1,Statewide,39971
8032,2019,T4,2,Diesel,2019,ICE,Not Applicable,1,Statewide,1397
8033,2019,T2,Unknown,Gasoline,2019,ICE,Not Applicable,≥4,Statewide,54130
8034,2019,T2,Unknown,Gasoline,2018,ICE,Not Applicable,3,Statewide,54436
8035,2019,T1,Unknown,Gasoline,2007,ICE,Not Applicable,1,Statewide,4336
8036,2019,T4,2,Gasoline,2003,ICE,Not Applicable,≥4,Statewide,6030
8037,2019,T2,1,Gasoline,2009,ICE,Not Applicable,2,Statewide,22290
8038,2019,P,Not Applicable,Gasoline,2012,ICE,Not Applicable,1,Statewide,172969
8039,2019,T1,1,Gasoline,1995,ICE,Not Applicable,3,Statewide,4632
8040,2019,T3,2,Gasoline,2005,ICE,Not Applicable,3,Statewide,22131
8041,2019,MC,Not Applicable,Gasoline,2009,ICE,Not Applicable,1,Statewide,2895
8042,2019,MC,Not Applicable,Gasoline,2005,ICE,Not Applicable,2,Statewide,2852
8043,2019,T3,2,Gasoline,1982,ICE,Not Applicable,3,Statewide,1128
8044,2019,T2,Unknown,Gasoline,1998,ICE,Not Applicable,1,Statewide,3816
8045,2019,MC,Not Applicable,Gasoline,2005,ICE,Not Applicable,3,Statewide,4336
8046,2019,T2,Unknown,Gasoline,1997,ICE,Not Applicable,3,Statewide,2910
8047,2019,T1,1,Gasoline,1995,ICE,Not Applicable,2,Statewide,4619
8048,2019,T4,2,Gasoline,2013,ICE,Not Applicable,3,Statewide,1623
8049,2019,MC,Not Applicable,Gasoline,2018,ICE,Not Applicable,1,Statewide,4329
8050,2019,T3,2,Gasoline,1982,ICE,Not Applicable,≥4,Statewide,2908
8051,2019,T4,2,Diesel,2018,ICE,Not Applicable,2,Statewide,1708
8052,2019,P,Not Applicable,Gasoline,1976,ICE,Not Applicable,2,Statewide,3080
8053,2019,P,Not Applicable,Gasoline,2017,ICE,Not Applicable,3,Statewide,172682
8054,2019,T2,Unknown,Gasoline,2019,ICE,Not Applicable,1,Statewide,39862
8055,2019,T6,7,Diesel,2017,ICE,Not Applicable,≥4,Statewide,2057
8056,2019,T4,2,Diesel,2020,ICE,Not Applicable,≥4,Statewide,7060
8057,2019,T4,2,Diesel,2007,ICE,Not Applicable,2,Statewide,4323
8058,2019,P,Not Applicable,Gasoline,1991,ICE,Not Applicable,1,Statewide,4603
8059,2019,T5,3,Diesel,2020,ICE,Not Applicable,≥4,Statewide,4585
8060,2019,T2,1,Gasoline,2020,ICE,Not Applicable,1,Statewide,48206
8061,2019,P,Not Applicable,Diesel,2017,ICE,Not Applicable,1,Statewide,2069
8062,2019,T4,2,Gasoline,2001,ICE,Not Applicable,≥4,Statewide,6045
8063,2019,T1,1,Gasoline,1998,ICE,Not Applicable,3,Statewide,7030
8064,2019,P,Not Applicable,Gasoline,1982,ICE,Not Applicable,≥4,Statewide,4452
8065,2019,P,Not Applicable,Gasoline,2012,ICE,Not Applicable,3,Statewide,158183
8066,2019,T2,Unknown,Gasoline,2006,ICE,Not Applicable,1,Statewide,28203
8067,2019,T3,2,Gasoline,2012,ICE,Not Applicable,1,Statewide,22313
8068,2019,P,Not Applicable,Gasoline,2010,ICE,Not Applicable,1,Statewide,158523
8069,2019,T4,2,Gasoline,2007,ICE,Not Applicable,3,Statewide,4319
8070,2019,T2,1,Gasoline,1977,ICE,Not Applicable,≥4,Statewide,3091
8071,2019,MC,Not Applicable,Gasoline,2011,ICE,Not Applicable,1,Statewide,4609
8072,2019,T2,Unknown,Gasoline,1995,ICE,Not Applicable,≥4,Statewide,3081
8073,2019,MH,Not Applicable,Diesel,2011,ICE,Not Applicable,≥4,Statewide,1708
8074,2019,T2,Unknown,Gasoline,2017,ICE,Not Applicable,≥4,Statewide,49397
8075,2019,T5,3,Gasoline,2010,ICE,Not Applicable,≥4,Statewide,3177
8076,2019,T1,1,Gasoline,1996,ICE,Not Applicable,2,Statewide,6092
8077,2019,T3,Unknown,Gasoline,2013,ICE,Not Applicable,≥4,Statewide,21940
8078,2019,T4,2,Diesel,1991,ICE,Not Applicable,≥4,Statewide,1090
8079,2019,MC,Not Applicable,Gasoline,2004,ICE,Not Applicable,2,Statewide,2144
8080,2019,T4,2,Diesel,2000,ICE,Not Applicable,≥4,Statewide,3083
8081,2019,P,Not Applicable,Electric,2019,BEV,>150 miles,≥4,Statewide,2143
8082,2019,P,Not Applicable,Electric,2018,BEV,51 to 100 miles,1,Statewide,1650
8083,2019,T4,2,Diesel,2016,ICE,Not Applicable,2,Statewide,1738
8084,2019,T6,5,Diesel,2010,ICE,Not Applicable,≥4,Statewide,2241
8085,2019,T2,1,Gasoline,1998,ICE,Not Applicable,1,Statewide,3923
8086,2019,MC,Not Applicable,Gasoline,2010,ICE,Not Applicable,1,Statewide,3826
8087,2019,P,Not Applicable,Gasoline,1997,ICE,Not Applicable,≥4,Statewide,38817
8088,2019,MH,Not Applicable,Gasoline,1989,ICE,Not Applicable,≥4,Statewide,1390
8089,2019,MH,Not Applicable,Gasoline,2021,ICE,Not Applicable,≥4,Statewide,1799
8090,2019,MC,Not Applicable,Gasoline,2016,ICE,Not Applicable,1,Statewide,1800
8091,2019,T4,2,Diesel,2012,ICE,Not Applicable,3,Statewide,4040
8092,2019,P,Not Applicable,Gasoline,1992,ICE,Not Applicable,1,Statewide,6094
8093,2019,T2,Unknown,Gasoline,2005,ICE,Not Applicable,≥4,Statewide,48442
8094,2019,T2,Unknown,Gasoline,2006,ICE,Not Applicable,≥4,Statewide,49139
8095,2019,P,Not Applicable,Gasoline,1978,ICE,Not Applicable,3,Statewide,3919
8096,2019,P,Not Applicable,Electric,2020,BEV,51 to 100 miles,2,Statewide,6701
8097,2019,MC,Not Applicable,Gasoline,2008,ICE,Not Applicable,≥4,Statewide,21938
8098,2019,T5,3,Diesel,2017,ICE,Not Applicable,3,Statewide,1129
8099,2019,P,Not Applicable,Gasoline,1994,ICE,Not Applicable,≥4,Statewide,21948
8100,2019,MH,Not Applicable,Gasoline,1995,ICE,Not Applicable,≥4,Statewide,1739
8101,2019,T2,1,Gasoline,2001,ICE,Not Applicable,1,Statewide,7075
8102,2019,MC,Not Applicable,Gasoline,2013,ICE,Not Applicable,≥4,Statewide,22391
8103,2019,MH,Not Applicable,Gasoline,2016,ICE,Not Applicable,≥4,Statewide,1129
8104,2019,P,Not Applicable,Gasoline,2020,PHEV,0 to 50 miles,1,Statewide,2892
8105,2019,P,Not Applicable,Gasoline,1996,ICE,Not Applicable,≥4,Statewide,39351
8106,2019,T4,2,Diesel,2011,ICE,Not Applicable,2,Statewide,7030
8107,2019,MC,Not Applicable,Gasoline,1999,ICE,Not Applicable,≥4,Statewide,4041
8108,2019,T3,2,Gasoline,1997,ICE,Not Applicable,3,Statewide,3082
8109,2019,T2,Unknown,Gasoline,1996,ICE,Not Applicable,≥4,Statewide,6044
8110,2019,MC,Not Applicable,Gasoline,2011,ICE,Not Applicable,≥4,Statewide,28134
8111,2019,P,Not Applicable,Gasoline,2019,PHEV,0 to 50 miles,1,Statewide,4590
8112,2019,T1,1,Gasoline,2008,ICE,Not Applicable,2,Statewide,7026
8113,2019,MH,Not Applicable,Gasoline,2005,ICE,Not Applicable,3,Statewide,1355
8114,2019,T3,2,Gasoline,2010,ICE,Not Applicable,2,Statewide,39758
8115,2019,P,Not Applicable,Diesel,2018,ICE,Not Applicable,2,Statewide,4354
8116,2019,T1,1,Gasoline,1975,ICE,Not Applicable,1,Statewide,1148
8117,2019,T1,Unknown,Gasoline,2004,ICE,Not Applicable,≥4,Statewide,4040
8118,2019,P,Not Applicable,Gasoline,2015,ICE,Not Applicable,2,Statewide,171458
8119,2019,T2,1,Gasoline,2011,ICE,Not Applicable,≥4,Statewide,39309
8120,2019,T2,1,Gasoline,1991,ICE,Not Applicable,≥4,Statewide,3085
8121,2019,T2,1,Gasoline,2007,ICE,Not Applicable,≥4,Statewide,28272
8122,2019,MC,Not Applicable,Gasoline,2014,ICE,Not Applicable,≥4,Statewide,21988
8123,2020,T7,8,Diesel,1998,ICE,Not Applicable,1,Statewide,160
8124,2020,T6,5,Gasoline,2005,ICE,Not Applicable,1,Statewide,28
8125,2020,T6,4,Gasoline,1998,ICE,Not Applicable,2,Statewide,28
8126,2020,B,Not Applicable,Gasoline,2013,ICE,Not Applicable,1,Statewide,160
8127,2020,T3,2,Natural Gas,2019,ICE,Not Applicable,3,Statewide,1
8128,2020,T3,2,Natural Gas,2020,ICE,Not Applicable,≥4,Statewide,154
8129,2020,B,Not Applicable,Gasoline,1991,ICE,Not Applicable,2,Statewide,4
8130,2020,P,Not Applicable,Gasoline,1990,ICE,Not Applicable,2,Statewide,3956
8131,2020,B,Not Applicable,Gasoline,1995,ICE,Not Applicable,2,Statewide,4
8132,2020,T2,Unknown,Gasoline,1976,ICE,Not Applicable,1,Statewide,1998
8133,2020,T6,7,Diesel,2016,ICE,Not Applicable,1,Statewide,130
8134,2020,T6,4,Diesel,2020,ICE,Not Applicable,1,Statewide,155
8135,2020,T4,2,Gasoline,2013,ICE,Not Applicable,1,Statewide,1996
8136,2020,T4,2,Diesel,2002,ICE,Not Applicable,2,Statewide,1996
8137,2020,BT,Not Applicable,Diesel,2013,ICE,Not Applicable,1,Statewide,28
8138,2020,T6,7,Diesel,2003,ICE,Not Applicable,1,Statewide,154
8139,2020,P,Not Applicable,Electric,2017,BEV,Unknown,≥4,Statewide,154
8140,2020,T6,4,Gasoline,1993,ICE,Not Applicable,≥4,Statewide,154
8141,2020,P,Not Applicable,Natural Gas,2015,ICE,Not Applicable,≥4,Statewide,154
8142,2020,BS,Not Applicable,Diesel,2004,ICE,Not Applicable,3,Statewide,28
8143,2020,B,Not Applicable,Gasoline,1992,ICE,Not Applicable,2,Statewide,4
8144,2020,T2,Unknown,Diesel,1991,ICE,Not Applicable,2,Statewide,2
8145,2020,T5,3,Diesel,2000,ICE,Not Applicable,2,Statewide,155
8146,2020,T2,1,Gasoline,1990,ICE,Not Applicable,≥4,Statewide,2113
8147,2020,B,Not Applicable,Gasoline,1990,ICE,Not Applicable,3,Statewide,4
8148,2020,BT,Not Applicable,Diesel,2004,ICE,Not Applicable,≥4,Statewide,155
8149,2020,T2,1,Gasoline,2001,ICE,Not Applicable,3,Statewide,12504
8150,2020,T6,4,Gasoline,2017,ICE,Not Applicable,3,Statewide,28
8151,2020,T6,6,Natural Gas,2011,ICE,Not Applicable,1,Statewide,1
8152,2020,B,Not Applicable,Gasoline,1980,ICE,Not Applicable,3,Statewide,4
8153,2020,T6,7,Diesel,2007,ICE,Not Applicable,1,Statewide,132
8154,2020,T4,Unknown,Natural Gas,1994,ICE,Not Applicable,≥4,Statewide,1
8155,2020,B,Not Applicable,Gasoline,1982,ICE,Not Applicable,2,Statewide,4
8156,2020,T4,Unknown,Natural Gas,1993,ICE,Not Applicable,≥4,Statewide,1
8157,2020,B,Not Applicable,Gasoline,1983,ICE,Not Applicable,2,Statewide,4
8158,2020,T3,2,Natural Gas,2006,ICE,Not Applicable,≥4,Statewide,129
8159,2020,T4,Unknown,Natural Gas,1991,ICE,Not Applicable,≥4,Statewide,1
8160,2020,T3,2,Natural Gas,2019,ICE,Not Applicable,≥4,Statewide,1
8161,2020,B,Not Applicable,Diesel,1996,ICE,Not Applicable,1,Statewide,28
8162,2020,T3,2,Diesel,2013,ICE,Not Applicable,1,Statewide,129
8163,2020,T6,7,Diesel,2018,ICE,Not Applicable,1,Statewide,129
8164,2020,T6,6,Natural Gas,2011,ICE,Not Applicable,2,Statewide,1
8165,2020,T4,2,Diesel,1988,ICE,Not Applicable,1,Statewide,132
8166,2020,MH,Not Applicable,Diesel,1996,ICE,Not Applicable,≥4,Statewide,132
8167,2020,T6,7,Natural Gas,2010,ICE,Not Applicable,3,Statewide,1
8168,2020,T2,Unknown,Diesel,1984,ICE,Not Applicable,2,Statewide,2
8169,2020,T5,3,Gasoline,2018,ICE,Not Applicable,3,Statewide,129
8170,2020,T3,2,Diesel,2013,ICE,Not Applicable,3,Statewide,132
8171,2020,T4,Unknown,Natural Gas,1987,ICE,Not Applicable,≥4,Statewide,1
8172,2020,T3,2,Diesel,2021,ICE,Not Applicable,≥4,Statewide,1995
8173,2020,T2,Unknown,Diesel,1985,ICE,Not Applicable,2,Statewide,2
8174,2020,B,Not Applicable,Gasoline,1985,ICE,Not Applicable,1,Statewide,4
8175,2020,T2,Unknown,Diesel,1981,ICE,Not Applicable,2,Statewide,2
8176,2020,B,Not Applicable,Gasoline,1989,ICE,Not Applicable,3,Statewide,4
8177,2020,T4,2,Natural Gas,1998,ICE,Not Applicable,2,Statewide,1
8178,2020,B,Not Applicable,Natural Gas,2021,ICE,Not Applicable,≥4,Statewide,28
8179,2020,T2,Unknown,Diesel,1990,ICE,Not Applicable,3,Statewide,2
8180,2020,T2,Unknown,Diesel,1989,ICE,Not Applicable,≥4,Statewide,2
8181,2020,T1,1,Gasoline,1984,ICE,Not Applicable,2,Statewide,160
8182,2020,T2,Unknown,Diesel,1986,ICE,Not Applicable,1,Statewide,2
8183,2020,T5,3,Gasoline,2016,ICE,Not Applicable,2,Statewide,160
8184,2020,T4,2,Gasoline,2021,ICE,Not Applicable,≥4,Statewide,12469
8185,2020,T2,Unknown,Diesel,1986,ICE,Not Applicable,2,Statewide,2
8186,2020,BS,Not Applicable,Diesel,2000,ICE,Not Applicable,2,Statewide,28
8187,2020,T2,Unknown,Diesel,1986,ICE,Not Applicable,3,Statewide,2
8188,2020,BS,Not Applicable,Diesel,2000,ICE,Not Applicable,3,Statewide,28
8189,2020,T6,6,Gasoline,2014,ICE,Not Applicable,≥4,Statewide,160
8190,2020,B,Not Applicable,Diesel,2012,ICE,Not Applicable,1,Statewide,28
8191,2020,T7,8,Natural Gas,2018,ICE,Not Applicable,1,Statewide,28
8192,2020,T7,8,Diesel,1981,ICE,Not Applicable,3,Statewide,4
8193,2020,T7,8,Natural Gas,2019,ICE,Not Applicable,1,Statewide,28
8194,2020,T3,2,Natural Gas,2018,ICE,Not Applicable,3,Statewide,1
8195,2020,T6,6,Diesel,2007,ICE,Not Applicable,≥4,Statewide,1991
8196,2020,T7,8,Diesel,1980,ICE,Not Applicable,2,Statewide,4
8197,2020,T3,2,Gasoline,2002,ICE,Not Applicable,3,Statewide,12507
8198,2020,T3,2,Gasoline,2014,ICE,Not Applicable,3,Statewide,13028
8199,2020,B,Not Applicable,Gasoline,1978,ICE,Not Applicable,3,Statewide,4
8200,2020,P,Not Applicable,Gasoline,1979,ICE,Not Applicable,2,Statewide,2101
8201,2020,B,Not Applicable,Gasoline,1978,ICE,Not Applicable,2,Statewide,4
8202,2020,T4,Unknown,Natural Gas,1998,ICE,Not Applicable,≥4,Statewide,1
8203,2020,T6,6,Natural Gas,2009,ICE,Not Applicable,3,Statewide,1
8204,2020,MH,Not Applicable,Diesel,1988,ICE,Not Applicable,1,Statewide,28
8205,2020,MH,Not Applicable,Diesel,2017,ICE,Not Applicable,3,Statewide,131
8206,2020,T6,4,Natural Gas,2006,ICE,Not Applicable,2,Statewide,1
8207,2020,T3,2,Gasoline,2002,ICE,Not Applicable,1,Statewide,12842
8208,2020,T6,4,Natural Gas,2006,ICE,Not Applicable,≥4,Statewide,1
8209,2020,T1,1,Diesel,1983,ICE,Not Applicable,≥4,Statewide,2
8210,2020,T3,2,Natural Gas,2008,ICE,Not Applicable,≥4,Statewide,158
8211,2020,T2,Unknown,Electric,2018,BEV,Unknown,1,Statewide,4
8212,2020,T6,4,Natural Gas,2006,ICE,Not Applicable,1,Statewide,1
8213,2020,T4,Unknown,Gasoline,2013,ICE,Not Applicable,1,Statewide,158
8214,2020,T6,Unknown,Diesel,1994,ICE,Not Applicable,≥4,Statewide,28
8215,2020,T1,1,Diesel,1980,ICE,Not Applicable,2,Statewide,2
8216,2020,T6,5,Natural Gas,2005,ICE,Not Applicable,3,Statewide,1
8217,2020,T2,Unknown,Electric,2015,BEV,Unknown,2,Statewide,4
8218,2020,T3,2,Gasoline,1994,ICE,Not Applicable,3,Statewide,1975
8219,2020,T6,6,Natural Gas,2005,ICE,Not Applicable,1,Statewide,1
8220,2020,T1,1,Gasoline,2017,ICE,Not Applicable,1,Statewide,12727
8221,2020,MH,Not Applicable,Diesel,1998,ICE,Not Applicable,3,Statewide,131
8222,2020,T6,7,Natural Gas,2007,ICE,Not Applicable,2,Statewide,1
8223,2020,T6,5,Natural Gas,2007,ICE,Not Applicable,≥4,Statewide,1
8224,2020,T6,5,Natural Gas,2007,ICE,Not Applicable,1,Statewide,1
8225,2020,T1,Unknown,Diesel,1997,ICE,Not Applicable,2,Statewide,2
8226,2020,T3,Unknown,Gasoline,1981,ICE,Not Applicable,1,Statewide,131
8227,2020,T1,Unknown,Diesel,1996,ICE,Not Applicable,1,Statewide,2
8228,2020,T1,Unknown,Diesel,1995,ICE,Not Applicable,2,Statewide,2
8229,2020,T1,Unknown,Diesel,1992,ICE,Not Applicable,3,Statewide,2
8230,2020,B,Not Applicable,Gasoline,2010,ICE,Not Applicable,1,Statewide,131
8231,2020,T4,2,Natural Gas,2016,ICE,Not Applicable,2,Statewide,1
8232,2020,T4,2,Diesel,2009,ICE,Not Applicable,≥4,Statewide,12903
8233,2020,T1,1,Diesel,1992,ICE,Not Applicable,1,Statewide,2
8234,2020,T1,Unknown,Diesel,1991,ICE,Not Applicable,2,Statewide,2
8235,2020,T1,Unknown,Diesel,1989,ICE,Not Applicable,3,Statewide,2
8236,2020,T1,Unknown,Diesel,1988,ICE,Not Applicable,2,Statewide,2
8237,2020,T1,Unknown,Diesel,1987,ICE,Not Applicable,3,Statewide,2
8238,2020,P,Not Applicable,Gasoline,1993,ICE,Not Applicable,≥4,Statewide,12649
8239,2020,T1,1,Diesel,1987,ICE,Not Applicable,2,Statewide,131
8240,2020,T1,Unknown,Diesel,1986,ICE,Not Applicable,1,Statewide,2
8241,2020,T1,1,Diesel,1984,ICE,Not Applicable,≥4,Statewide,2
8242,2020,T4,2,Gasoline,1979,ICE,Not Applicable,2,Statewide,158
8243,2020,T6,5,Gasoline,2005,ICE,Not Applicable,≥4,Statewide,156
8244,2020,T6,5,Diesel,2008,ICE,Not Applicable,2,Statewide,158
8245,2020,B,Not Applicable,Diesel,1998,ICE,Not Applicable,≥4,Statewide,157
8246,2020,P,Not Applicable,Diesel,2022,ICE,Not Applicable,3,Statewide,2
8247,2020,T1,1,Gasoline,2008,ICE,Not Applicable,3,Statewide,8715
8248,2020,T4,2,Natural Gas,2019,ICE,Not Applicable,1,Statewide,1
8249,2020,T4,Unknown,Natural Gas,2019,ICE,Not Applicable,3,Statewide,1
8250,2020,T4,2,Natural Gas,2020,ICE,Not Applicable,3,Statewide,1
8251,2020,T3,2,Gasoline,2001,ICE,Not Applicable,3,Statewide,8686
8252,2020,T4,Unknown,Natural Gas,2020,ICE,Not Applicable,3,Statewide,1
8253,2020,MC,Not Applicable,Gasoline,1988,ICE,Not Applicable,≥4,Statewide,2108
8254,2020,T1,1,Gasoline,1999,ICE,Not Applicable,2,Statewide,8683
8255,2020,P,Not Applicable,Electric,2020,BEV,51 to 100 miles,2,Statewide,8626
8256,2020,T4,2,Gasoline,2000,ICE,Not Applicable,1,Statewide,2112
8257,2020,B,Not Applicable,Gasoline,2020,ICE,Not Applicable,3,Statewide,28
8258,2020,T6,6,Natural Gas,2001,ICE,Not Applicable,≥4,Statewide,1
8259,2020,T6,4,Natural Gas,2002,ICE,Not Applicable,≥4,Statewide,1
8260,2020,BT,Not Applicable,Gasoline,1995,ICE,Not Applicable,≥4,Statewide,28
8261,2020,T1,1,Gasoline,2004,ICE,Not Applicable,1,Statewide,12775
8262,2020,T1,1,Electric,2003,BEV,Unknown,≥4,Statewide,28
8263,2020,T4,2,Natural Gas,2018,ICE,Not Applicable,2,Statewide,1
8264,2020,P,Not Applicable,Gasoline,2022,ICE,Not Applicable,2,Statewide,8623
8265,2020,P,Not Applicable,Electric,2020,BEV,>150 miles,≥4,Statewide,1970
8266,2020,T3,2,Diesel,2009,ICE,Not Applicable,≥4,Statewide,158
8267,2020,T2,Unknown,Gasoline,1997,ICE,Not Applicable,3,Statewide,28
8268,2020,T7,8,Diesel,1999,ICE,Not Applicable,2,Statewide,157
8269,2020,B,Not Applicable,Gasoline,2008,ICE,Not Applicable,1,Statewide,157
8270,2020,T5,3,Diesel,2007,ICE,Not Applicable,≥4,Statewide,1999
8271,2020,T6,4,Gasoline,2004,ICE,Not Applicable,2,Statewide,157
8272,2020,T2,Unknown,Gasoline,1992,ICE,Not Applicable,3,Statewide,28
8273,2020,T6,5,Gasoline,2007,ICE,Not Applicable,≥4,Statewide,157
8274,2020,T4,2,Natural Gas,2017,ICE,Not Applicable,3,Statewide,1
8275,2020,MH,Not Applicable,Gasoline,2021,ICE,Not Applicable,≥4,Statewide,1969
8276,2020,T1,Unknown,Gasoline,1996,ICE,Not Applicable,≥4,Statewide,28
8277,2020,T6,4,Diesel,1996,ICE,Not Applicable,3,Statewide,28
8278,2020,P,Not Applicable,Electric,2003,BEV,Unknown,≥4,Statewide,28
8279,2020,T1,1,Diesel,1979,ICE,Not Applicable,≥4,Statewide,2
8280,2020,T1,1,Gasoline,2022,ICE,Not Applicable,≥4,Statewide,8718
8281,2020,P,Not Applicable,Electric,2013,BEV,Unknown,1,Statewide,28
8282,2020,T1,Unknown,Gasoline,1994,ICE,Not Applicable,≥4,Statewide,28
8283,2020,T1,Unknown,Diesel,1979,ICE,Not Applicable,3,Statewide,2
8284,2020,T3,Unknown,Electric,2003,BEV,Unknown,≥4,Statewide,4
8285,2020,P,Not Applicable,Natural Gas,2020,ICE,Not Applicable,≥4,Statewide,131
8286,2020,T7,8,Natural Gas,2007,ICE,Not Applicable,≥4,Statewide,131
8287,2020,MC,Not Applicable,Electric,1976,BEV,Unknown,≥4,Statewide,4
8288,2020,T1,Unknown,Diesel,2013,ICE,Not Applicable,1,Statewide,2
8289,2020,T6,4,Gasoline,1997,ICE,Not Applicable,3,Statewide,28
8290,2020,T4,2,Natural Gas,2001,ICE,Not Applicable,3,Statewide,1
8291,2020,MC,Not Applicable,Electric,1997,BEV,Unknown,≥4,Statewide,4
8292,2020,T1,Unknown,Diesel,2010,ICE,Not Applicable,≥4,Statewide,2
8293,2020,T4,2,Natural Gas,2002,ICE,Not Applicable,3,Statewide,1
8294,2020,T4,2,Natural Gas,2000,ICE,Not Applicable,≥4,Statewide,1
8295,2020,T4,2,Natural Gas,2002,ICE,Not Applicable,2,Statewide,1
8296,2020,T1,Unknown,Diesel,2005,ICE,Not Applicable,3,Statewide,2
8297,2020,P,Not Applicable,Electric,1976,BEV,Unknown,3,Statewide,4
8298,2020,P,Not Applicable,Electric,1991,BEV,Unknown,≥4,Statewide,4
8299,2020,T6,5,Gasoline,1991,ICE,Not Applicable,≥4,Statewide,28
8300,2020,P,Not Applicable,Electric,2000,BEV,Unknown,2,Statewide,4
8301,2020,T1,Unknown,Diesel,2004,ICE,Not Applicable,1,Statewide,2
8302,2020,P,Not Applicable,Electric,2000,BEV,Unknown,1,Statewide,4
8303,2020,MC,Not Applicable,Electric,2014,BEV,Unknown,2,Statewide,4
8304,2020,T7,8,Diesel,1985,ICE,Not Applicable,2,Statewide,4
8305,2020,T6,6,Natural Gas,2014,ICE,Not Applicable,≥4,Statewide,130
8306,2020,T7,8,Diesel,1983,ICE,Not Applicable,2,Statewide,4
8307,2020,T6,6,Gasoline,2011,ICE,Not Applicable,≥4,Statewide,155
8308,2020,T7,8,Diesel,1981,ICE,Not Applicable,1,Statewide,130
8309,2020,T2,Unknown,Diesel,1981,ICE,Not Applicable,≥4,Statewide,2
8310,2020,B,Not Applicable,Gasoline,2013,ICE,Not Applicable,2,Statewide,130
8311,2020,T4,Unknown,Gasoline,2011,ICE,Not Applicable,1,Statewide,130
8312,2020,T2,Unknown,Diesel,1980,ICE,Not Applicable,2,Statewide,2
8313,2020,T2,Unknown,Diesel,1979,ICE,Not Applicable,2,Statewide,2
8314,2020,T4,2,Natural Gas,1999,ICE,Not Applicable,2,Statewide,1
8315,2020,T2,Unknown,Diesel,1979,ICE,Not Applicable,3,Statewide,2
8316,2020,T1,Unknown,Diesel,2019,ICE,Not Applicable,≥4,Statewide,2
8317,2020,T2,1,Diesel,1989,ICE,Not Applicable,≥4,Statewide,28
8318,2020,T2,Unknown,Diesel,2016,ICE,Not Applicable,3,Statewide,28
8319,2020,T7,8,Diesel,1982,ICE,Not Applicable,3,Statewide,4
8320,2020,T6,6,Gasoline,1992,ICE,Not Applicable,≥4,Statewide,130
8321,2020,T1,Unknown,Diesel,2014,ICE,Not Applicable,3,Statewide,2
8322,2020,T1,1,Diesel,2014,ICE,Not Applicable,≥4,Statewide,2
8323,2020,T6,5,Gasoline,2020,ICE,Not Applicable,1,Statewide,130
8324,2020,T1,Unknown,Diesel,2001,ICE,Not Applicable,3,Statewide,2
8325,2020,T6,6,Gasoline,1983,ICE,Not Applicable,3,Statewide,28
8326,2020,T6,7,Gasoline,1982,ICE,Not Applicable,≥4,Statewide,28
8327,2020,T6,6,Gasoline,1977,ICE,Not Applicable,3,Statewide,28
8328,2020,T5,3,Diesel,1998,ICE,Not Applicable,3,Statewide,159
8329,2020,T4,2,Natural Gas,2006,ICE,Not Applicable,3,Statewide,1
8330,2020,MH,Not Applicable,Diesel,2002,ICE,Not Applicable,3,Statewide,156
8331,2020,T4,2,Natural Gas,2007,ICE,Not Applicable,3,Statewide,1
8332,2020,T6,7,Diesel,1980,ICE,Not Applicable,1,Statewide,28
8333,2020,T6,7,Diesel,1982,ICE,Not Applicable,1,Statewide,28
8334,2020,T3,2,Diesel,2010,ICE,Not Applicable,2,Statewide,156
8335,2020,T3,Unknown,Electric,2013,BEV,Unknown,≥4,Statewide,4
8336,2020,MC,Not Applicable,Gasoline,1986,ICE,Not Applicable,≥4,Statewide,1961
8337,2020,T3,Unknown,Diesel,2015,ICE,Not Applicable,2,Statewide,156
8338,2020,T6,5,Diesel,2004,ICE,Not Applicable,3,Statewide,156
8339,2020,T2,1,Gasoline,1977,ICE,Not Applicable,≥4,Statewide,1961
8340,2020,T6,6,Diesel,2017,ICE,Not Applicable,2,Statewide,156
8341,2020,T2,1,Gasoline,1985,ICE,Not Applicable,1,Statewide,156
8342,2020,T6,6,Diesel,1990,ICE,Not Applicable,1,Statewide,28
8343,2020,T4,2,Gasoline,1987,ICE,Not Applicable,2,Statewide,156
8344,2020,T3,Unknown,Electric,2004,BEV,Unknown,≥4,Statewide,4
8345,2020,T6,4,Natural Gas,2007,ICE,Not Applicable,2,Statewide,1
8346,2020,T5,3,Gasoline,2017,ICE,Not Applicable,3,Statewide,155
8347,2020,T1,Unknown,Diesel,1999,ICE,Not Applicable,1,Statewide,2
8348,2020,T2,Unknown,Gasoline,2012,ICE,Not Applicable,2,Statewide,1985
8349,2020,T6,4,Natural Gas,2008,ICE,Not Applicable,2,Statewide,1
8350,2020,T4,Unknown,Gasoline,1977,ICE,Not Applicable,1,Statewide,28
8351,2020,P,Not Applicable,Electric,2002,BEV,Unknown,3,Statewide,4
8352,2020,T6,7,Natural Gas,2008,ICE,Not Applicable,1,Statewide,1
8353,2020,T1,1,Electric,2004,BEV,Unknown,3,Statewide,4
8354,2020,T6,7,Natural Gas,2008,ICE,Not Applicable,3,Statewide,1
8355,2020,T6,6,Gasoline,1977,ICE,Not Applicable,1,Statewide,159
8356,2020,T1,1,Electric,2007,BEV,Unknown,3,Statewide,4
8357,2020,T6,4,Natural Gas,2007,ICE,Not Applicable,1,Statewide,1
8358,2020,T1,1,Gasoline,1980,ICE,Not Applicable,3,Statewide,159
8359,2020,T1,1,Gasoline,1998,ICE,Not Applicable,≥4,Statewide,12606
8360,2020,BT,Not Applicable,Gasoline,2011,ICE,Not Applicable,≥4,Statewide,159
8361,2020,T3,2,Diesel,1998,ICE,Not Applicable,≥4,Statewide,28
8362,2020,T2,Unknown,Gasoline,1997,ICE,Not Applicable,1,Statewide,28
8363,2020,T1,Unknown,Diesel,2000,ICE,Not Applicable,1,Statewide,2
8364,2020,P,Not Applicable,Electric,2018,BEV,51 to 100 miles,3,Statewide,1986
8365,2020,T4,Unknown,Electric,1986,BEV,Unknown,≥4,Statewide,4
8366,2020,T6,4,Diesel,2000,ICE,Not Applicable,1,Statewide,159
8367,2020,T1,Unknown,Electric,2020,BEV,Unknown,≥4,Statewide,4
8368,2020,T7,8,Natural Gas,1999,ICE,Not Applicable,≥4,Statewide,1
8369,2020,T6,7,Natural Gas,2014,ICE,Not Applicable,≥4,Statewide,1
8370,2020,T2,Unknown,Diesel,2021,ICE,Not Applicable,2,Statewide,145
8371,2020,B,Not Applicable,Gasoline,2003,ICE,Not Applicable,2,Statewide,27
8372,2020,T5,3,Diesel,1995,ICE,Not Applicable,2,Statewide,145
8373,2020,T1,1,Electric,2019,BEV,101 to 150 miles,3,Statewide,145
8374,2020,MH,Not Applicable,Gasoline,1981,ICE,Not Applicable,≥4,Statewide,145
8375,2020,T6,6,Gasoline,2013,ICE,Not Applicable,≥4,Statewide,145
8376,2020,P,Not Applicable,Natural Gas,2010,ICE,Not Applicable,≥4,Statewide,145
8377,2020,B,Not Applicable,Gasoline,2017,ICE,Not Applicable,3,Statewide,27
8378,2020,BS,Not Applicable,Gasoline,2009,ICE,Not Applicable,1,Statewide,27
8379,2020,T4,Unknown,Diesel,1987,ICE,Not Applicable,1,Statewide,2
8380,2020,BS,Not Applicable,Gasoline,2011,ICE,Not Applicable,1,Statewide,27
8381,2020,MH,Not Applicable,Diesel,2004,ICE,Not Applicable,1,Statewide,145
8382,2020,MH,Not Applicable,Diesel,1984,ICE,Not Applicable,≥4,Statewide,4
8383,2020,P,Not Applicable,Diesel,1993,ICE,Not Applicable,3,Statewide,4
8384,2020,P,Not Applicable,Diesel,1994,ICE,Not Applicable,3,Statewide,4
8385,2020,P,Not Applicable,Diesel,2003,ICE,Not Applicable,3,Statewide,146
8386,2020,T1,Unknown,Gasoline,2004,ICE,Not Applicable,2,Statewide,27
8387,2020,T6,6,Diesel,2002,ICE,Not Applicable,3,Statewide,146
8388,2020,T2,Unknown,Gasoline,1994,ICE,Not Applicable,3,Statewide,27
8389,2020,P,Not Applicable,Electric,2013,BEV,Unknown,≥4,Statewide,146
8390,2020,T2,1,Gasoline,2020,PHEV,0 to 50 miles,3,Statewide,27
8391,2020,T3,Unknown,Gasoline,1990,ICE,Not Applicable,3,Statewide,27
8392,2020,T4,Unknown,Gasoline,1977,ICE,Not Applicable,3,Statewide,27
8393,2020,T1,1,Gasoline,1980,ICE,Not Applicable,2,Statewide,146
8394,2020,MH,Not Applicable,Diesel,2022,ICE,Not Applicable,1,Statewide,4
8395,2020,T4,Unknown,Gasoline,1977,ICE,Not Applicable,2,Statewide,27
8396,2020,BT,Not Applicable,Diesel,2005,ICE,Not Applicable,1,Statewide,145
8397,2020,T4,Unknown,Diesel,1990,ICE,Not Applicable,2,Statewide,2
8398,2020,T3,Unknown,Gasoline,2001,ICE,Not Applicable,≥4,Statewide,139
8399,2020,T6,6,Diesel,2022,ICE,Not Applicable,1,Statewide,139
8400,2020,T4,Unknown,Diesel,2019,ICE,Not Applicable,3,Statewide,2
8401,2020,B,Not Applicable,Diesel,1976,ICE,Not Applicable,≥4,Statewide,139
8402,2020,T4,Unknown,Diesel,2018,ICE,Not Applicable,3,Statewide,2
8403,2020,T4,Unknown,Diesel,2016,ICE,Not Applicable,2,Statewide,2
8404,2020,T4,2,Diesel,2010,ICE,Not Applicable,≥4,Statewide,11813
8405,2020,T4,Unknown,Diesel,2015,ICE,Not Applicable,2,Statewide,2
8406,2020,T2,1,Diesel,2015,ICE,Not Applicable,1,Statewide,27
8407,2020,T4,Unknown,Diesel,2007,ICE,Not Applicable,1,Statewide,2
8408,2020,T4,Unknown,Diesel,2003,ICE,Not Applicable,2,Statewide,2
8409,2020,T4,Unknown,Diesel,1989,ICE,Not Applicable,2,Statewide,2
8410,2020,T4,Unknown,Diesel,1990,ICE,Not Applicable,≥4,Statewide,27
8411,2020,T4,Unknown,Diesel,2000,ICE,Not Applicable,3,Statewide,2
8412,2020,T6,7,Diesel,1981,ICE,Not Applicable,1,Statewide,27
8413,2020,T6,7,Diesel,1985,ICE,Not Applicable,1,Statewide,27
8414,2020,T6,Unknown,Diesel,2012,ICE,Not Applicable,≥4,Statewide,27
8415,2020,T4,Unknown,Diesel,1999,ICE,Not Applicable,2,Statewide,2
8416,2020,T4,Unknown,Diesel,1997,ICE,Not Applicable,3,Statewide,2
8417,2020,MC,Not Applicable,Electric,2013,BEV,Unknown,≥4,Statewide,27
8418,2020,T4,Unknown,Diesel,1993,ICE,Not Applicable,2,Statewide,2
8419,2020,T4,Unknown,Diesel,1991,ICE,Not Applicable,1,Statewide,2
8420,2020,T4,Unknown,Diesel,1991,ICE,Not Applicable,2,Statewide,2
8421,2020,T4,2,Gasoline,2003,ICE,Not Applicable,1,Statewide,2037
8422,2020,T4,Unknown,Diesel,2001,ICE,Not Applicable,3,Statewide,2
8423,2020,BT,Not Applicable,Natural Gas,2008,ICE,Not Applicable,≥4,Statewide,146
8424,2020,T7,8,Natural Gas,2009,ICE,Not Applicable,≥4,Statewide,146
8425,2020,P,Not Applicable,Natural Gas,2007,ICE,Not Applicable,2,Statewide,138
8426,2020,T1,Unknown,Diesel,1976,ICE,Not Applicable,2,Statewide,4
8427,2020,T6,4,Gasoline,1992,ICE,Not Applicable,≥4,Statewide,26
8428,2020,T1,Unknown,Diesel,1979,ICE,Not Applicable,≥4,Statewide,4
8429,2020,T6,5,Gasoline,1989,ICE,Not Applicable,≥4,Statewide,26
8430,2020,T6,4,Gasoline,1977,ICE,Not Applicable,≥4,Statewide,26
8431,2020,T4,Unknown,Gasoline,2015,ICE,Not Applicable,2,Statewide,26
8432,2020,T1,1,Diesel,1984,ICE,Not Applicable,2,Statewide,4
8433,2020,T1,Unknown,Diesel,1987,ICE,Not Applicable,2,Statewide,4
8434,2020,T6,4,Gasoline,2016,ICE,Not Applicable,1,Statewide,27
8435,2020,T7,8,Gasoline,1980,ICE,Not Applicable,≥4,Statewide,27
8436,2020,BT,Not Applicable,Natural Gas,1999,ICE,Not Applicable,≥4,Statewide,27
8437,2020,T6,5,Gasoline,2011,ICE,Not Applicable,1,Statewide,26
8438,2020,T4,Unknown,Gasoline,1980,ICE,Not Applicable,2,Statewide,26
8439,2020,T3,Unknown,Gasoline,1988,ICE,Not Applicable,≥4,Statewide,26
8440,2020,T7,8,Natural Gas,2022,ICE,Not Applicable,≥4,Statewide,137
8441,2020,MH,Not Applicable,Gasoline,1986,ICE,Not Applicable,1,Statewide,137
8442,2020,MH,Not Applicable,Gasoline,1986,ICE,Not Applicable,3,Statewide,137
8443,2020,T6,6,Diesel,2021,ICE,Not Applicable,3,Statewide,137
8444,2020,T6,6,Diesel,2020,ICE,Not Applicable,3,Statewide,137
8445,2020,T1,Unknown,Diesel,1990,ICE,Not Applicable,2,Statewide,4
8446,2020,T4,2,Natural Gas,2004,ICE,Not Applicable,≥4,Statewide,27
8447,2020,T1,1,Diesel,1992,ICE,Not Applicable,2,Statewide,4
8448,2020,T1,Unknown,Diesel,2001,ICE,Not Applicable,1,Statewide,4
8449,2020,T1,Unknown,Diesel,2016,ICE,Not Applicable,≥4,Statewide,4
8450,2020,P,Not Applicable,Natural Gas,2004,ICE,Not Applicable,2,Statewide,27
8451,2020,P,Not Applicable,Natural Gas,2002,ICE,Not Applicable,≥4,Statewide,26
8452,2020,T6,5,Gasoline,2004,ICE,Not Applicable,3,Statewide,27
8453,2020,T6,6,Gasoline,1984,ICE,Not Applicable,3,Statewide,27
8454,2020,T2,1,Gasoline,1985,ICE,Not Applicable,3,Statewide,138
8455,2020,T1,1,Gasoline,2004,ICE,Not Applicable,3,Statewide,11898
8456,2020,T6,5,Diesel,2010,ICE,Not Applicable,≥4,Statewide,2023
8457,2020,P,Not Applicable,Diesel,2015,ICE,Not Applicable,2,Statewide,2021
8458,2020,T2,Unknown,Gasoline,1983,ICE,Not Applicable,1,Statewide,138
8459,2020,T6,4,Diesel,2017,ICE,Not Applicable,1,Statewide,138
8460,2020,T4,2,Diesel,2002,ICE,Not Applicable,3,Statewide,2020
8461,2020,MH,Not Applicable,Diesel,2018,ICE,Not Applicable,1,Statewide,147
8462,2020,T6,4,Diesel,2000,ICE,Not Applicable,3,Statewide,147
8463,2020,T6,7,Diesel,2019,ICE,Not Applicable,1,Statewide,147
8464,2020,P,Not Applicable,Diesel,2022,ICE,Not Applicable,≥4,Statewide,4
8465,2020,T6,4,Diesel,2021,ICE,Not Applicable,1,Statewide,147
8466,2020,MH,Not Applicable,Gasoline,1982,ICE,Not Applicable,≥4,Statewide,147
8467,2020,T5,3,Gasoline,2014,ICE,Not Applicable,1,Statewide,147
8468,2020,T6,6,Gasoline,2007,ICE,Not Applicable,≥4,Statewide,147
8469,2020,P,Not Applicable,Natural Gas,2006,ICE,Not Applicable,≥4,Statewide,147
8470,2020,P,Not Applicable,Diesel,2022,ICE,Not Applicable,1,Statewide,4
8471,2020,T6,7,Gasoline,1978,ICE,Not Applicable,1,Statewide,27
8472,2020,P,Not Applicable,Gasoline,2017,PHEV,0 to 50 miles,≥4,Statewide,2074
8473,2020,T6,7,Natural Gas,2010,ICE,Not Applicable,≥4,Statewide,26
8474,2020,T6,7,Gasoline,1980,ICE,Not Applicable,≥4,Statewide,27
8475,2020,T4,2,Natural Gas,2007,ICE,Not Applicable,≥4,Statewide,26
8476,2020,T6,6,Gasoline,1983,ICE,Not Applicable,2,Statewide,27
8477,2020,T4,2,Natural Gas,2005,ICE,Not Applicable,≥4,Statewide,26
8478,2020,P,Not Applicable,Natural Gas,2005,ICE,Not Applicable,3,Statewide,26
8479,2020,T2,1,Diesel,1983,ICE,Not Applicable,≥4,Statewide,27
8480,2020,T2,Unknown,Gasoline,1997,ICE,Not Applicable,2,Statewide,26
8481,2020,T1,Unknown,Diesel,2012,ICE,Not Applicable,≥4,Statewide,27
8482,2020,T6,5,Diesel,1976,ICE,Not Applicable,1,Statewide,2
8483,2020,B,Not Applicable,Electric,2004,BEV,Unknown,1,Statewide,2
8484,2020,MC,Not Applicable,Diesel,2006,ICE,Not Applicable,2,Statewide,4
8485,2020,B,Not Applicable,Electric,1999,BEV,Unknown,1,Statewide,2
8486,2020,B,Not Applicable,Electric,1998,BEV,Unknown,2,Statewide,2
8487,2020,MC,Not Applicable,Diesel,2012,ICE,Not Applicable,2,Statewide,4
8488,2020,T5,3,Diesel,2020,ICE,Not Applicable,1,Statewide,2056
8489,2020,BT,Not Applicable,Diesel,1976,ICE,Not Applicable,2,Statewide,4
8490,2020,P,Not Applicable,Electric,2019,BEV,51 to 100 miles,2,Statewide,4032
8491,2020,T3,2,Diesel,2013,ICE,Not Applicable,2,Statewide,142
8492,2020,T5,3,Diesel,1998,ICE,Not Applicable,2,Statewide,142
8493,2020,T2,Unknown,Gasoline,1981,ICE,Not Applicable,1,Statewide,142
8494,2020,MC,Not Applicable,Diesel,2006,ICE,Not Applicable,3,Statewide,4
8495,2020,B,Not Applicable,Electric,1998,BEV,Unknown,≥4,Statewide,2
8496,2020,T6,4,Diesel,2022,ICE,Not Applicable,3,Statewide,2
8497,2020,T6,Unknown,Diesel,2021,ICE,Not Applicable,2,Statewide,2
8498,2020,BT,Not Applicable,Diesel,1976,ICE,Not Applicable,3,Statewide,4
8499,2020,BS,Not Applicable,Diesel,1986,ICE,Not Applicable,1,Statewide,4
8500,2020,BS,Not Applicable,Diesel,1979,ICE,Not Applicable,1,Statewide,4
8501,2020,T2,1,Gasoline,2021,PHEV,0 to 50 miles,1,Statewide,140
8502,2020,T6,6,Diesel,2015,ICE,Not Applicable,1,Statewide,140
8503,2020,T6,5,Diesel,2007,ICE,Not Applicable,3,Statewide,140
8504,2020,T4,2,Diesel,1988,ICE,Not Applicable,2,Statewide,140
8505,2020,B,Not Applicable,Diesel,1989,ICE,Not Applicable,2,Statewide,4
8506,2020,B,Not Applicable,Diesel,1988,ICE,Not Applicable,2,Statewide,4
8507,2020,T7,8,Diesel,1977,ICE,Not Applicable,2,Statewide,2
8508,2020,B,Not Applicable,Diesel,1986,ICE,Not Applicable,1,Statewide,4
8509,2020,MC,Not Applicable,Diesel,2003,ICE,Not Applicable,≥4,Statewide,4
8510,2020,BT,Not Applicable,Electric,2006,BEV,Unknown,≥4,Statewide,2
8511,2020,T6,5,Diesel,2018,ICE,Not Applicable,2,Statewide,141
8512,2020,T1,1,Gasoline,1983,ICE,Not Applicable,2,Statewide,141
8513,2020,MH,Not Applicable,Diesel,2021,ICE,Not Applicable,3,Statewide,141
8514,2020,BT,Not Applicable,Diesel,2015,ICE,Not Applicable,1,Statewide,4
8515,2020,MC,Not Applicable,Electric,2007,BEV,Unknown,2,Statewide,2
8516,2020,MC,Not Applicable,Electric,2008,BEV,Unknown,≥4,Statewide,2
8517,2020,MC,Not Applicable,Electric,2009,BEV,Unknown,≥4,Statewide,2
8518,2020,P,Not Applicable,Gasoline,1988,ICE,Not Applicable,≥4,Statewide,4054
8519,2020,T3,Unknown,Gasoline,2000,ICE,Not Applicable,≥4,Statewide,141
8520,2020,T6,5,Diesel,2020,ICE,Not Applicable,≥4,Statewide,4048
8521,2020,T3,Unknown,Gasoline,2021,PHEV,0 to 50 miles,≥4,Statewide,141
8522,2020,BT,Not Applicable,Electric,2004,BEV,Unknown,≥4,Statewide,2
8523,2020,MC,Not Applicable,Electric,2007,BEV,Unknown,3,Statewide,2
8524,2020,MC,Not Applicable,Electric,2004,BEV,Unknown,≥4,Statewide,2
8525,2020,BT,Not Applicable,Electric,2017,BEV,Unknown,≥4,Statewide,2
8526,2020,T3,Unknown,Gasoline,2013,ICE,Not Applicable,≥4,Statewide,4035
8527,2020,BT,Not Applicable,Diesel,2011,ICE,Not Applicable,3,Statewide,4
8528,2020,T2,Unknown,Gasoline,2014,ICE,Not Applicable,≥4,Statewide,4034
8529,2020,BT,Not Applicable,Diesel,2007,ICE,Not Applicable,2,Statewide,4
8530,2020,BT,Not Applicable,Diesel,2006,ICE,Not Applicable,3,Statewide,4
8531,2020,BT,Not Applicable,Diesel,2004,ICE,Not Applicable,3,Statewide,4
8532,2020,BT,Not Applicable,Diesel,2001,ICE,Not Applicable,1,Statewide,4
8533,2020,BT,Not Applicable,Diesel,2021,ICE,Not Applicable,2,Statewide,4
8534,2020,BT,Not Applicable,Electric,2009,BEV,Unknown,≥4,Statewide,2
8535,2020,MC,Not Applicable,Electric,2006,BEV,Unknown,1,Statewide,2
8536,2020,T6,Unknown,Diesel,2016,ICE,Not Applicable,3,Statewide,2
8537,2020,T3,2,Gasoline,1991,ICE,Not Applicable,≥4,Statewide,2065
8538,2020,T6,Unknown,Diesel,2015,ICE,Not Applicable,2,Statewide,2
8539,2020,T6,6,Diesel,1983,ICE,Not Applicable,1,Statewide,2
8540,2020,T6,6,Diesel,1983,ICE,Not Applicable,3,Statewide,2
8541,2020,P,Not Applicable,Gasoline,1992,ICE,Not Applicable,≥4,Statewide,11764
8542,2020,T6,Unknown,Diesel,1982,ICE,Not Applicable,1,Statewide,2
8543,2020,MC,Not Applicable,Diesel,2013,ICE,Not Applicable,2,Statewide,4
8544,2020,MC,Not Applicable,Diesel,2014,ICE,Not Applicable,3,Statewide,4
8545,2020,MC,Not Applicable,Diesel,2014,ICE,Not Applicable,1,Statewide,4
8546,2020,T6,Unknown,Diesel,1982,ICE,Not Applicable,3,Statewide,2
8547,2020,MC,Not Applicable,Diesel,2016,ICE,Not Applicable,≥4,Statewide,4
8548,2020,MC,Not Applicable,Diesel,2018,ICE,Not Applicable,1,Statewide,4
8549,2020,MC,Not Applicable,Diesel,2020,ICE,Not Applicable,≥4,Statewide,4
8550,2020,T6,6,Diesel,1984,ICE,Not Applicable,3,Statewide,2
8551,2020,BS,Not Applicable,Diesel,2015,ICE,Not Applicable,1,Statewide,27
8552,2020,T4,2,Gasoline,2000,ICE,Not Applicable,3,Statewide,2040
8553,2020,BS,Not Applicable,Diesel,2019,ICE,Not Applicable,1,Statewide,27
8554,2020,MH,Not Applicable,Diesel,1991,ICE,Not Applicable,1,Statewide,27
8555,2020,P,Not Applicable,Diesel,2005,ICE,Not Applicable,2,Statewide,144
8556,2020,T2,Unknown,Diesel,2021,ICE,Not Applicable,3,Statewide,144
8557,2020,T6,7,Gasoline,1985,ICE,Not Applicable,≥4,Statewide,144
8558,2020,P,Not Applicable,Diesel,1995,ICE,Not Applicable,2,Statewide,27
8559,2020,T6,7,Diesel,1978,ICE,Not Applicable,3,Statewide,2
8560,2020,T6,7,Diesel,1977,ICE,Not Applicable,3,Statewide,2
8561,2020,T1,Unknown,Diesel,1997,ICE,Not Applicable,≥4,Statewide,27
8562,2020,T1,Unknown,Diesel,2003,ICE,Not Applicable,≥4,Statewide,27
8563,2020,T6,7,Diesel,1982,ICE,Not Applicable,3,Statewide,2
8564,2020,T6,4,Diesel,1989,ICE,Not Applicable,1,Statewide,2
8565,2020,B,Not Applicable,Diesel,2007,ICE,Not Applicable,2,Statewide,27
8566,2020,T6,Unknown,Diesel,1989,ICE,Not Applicable,2,Statewide,2
8567,2020,T6,Unknown,Diesel,2013,ICE,Not Applicable,3,Statewide,2
8568,2020,T2,Unknown,Gasoline,2015,ICE,Not Applicable,3,Statewide,4011
8569,2020,T6,Unknown,Diesel,2011,ICE,Not Applicable,3,Statewide,2
8570,2020,T2,Unknown,Gasoline,2017,ICE,Not Applicable,3,Statewide,4010
8571,2020,T6,Unknown,Diesel,2006,ICE,Not Applicable,1,Statewide,2
8572,2020,T6,Unknown,Diesel,2005,ICE,Not Applicable,2,Statewide,2
8573,2020,MC,Not Applicable,Gasoline,2005,ICE,Not Applicable,3,Statewide,4003
8574,2020,B,Not Applicable,Diesel,2006,ICE,Not Applicable,3,Statewide,27
8575,2020,T6,Unknown,Diesel,2002,ICE,Not Applicable,2,Statewide,2
8576,2020,T4,2,Gasoline,2003,ICE,Not Applicable,2,Statewide,2048
8577,2020,P,Not Applicable,Diesel,1996,ICE,Not Applicable,≥4,Statewide,143
8578,2020,P,Not Applicable,Diesel,2005,ICE,Not Applicable,3,Statewide,143
8579,2020,T6,7,Diesel,2006,ICE,Not Applicable,1,Statewide,143
8580,2020,T1,1,Gasoline,1983,ICE,Not Applicable,1,Statewide,143
8581,2020,T6,Unknown,Diesel,2001,ICE,Not Applicable,3,Statewide,2
8582,2020,T6,Unknown,Diesel,2000,ICE,Not Applicable,3,Statewide,2
8583,2020,T6,Unknown,Diesel,1998,ICE,Not Applicable,1,Statewide,2
8584,2020,T6,Unknown,Diesel,1995,ICE,Not Applicable,1,Statewide,2
8585,2020,T6,Unknown,Diesel,1995,ICE,Not Applicable,2,Statewide,2
8586,2020,T6,Unknown,Diesel,1994,ICE,Not Applicable,3,Statewide,2
8587,2020,T6,5,Diesel,1993,ICE,Not Applicable,3,Statewide,2
8588,2020,T6,5,Diesel,1991,ICE,Not Applicable,1,Statewide,2
8589,2020,T6,Unknown,Diesel,1990,ICE,Not Applicable,3,Statewide,2
8590,2020,T6,4,Diesel,1990,ICE,Not Applicable,2,Statewide,2
8591,2020,T6,5,Diesel,1990,ICE,Not Applicable,3,Statewide,2
8592,2020,T5,3,Diesel,1987,ICE,Not Applicable,3,Statewide,2
8593,2020,T2,Unknown,Gasoline,1995,ICE,Not Applicable,1,Statewide,26
8594,2020,T1,Unknown,Gasoline,2009,ICE,Not Applicable,1,Statewide,26
8595,2020,T1,Unknown,Gasoline,2007,ICE,Not Applicable,3,Statewide,26
8596,2020,T3,2,Gasoline,1998,ICE,Not Applicable,3,Statewide,4099
8597,2020,T3,Unknown,Diesel,1991,ICE,Not Applicable,2,Statewide,2
8598,2020,T3,Unknown,Diesel,1991,ICE,Not Applicable,3,Statewide,2
8599,2020,MC,Not Applicable,Gasoline,2007,ICE,Not Applicable,1,Statewide,4104
8600,2020,T7,8,Diesel,2021,ICE,Not Applicable,≥4,Statewide,12308
8601,2020,T3,Unknown,Diesel,1990,ICE,Not Applicable,1,Statewide,2
8602,2020,T6,6,Diesel,2014,ICE,Not Applicable,2,Statewide,133
8603,2020,T3,2,Diesel,2010,ICE,Not Applicable,1,Statewide,133
8604,2020,T1,1,Gasoline,2005,ICE,Not Applicable,3,Statewide,12338
8605,2020,B,Not Applicable,Diesel,2001,ICE,Not Applicable,≥4,Statewide,133
8606,2020,T3,Unknown,Diesel,1988,ICE,Not Applicable,1,Statewide,2
8607,2020,T3,2,Diesel,2020,ICE,Not Applicable,≥4,Statewide,4098
8608,2020,T6,Unknown,Diesel,1992,ICE,Not Applicable,2,Statewide,4
8609,2020,T6,Unknown,Diesel,2002,ICE,Not Applicable,1,Statewide,4
8610,2020,T7,8,Natural Gas,1987,ICE,Not Applicable,≥4,Statewide,1
8611,2020,T6,6,Natural Gas,2021,ICE,Not Applicable,≥4,Statewide,1
8612,2020,T6,7,Natural Gas,2021,ICE,Not Applicable,3,Statewide,1
8613,2020,T6,4,Natural Gas,2020,ICE,Not Applicable,3,Statewide,1
8614,2020,T6,Unknown,Natural Gas,2019,ICE,Not Applicable,1,Statewide,1
8615,2020,T6,4,Natural Gas,2019,ICE,Not Applicable,1,Statewide,1
8616,2020,T6,7,Natural Gas,2019,ICE,Not Applicable,3,Statewide,1
8617,2020,T6,Unknown,Natural Gas,2018,ICE,Not Applicable,≥4,Statewide,1
8618,2020,T6,6,Natural Gas,2018,ICE,Not Applicable,1,Statewide,1
8619,2020,T6,7,Natural Gas,2018,ICE,Not Applicable,3,Statewide,1
8620,2020,T6,5,Diesel,1993,ICE,Not Applicable,2,Statewide,4
8621,2020,T3,2,Gasoline,1994,ICE,Not Applicable,2,Statewide,2004
8622,2020,BT,Not Applicable,Natural Gas,2019,ICE,Not Applicable,≥4,Statewide,150
8623,2020,T6,4,Gasoline,2004,ICE,Not Applicable,3,Statewide,150
8624,2020,P,Not Applicable,Hydrogen,2021,FCEV,>150 miles,2,Statewide,149
8625,2020,T3,Unknown,Diesel,2004,ICE,Not Applicable,≥4,Statewide,2
8626,2020,T3,Unknown,Diesel,2002,ICE,Not Applicable,≥4,Statewide,2
8627,2020,T3,Unknown,Diesel,1998,ICE,Not Applicable,1,Statewide,2
8628,2020,T6,4,Gasoline,2008,ICE,Not Applicable,1,Statewide,133
8629,2020,T3,Unknown,Diesel,1998,ICE,Not Applicable,≥4,Statewide,2
8630,2020,T6,4,Gasoline,2002,ICE,Not Applicable,1,Statewide,133
8631,2020,MC,Not Applicable,Unknown,2021,ICE,Not Applicable,≥4,Statewide,1
8632,2020,T7,8,Natural Gas,2010,ICE,Not Applicable,2,Statewide,1
8633,2020,T7,8,Natural Gas,2010,ICE,Not Applicable,3,Statewide,1
8634,2020,T5,3,Gasoline,1989,ICE,Not Applicable,≥4,Statewide,133
8635,2020,BS,Not Applicable,Natural Gas,2007,ICE,Not Applicable,≥4,Statewide,150
8636,2020,T7,8,Natural Gas,1997,ICE,Not Applicable,≥4,Statewide,1
8637,2020,T1,Unknown,Gasoline,1985,ICE,Not Applicable,3,Statewide,133
8638,2020,MC,Not Applicable,Gasoline,2006,ICE,Not Applicable,2,Statewide,4094
8639,2020,P,Not Applicable,Gasoline,2022,PHEV,0 to 50 miles,2,Statewide,133
8640,2020,T1,1,Electric,2018,BEV,101 to 150 miles,≥4,Statewide,133
8641,2020,T3,Unknown,Diesel,1995,ICE,Not Applicable,≥4,Statewide,2
8642,2020,T3,2,Diesel,1992,ICE,Not Applicable,3,Statewide,2
8643,2020,T6,5,Diesel,2014,ICE,Not Applicable,1,Statewide,133
8644,2020,T3,2,Diesel,2014,ICE,Not Applicable,1,Statewide,150
8645,2020,T5,3,Diesel,1998,ICE,Not Applicable,1,Statewide,150
8646,2020,T6,7,Diesel,2005,ICE,Not Applicable,3,Statewide,150
8647,2020,T3,Unknown,Gasoline,1979,ICE,Not Applicable,1,Statewide,150
8648,2020,T7,8,Diesel,2017,ICE,Not Applicable,≥4,Statewide,12302
8649,2020,T4,2,Gasoline,2015,ICE,Not Applicable,≥4,Statewide,2002
8650,2020,T3,Unknown,Diesel,1988,ICE,Not Applicable,3,Statewide,2
8651,2020,T2,1,Diesel,2018,ICE,Not Applicable,1,Statewide,152
8652,2020,T6,Unknown,Diesel,2012,ICE,Not Applicable,1,Statewide,4
8653,2020,T2,Unknown,Diesel,2019,ICE,Not Applicable,≥4,Statewide,2
8654,2020,T2,Unknown,Diesel,2014,ICE,Not Applicable,2,Statewide,2
8655,2020,T2,Unknown,Diesel,2014,ICE,Not Applicable,3,Statewide,2
8656,2020,T2,Unknown,Diesel,2012,ICE,Not Applicable,≥4,Statewide,2
8657,2020,T2,Unknown,Diesel,2006,ICE,Not Applicable,≥4,Statewide,2
8658,2020,T2,Unknown,Diesel,2002,ICE,Not Applicable,3,Statewide,2
8659,2020,T2,Unknown,Diesel,1999,ICE,Not Applicable,2,Statewide,2
8660,2020,T2,Unknown,Diesel,1999,ICE,Not Applicable,≥4,Statewide,2
8661,2020,T6,Unknown,Diesel,2013,ICE,Not Applicable,2,Statewide,4
8662,2020,T6,Unknown,Diesel,2013,ICE,Not Applicable,1,Statewide,4
8663,2020,T3,2,Diesel,1981,ICE,Not Applicable,2,Statewide,2
8664,2020,T2,Unknown,Diesel,1998,ICE,Not Applicable,2,Statewide,2
8665,2020,T2,Unknown,Diesel,1998,ICE,Not Applicable,3,Statewide,2
8666,2020,T2,Unknown,Diesel,1998,ICE,Not Applicable,≥4,Statewide,2
8667,2020,T2,Unknown,Diesel,1995,ICE,Not Applicable,1,Statewide,2
8668,2020,T2,Unknown,Diesel,1993,ICE,Not Applicable,1,Statewide,2
8669,2020,T2,Unknown,Diesel,1993,ICE,Not Applicable,2,Statewide,2
8670,2020,T6,7,Natural Gas,2017,ICE,Not Applicable,2,Statewide,1
8671,2020,T6,Unknown,Natural Gas,2015,ICE,Not Applicable,≥4,Statewide,1
8672,2020,T6,5,Natural Gas,2015,ICE,Not Applicable,1,Statewide,1
8673,2020,T6,Unknown,Diesel,2015,ICE,Not Applicable,1,Statewide,4
8674,2020,T6,6,Natural Gas,2015,ICE,Not Applicable,2,Statewide,1
8675,2020,T6,Unknown,Natural Gas,2014,ICE,Not Applicable,≥4,Statewide,1
8676,2020,T1,1,Gasoline,2002,ICE,Not Applicable,2,Statewide,12432
8677,2020,T3,Unknown,Diesel,1981,ICE,Not Applicable,3,Statewide,2
8678,2020,T3,Unknown,Gasoline,1979,ICE,Not Applicable,2,Statewide,153
8679,2020,T6,6,Diesel,2021,ICE,Not Applicable,2,Statewide,153
8680,2020,T6,6,Diesel,1991,ICE,Not Applicable,≥4,Statewide,152
8681,2020,T6,4,Diesel,2022,ICE,Not Applicable,≥4,Statewide,152
8682,2020,T1,Unknown,Gasoline,1983,ICE,Not Applicable,2,Statewide,152
8683,2020,T2,Unknown,Gasoline,1999,ICE,Not Applicable,1,Statewide,152
8684,2020,T6,6,Gasoline,2001,ICE,Not Applicable,≥4,Statewide,152
8685,2020,T3,Unknown,Diesel,1987,ICE,Not Applicable,2,Statewide,2
8686,2020,T3,Unknown,Diesel,1986,ICE,Not Applicable,2,Statewide,2
8687,2020,T3,2,Diesel,1986,ICE,Not Applicable,1,Statewide,2
8688,2020,T3,2,Diesel,1986,ICE,Not Applicable,3,Statewide,2
8689,2020,T4,2,Gasoline,2004,ICE,Not Applicable,2,Statewide,3959
8690,2020,T3,2,Diesel,1985,ICE,Not Applicable,2,Statewide,2
8691,2020,T6,Unknown,Diesel,2004,ICE,Not Applicable,2,Statewide,4
8692,2020,T3,2,Diesel,1985,ICE,Not Applicable,3,Statewide,2
8693,2020,T3,Unknown,Diesel,1984,ICE,Not Applicable,2,Statewide,2
8694,2020,T6,Unknown,Diesel,2004,ICE,Not Applicable,1,Statewide,4
8695,2020,T3,Unknown,Diesel,1984,ICE,Not Applicable,3,Statewide,2
8696,2020,T3,2,Diesel,1984,ICE,Not Applicable,≥4,Statewide,2
8697,2020,T3,Unknown,Diesel,1983,ICE,Not Applicable,1,Statewide,2
8698,2020,T3,Unknown,Diesel,1982,ICE,Not Applicable,1,Statewide,2
8699,2020,T6,4,Natural Gas,2017,ICE,Not Applicable,3,Statewide,1
8700,2020,T6,Unknown,Diesel,2005,ICE,Not Applicable,1,Statewide,4
8701,2020,T6,6,Natural Gas,2017,ICE,Not Applicable,≥4,Statewide,1
8702,2020,T3,2,Diesel,1982,ICE,Not Applicable,2,Statewide,2
8703,2020,BT,Not Applicable,Diesel,2011,ICE,Not Applicable,≥4,Statewide,153
8704,2020,BT,Not Applicable,Diesel,2012,ICE,Not Applicable,≥4,Statewide,153
8705,2020,T5,3,Gasoline,2016,ICE,Not Applicable,3,Statewide,149
8706,2020,T4,2,Gasoline,1982,ICE,Not Applicable,2,Statewide,149
8707,2020,MH,Not Applicable,Gasoline,1987,ICE,Not Applicable,2,Statewide,149
8708,2020,T6,5,Diesel,2005,ICE,Not Applicable,3,Statewide,149
8709,2020,T3,2,Diesel,2006,ICE,Not Applicable,3,Statewide,26
8710,2020,T3,2,Diesel,1981,ICE,Not Applicable,≥4,Statewide,4
8711,2020,T3,2,Diesel,2004,ICE,Not Applicable,3,Statewide,26
8712,2020,T3,Unknown,Diesel,1982,ICE,Not Applicable,≥4,Statewide,4
8713,2020,T3,Unknown,Diesel,1983,ICE,Not Applicable,3,Statewide,4
8714,2020,T3,Unknown,Diesel,1983,ICE,Not Applicable,2,Statewide,4
8715,2020,T2,1,Diesel,2015,ICE,Not Applicable,≥4,Statewide,26
8716,2020,T3,Unknown,Diesel,1988,ICE,Not Applicable,≥4,Statewide,4
8717,2020,T3,2,Diesel,1992,ICE,Not Applicable,2,Statewide,4
8718,2020,T3,Unknown,Diesel,1993,ICE,Not Applicable,≥4,Statewide,4
8719,2020,T1,1,Gasoline,1990,ICE,Not Applicable,1,Statewide,2014
8720,2020,T3,Unknown,Diesel,1979,ICE,Not Applicable,2,Statewide,4
8721,2020,T6,6,Gasoline,1996,ICE,Not Applicable,≥4,Statewide,135
8722,2020,T6,7,Diesel,2008,ICE,Not Applicable,1,Statewide,135
8723,2020,MH,Not Applicable,Diesel,2021,ICE,Not Applicable,1,Statewide,148
8724,2020,MH,Not Applicable,Diesel,1999,ICE,Not Applicable,3,Statewide,135
8725,2020,T7,8,Diesel,2002,ICE,Not Applicable,≥4,Statewide,2083
8726,2020,T3,2,Diesel,1995,ICE,Not Applicable,2,Statewide,4
8727,2020,T5,3,Diesel,1995,ICE,Not Applicable,3,Statewide,148
8728,2020,T3,2,Diesel,2005,ICE,Not Applicable,2,Statewide,4
8729,2020,T3,Unknown,Diesel,2010,ICE,Not Applicable,3,Statewide,4
8730,2020,T4,Unknown,Diesel,1985,ICE,Not Applicable,3,Statewide,4
8731,2020,T4,Unknown,Diesel,1988,ICE,Not Applicable,1,Statewide,4
8732,2020,T4,Unknown,Diesel,1999,ICE,Not Applicable,1,Statewide,4
8733,2020,T4,2,Gasoline,1980,ICE,Not Applicable,2,Statewide,135
8734,2020,T2,Unknown,Diesel,2015,ICE,Not Applicable,1,Statewide,4
8735,2020,T2,Unknown,Diesel,1995,ICE,Not Applicable,3,Statewide,4
8736,2020,T4,Unknown,Diesel,2002,ICE,Not Applicable,≥4,Statewide,26
8737,2020,T2,1,Diesel,1976,ICE,Not Applicable,1,Statewide,4
8738,2020,T2,Unknown,Diesel,1980,ICE,Not Applicable,3,Statewide,4
8739,2020,T2,1,Diesel,1981,ICE,Not Applicable,1,Statewide,4
8740,2020,T2,Unknown,Diesel,1983,ICE,Not Applicable,≥4,Statewide,4
8741,2020,B,Not Applicable,Gasoline,2021,ICE,Not Applicable,3,Statewide,26
8742,2020,B,Not Applicable,Gasoline,1993,ICE,Not Applicable,≥4,Statewide,26
8743,2020,T2,Unknown,Diesel,1984,ICE,Not Applicable,1,Statewide,4
8744,2020,P,Not Applicable,Natural Gas,2013,ICE,Not Applicable,2,Statewide,136
8745,2020,T6,4,Gasoline,2006,ICE,Not Applicable,3,Statewide,136
8746,2020,T6,6,Gasoline,1980,ICE,Not Applicable,1,Statewide,136
8747,2020,B,Not Applicable,Gasoline,1986,ICE,Not Applicable,≥4,Statewide,26
8748,2020,T3,Unknown,Gasoline,1981,ICE,Not Applicable,2,Statewide,136
8749,2020,B,Not Applicable,Gasoline,2007,ICE,Not Applicable,1,Statewide,136
8750,2020,MC,Not Applicable,Electric,2021,BEV,Unknown,3,Statewide,26
8751,2020,P,Not Applicable,Electric,2018,BEV,51 to 100 miles,≥4,Statewide,2018
8752,2020,B,Not Applicable,Gasoline,2006,ICE,Not Applicable,1,Statewide,136
8753,2020,T6,7,Diesel,1995,ICE,Not Applicable,1,Statewide,136
8754,2020,T3,Unknown,Diesel,2014,ICE,Not Applicable,2,Statewide,136
8755,2020,T2,Unknown,Diesel,1988,ICE,Not Applicable,3,Statewide,4
8756,2020,T4,2,Gasoline,2003,ICE,Not Applicable,3,Statewide,2081
8757,2020,T2,Unknown,Diesel,1989,ICE,Not Applicable,3,Statewide,4
8758,2020,T2,1,Diesel,1990,ICE,Not Applicable,2,Statewide,4
8759,2020,T2,Unknown,Diesel,1992,ICE,Not Applicable,3,Statewide,4
8760,2020,T6,7,Diesel,1987,ICE,Not Applicable,1,Statewide,26
8761,2020,T4,Unknown,Diesel,2020,ICE,Not Applicable,3,Statewide,26
8762,2020,T4,Unknown,Diesel,2002,ICE,Not Applicable,3,Statewide,4
8763,2020,T2,Unknown,Diesel,1993,ICE,Not Applicable,3,Statewide,2
8764,2020,T4,Unknown,Diesel,2004,ICE,Not Applicable,2,Statewide,4
8765,2020,T4,Unknown,Diesel,2007,ICE,Not Applicable,≥4,Statewide,4
8766,2020,T6,7,Diesel,1977,ICE,Not Applicable,2,Statewide,4
8767,2020,T6,Unknown,Diesel,1981,ICE,Not Applicable,≥4,Statewide,4
8768,2020,T6,6,Diesel,1984,ICE,Not Applicable,1,Statewide,4
8769,2020,T4,Unknown,Diesel,1986,ICE,Not Applicable,2,Statewide,2
8770,2020,T4,Unknown,Diesel,1986,ICE,Not Applicable,3,Statewide,2
8771,2020,T6,Unknown,Diesel,1984,ICE,Not Applicable,2,Statewide,4
8772,2020,T4,2,Diesel,1986,ICE,Not Applicable,3,Statewide,2
8773,2020,T6,6,Diesel,1986,ICE,Not Applicable,3,Statewide,4
8774,2020,T4,Unknown,Diesel,1984,ICE,Not Applicable,≥4,Statewide,2
8775,2020,T6,6,Diesel,1986,ICE,Not Applicable,2,Statewide,4
8776,2020,T4,Unknown,Diesel,1982,ICE,Not Applicable,≥4,Statewide,2
8777,2020,B,Not Applicable,Diesel,1979,ICE,Not Applicable,≥4,Statewide,26
8778,2020,T6,Unknown,Diesel,1991,ICE,Not Applicable,3,Statewide,4
8779,2020,T4,Unknown,Diesel,1979,ICE,Not Applicable,≥4,Statewide,2
8780,2020,P,Not Applicable,Electric,2018,BEV,101 to 150 miles,2,Statewide,2012
8781,2020,T6,Unknown,Diesel,1991,ICE,Not Applicable,1,Statewide,4
8782,2020,T6,4,Diesel,2006,ICE,Not Applicable,≥4,Statewide,2012
8783,2020,T4,Unknown,Diesel,1976,ICE,Not Applicable,2,Statewide,2
8784,2020,T4,2,Diesel,2018,ICE,Not Applicable,≥4,Statewide,3981
8785,2020,T4,Unknown,Diesel,1976,ICE,Not Applicable,3,Statewide,2
8786,2020,T3,Unknown,Diesel,2009,ICE,Not Applicable,1,Statewide,2
8787,2020,P,Not Applicable,Electric,2019,BEV,>150 miles,2,Statewide,2010
8788,2020,T4,2,Diesel,2012,ICE,Not Applicable,2,Statewide,4078
8789,2020,MH,Not Applicable,Diesel,2016,ICE,Not Applicable,3,Statewide,149
8790,2020,T3,Unknown,Gasoline,2021,ICE,Not Applicable,2,Statewide,4068
8791,2020,BS,Not Applicable,Diesel,1988,ICE,Not Applicable,≥4,Statewide,26
8792,2020,T4,Unknown,Diesel,2017,ICE,Not Applicable,1,Statewide,4
8793,2020,BS,Not Applicable,Diesel,1995,ICE,Not Applicable,2,Statewide,26
8794,2020,T4,Unknown,Diesel,2009,ICE,Not Applicable,3,Statewide,4
8795,2020,T4,Unknown,Diesel,2016,ICE,Not Applicable,1,Statewide,4
8796,2020,T3,Unknown,Gasoline,2000,ICE,Not Applicable,1,Statewide,134
8797,2020,P,Not Applicable,Electric,2018,BEV,Unknown,3,Statewide,148
8798,2020,T1,1,Gasoline,1983,ICE,Not Applicable,3,Statewide,148
8799,2020,T2,Unknown,Gasoline,1983,ICE,Not Applicable,3,Statewide,148
8800,2020,T3,Unknown,Gasoline,1991,ICE,Not Applicable,1,Statewide,134
8801,2020,T3,Unknown,Gasoline,1980,ICE,Not Applicable,1,Statewide,134
8802,2020,T2,Unknown,Gasoline,1984,ICE,Not Applicable,1,Statewide,148
8803,2020,T2,Unknown,Gasoline,1998,ICE,Not Applicable,≥4,Statewide,148
8804,2020,T2,Unknown,Gasoline,1984,ICE,Not Applicable,3,Statewide,134
8805,2020,T6,7,Gasoline,2014,ICE,Not Applicable,≥4,Statewide,148
8806,2020,T2,1,Gasoline,1982,ICE,Not Applicable,3,Statewide,134
8807,2020,B,Not Applicable,Gasoline,2012,ICE,Not Applicable,1,Statewide,134
8808,2020,T2,1,Diesel,1984,ICE,Not Applicable,3,Statewide,26
8809,2020,T2,1,Diesel,1980,ICE,Not Applicable,≥4,Statewide,26
8810,2020,MH,Not Applicable,Diesel,1987,ICE,Not Applicable,≥4,Statewide,26
8811,2020,T6,6,Diesel,2002,ICE,Not Applicable,2,Statewide,134
8812,2020,BT,Not Applicable,Diesel,1998,ICE,Not Applicable,1,Statewide,26
8813,2020,BS,Not Applicable,Diesel,2021,ICE,Not Applicable,2,Statewide,26
8814,2020,BS,Not Applicable,Diesel,2009,ICE,Not Applicable,1,Statewide,26
8815,2020,T4,Unknown,Diesel,2017,ICE,Not Applicable,2,Statewide,4
8816,2020,BS,Not Applicable,Diesel,2007,ICE,Not Applicable,3,Statewide,26
8817,2020,T7,8,Diesel,2014,ICE,Not Applicable,1,Statewide,2087
8818,2020,BS,Not Applicable,Diesel,1998,ICE,Not Applicable,1,Statewide,26
8819,2020,T4,Unknown,Diesel,2005,ICE,Not Applicable,≥4,Statewide,4
8820,2020,T6,7,Diesel,1979,ICE,Not Applicable,3,Statewide,2
8821,2020,T4,2,Diesel,2007,ICE,Not Applicable,3,Statewide,4579
8822,2020,T3,2,Diesel,2011,ICE,Not Applicable,3,Statewide,161
8823,2020,T6,4,Diesel,1994,ICE,Not Applicable,≥4,Statewide,204
8824,2020,P,Not Applicable,Diesel,1984,ICE,Not Applicable,3,Statewide,204
8825,2020,T1,Unknown,Gasoline,1996,ICE,Not Applicable,1,Statewide,7
8826,2020,T1,Unknown,Gasoline,1997,ICE,Not Applicable,2,Statewide,1
8827,2020,T3,2,Gasoline,2022,PHEV,0 to 50 miles,3,Statewide,1
8828,2020,T3,2,Gasoline,2022,PHEV,0 to 50 miles,2,Statewide,1
8829,2020,T6,6,Diesel,2018,ICE,Not Applicable,1,Statewide,204
8830,2020,T4,Unknown,Gasoline,1987,ICE,Not Applicable,3,Statewide,1
8831,2020,T1,Unknown,Gasoline,1988,ICE,Not Applicable,1,Statewide,7
8832,2020,T4,2,Gasoline,2007,ICE,Not Applicable,1,Statewide,4344
8833,2020,T1,Unknown,Gasoline,1988,ICE,Not Applicable,3,Statewide,7
8834,2020,T1,Unknown,Gasoline,1987,ICE,Not Applicable,2,Statewide,7
8835,2020,T1,Unknown,Gasoline,1986,ICE,Not Applicable,3,Statewide,7
8836,2020,T4,2,Gasoline,2022,ICE,Not Applicable,≥4,Statewide,203
8837,2020,T4,Unknown,Gasoline,1988,ICE,Not Applicable,2,Statewide,1
8838,2020,T7,8,Diesel,2001,ICE,Not Applicable,2,Statewide,204
8839,2020,P,Not Applicable,Electric,2018,BEV,Unknown,1,Statewide,204
8840,2020,T1,Unknown,Gasoline,1998,ICE,Not Applicable,2,Statewide,7
8841,2020,T5,3,Diesel,2000,ICE,Not Applicable,1,Statewide,205
8842,2020,P,Not Applicable,Diesel,2004,ICE,Not Applicable,2,Statewide,205
8843,2020,T5,3,Diesel,2011,ICE,Not Applicable,1,Statewide,1793
8844,2020,BT,Not Applicable,Gasoline,2012,ICE,Not Applicable,3,Statewide,1
8845,2020,BT,Not Applicable,Gasoline,2014,ICE,Not Applicable,3,Statewide,1
8846,2020,MH,Not Applicable,Gasoline,2023,ICE,Not Applicable,≥4,Statewide,1
8847,2020,MH,Not Applicable,Gasoline,2023,ICE,Not Applicable,2,Statewide,1
8848,2020,P,Not Applicable,Gasoline,2016,BEV,Unknown,2,Statewide,1
8849,2020,P,Not Applicable,Gasoline,2017,BEV,Unknown,1,Statewide,1
8850,2020,T4,Unknown,Gasoline,2000,ICE,Not Applicable,1,Statewide,7
8851,2020,T4,Unknown,Gasoline,2000,ICE,Not Applicable,≥4,Statewide,7
8852,2020,T4,Unknown,Gasoline,1996,ICE,Not Applicable,1,Statewide,7
8853,2020,T4,Unknown,Gasoline,1993,ICE,Not Applicable,≥4,Statewide,7
8854,2020,T4,Unknown,Gasoline,1990,ICE,Not Applicable,≥4,Statewide,7
8855,2020,T4,Unknown,Gasoline,1986,ICE,Not Applicable,≥4,Statewide,7
8856,2020,T2,Unknown,Gasoline,2000,ICE,Not Applicable,2,Statewide,203
8857,2020,T6,5,Diesel,2010,ICE,Not Applicable,3,Statewide,203
8858,2020,T4,Unknown,Gasoline,1988,ICE,Not Applicable,1,Statewide,1
8859,2020,P,Not Applicable,Gasoline,2019,BEV,51 to 100 miles,≥4,Statewide,7
8860,2020,P,Not Applicable,Diesel,2002,ICE,Not Applicable,≥4,Statewide,202
8861,2020,MH,Not Applicable,Diesel,2007,ICE,Not Applicable,2,Statewide,202
8862,2020,T3,2,Gasoline,1984,ICE,Not Applicable,≥4,Statewide,1801
8863,2020,BT,Not Applicable,Gasoline,2019,ICE,Not Applicable,3,Statewide,7
8864,2020,T2,1,Gasoline,1992,ICE,Not Applicable,3,Statewide,1805
8865,2020,T4,Unknown,Gasoline,2008,ICE,Not Applicable,2,Statewide,1
8866,2020,T4,Unknown,Gasoline,2009,ICE,Not Applicable,2,Statewide,1
8867,2020,BT,Not Applicable,Gasoline,2013,ICE,Not Applicable,2,Statewide,7
8868,2020,BT,Not Applicable,Gasoline,1992,ICE,Not Applicable,≥4,Statewide,7
8869,2020,BT,Not Applicable,Gasoline,1986,ICE,Not Applicable,1,Statewide,7
8870,2020,BS,Not Applicable,Gasoline,2015,ICE,Not Applicable,1,Statewide,7
8871,2020,BS,Not Applicable,Gasoline,2006,ICE,Not Applicable,2,Statewide,7
8872,2020,BS,Not Applicable,Gasoline,1999,ICE,Not Applicable,1,Statewide,7
8873,2020,BS,Not Applicable,Gasoline,1997,ICE,Not Applicable,1,Statewide,7
8874,2020,BS,Not Applicable,Gasoline,1991,ICE,Not Applicable,1,Statewide,7
8875,2020,T3,Unknown,Diesel,2016,ICE,Not Applicable,1,Statewide,202
8876,2020,T4,Unknown,Gasoline,2007,ICE,Not Applicable,1,Statewide,7
8877,2020,T4,2,Diesel,1993,ICE,Not Applicable,2,Statewide,202
8878,2020,T6,4,Diesel,2008,ICE,Not Applicable,3,Statewide,202
8879,2020,T4,Unknown,Gasoline,1989,ICE,Not Applicable,2,Statewide,1
8880,2020,T5,3,Diesel,2005,ICE,Not Applicable,≥4,Statewide,1798
8881,2020,T4,Unknown,Gasoline,1990,ICE,Not Applicable,3,Statewide,1
8882,2020,T4,Unknown,Gasoline,2003,ICE,Not Applicable,2,Statewide,1
8883,2020,T4,Unknown,Gasoline,2005,ICE,Not Applicable,1,Statewide,1
8884,2020,T4,Unknown,Gasoline,2008,ICE,Not Applicable,≥4,Statewide,1
8885,2020,T4,Unknown,Gasoline,2008,ICE,Not Applicable,3,Statewide,1
8886,2020,T5,3,Diesel,2013,ICE,Not Applicable,≥4,Statewide,4335
8887,2020,MH,Not Applicable,Gasoline,1985,ICE,Not Applicable,3,Statewide,7
8888,2020,T4,2,Diesel,2019,ICE,Not Applicable,≥4,Statewide,4328
8889,2020,BT,Not Applicable,Gasoline,2019,ICE,Not Applicable,2,Statewide,7
8890,2020,T7,8,Diesel,2022,ICE,Not Applicable,≥4,Statewide,4321
8891,2020,T5,3,Gasoline,2021,ICE,Not Applicable,1,Statewide,202
8892,2020,T4,2,Gasoline,1984,ICE,Not Applicable,1,Statewide,202
8893,2020,T7,8,Diesel,2000,ICE,Not Applicable,2,Statewide,202
8894,2020,T6,6,Diesel,1994,ICE,Not Applicable,≥4,Statewide,202
8895,2020,BS,Not Applicable,Gasoline,1980,ICE,Not Applicable,2,Statewide,7
8896,2020,T5,3,Gasoline,1982,ICE,Not Applicable,1,Statewide,7
8897,2020,T5,3,Gasoline,1985,ICE,Not Applicable,≥4,Statewide,7
8898,2020,T3,2,Gasoline,1987,ICE,Not Applicable,1,Statewide,208
8899,2020,T3,Unknown,Gasoline,1984,ICE,Not Applicable,3,Statewide,208
8900,2020,T1,1,Gasoline,1985,ICE,Not Applicable,1,Statewide,208
8901,2020,MH,Not Applicable,Gasoline,1987,ICE,Not Applicable,1,Statewide,208
8902,2020,T7,8,Diesel,2022,ICE,Not Applicable,2,Statewide,208
8903,2020,T3,2,Diesel,2012,ICE,Not Applicable,1,Statewide,208
8904,2020,T4,2,Gasoline,1979,ICE,Not Applicable,1,Statewide,208
8905,2020,T6,7,Diesel,2005,ICE,Not Applicable,≥4,Statewide,1786
8906,2020,T7,8,Gasoline,1978,ICE,Not Applicable,1,Statewide,7
8907,2020,BT,Not Applicable,Gasoline,1993,ICE,Not Applicable,1,Statewide,1
8908,2020,BT,Not Applicable,Gasoline,1996,ICE,Not Applicable,3,Statewide,1
8909,2020,BT,Not Applicable,Gasoline,1997,ICE,Not Applicable,3,Statewide,1
8910,2020,BT,Not Applicable,Gasoline,1999,ICE,Not Applicable,3,Statewide,1
8911,2020,BT,Not Applicable,Gasoline,2001,ICE,Not Applicable,3,Statewide,1
8912,2020,P,Not Applicable,Gasoline,2017,PHEV,0 to 50 miles,1,Statewide,1786
8913,2020,T4,2,Gasoline,1986,ICE,Not Applicable,3,Statewide,208
8914,2020,T4,2,Gasoline,1988,ICE,Not Applicable,3,Statewide,208
8915,2020,P,Not Applicable,Natural Gas,2007,ICE,Not Applicable,1,Statewide,208
8916,2020,T4,2,Natural Gas,2016,ICE,Not Applicable,≥4,Statewide,7
8917,2020,BT,Not Applicable,Gasoline,1986,ICE,Not Applicable,3,Statewide,1
8918,2020,BT,Not Applicable,Gasoline,1987,ICE,Not Applicable,1,Statewide,1
8919,2020,BT,Not Applicable,Gasoline,1989,ICE,Not Applicable,3,Statewide,1
8920,2020,BT,Not Applicable,Gasoline,1991,ICE,Not Applicable,1,Statewide,1
8921,2020,T3,2,Natural Gas,2021,ICE,Not Applicable,≥4,Statewide,7
8922,2020,T3,2,Natural Gas,2003,ICE,Not Applicable,1,Statewide,7
8923,2020,T1,Unknown,Natural Gas,2014,ICE,Not Applicable,≥4,Statewide,7
8924,2020,P,Not Applicable,Natural Gas,2003,ICE,Not Applicable,2,Statewide,7
8925,2020,BS,Not Applicable,Natural Gas,2013,ICE,Not Applicable,3,Statewide,7
8926,2020,BS,Not Applicable,Natural Gas,2005,ICE,Not Applicable,1,Statewide,7
8927,2020,B,Not Applicable,Natural Gas,2017,ICE,Not Applicable,1,Statewide,7
8928,2020,B,Not Applicable,Natural Gas,2010,ICE,Not Applicable,≥4,Statewide,7
8929,2020,T1,1,Hydrogen,2021,FCEV,>150 miles,3,Statewide,7
8930,2020,P,Not Applicable,Hydrogen,2017,FCEV,Unknown,≥4,Statewide,7
8931,2020,BT,Not Applicable,Gasoline,2002,ICE,Not Applicable,2,Statewide,1
8932,2020,T6,6,Gasoline,2016,ICE,Not Applicable,2,Statewide,7
8933,2020,T6,4,Gasoline,2015,ICE,Not Applicable,2,Statewide,7
8934,2020,T6,6,Gasoline,2014,ICE,Not Applicable,1,Statewide,7
8935,2020,T6,7,Gasoline,1986,ICE,Not Applicable,1,Statewide,7
8936,2020,T6,6,Gasoline,1985,ICE,Not Applicable,2,Statewide,7
8937,2020,T6,Unknown,Gasoline,1984,ICE,Not Applicable,2,Statewide,7
8938,2020,T6,4,Gasoline,2014,ICE,Not Applicable,≥4,Statewide,206
8939,2020,T2,1,Gasoline,1984,ICE,Not Applicable,3,Statewide,206
8940,2020,MH,Not Applicable,Gasoline,1978,ICE,Not Applicable,≥4,Statewide,206
8941,2020,T6,4,Diesel,2007,ICE,Not Applicable,2,Statewide,206
8942,2020,T5,3,Diesel,2003,ICE,Not Applicable,3,Statewide,206
8943,2020,T3,Unknown,Diesel,2016,ICE,Not Applicable,3,Statewide,206
8944,2020,T4,2,Diesel,2016,ICE,Not Applicable,1,Statewide,1791
8945,2020,T5,3,Gasoline,2016,ICE,Not Applicable,≥4,Statewide,1791
8946,2020,T6,4,Gasoline,1979,ICE,Not Applicable,≥4,Statewide,7
8947,2020,BT,Not Applicable,Gasoline,2008,ICE,Not Applicable,1,Statewide,1
8948,2020,BT,Not Applicable,Gasoline,2009,ICE,Not Applicable,3,Statewide,1
8949,2020,T6,5,Gasoline,1978,ICE,Not Applicable,3,Statewide,7
8950,2020,T6,4,Gasoline,1988,ICE,Not Applicable,≥4,Statewide,7
8951,2020,T5,3,Gasoline,1983,ICE,Not Applicable,1,Statewide,7
8952,2020,T6,4,Gasoline,1991,ICE,Not Applicable,≥4,Statewide,7
8953,2020,BT,Not Applicable,Gasoline,2008,ICE,Not Applicable,3,Statewide,1
8954,2020,T6,6,Gasoline,2014,ICE,Not Applicable,2,Statewide,7
8955,2020,T6,6,Gasoline,2007,ICE,Not Applicable,3,Statewide,7
8956,2020,T6,6,Gasoline,2004,ICE,Not Applicable,3,Statewide,7
8957,2020,P,Not Applicable,Natural Gas,2013,ICE,Not Applicable,≥4,Statewide,207
8958,2020,T5,3,Gasoline,2019,ICE,Not Applicable,2,Statewide,207
8959,2020,T2,1,Gasoline,1983,ICE,Not Applicable,1,Statewide,207
8960,2020,T3,2,Diesel,1988,ICE,Not Applicable,≥4,Statewide,207
8961,2020,T6,5,Gasoline,1999,ICE,Not Applicable,2,Statewide,7
8962,2020,MC,Not Applicable,Gasoline,2002,ICE,Not Applicable,3,Statewide,1788
8963,2020,P,Not Applicable,Gasoline,2021,PHEV,51 to 100 miles,2,Statewide,1788
8964,2020,T2,1,Gasoline,1989,ICE,Not Applicable,≥4,Statewide,1788
8965,2020,T6,5,Diesel,2009,ICE,Not Applicable,≥4,Statewide,1789
8966,2020,T6,6,Gasoline,1998,ICE,Not Applicable,3,Statewide,7
8967,2020,T6,4,Diesel,2004,ICE,Not Applicable,≥4,Statewide,1790
8968,2020,BT,Not Applicable,Gasoline,2005,ICE,Not Applicable,2,Statewide,1
8969,2020,T6,7,Gasoline,1994,ICE,Not Applicable,2,Statewide,7
8970,2020,T6,6,Natural Gas,2008,ICE,Not Applicable,≥4,Statewide,7
8971,2020,BS,Not Applicable,Gasoline,1977,ICE,Not Applicable,2,Statewide,7
8972,2020,B,Not Applicable,Diesel,1998,ICE,Not Applicable,2,Statewide,23
8973,2020,T3,2,Gasoline,1987,ICE,Not Applicable,2,Statewide,195
8974,2020,MH,Not Applicable,Gasoline,1988,ICE,Not Applicable,2,Statewide,195
8975,2020,T6,5,Diesel,2017,ICE,Not Applicable,2,Statewide,195
8976,2020,T6,6,Diesel,2003,ICE,Not Applicable,2,Statewide,195
8977,2020,T6,4,Diesel,2002,ICE,Not Applicable,3,Statewide,195
8978,2020,T5,3,Diesel,1999,ICE,Not Applicable,1,Statewide,195
8979,2020,T6,4,Gasoline,2005,ICE,Not Applicable,3,Statewide,195
8980,2020,T6,5,Gasoline,1983,ICE,Not Applicable,3,Statewide,1
8981,2020,T4,2,Diesel,2015,ICE,Not Applicable,≥4,Statewide,1830
8982,2020,T6,5,Gasoline,1984,ICE,Not Applicable,2,Statewide,1
8983,2020,T6,5,Gasoline,1985,ICE,Not Applicable,2,Statewide,1
8984,2020,T6,Unknown,Gasoline,1985,ICE,Not Applicable,2,Statewide,1
8985,2020,T6,6,Diesel,2014,ICE,Not Applicable,1,Statewide,194
8986,2020,MH,Not Applicable,Diesel,2014,ICE,Not Applicable,≥4,Statewide,194
8987,2020,T6,Unknown,Gasoline,1983,ICE,Not Applicable,2,Statewide,1
8988,2020,T6,7,Gasoline,1983,ICE,Not Applicable,2,Statewide,1
8989,2020,T6,Unknown,Gasoline,1982,ICE,Not Applicable,2,Statewide,1
8990,2020,T6,Unknown,Gasoline,1982,ICE,Not Applicable,3,Statewide,1
8991,2020,P,Not Applicable,Diesel,1983,ICE,Not Applicable,≥4,Statewide,197
8992,2020,T4,2,Diesel,2002,ICE,Not Applicable,1,Statewide,1824
8993,2020,T6,Unknown,Gasoline,1979,ICE,Not Applicable,2,Statewide,1
8994,2020,T6,7,Gasoline,1980,ICE,Not Applicable,2,Statewide,1
8995,2020,T6,4,Gasoline,1980,ICE,Not Applicable,3,Statewide,1
8996,2020,T6,4,Gasoline,1980,ICE,Not Applicable,2,Statewide,1
8997,2020,T6,Unknown,Gasoline,1980,ICE,Not Applicable,3,Statewide,1
8998,2020,T6,7,Gasoline,1981,ICE,Not Applicable,3,Statewide,1
8999,2020,T6,4,Gasoline,1981,ICE,Not Applicable,1,Statewide,1
9000,2020,T4,2,Gasoline,1988,ICE,Not Applicable,2,Statewide,196
9001,2020,T3,Unknown,Gasoline,1982,ICE,Not Applicable,1,Statewide,196
9002,2020,T2,Unknown,Gasoline,1980,ICE,Not Applicable,2,Statewide,196
9003,2020,T7,8,Diesel,2002,ICE,Not Applicable,3,Statewide,196
9004,2020,T6,Unknown,Gasoline,1981,ICE,Not Applicable,3,Statewide,1
9005,2020,T6,Unknown,Gasoline,1981,ICE,Not Applicable,2,Statewide,1
9006,2020,MH,Not Applicable,Diesel,2007,ICE,Not Applicable,1,Statewide,194
9007,2020,T6,Unknown,Gasoline,1985,ICE,Not Applicable,1,Statewide,1
9008,2020,B,Not Applicable,Gasoline,1992,ICE,Not Applicable,3,Statewide,7
9009,2020,B,Not Applicable,Gasoline,1980,ICE,Not Applicable,1,Statewide,7
9010,2020,T1,1,Electric,2005,BEV,Unknown,3,Statewide,7
9011,2020,T6,4,Gasoline,1988,ICE,Not Applicable,1,Statewide,1
9012,2020,T6,Unknown,Gasoline,1988,ICE,Not Applicable,3,Statewide,1
9013,2020,T6,Unknown,Gasoline,1989,ICE,Not Applicable,1,Statewide,1
9014,2020,T6,Unknown,Gasoline,1990,ICE,Not Applicable,3,Statewide,1
9015,2020,P,Not Applicable,Electric,2022,BEV,101 to 150 miles,3,Statewide,7
9016,2020,P,Not Applicable,Electric,2009,BEV,Unknown,3,Statewide,7
9017,2020,P,Not Applicable,Electric,2002,BEV,Unknown,1,Statewide,7
9018,2020,P,Not Applicable,Electric,2001,BEV,Unknown,2,Statewide,7
9019,2020,P,Not Applicable,Electric,1976,BEV,Unknown,≥4,Statewide,7
9020,2020,MC,Not Applicable,Electric,2013,BEV,Unknown,2,Statewide,7
9021,2020,BT,Not Applicable,Electric,2020,BEV,Unknown,≥4,Statewide,7
9022,2020,B,Not Applicable,Electric,2004,BEV,Unknown,≥4,Statewide,7
9023,2020,T7,8,Diesel,1985,ICE,Not Applicable,3,Statewide,7
9024,2020,T7,8,Diesel,1984,ICE,Not Applicable,3,Statewide,7
9025,2020,T1,1,Electric,2005,BEV,Unknown,2,Statewide,7
9026,2020,T3,2,Diesel,2011,ICE,Not Applicable,2,Statewide,197
9027,2020,T1,Unknown,Electric,2013,BEV,Unknown,1,Statewide,7
9028,2020,T6,6,Diesel,2003,ICE,Not Applicable,3,Statewide,193
9029,2020,T6,4,Gasoline,1986,ICE,Not Applicable,≥4,Statewide,1
9030,2020,T6,5,Gasoline,1987,ICE,Not Applicable,2,Statewide,1
9031,2020,T6,4,Gasoline,1987,ICE,Not Applicable,1,Statewide,1
9032,2020,B,Not Applicable,Gasoline,1978,ICE,Not Applicable,1,Statewide,7
9033,2020,T3,Unknown,Electric,2008,BEV,Unknown,2,Statewide,7
9034,2020,T3,Unknown,Electric,2000,BEV,Unknown,≥4,Statewide,7
9035,2020,T2,1,Electric,2017,BEV,101 to 150 miles,1,Statewide,7
9036,2020,T2,1,Electric,2017,BEV,101 to 150 miles,2,Statewide,7
9037,2020,T2,1,Electric,2017,BEV,101 to 150 miles,3,Statewide,7
9038,2020,BT,Not Applicable,Natural Gas,2007,ICE,Not Applicable,≥4,Statewide,193
9039,2020,T6,5,Gasoline,2004,ICE,Not Applicable,≥4,Statewide,193
9040,2020,T5,3,Gasoline,2019,ICE,Not Applicable,3,Statewide,193
9041,2020,T5,3,Gasoline,1999,ICE,Not Applicable,2,Statewide,193
9042,2020,T7,8,Diesel,2008,ICE,Not Applicable,2,Statewide,193
9043,2020,T6,6,Diesel,2016,ICE,Not Applicable,1,Statewide,193
9044,2020,T6,5,Gasoline,1988,ICE,Not Applicable,3,Statewide,1
9045,2020,B,Not Applicable,Diesel,1987,ICE,Not Applicable,≥4,Statewide,23
9046,2020,T7,8,Diesel,2001,ICE,Not Applicable,3,Statewide,197
9047,2020,T6,5,Gasoline,1979,ICE,Not Applicable,2,Statewide,1
9048,2020,T1,Unknown,Diesel,2006,ICE,Not Applicable,≥4,Statewide,23
9049,2020,T2,1,Diesel,2017,ICE,Not Applicable,2,Statewide,23
9050,2020,T3,2,Diesel,1991,ICE,Not Applicable,1,Statewide,23
9051,2020,T3,2,Diesel,2003,ICE,Not Applicable,2,Statewide,23
9052,2020,T6,6,Diesel,1976,ICE,Not Applicable,1,Statewide,23
9053,2020,T6,7,Diesel,1988,ICE,Not Applicable,3,Statewide,23
9054,2020,T1,Unknown,Diesel,2004,ICE,Not Applicable,≥4,Statewide,23
9055,2020,T6,7,Diesel,1989,ICE,Not Applicable,2,Statewide,23
9056,2020,P,Not Applicable,Gasoline,2022,PHEV,0 to 50 miles,1,Statewide,200
9057,2020,MH,Not Applicable,Diesel,2003,ICE,Not Applicable,3,Statewide,200
9058,2020,T1,1,Gasoline,1988,ICE,Not Applicable,≥4,Statewide,1809
9059,2020,T5,3,Gasoline,1980,ICE,Not Applicable,3,Statewide,1
9060,2020,T5,3,Gasoline,1981,ICE,Not Applicable,≥4,Statewide,1
9061,2020,T5,3,Gasoline,1981,ICE,Not Applicable,2,Statewide,1
9062,2020,T2,1,Gasoline,1984,ICE,Not Applicable,1,Statewide,200
9063,2020,P,Not Applicable,Diesel,1980,ICE,Not Applicable,3,Statewide,23
9064,2020,MH,Not Applicable,Diesel,1995,ICE,Not Applicable,2,Statewide,23
9065,2020,MH,Not Applicable,Diesel,1989,ICE,Not Applicable,3,Statewide,23
9066,2020,B,Not Applicable,Diesel,2000,ICE,Not Applicable,1,Statewide,23
9067,2020,B,Not Applicable,Diesel,2003,ICE,Not Applicable,3,Statewide,23
9068,2020,T3,Unknown,Gasoline,1983,ICE,Not Applicable,1,Statewide,201
9069,2020,T3,Unknown,Gasoline,1983,ICE,Not Applicable,2,Statewide,201
9070,2020,MH,Not Applicable,Gasoline,1988,ICE,Not Applicable,1,Statewide,201
9071,2020,T6,Unknown,Diesel,1976,ICE,Not Applicable,≥4,Statewide,201
9072,2020,T5,3,Diesel,2003,ICE,Not Applicable,1,Statewide,201
9073,2020,P,Not Applicable,Diesel,2003,ICE,Not Applicable,2,Statewide,201
9074,2020,MH,Not Applicable,Diesel,2005,ICE,Not Applicable,1,Statewide,201
9075,2020,BS,Not Applicable,Diesel,2002,ICE,Not Applicable,3,Statewide,23
9076,2020,T4,Unknown,Gasoline,2010,ICE,Not Applicable,1,Statewide,1
9077,2020,T5,3,Gasoline,1977,ICE,Not Applicable,3,Statewide,1
9078,2020,T5,3,Gasoline,1977,ICE,Not Applicable,1,Statewide,1
9079,2020,T5,3,Gasoline,1978,ICE,Not Applicable,3,Statewide,1
9080,2020,T5,3,Gasoline,1979,ICE,Not Applicable,1,Statewide,1
9081,2020,T6,6,Diesel,1994,ICE,Not Applicable,3,Statewide,23
9082,2020,T6,Unknown,Diesel,2014,ICE,Not Applicable,3,Statewide,23
9083,2020,T6,Unknown,Diesel,2019,ICE,Not Applicable,1,Statewide,23
9084,2020,P,Not Applicable,Electric,2002,BEV,Unknown,≥4,Statewide,23
9085,2020,T5,3,Gasoline,2022,ICE,Not Applicable,1,Statewide,1
9086,2020,T6,4,Gasoline,1978,ICE,Not Applicable,3,Statewide,1
9087,2020,T6,Unknown,Gasoline,1978,ICE,Not Applicable,3,Statewide,1
9088,2020,T6,Unknown,Gasoline,1978,ICE,Not Applicable,2,Statewide,1
9089,2020,T6,5,Gasoline,2014,ICE,Not Applicable,1,Statewide,23
9090,2020,BS,Not Applicable,Natural Gas,2022,ICE,Not Applicable,≥4,Statewide,23
9091,2020,T3,2,Natural Gas,2006,ICE,Not Applicable,1,Statewide,23
9092,2020,T3,2,Natural Gas,2007,ICE,Not Applicable,1,Statewide,23
9093,2020,T6,7,Natural Gas,2008,ICE,Not Applicable,≥4,Statewide,23
9094,2020,T4,2,Gasoline,1987,ICE,Not Applicable,1,Statewide,198
9095,2020,T6,5,Diesel,2019,ICE,Not Applicable,3,Statewide,198
9096,2020,T6,5,Diesel,2013,ICE,Not Applicable,3,Statewide,198
9097,2020,T3,2,Diesel,2014,ICE,Not Applicable,2,Statewide,198
9098,2020,T4,2,Gasoline,2021,ICE,Not Applicable,2,Statewide,1820
9099,2020,T3,Unknown,Gasoline,1976,ICE,Not Applicable,≥4,Statewide,1822
9100,2020,T5,3,Gasoline,2022,ICE,Not Applicable,2,Statewide,1
9101,2020,T5,3,Gasoline,2001,ICE,Not Applicable,2,Statewide,197
9102,2020,T5,3,Gasoline,1985,ICE,Not Applicable,2,Statewide,1
9103,2020,T6,7,Gasoline,2004,ICE,Not Applicable,≥4,Statewide,23
9104,2020,P,Not Applicable,Electric,2012,BEV,Unknown,1,Statewide,23
9105,2020,P,Not Applicable,Electric,2013,BEV,Unknown,2,Statewide,23
9106,2020,BT,Not Applicable,Gasoline,1991,ICE,Not Applicable,≥4,Statewide,23
9107,2020,BT,Not Applicable,Gasoline,1998,ICE,Not Applicable,≥4,Statewide,23
9108,2020,T1,Unknown,Gasoline,1997,ICE,Not Applicable,≥4,Statewide,23
9109,2020,BS,Not Applicable,Natural Gas,2019,ICE,Not Applicable,≥4,Statewide,199
9110,2020,T6,6,Diesel,2000,ICE,Not Applicable,1,Statewide,199
9111,2020,T6,6,Diesel,1992,ICE,Not Applicable,≥4,Statewide,199
9112,2020,T2,Unknown,Diesel,2018,ICE,Not Applicable,2,Statewide,199
9113,2020,T1,Unknown,Gasoline,2001,ICE,Not Applicable,1,Statewide,23
9114,2020,T1,Unknown,Gasoline,2003,ICE,Not Applicable,1,Statewide,23
9115,2020,T5,3,Gasoline,1988,ICE,Not Applicable,1,Statewide,23
9116,2020,T6,Unknown,Gasoline,1978,ICE,Not Applicable,≥4,Statewide,23
9117,2020,T3,2,Diesel,2017,ICE,Not Applicable,≥4,Statewide,1815
9118,2020,T6,5,Gasoline,1996,ICE,Not Applicable,≥4,Statewide,23
9119,2020,T6,5,Gasoline,2012,ICE,Not Applicable,2,Statewide,23
9120,2020,T6,6,Natural Gas,2010,ICE,Not Applicable,≥4,Statewide,7
9121,2020,BT,Not Applicable,Gasoline,1985,ICE,Not Applicable,1,Statewide,1
9122,2020,T3,Unknown,Gasoline,2002,ICE,Not Applicable,2,Statewide,209
9123,2020,P,Not Applicable,Gasoline,1984,ICE,Not Applicable,≥4,Statewide,4422
9124,2020,T5,3,Gasoline,2012,ICE,Not Applicable,3,Statewide,225
9125,2020,T3,2,Gasoline,1985,ICE,Not Applicable,2,Statewide,225
9126,2020,T2,Unknown,Gasoline,2000,ICE,Not Applicable,1,Statewide,225
9127,2020,T2,Unknown,Gasoline,1980,ICE,Not Applicable,3,Statewide,225
9128,2020,T7,8,Diesel,2002,ICE,Not Applicable,2,Statewide,225
9129,2020,T2,1,Gasoline,2022,ICE,Not Applicable,1,Statewide,4424
9130,2020,BS,Not Applicable,Diesel,1992,ICE,Not Applicable,≥4,Statewide,225
9131,2020,T2,Unknown,Electric,2020,BEV,Unknown,3,Statewide,1
9132,2020,T2,1,Electric,2021,BEV,Unknown,2,Statewide,1
9133,2020,T3,Unknown,Electric,1986,BEV,Unknown,≥4,Statewide,1
9134,2020,T3,Unknown,Electric,1990,BEV,Unknown,≥4,Statewide,1
9135,2020,T3,Unknown,Electric,1996,BEV,Unknown,≥4,Statewide,1
9136,2020,T3,Unknown,Electric,1998,BEV,Unknown,1,Statewide,1
9137,2020,T4,2,Diesel,2008,ICE,Not Applicable,1,Statewide,4418
9138,2020,T2,1,Electric,2018,BEV,101 to 150 miles,1,Statewide,1
9139,2020,T2,Unknown,Electric,2017,BEV,Unknown,1,Statewide,1
9140,2020,T2,1,Electric,2017,BEV,51 to 100 miles,1,Statewide,1
9141,2020,T2,1,Electric,2003,BEV,Unknown,1,Statewide,1
9142,2020,T4,2,Diesel,2006,ICE,Not Applicable,2,Statewide,4477
9143,2020,T2,1,Electric,2005,BEV,Unknown,1,Statewide,1
9144,2020,T2,Unknown,Electric,2005,BEV,Unknown,2,Statewide,1
9145,2020,T2,1,Electric,2006,BEV,Unknown,2,Statewide,1
9146,2020,T2,1,Electric,2010,BEV,Unknown,≥4,Statewide,1
9147,2020,P,Not Applicable,Gasoline,2018,PHEV,0 to 50 miles,2,Statewide,4476
9148,2020,T6,6,Gasoline,2002,ICE,Not Applicable,≥4,Statewide,226
9149,2020,T6,5,Gasoline,1976,ICE,Not Applicable,1,Statewide,226
9150,2020,T1,1,Gasoline,1979,ICE,Not Applicable,2,Statewide,226
9151,2020,MH,Not Applicable,Gasoline,1988,ICE,Not Applicable,3,Statewide,226
9152,2020,P,Not Applicable,Diesel,2016,ICE,Not Applicable,3,Statewide,1744
9153,2020,P,Not Applicable,Gasoline,1982,ICE,Not Applicable,1,Statewide,1744
9154,2020,T2,Unknown,Electric,2013,BEV,Unknown,2,Statewide,1
9155,2020,T2,Unknown,Electric,2016,BEV,Unknown,1,Statewide,1
9156,2020,T3,2,Gasoline,2022,ICE,Not Applicable,≥4,Statewide,4407
9157,2020,T2,1,Gasoline,1995,ICE,Not Applicable,2,Statewide,4380
9158,2020,MC,Not Applicable,Gasoline,1982,ICE,Not Applicable,1,Statewide,224
9159,2020,T6,6,Diesel,2013,ICE,Not Applicable,3,Statewide,224
9160,2020,T4,Unknown,Electric,1989,BEV,Unknown,≥4,Statewide,1
9161,2020,T4,Unknown,Electric,1989,BEV,Unknown,2,Statewide,1
9162,2020,T3,2,Gasoline,1998,ICE,Not Applicable,2,Statewide,4356
9163,2020,T3,2,Gasoline,1994,ICE,Not Applicable,≥4,Statewide,4356
9164,2020,P,Not Applicable,Gasoline,1991,ICE,Not Applicable,3,Statewide,4355
9165,2020,B,Not Applicable,Diesel,2000,ICE,Not Applicable,2,Statewide,22
9166,2020,B,Not Applicable,Diesel,2001,ICE,Not Applicable,1,Statewide,22
9167,2020,B,Not Applicable,Diesel,2003,ICE,Not Applicable,2,Statewide,22
9168,2020,B,Not Applicable,Diesel,2010,ICE,Not Applicable,1,Statewide,22
9169,2020,T5,3,Gasoline,2000,ICE,Not Applicable,3,Statewide,221
9170,2020,T2,Unknown,Gasoline,2002,ICE,Not Applicable,2,Statewide,221
9171,2020,P,Not Applicable,Diesel,2001,ICE,Not Applicable,≥4,Statewide,221
9172,2020,B,Not Applicable,Diesel,2011,ICE,Not Applicable,≥4,Statewide,221
9173,2020,T4,2,Gasoline,2020,ICE,Not Applicable,2,Statewide,1755
9174,2020,T4,Unknown,Electric,1989,BEV,Unknown,1,Statewide,1
9175,2020,T4,Unknown,Electric,1987,BEV,Unknown,≥4,Statewide,1
9176,2020,T6,7,Diesel,2021,ICE,Not Applicable,≥4,Statewide,1740
9177,2020,T4,Unknown,Electric,1976,BEV,Unknown,≥4,Statewide,1
9178,2020,T4,2,Gasoline,1983,ICE,Not Applicable,1,Statewide,222
9179,2020,T6,7,Diesel,2005,ICE,Not Applicable,1,Statewide,224
9180,2020,T3,Unknown,Electric,2003,BEV,Unknown,1,Statewide,1
9181,2020,T3,Unknown,Electric,2004,BEV,Unknown,1,Statewide,1
9182,2020,T3,Unknown,Electric,2005,BEV,Unknown,3,Statewide,1
9183,2020,T3,Unknown,Electric,2011,BEV,Unknown,≥4,Statewide,1
9184,2020,T3,2,Electric,2012,BEV,Unknown,≥4,Statewide,1
9185,2020,T3,Unknown,Electric,2012,BEV,Unknown,1,Statewide,1
9186,2020,T3,Unknown,Electric,2013,BEV,Unknown,3,Statewide,1
9187,2020,T3,2,Electric,2018,BEV,Unknown,≥4,Statewide,1
9188,2020,T3,2,Electric,2018,BEV,Unknown,3,Statewide,1
9189,2020,T3,2,Electric,2020,BEV,Unknown,≥4,Statewide,1
9190,2020,T3,2,Electric,2020,BEV,Unknown,2,Statewide,1
9191,2020,T3,Unknown,Electric,2021,BEV,51 to 100 miles,1,Statewide,1
9192,2020,MC,Not Applicable,Gasoline,2009,ICE,Not Applicable,1,Statewide,4361
9193,2020,T5,3,Gasoline,2001,ICE,Not Applicable,3,Statewide,222
9194,2020,T2,Unknown,Gasoline,1985,ICE,Not Applicable,≥4,Statewide,222
9195,2020,B,Not Applicable,Diesel,2014,ICE,Not Applicable,1,Statewide,22
9196,2020,T4,2,Gasoline,1986,ICE,Not Applicable,1,Statewide,227
9197,2020,T2,1,Electric,2002,BEV,Unknown,1,Statewide,1
9198,2020,T5,3,Diesel,2001,ICE,Not Applicable,3,Statewide,236
9199,2020,T1,Unknown,Electric,1990,BEV,Unknown,1,Statewide,1
9200,2020,T1,Unknown,Electric,1992,BEV,Unknown,3,Statewide,1
9201,2020,T1,Unknown,Electric,1994,BEV,Unknown,≥4,Statewide,1
9202,2020,T1,Unknown,Electric,1996,BEV,Unknown,≥4,Statewide,1
9203,2020,T1,Unknown,Electric,1999,BEV,Unknown,1,Statewide,1
9204,2020,T6,5,Diesel,2012,ICE,Not Applicable,2,Statewide,236
9205,2020,T1,Unknown,Electric,2000,BEV,Unknown,≥4,Statewide,1
9206,2020,MH,Not Applicable,Diesel,2019,ICE,Not Applicable,3,Statewide,235
9207,2020,T1,Unknown,Electric,2000,BEV,Unknown,2,Statewide,1
9208,2020,T1,1,Electric,2002,BEV,Unknown,1,Statewide,1
9209,2020,P,Not Applicable,Natural Gas,2019,ICE,Not Applicable,≥4,Statewide,234
9210,2020,T5,3,Gasoline,2000,ICE,Not Applicable,2,Statewide,234
9211,2020,MH,Not Applicable,Diesel,2020,ICE,Not Applicable,1,Statewide,234
9212,2020,T6,4,Diesel,2006,ICE,Not Applicable,3,Statewide,235
9213,2020,T2,1,Gasoline,1983,ICE,Not Applicable,3,Statewide,236
9214,2020,BT,Not Applicable,Natural Gas,2009,ICE,Not Applicable,≥4,Statewide,236
9215,2020,T1,Unknown,Electric,1990,BEV,Unknown,≥4,Statewide,1
9216,2020,P,Not Applicable,Electric,1997,BEV,Unknown,2,Statewide,1
9217,2020,P,Not Applicable,Electric,1998,BEV,Unknown,2,Statewide,1
9218,2020,P,Not Applicable,Electric,1999,BEV,Unknown,1,Statewide,1
9219,2020,P,Not Applicable,Electric,2002,BEV,Unknown,2,Statewide,1
9220,2020,P,Not Applicable,Electric,2022,BEV,Unknown,3,Statewide,1
9221,2020,P,Not Applicable,Electric,2022,BEV,Unknown,2,Statewide,1
9222,2020,T4,Unknown,Gasoline,2011,ICE,Not Applicable,≥4,Statewide,237
9223,2020,T2,Unknown,Gasoline,2002,ICE,Not Applicable,1,Statewide,237
9224,2020,MH,Not Applicable,Gasoline,2020,ICE,Not Applicable,1,Statewide,237
9225,2020,T3,Unknown,Diesel,2019,ICE,Not Applicable,≥4,Statewide,237
9226,2020,B,Not Applicable,Diesel,2002,ICE,Not Applicable,≥4,Statewide,237
9227,2020,T1,Unknown,Electric,1976,BEV,Unknown,1,Statewide,1
9228,2020,T1,Unknown,Electric,1987,BEV,Unknown,≥4,Statewide,1
9229,2020,T1,Unknown,Electric,1987,BEV,Unknown,1,Statewide,1
9230,2020,T1,Unknown,Electric,1988,BEV,Unknown,≥4,Statewide,1
9231,2020,MH,Not Applicable,Diesel,2005,ICE,Not Applicable,2,Statewide,234
9232,2020,T1,Unknown,Electric,2002,BEV,Unknown,≥4,Statewide,1
9233,2020,T1,Unknown,Electric,2003,BEV,Unknown,1,Statewide,1
9234,2020,T1,Unknown,Electric,2004,BEV,Unknown,≥4,Statewide,1
9235,2020,T1,Unknown,Electric,2012,BEV,Unknown,1,Statewide,1
9236,2020,MC,Not Applicable,Gasoline,1981,ICE,Not Applicable,1,Statewide,229
9237,2020,BT,Not Applicable,Gasoline,2014,ICE,Not Applicable,≥4,Statewide,229
9238,2020,T6,7,Diesel,2013,ICE,Not Applicable,1,Statewide,229
9239,2020,T6,4,Diesel,2009,ICE,Not Applicable,3,Statewide,229
9240,2020,T4,2,Diesel,1987,ICE,Not Applicable,≥4,Statewide,229
9241,2020,P,Not Applicable,Diesel,2009,ICE,Not Applicable,2,Statewide,229
9242,2020,T1,Unknown,Electric,2014,BEV,Unknown,2,Statewide,1
9243,2020,T1,Unknown,Electric,2017,BEV,Unknown,1,Statewide,1
9244,2020,T2,Unknown,Electric,1988,BEV,Unknown,1,Statewide,1
9245,2020,T2,Unknown,Electric,1998,BEV,Unknown,≥4,Statewide,1
9246,2020,T2,1,Electric,2000,BEV,Unknown,≥4,Statewide,1
9247,2020,B,Not Applicable,Gasoline,2011,ICE,Not Applicable,3,Statewide,228
9248,2020,T4,2,Diesel,1992,ICE,Not Applicable,3,Statewide,228
9249,2020,T3,2,Diesel,2019,ICE,Not Applicable,≥4,Statewide,1737
9250,2020,T1,Unknown,Electric,2010,BEV,Unknown,3,Statewide,1
9251,2020,T2,1,Electric,2003,BEV,Unknown,≥4,Statewide,1
9252,2020,T1,Unknown,Electric,2009,BEV,Unknown,1,Statewide,1
9253,2020,T2,Unknown,Diesel,2018,ICE,Not Applicable,≥4,Statewide,230
9254,2020,T1,Unknown,Electric,2004,BEV,Unknown,1,Statewide,1
9255,2020,T6,6,Diesel,2013,ICE,Not Applicable,2,Statewide,233
9256,2020,T3,2,Diesel,2012,ICE,Not Applicable,2,Statewide,233
9257,2020,T1,Unknown,Electric,2005,BEV,Unknown,3,Statewide,1
9258,2020,T1,1,Electric,2007,BEV,Unknown,2,Statewide,1
9259,2020,T6,6,Gasoline,2012,ICE,Not Applicable,≥4,Statewide,232
9260,2020,T5,3,Gasoline,2001,ICE,Not Applicable,1,Statewide,232
9261,2020,T4,2,Diesel,1992,ICE,Not Applicable,2,Statewide,231
9262,2020,T1,Unknown,Electric,2007,BEV,Unknown,3,Statewide,1
9263,2020,T5,3,Gasoline,2017,ICE,Not Applicable,≥4,Statewide,1729
9264,2020,T1,Unknown,Electric,2008,BEV,Unknown,≥4,Statewide,1
9265,2020,T1,Unknown,Electric,2008,BEV,Unknown,3,Statewide,1
9266,2020,T6,5,Diesel,2010,ICE,Not Applicable,2,Statewide,230
9267,2020,T6,4,Diesel,1998,ICE,Not Applicable,≥4,Statewide,230
9268,2020,T5,3,Diesel,1991,ICE,Not Applicable,≥4,Statewide,230
9269,2020,T1,Unknown,Electric,2009,BEV,Unknown,3,Statewide,1
9270,2020,T4,Unknown,Electric,1994,BEV,Unknown,2,Statewide,1
9271,2020,T4,Unknown,Electric,1994,BEV,Unknown,1,Statewide,1
9272,2020,T4,Unknown,Electric,1998,BEV,Unknown,≥4,Statewide,1
9273,2020,T7,8,Diesel,2000,ICE,Not Applicable,3,Statewide,214
9274,2020,B,Not Applicable,Diesel,2008,ICE,Not Applicable,≥4,Statewide,214
9275,2020,BS,Not Applicable,Gasoline,1987,ICE,Not Applicable,3,Statewide,1
9276,2020,BS,Not Applicable,Gasoline,1989,ICE,Not Applicable,3,Statewide,1
9277,2020,P,Not Applicable,Gasoline,2016,PHEV,0 to 50 miles,3,Statewide,213
9278,2020,P,Not Applicable,Electric,2014,BEV,Unknown,≥4,Statewide,213
9279,2020,T6,4,Gasoline,1997,ICE,Not Applicable,≥4,Statewide,214
9280,2020,T7,8,Diesel,2008,ICE,Not Applicable,3,Statewide,213
9281,2020,T6,5,Diesel,2009,ICE,Not Applicable,3,Statewide,213
9282,2020,T6,5,Diesel,2008,ICE,Not Applicable,1,Statewide,213
9283,2020,T5,3,Diesel,2003,ICE,Not Applicable,2,Statewide,213
9284,2020,T3,2,Diesel,2014,ICE,Not Applicable,≥4,Statewide,213
9285,2020,T3,2,Diesel,2012,ICE,Not Applicable,3,Statewide,213
9286,2020,MH,Not Applicable,Diesel,2008,ICE,Not Applicable,2,Statewide,213
9287,2020,T6,5,Diesel,2012,ICE,Not Applicable,3,Statewide,213
9288,2020,T6,4,Gasoline,1999,ICE,Not Applicable,3,Statewide,52
9289,2020,BS,Not Applicable,Gasoline,1977,ICE,Not Applicable,3,Statewide,1
9290,2020,B,Not Applicable,Gasoline,2022,ICE,Not Applicable,3,Statewide,1
9291,2020,T6,4,Gasoline,2016,ICE,Not Applicable,3,Statewide,22
9292,2020,T6,6,Gasoline,2021,ICE,Not Applicable,1,Statewide,22
9293,2020,B,Not Applicable,Natural Gas,2004,ICE,Not Applicable,≥4,Statewide,22
9294,2020,P,Not Applicable,Natural Gas,2018,ICE,Not Applicable,1,Statewide,22
9295,2020,T7,8,Natural Gas,2020,ICE,Not Applicable,1,Statewide,22
9296,2020,T3,Unknown,Gasoline,1982,ICE,Not Applicable,3,Statewide,216
9297,2020,MC,Not Applicable,Gasoline,1982,ICE,Not Applicable,2,Statewide,216
9298,2020,BS,Not Applicable,Gasoline,2021,ICE,Not Applicable,≥4,Statewide,216
9299,2020,T6,5,Diesel,2006,ICE,Not Applicable,1,Statewide,216
9300,2020,T4,2,Diesel,1992,ICE,Not Applicable,1,Statewide,216
9301,2020,B,Not Applicable,Gasoline,1981,ICE,Not Applicable,1,Statewide,1
9302,2020,B,Not Applicable,Gasoline,1985,ICE,Not Applicable,3,Statewide,1
9303,2020,T1,1,Gasoline,1979,ICE,Not Applicable,3,Statewide,215
9304,2020,T6,7,Diesel,2012,ICE,Not Applicable,≥4,Statewide,1770
9305,2020,B,Not Applicable,Gasoline,1985,ICE,Not Applicable,2,Statewide,1
9306,2020,BS,Not Applicable,Gasoline,1990,ICE,Not Applicable,3,Statewide,1
9307,2020,BS,Not Applicable,Gasoline,1992,ICE,Not Applicable,3,Statewide,1
9308,2020,BS,Not Applicable,Gasoline,1994,ICE,Not Applicable,2,Statewide,1
9309,2020,BS,Not Applicable,Gasoline,1995,ICE,Not Applicable,2,Statewide,1
9310,2020,BT,Not Applicable,Natural Gas,2011,ICE,Not Applicable,≥4,Statewide,210
9311,2020,T6,6,Gasoline,1983,ICE,Not Applicable,≥4,Statewide,210
9312,2020,T5,3,Gasoline,1990,ICE,Not Applicable,≥4,Statewide,210
9313,2020,T6,Unknown,Diesel,2020,ICE,Not Applicable,≥4,Statewide,210
9314,2020,T1,1,Diesel,1987,ICE,Not Applicable,≥4,Statewide,210
9315,2020,BT,Not Applicable,Gasoline,1977,ICE,Not Applicable,≥4,Statewide,1
9316,2020,BT,Not Applicable,Gasoline,1979,ICE,Not Applicable,1,Statewide,1
9317,2020,T3,2,Gasoline,1983,ICE,Not Applicable,≥4,Statewide,1782
9318,2020,BT,Not Applicable,Gasoline,1982,ICE,Not Applicable,≥4,Statewide,1
9319,2020,BT,Not Applicable,Gasoline,1982,ICE,Not Applicable,3,Statewide,1
9320,2020,BT,Not Applicable,Gasoline,1982,ICE,Not Applicable,1,Statewide,1
9321,2020,T7,8,Natural Gas,2019,ICE,Not Applicable,3,Statewide,7
9322,2020,T6,4,Natural Gas,2018,ICE,Not Applicable,≥4,Statewide,7
9323,2020,T6,4,Natural Gas,2014,ICE,Not Applicable,≥4,Statewide,7
9324,2020,T6,6,Gasoline,2005,ICE,Not Applicable,≥4,Statewide,209
9325,2020,BT,Not Applicable,Gasoline,1976,ICE,Not Applicable,2,Statewide,1
9326,2020,T6,6,Gasoline,2011,ICE,Not Applicable,3,Statewide,22
9327,2020,BT,Not Applicable,Gasoline,1976,ICE,Not Applicable,3,Statewide,1
9328,2020,BS,Not Applicable,Gasoline,2021,ICE,Not Applicable,3,Statewide,1
9329,2020,BS,Not Applicable,Gasoline,1996,ICE,Not Applicable,1,Statewide,1
9330,2020,BS,Not Applicable,Gasoline,1997,ICE,Not Applicable,2,Statewide,1
9331,2020,BS,Not Applicable,Gasoline,1998,ICE,Not Applicable,2,Statewide,1
9332,2020,T7,8,Diesel,2007,ICE,Not Applicable,2,Statewide,212
9333,2020,MH,Not Applicable,Diesel,2018,ICE,Not Applicable,3,Statewide,212
9334,2020,BS,Not Applicable,Gasoline,2002,ICE,Not Applicable,1,Statewide,1
9335,2020,BS,Not Applicable,Gasoline,2003,ICE,Not Applicable,1,Statewide,1
9336,2020,BS,Not Applicable,Gasoline,2004,ICE,Not Applicable,2,Statewide,1
9337,2020,BS,Not Applicable,Gasoline,2007,ICE,Not Applicable,2,Statewide,1
9338,2020,BS,Not Applicable,Gasoline,2019,ICE,Not Applicable,1,Statewide,1
9339,2020,P,Not Applicable,Natural Gas,2009,ICE,Not Applicable,≥4,Statewide,211
9340,2020,T1,1,Electric,2019,BEV,101 to 150 miles,≥4,Statewide,211
9341,2020,T6,5,Diesel,2009,ICE,Not Applicable,2,Statewide,211
9342,2020,T6,6,Diesel,2002,ICE,Not Applicable,1,Statewide,211
9343,2020,T6,7,Diesel,1985,ICE,Not Applicable,≥4,Statewide,211
9344,2020,BS,Not Applicable,Gasoline,2023,ICE,Not Applicable,1,Statewide,1
9345,2020,T7,8,Electric,2005,BEV,Unknown,≥4,Statewide,1
9346,2020,T6,Unknown,Electric,2019,BEV,Unknown,1,Statewide,1
9347,2020,T6,Unknown,Electric,2018,BEV,Unknown,≥4,Statewide,1
9348,2020,T3,2,Diesel,1998,ICE,Not Applicable,2,Statewide,22
9349,2020,T3,2,Diesel,1999,ICE,Not Applicable,2,Statewide,22
9350,2020,T6,4,Diesel,1993,ICE,Not Applicable,2,Statewide,22
9351,2020,T6,5,Diesel,1997,ICE,Not Applicable,1,Statewide,22
9352,2020,T6,5,Diesel,2002,ICE,Not Applicable,1,Statewide,22
9353,2020,B,Not Applicable,Electric,2021,BEV,Unknown,≥4,Statewide,22
9354,2020,P,Not Applicable,Electric,2012,BEV,Unknown,3,Statewide,22
9355,2020,P,Not Applicable,Electric,2021,BEV,Unknown,2,Statewide,22
9356,2020,T2,1,Gasoline,1984,ICE,Not Applicable,2,Statewide,219
9357,2020,MH,Not Applicable,Diesel,2008,ICE,Not Applicable,1,Statewide,219
9358,2020,B,Not Applicable,Diesel,2007,ICE,Not Applicable,≥4,Statewide,219
9359,2020,B,Not Applicable,Gasoline,1991,ICE,Not Applicable,≥4,Statewide,22
9360,2020,T4,Unknown,Electric,2008,BEV,Unknown,1,Statewide,1
9361,2020,T4,Unknown,Electric,2011,BEV,Unknown,1,Statewide,1
9362,2020,T4,2,Electric,2019,BEV,Unknown,1,Statewide,1
9363,2020,T2,Unknown,Diesel,2015,ICE,Not Applicable,≥4,Statewide,22
9364,2020,T4,2,Electric,2020,BEV,Unknown,2,Statewide,1
9365,2020,T4,Unknown,Electric,1999,BEV,Unknown,1,Statewide,1
9366,2020,T2,1,Diesel,2014,ICE,Not Applicable,1,Statewide,22
9367,2020,BS,Not Applicable,Diesel,1986,ICE,Not Applicable,≥4,Statewide,22
9368,2020,BS,Not Applicable,Diesel,1987,ICE,Not Applicable,≥4,Statewide,22
9369,2020,BS,Not Applicable,Diesel,1998,ICE,Not Applicable,3,Statewide,22
9370,2020,BS,Not Applicable,Diesel,2003,ICE,Not Applicable,2,Statewide,22
9371,2020,P,Not Applicable,Diesel,1976,ICE,Not Applicable,2,Statewide,22
9372,2020,P,Not Applicable,Diesel,1999,ICE,Not Applicable,1,Statewide,22
9373,2020,T3,Unknown,Gasoline,1980,ICE,Not Applicable,3,Statewide,220
9374,2020,MH,Not Applicable,Gasoline,2020,ICE,Not Applicable,2,Statewide,220
9375,2020,BT,Not Applicable,Gasoline,2019,ICE,Not Applicable,≥4,Statewide,220
9376,2020,T6,5,Diesel,2005,ICE,Not Applicable,1,Statewide,220
9377,2020,T6,4,Diesel,1997,ICE,Not Applicable,≥4,Statewide,220
9378,2020,T3,Unknown,Diesel,2017,ICE,Not Applicable,3,Statewide,220
9379,2020,T3,2,Diesel,1987,ICE,Not Applicable,≥4,Statewide,220
9380,2020,T1,Unknown,Diesel,1999,ICE,Not Applicable,≥4,Statewide,22
9381,2020,T2,1,Diesel,1979,ICE,Not Applicable,2,Statewide,22
9382,2020,MC,Not Applicable,Gasoline,2001,ICE,Not Applicable,3,Statewide,1762
9383,2020,T7,8,Diesel,1979,ICE,Not Applicable,1,Statewide,7
9384,2020,T4,2,Electric,2021,BEV,Unknown,1,Statewide,1
9385,2020,T5,3,Electric,2001,BEV,Unknown,2,Statewide,1
9386,2020,T6,4,Gasoline,1976,ICE,Not Applicable,2,Statewide,22
9387,2020,T6,5,Gasoline,1979,ICE,Not Applicable,≥4,Statewide,22
9388,2020,T6,6,Gasoline,1985,ICE,Not Applicable,1,Statewide,22
9389,2020,T5,3,Gasoline,1993,ICE,Not Applicable,≥4,Statewide,217
9390,2020,T2,1,Gasoline,1983,ICE,Not Applicable,2,Statewide,217
9391,2020,T1,Unknown,Gasoline,1979,ICE,Not Applicable,1,Statewide,217
9392,2020,T7,8,Diesel,2009,ICE,Not Applicable,2,Statewide,217
9393,2020,T3,Unknown,Gasoline,2015,ICE,Not Applicable,2,Statewide,1765
9394,2020,T6,6,Gasoline,1995,ICE,Not Applicable,1,Statewide,22
9395,2020,T6,6,Gasoline,1996,ICE,Not Applicable,1,Statewide,22
9396,2020,T6,5,Gasoline,2005,ICE,Not Applicable,2,Statewide,22
9397,2020,T6,6,Gasoline,2006,ICE,Not Applicable,1,Statewide,22
9398,2020,T6,7,Gasoline,2008,ICE,Not Applicable,≥4,Statewide,22
9399,2020,T6,Unknown,Electric,2004,BEV,Unknown,≥4,Statewide,1
9400,2020,T6,Unknown,Electric,2013,BEV,Unknown,≥4,Statewide,1
9401,2020,T4,Unknown,Gasoline,2014,ICE,Not Applicable,1,Statewide,22
9402,2020,T5,3,Electric,1997,BEV,Unknown,≥4,Statewide,1
9403,2020,T4,Unknown,Gasoline,1981,ICE,Not Applicable,≥4,Statewide,22
9404,2020,T6,Unknown,Electric,1987,BEV,Unknown,1,Statewide,1
9405,2020,T5,3,Electric,2006,BEV,Unknown,≥4,Statewide,1
9406,2020,B,Not Applicable,Gasoline,1992,ICE,Not Applicable,≥4,Statewide,22
9407,2020,B,Not Applicable,Gasoline,1999,ICE,Not Applicable,1,Statewide,22
9408,2020,BS,Not Applicable,Gasoline,1979,ICE,Not Applicable,1,Statewide,22
9409,2020,BS,Not Applicable,Gasoline,2017,ICE,Not Applicable,1,Statewide,22
9410,2020,BT,Not Applicable,Gasoline,2016,ICE,Not Applicable,1,Statewide,22
9411,2020,T6,6,Gasoline,1982,ICE,Not Applicable,≥4,Statewide,218
9412,2020,T5,3,Gasoline,2003,ICE,Not Applicable,2,Statewide,218
9413,2020,BT,Not Applicable,Gasoline,2016,ICE,Not Applicable,≥4,Statewide,218
9414,2020,P,Not Applicable,Electric,2020,BEV,Unknown,3,Statewide,218
9415,2020,T1,Unknown,Gasoline,2000,ICE,Not Applicable,≥4,Statewide,22
9416,2020,T5,3,Electric,2016,BEV,Unknown,1,Statewide,1
9417,2020,T5,3,Electric,2018,BEV,Unknown,≥4,Statewide,1
9418,2020,T5,3,Electric,2020,BEV,Unknown,≥4,Statewide,1
9419,2020,T6,Unknown,Electric,1976,BEV,Unknown,≥4,Statewide,1
9420,2020,T2,Unknown,Gasoline,1992,ICE,Not Applicable,2,Statewide,22
9421,2020,T3,2,Natural Gas,2015,ICE,Not Applicable,2,Statewide,1
9422,2020,T6,5,Diesel,1992,ICE,Not Applicable,1,Statewide,7
9423,2020,T6,7,Diesel,1988,ICE,Not Applicable,2,Statewide,7
9424,2020,T3,Unknown,Gasoline,2011,ICE,Not Applicable,3,Statewide,13860
9425,2020,P,Not Applicable,Gasoline,2020,PHEV,0 to 50 miles,≥4,Statewide,4219
9426,2020,T1,1,Gasoline,1995,ICE,Not Applicable,3,Statewide,4218
9427,2020,T6,6,Diesel,2011,ICE,Not Applicable,≥4,Statewide,4215
9428,2020,T6,6,Gasoline,2004,ICE,Not Applicable,≥4,Statewide,170
9429,2020,T3,2,Diesel,2021,ICE,Not Applicable,1,Statewide,1913
9430,2020,T3,2,Gasoline,2002,ICE,Not Applicable,2,Statewide,13871
9431,2020,T4,2,Diesel,2016,ICE,Not Applicable,≥4,Statewide,4208
9432,2020,P,Not Applicable,Gasoline,2021,PHEV,51 to 100 miles,1,Statewide,1916
9433,2020,MC,Not Applicable,Natural Gas,1989,ICE,Not Applicable,≥4,Statewide,1
9434,2020,MC,Not Applicable,Natural Gas,1990,ICE,Not Applicable,≥4,Statewide,1
9435,2020,MC,Not Applicable,Natural Gas,1993,ICE,Not Applicable,≥4,Statewide,1
9436,2020,MC,Not Applicable,Diesel,2006,ICE,Not Applicable,≥4,Statewide,2
9437,2020,T1,1,Gasoline,2008,ICE,Not Applicable,≥4,Statewide,13830
9438,2020,T1,1,Gasoline,2016,ICE,Not Applicable,3,Statewide,4200
9439,2020,T7,8,Diesel,2014,ICE,Not Applicable,≥4,Statewide,13902
9440,2020,MC,Not Applicable,Natural Gas,1985,ICE,Not Applicable,3,Statewide,1
9441,2020,MC,Not Applicable,Natural Gas,1979,ICE,Not Applicable,3,Statewide,1
9442,2020,MC,Not Applicable,Diesel,2004,ICE,Not Applicable,2,Statewide,2
9443,2020,BT,Not Applicable,Natural Gas,2021,ICE,Not Applicable,≥4,Statewide,171
9444,2020,T6,6,Gasoline,1995,ICE,Not Applicable,≥4,Statewide,171
9445,2020,T3,2,Gasoline,1986,ICE,Not Applicable,2,Statewide,171
9446,2020,T3,Unknown,Gasoline,1985,ICE,Not Applicable,≥4,Statewide,171
9447,2020,T1,Unknown,Gasoline,1984,ICE,Not Applicable,2,Statewide,171
9448,2020,MH,Not Applicable,Gasoline,1987,ICE,Not Applicable,3,Statewide,171
9449,2020,T6,5,Diesel,2007,ICE,Not Applicable,1,Statewide,171
9450,2020,T6,7,Diesel,1987,ICE,Not Applicable,≥4,Statewide,171
9451,2020,T2,Unknown,Diesel,2018,ICE,Not Applicable,1,Statewide,171
9452,2020,MH,Not Applicable,Diesel,2015,ICE,Not Applicable,≥4,Statewide,171
9453,2020,MH,Not Applicable,Diesel,2006,ICE,Not Applicable,1,Statewide,171
9454,2020,MC,Not Applicable,Natural Gas,1976,ICE,Not Applicable,≥4,Statewide,1
9455,2020,MC,Not Applicable,Diesel,2005,ICE,Not Applicable,2,Statewide,2
9456,2020,MC,Not Applicable,Natural Gas,1976,ICE,Not Applicable,1,Statewide,1
9457,2020,MC,Not Applicable,Diesel,2007,ICE,Not Applicable,3,Statewide,2
9458,2020,MC,Not Applicable,Diesel,2009,ICE,Not Applicable,2,Statewide,2
9459,2020,P,Not Applicable,Natural Gas,2008,ICE,Not Applicable,≥4,Statewide,169
9460,2020,T6,6,Gasoline,1990,ICE,Not Applicable,≥4,Statewide,169
9461,2020,BS,Not Applicable,Gasoline,1976,ICE,Not Applicable,2,Statewide,168
9462,2020,BT,Not Applicable,Diesel,1996,ICE,Not Applicable,≥4,Statewide,168
9463,2020,T6,6,Diesel,2016,ICE,Not Applicable,≥4,Statewide,1920
9464,2020,MC,Not Applicable,Natural Gas,2010,ICE,Not Applicable,1,Statewide,1
9465,2020,MC,Not Applicable,Natural Gas,2011,ICE,Not Applicable,3,Statewide,1
9466,2020,MC,Not Applicable,Natural Gas,2012,ICE,Not Applicable,≥4,Statewide,1
9467,2020,MC,Not Applicable,Natural Gas,2013,ICE,Not Applicable,3,Statewide,1
9468,2020,MC,Not Applicable,Natural Gas,2014,ICE,Not Applicable,≥4,Statewide,1
9469,2020,P,Not Applicable,Diesel,2019,ICE,Not Applicable,≥4,Statewide,4172
9470,2020,T1,1,Gasoline,2012,ICE,Not Applicable,1,Statewide,13700
9471,2020,T3,Unknown,Gasoline,2012,ICE,Not Applicable,≥4,Statewide,8582
9472,2020,MC,Not Applicable,Gasoline,2010,ICE,Not Applicable,3,Statewide,8585
9473,2020,P,Not Applicable,Electric,2020,BEV,51 to 100 miles,1,Statewide,8586
9474,2020,T1,1,Gasoline,2018,ICE,Not Applicable,≥4,Statewide,13641
9475,2020,T4,2,Diesel,2020,ICE,Not Applicable,1,Statewide,4160
9476,2020,T1,Unknown,Gasoline,1980,ICE,Not Applicable,3,Statewide,168
9477,2020,T4,2,Diesel,2012,ICE,Not Applicable,≥4,Statewide,8502
9478,2020,T3,2,Gasoline,1987,ICE,Not Applicable,3,Statewide,168
9479,2020,MC,Not Applicable,Diesel,2015,ICE,Not Applicable,≥4,Statewide,2
9480,2020,T2,Unknown,Gasoline,1980,ICE,Not Applicable,1,Statewide,169
9481,2020,T1,Unknown,Gasoline,1982,ICE,Not Applicable,3,Statewide,169
9482,2020,T6,5,Diesel,2008,ICE,Not Applicable,3,Statewide,169
9483,2020,MC,Not Applicable,Natural Gas,2000,ICE,Not Applicable,≥4,Statewide,1
9484,2020,MC,Not Applicable,Natural Gas,2001,ICE,Not Applicable,2,Statewide,1
9485,2020,P,Not Applicable,Electric,2021,BEV,>150 miles,2,Statewide,1917
9486,2020,MC,Not Applicable,Natural Gas,2002,ICE,Not Applicable,3,Statewide,1
9487,2020,MC,Not Applicable,Natural Gas,2003,ICE,Not Applicable,3,Statewide,1
9488,2020,MC,Not Applicable,Natural Gas,2006,ICE,Not Applicable,3,Statewide,1
9489,2020,MC,Not Applicable,Natural Gas,2007,ICE,Not Applicable,≥4,Statewide,1
9490,2020,MC,Not Applicable,Natural Gas,2008,ICE,Not Applicable,≥4,Statewide,1
9491,2020,MC,Not Applicable,Natural Gas,2008,ICE,Not Applicable,3,Statewide,1
9492,2020,T2,1,Gasoline,1998,ICE,Not Applicable,≥4,Statewide,13783
9493,2020,MC,Not Applicable,Gasoline,2017,ICE,Not Applicable,≥4,Statewide,13728
9494,2020,MC,Not Applicable,Diesel,2010,ICE,Not Applicable,3,Statewide,2
9495,2020,T4,2,Gasoline,1979,ICE,Not Applicable,3,Statewide,168
9496,2020,T6,6,Diesel,2010,ICE,Not Applicable,≥4,Statewide,4159
9497,2020,MC,Not Applicable,Diesel,1999,ICE,Not Applicable,≥4,Statewide,2
9498,2020,BT,Not Applicable,Natural Gas,2022,ICE,Not Applicable,≥4,Statewide,1
9499,2020,BS,Not Applicable,Gasoline,1978,ICE,Not Applicable,3,Statewide,4
9500,2020,P,Not Applicable,Diesel,2017,ICE,Not Applicable,3,Statewide,1901
9501,2020,T6,7,Diesel,2013,ICE,Not Applicable,≥4,Statewide,1901
9502,2020,T5,3,Gasoline,2012,ICE,Not Applicable,≥4,Statewide,1901
9503,2020,BT,Not Applicable,Diesel,2015,ICE,Not Applicable,3,Statewide,2
9504,2020,BS,Not Applicable,Natural Gas,2002,ICE,Not Applicable,3,Statewide,1
9505,2020,BS,Not Applicable,Natural Gas,2001,ICE,Not Applicable,≥4,Statewide,1
9506,2020,BS,Not Applicable,Natural Gas,2003,ICE,Not Applicable,1,Statewide,1
9507,2020,BS,Not Applicable,Natural Gas,2009,ICE,Not Applicable,3,Statewide,1
9508,2020,BS,Not Applicable,Natural Gas,2009,ICE,Not Applicable,2,Statewide,1
9509,2020,BS,Not Applicable,Natural Gas,2012,ICE,Not Applicable,3,Statewide,1
9510,2020,BS,Not Applicable,Natural Gas,2012,ICE,Not Applicable,1,Statewide,1
9511,2020,T2,Unknown,Gasoline,2018,ICE,Not Applicable,1,Statewide,8378
9512,2020,MC,Not Applicable,Gasoline,2019,ICE,Not Applicable,1,Statewide,8380
9513,2020,BS,Not Applicable,Natural Gas,2007,ICE,Not Applicable,3,Statewide,1
9514,2020,B,Not Applicable,Diesel,2009,ICE,Not Applicable,≥4,Statewide,174
9515,2020,T3,2,Diesel,2011,ICE,Not Applicable,1,Statewide,174
9516,2020,T6,5,Diesel,2006,ICE,Not Applicable,3,Statewide,174
9517,2020,B,Not Applicable,Diesel,2010,ICE,Not Applicable,≥4,Statewide,175
9518,2020,P,Not Applicable,Electric,2018,BEV,101 to 150 miles,≥4,Statewide,1895
9519,2020,T1,1,Gasoline,2013,ICE,Not Applicable,3,Statewide,14196
9520,2020,B,Not Applicable,Natural Gas,2002,ICE,Not Applicable,1,Statewide,1
9521,2020,B,Not Applicable,Natural Gas,2004,ICE,Not Applicable,1,Statewide,1
9522,2020,B,Not Applicable,Natural Gas,2011,ICE,Not Applicable,1,Statewide,1
9523,2020,B,Not Applicable,Natural Gas,2012,ICE,Not Applicable,1,Statewide,1
9524,2020,B,Not Applicable,Natural Gas,2013,ICE,Not Applicable,1,Statewide,1
9525,2020,B,Not Applicable,Natural Gas,2015,ICE,Not Applicable,2,Statewide,1
9526,2020,BT,Not Applicable,Diesel,2009,ICE,Not Applicable,3,Statewide,2
9527,2020,T2,1,Gasoline,1995,ICE,Not Applicable,≥4,Statewide,8320
9528,2020,T1,1,Gasoline,2001,ICE,Not Applicable,3,Statewide,8324
9529,2020,T2,1,Gasoline,1999,ICE,Not Applicable,3,Statewide,8335
9530,2020,BT,Not Applicable,Diesel,2012,ICE,Not Applicable,2,Statewide,2
9531,2020,T6,6,Diesel,2007,ICE,Not Applicable,3,Statewide,174
9532,2020,T4,2,Diesel,2006,ICE,Not Applicable,≥4,Statewide,8381
9533,2020,T2,1,Gasoline,1998,ICE,Not Applicable,1,Statewide,8386
9534,2020,T1,1,Gasoline,2017,ICE,Not Applicable,≥4,Statewide,8387
9535,2020,MC,Not Applicable,Gasoline,2016,ICE,Not Applicable,≥4,Statewide,8400
9536,2020,MC,Not Applicable,Diesel,1976,ICE,Not Applicable,≥4,Statewide,2
9537,2020,T4,2,Diesel,2013,ICE,Not Applicable,≥4,Statewide,8450
9538,2020,MC,Not Applicable,Diesel,1988,ICE,Not Applicable,3,Statewide,2
9539,2020,MC,Not Applicable,Gasoline,2022,ICE,Not Applicable,2,Statewide,172
9540,2020,T7,8,Diesel,2007,ICE,Not Applicable,3,Statewide,172
9541,2020,T6,4,Diesel,2002,ICE,Not Applicable,2,Statewide,172
9542,2020,T6,6,Diesel,2001,ICE,Not Applicable,1,Statewide,172
9543,2020,T4,2,Diesel,1988,ICE,Not Applicable,3,Statewide,172
9544,2020,P,Not Applicable,Diesel,2009,ICE,Not Applicable,3,Statewide,172
9545,2020,BS,Not Applicable,Diesel,1976,ICE,Not Applicable,≥4,Statewide,172
9546,2020,T4,2,Diesel,2019,ICE,Not Applicable,3,Statewide,1907
9547,2020,BT,Not Applicable,Natural Gas,2006,ICE,Not Applicable,2,Statewide,1
9548,2020,MC,Not Applicable,Diesel,1997,ICE,Not Applicable,1,Statewide,2
9549,2020,BT,Not Applicable,Natural Gas,2008,ICE,Not Applicable,3,Statewide,1
9550,2020,BT,Not Applicable,Natural Gas,2014,ICE,Not Applicable,1,Statewide,1
9551,2020,BT,Not Applicable,Diesel,2016,ICE,Not Applicable,2,Statewide,2
9552,2020,T1,1,Gasoline,2003,ICE,Not Applicable,1,Statewide,13920
9553,2020,BT,Not Applicable,Natural Gas,2006,ICE,Not Applicable,3,Statewide,1
9554,2020,BT,Not Applicable,Natural Gas,2002,ICE,Not Applicable,2,Statewide,1
9555,2020,T6,6,Gasoline,1985,ICE,Not Applicable,≥4,Statewide,173
9556,2020,T5,3,Gasoline,2018,ICE,Not Applicable,2,Statewide,173
9557,2020,T4,2,Gasoline,1983,ICE,Not Applicable,3,Statewide,173
9558,2020,T3,Unknown,Gasoline,1982,ICE,Not Applicable,2,Statewide,173
9559,2020,T6,7,Diesel,2000,ICE,Not Applicable,1,Statewide,173
9560,2020,MH,Not Applicable,Gasoline,2012,ICE,Not Applicable,≥4,Statewide,1905
9561,2020,BS,Not Applicable,Natural Gas,2013,ICE,Not Applicable,2,Statewide,1
9562,2020,T1,1,Gasoline,1991,ICE,Not Applicable,≥4,Statewide,8409
9563,2020,BS,Not Applicable,Natural Gas,2014,ICE,Not Applicable,1,Statewide,1
9564,2020,BS,Not Applicable,Natural Gas,2017,ICE,Not Applicable,1,Statewide,1
9565,2020,BT,Not Applicable,Natural Gas,1994,ICE,Not Applicable,≥4,Statewide,1
9566,2020,BT,Not Applicable,Natural Gas,1997,ICE,Not Applicable,1,Statewide,1
9567,2020,BT,Not Applicable,Natural Gas,1999,ICE,Not Applicable,1,Statewide,1
9568,2020,BT,Not Applicable,Natural Gas,2000,ICE,Not Applicable,3,Statewide,1
9569,2020,BT,Not Applicable,Natural Gas,2000,ICE,Not Applicable,1,Statewide,1
9570,2020,BT,Not Applicable,Natural Gas,2004,ICE,Not Applicable,1,Statewide,1
9571,2020,T3,Unknown,Diesel,2015,ICE,Not Applicable,≥4,Statewide,175
9572,2020,T1,1,Gasoline,1995,ICE,Not Applicable,1,Statewide,4154
9573,2020,T3,Unknown,Gasoline,2001,ICE,Not Applicable,1,Statewide,167
9574,2020,T4,Unknown,Gasoline,1978,ICE,Not Applicable,2,Statewide,25
9575,2020,T1,1,Gasoline,2006,ICE,Not Applicable,3,Statewide,13332
9576,2020,T5,3,Gasoline,1984,ICE,Not Applicable,≥4,Statewide,25
9577,2020,T5,3,Gasoline,1989,ICE,Not Applicable,2,Statewide,25
9578,2020,T6,7,Gasoline,1983,ICE,Not Applicable,1,Statewide,25
9579,2020,T6,6,Gasoline,2000,ICE,Not Applicable,3,Statewide,25
9580,2020,T1,1,Gasoline,2005,ICE,Not Applicable,1,Statewide,13357
9581,2020,T6,7,Gasoline,2003,ICE,Not Applicable,≥4,Statewide,25
9582,2020,T6,5,Gasoline,2008,ICE,Not Applicable,2,Statewide,25
9583,2020,T6,5,Gasoline,2009,ICE,Not Applicable,2,Statewide,25
9584,2020,T6,5,Gasoline,2012,ICE,Not Applicable,1,Statewide,25
9585,2020,T5,3,Gasoline,2017,ICE,Not Applicable,2,Statewide,163
9586,2020,T3,Unknown,Gasoline,2002,ICE,Not Applicable,3,Statewide,163
9587,2020,T3,Unknown,Gasoline,1984,ICE,Not Applicable,2,Statewide,163
9588,2020,T6,5,Gasoline,2004,ICE,Not Applicable,2,Statewide,25
9589,2020,T2,Unknown,Gasoline,1996,ICE,Not Applicable,2,Statewide,25
9590,2020,T1,Unknown,Gasoline,2014,ICE,Not Applicable,3,Statewide,25
9591,2020,T1,1,Gasoline,2012,ICE,Not Applicable,≥4,Statewide,13368
9592,2020,BS,Not Applicable,Gasoline,1999,ICE,Not Applicable,≥4,Statewide,25
9593,2020,BT,Not Applicable,Gasoline,2009,ICE,Not Applicable,≥4,Statewide,25
9594,2020,T1,Unknown,Gasoline,1998,ICE,Not Applicable,≥4,Statewide,25
9595,2020,T4,2,Gasoline,1983,ICE,Not Applicable,2,Statewide,164
9596,2020,T4,2,Gasoline,1982,ICE,Not Applicable,1,Statewide,164
9597,2020,T6,6,Diesel,1990,ICE,Not Applicable,≥4,Statewide,164
9598,2020,MH,Not Applicable,Diesel,2019,ICE,Not Applicable,2,Statewide,164
9599,2020,MC,Not Applicable,Gasoline,1993,ICE,Not Applicable,≥4,Statewide,1933
9600,2020,T1,Unknown,Natural Gas,2017,ICE,Not Applicable,≥4,Statewide,1
9601,2020,T1,Unknown,Gasoline,2001,ICE,Not Applicable,≥4,Statewide,25
9602,2020,T2,1,Gasoline,1992,ICE,Not Applicable,2,Statewide,1937
9603,2020,T2,Unknown,Natural Gas,1976,ICE,Not Applicable,2,Statewide,1
9604,2020,T2,1,Natural Gas,1999,ICE,Not Applicable,2,Statewide,1
9605,2020,T2,1,Natural Gas,2001,ICE,Not Applicable,3,Statewide,1
9606,2020,T2,Unknown,Natural Gas,2001,ICE,Not Applicable,3,Statewide,1
9607,2020,T2,Unknown,Natural Gas,2008,ICE,Not Applicable,2,Statewide,1
9608,2020,P,Not Applicable,Gasoline,2021,PHEV,0 to 50 miles,3,Statewide,1938
9609,2020,T3,2,Gasoline,2022,ICE,Not Applicable,3,Statewide,1940
9610,2020,T6,4,Gasoline,2018,ICE,Not Applicable,3,Statewide,25
9611,2020,T3,2,Natural Gas,1998,ICE,Not Applicable,2,Statewide,1
9612,2020,T3,Unknown,Natural Gas,1998,ICE,Not Applicable,≥4,Statewide,1
9613,2020,T3,2,Gasoline,1994,ICE,Not Applicable,1,Statewide,1948
9614,2020,T3,Unknown,Natural Gas,1999,ICE,Not Applicable,≥4,Statewide,1
9615,2020,T3,2,Natural Gas,2000,ICE,Not Applicable,3,Statewide,1
9616,2020,T3,2,Natural Gas,2000,ICE,Not Applicable,2,Statewide,1
9617,2020,T3,2,Natural Gas,2012,ICE,Not Applicable,≥4,Statewide,1
9618,2020,T3,2,Natural Gas,2012,ICE,Not Applicable,2,Statewide,1
9619,2020,T3,2,Natural Gas,2014,ICE,Not Applicable,1,Statewide,1
9620,2020,T3,2,Natural Gas,2015,ICE,Not Applicable,≥4,Statewide,1
9621,2020,MC,Not Applicable,Gasoline,2021,ICE,Not Applicable,≥4,Statewide,13214
9622,2020,MC,Not Applicable,Gasoline,2006,ICE,Not Applicable,≥4,Statewide,13194
9623,2020,T6,7,Diesel,2011,ICE,Not Applicable,1,Statewide,161
9624,2020,T5,3,Diesel,1999,ICE,Not Applicable,2,Statewide,161
9625,2020,T3,2,Diesel,2014,ICE,Not Applicable,3,Statewide,161
9626,2020,T6,4,Diesel,2009,ICE,Not Applicable,≥4,Statewide,1943
9627,2020,B,Not Applicable,Gasoline,1983,ICE,Not Applicable,≥4,Statewide,25
9628,2020,T2,1,Natural Gas,2021,ICE,Not Applicable,≥4,Statewide,1
9629,2020,B,Not Applicable,Diesel,2015,ICE,Not Applicable,≥4,Statewide,162
9630,2020,T2,Unknown,Natural Gas,2008,ICE,Not Applicable,1,Statewide,1
9631,2020,T2,Unknown,Natural Gas,2010,ICE,Not Applicable,≥4,Statewide,1
9632,2020,T2,Unknown,Natural Gas,2017,ICE,Not Applicable,1,Statewide,1
9633,2020,T6,5,Gasoline,2019,ICE,Not Applicable,3,Statewide,25
9634,2020,T6,4,Gasoline,2019,ICE,Not Applicable,3,Statewide,25
9635,2020,T6,5,Gasoline,2021,ICE,Not Applicable,3,Statewide,25
9636,2020,T7,8,Gasoline,1978,ICE,Not Applicable,≥4,Statewide,25
9637,2020,T7,8,Gasoline,1979,ICE,Not Applicable,≥4,Statewide,25
9638,2020,B,Not Applicable,Natural Gas,2012,ICE,Not Applicable,≥4,Statewide,25
9639,2020,T7,8,Natural Gas,2014,ICE,Not Applicable,3,Statewide,25
9640,2020,T1,Unknown,Gasoline,1983,ICE,Not Applicable,1,Statewide,162
9641,2020,T6,7,Diesel,2021,ICE,Not Applicable,1,Statewide,162
9642,2020,T6,5,Diesel,2002,ICE,Not Applicable,≥4,Statewide,162
9643,2020,MH,Not Applicable,Diesel,2006,ICE,Not Applicable,2,Statewide,162
9644,2020,MH,Not Applicable,Diesel,2004,ICE,Not Applicable,2,Statewide,162
9645,2020,T2,Unknown,Natural Gas,2019,ICE,Not Applicable,3,Statewide,1
9646,2020,BT,Not Applicable,Natural Gas,2000,ICE,Not Applicable,≥4,Statewide,167
9647,2020,P,Not Applicable,Electric,2012,BEV,Unknown,2,Statewide,25
9648,2020,MC,Not Applicable,Electric,2020,BEV,Unknown,1,Statewide,25
9649,2020,T1,Unknown,Natural Gas,1976,ICE,Not Applicable,2,Statewide,1
9650,2020,T2,1,Gasoline,1995,ICE,Not Applicable,3,Statewide,4140
9651,2020,T3,2,Gasoline,1998,ICE,Not Applicable,≥4,Statewide,8591
9652,2020,MC,Not Applicable,Diesel,2016,ICE,Not Applicable,1,Statewide,2
9653,2020,T1,1,Gasoline,2012,ICE,Not Applicable,2,Statewide,13543
9654,2020,MC,Not Applicable,Diesel,2018,ICE,Not Applicable,3,Statewide,2
9655,2020,P,Not Applicable,Natural Gas,2002,ICE,Not Applicable,3,Statewide,1
9656,2020,P,Not Applicable,Diesel,2020,ICE,Not Applicable,1,Statewide,4130
9657,2020,BT,Not Applicable,Natural Gas,2015,ICE,Not Applicable,≥4,Statewide,166
9658,2020,T3,Unknown,Gasoline,2021,PHEV,0 to 50 miles,1,Statewide,166
9659,2020,T3,Unknown,Gasoline,1992,ICE,Not Applicable,≥4,Statewide,166
9660,2020,MH,Not Applicable,Gasoline,2014,ICE,Not Applicable,≥4,Statewide,166
9661,2020,T7,8,Diesel,1995,ICE,Not Applicable,1,Statewide,166
9662,2020,P,Not Applicable,Diesel,2005,ICE,Not Applicable,1,Statewide,166
9663,2020,MC,Not Applicable,Diesel,2019,ICE,Not Applicable,≥4,Statewide,2
9664,2020,P,Not Applicable,Natural Gas,2001,ICE,Not Applicable,2,Statewide,1
9665,2020,P,Not Applicable,Natural Gas,2000,ICE,Not Applicable,1,Statewide,1
9666,2020,P,Not Applicable,Natural Gas,1994,ICE,Not Applicable,≥4,Statewide,1
9667,2020,T3,Unknown,Gasoline,1980,ICE,Not Applicable,2,Statewide,167
9668,2020,T1,Unknown,Gasoline,1984,ICE,Not Applicable,1,Statewide,167
9669,2020,T7,8,Diesel,1994,ICE,Not Applicable,1,Statewide,167
9670,2020,T6,6,Diesel,2008,ICE,Not Applicable,3,Statewide,167
9671,2020,P,Not Applicable,Diesel,2006,ICE,Not Applicable,3,Statewide,167
9672,2020,BS,Not Applicable,Diesel,1997,ICE,Not Applicable,≥4,Statewide,167
9673,2020,MC,Not Applicable,Natural Gas,2017,ICE,Not Applicable,2,Statewide,1
9674,2020,MH,Not Applicable,Gasoline,2009,ICE,Not Applicable,3,Statewide,1922
9675,2020,T3,2,Gasoline,1998,ICE,Not Applicable,1,Statewide,4142
9676,2020,MC,Not Applicable,Gasoline,1989,ICE,Not Applicable,≥4,Statewide,1924
9677,2020,T4,2,Gasoline,1991,ICE,Not Applicable,≥4,Statewide,1924
9678,2020,MC,Not Applicable,Natural Gas,2020,ICE,Not Applicable,≥4,Statewide,1
9679,2020,MH,Not Applicable,Natural Gas,1976,ICE,Not Applicable,2,Statewide,1
9680,2020,MH,Not Applicable,Natural Gas,2007,ICE,Not Applicable,1,Statewide,1
9681,2020,MH,Not Applicable,Natural Gas,2015,ICE,Not Applicable,1,Statewide,1
9682,2020,T1,Unknown,Natural Gas,1994,ICE,Not Applicable,3,Statewide,1
9683,2020,T1,Unknown,Natural Gas,1994,ICE,Not Applicable,1,Statewide,1
9684,2020,T1,1,Natural Gas,1999,ICE,Not Applicable,≥4,Statewide,1
9685,2020,T1,Unknown,Natural Gas,2004,ICE,Not Applicable,≥4,Statewide,1
9686,2020,T6,5,Diesel,1990,ICE,Not Applicable,≥4,Statewide,25
9687,2020,T6,6,Diesel,1992,ICE,Not Applicable,1,Statewide,25
9688,2020,T6,4,Diesel,1993,ICE,Not Applicable,3,Statewide,25
9689,2020,T1,Unknown,Natural Gas,2008,ICE,Not Applicable,≥4,Statewide,1
9690,2020,MH,Not Applicable,Gasoline,2000,ICE,Not Applicable,≥4,Statewide,1932
9691,2020,T6,7,Diesel,2017,ICE,Not Applicable,≥4,Statewide,1933
9692,2020,T1,Unknown,Natural Gas,2009,ICE,Not Applicable,1,Statewide,1
9693,2020,T1,Unknown,Natural Gas,2010,ICE,Not Applicable,1,Statewide,1
9694,2020,T1,Unknown,Natural Gas,2015,ICE,Not Applicable,≥4,Statewide,1
9695,2020,T1,Unknown,Natural Gas,2016,ICE,Not Applicable,≥4,Statewide,1
9696,2020,T1,1,Gasoline,2007,ICE,Not Applicable,3,Statewide,13389
9697,2020,T1,1,Gasoline,2003,ICE,Not Applicable,3,Statewide,13387
9698,2020,T6,7,Diesel,2022,ICE,Not Applicable,2,Statewide,25
9699,2020,T7,8,Diesel,1976,ICE,Not Applicable,2,Statewide,25
9700,2020,T2,1,Gasoline,2000,ICE,Not Applicable,2,Statewide,13375
9701,2020,T5,3,Diesel,1988,ICE,Not Applicable,≥4,Statewide,25
9702,2020,P,Not Applicable,Electric,2010,BEV,Unknown,≥4,Statewide,25
9703,2020,MC,Not Applicable,Gasoline,2004,ICE,Not Applicable,1,Statewide,1929
9704,2020,T5,3,Diesel,1999,ICE,Not Applicable,3,Statewide,165
9705,2020,T1,Unknown,Natural Gas,2005,ICE,Not Applicable,≥4,Statewide,1
9706,2020,MC,Not Applicable,Diesel,2021,ICE,Not Applicable,1,Statewide,2
9707,2020,BS,Not Applicable,Diesel,1992,ICE,Not Applicable,1,Statewide,25
9708,2020,BS,Not Applicable,Diesel,1998,ICE,Not Applicable,2,Statewide,25
9709,2020,BS,Not Applicable,Diesel,2014,ICE,Not Applicable,2,Statewide,25
9710,2020,P,Not Applicable,Diesel,1998,ICE,Not Applicable,1,Statewide,25
9711,2020,P,Not Applicable,Gasoline,1995,ICE,Not Applicable,2,Statewide,13433
9712,2020,T1,Unknown,Gasoline,1976,ICE,Not Applicable,3,Statewide,13432
9713,2020,T1,Unknown,Diesel,1987,ICE,Not Applicable,≥4,Statewide,25
9714,2020,T1,Unknown,Diesel,2001,ICE,Not Applicable,≥4,Statewide,25
9715,2020,T2,1,Diesel,1979,ICE,Not Applicable,3,Statewide,25
9716,2020,T3,2,Diesel,2007,ICE,Not Applicable,2,Statewide,25
9717,2020,T3,Unknown,Diesel,2012,ICE,Not Applicable,3,Statewide,25
9718,2020,T6,6,Gasoline,2006,ICE,Not Applicable,≥4,Statewide,165
9719,2020,T2,Unknown,Gasoline,1999,ICE,Not Applicable,2,Statewide,165
9720,2020,T5,3,Diesel,2011,ICE,Not Applicable,3,Statewide,1929
9721,2020,T4,2,Gasoline,1985,ICE,Not Applicable,1,Statewide,175
9722,2020,T4,2,Gasoline,1987,ICE,Not Applicable,3,Statewide,175
9723,2020,T1,1,Gasoline,2001,ICE,Not Applicable,1,Statewide,8273
9724,2020,T6,Unknown,Gasoline,2007,ICE,Not Applicable,1,Statewide,1
9725,2020,T4,2,Diesel,2006,ICE,Not Applicable,3,Statewide,4277
9726,2020,T3,2,Gasoline,1976,ICE,Not Applicable,≥4,Statewide,4276
9727,2020,T6,6,Gasoline,1981,ICE,Not Applicable,≥4,Statewide,186
9728,2020,T4,2,Gasoline,1980,ICE,Not Applicable,1,Statewide,186
9729,2020,T1,1,Gasoline,1985,ICE,Not Applicable,2,Statewide,186
9730,2020,T6,Unknown,Gasoline,2007,ICE,Not Applicable,3,Statewide,1
9731,2020,T1,1,Electric,2019,BEV,101 to 150 miles,1,Statewide,186
9732,2020,T5,3,Diesel,1995,ICE,Not Applicable,1,Statewide,186
9733,2020,T6,7,Gasoline,2008,ICE,Not Applicable,3,Statewide,1
9734,2020,T6,Unknown,Gasoline,2008,ICE,Not Applicable,2,Statewide,1
9735,2020,T4,2,Diesel,2018,ICE,Not Applicable,1,Statewide,1856
9736,2020,P,Not Applicable,Gasoline,1983,ICE,Not Applicable,1,Statewide,1860
9737,2020,T6,Unknown,Gasoline,2008,ICE,Not Applicable,1,Statewide,1
9738,2020,T6,5,Diesel,2017,ICE,Not Applicable,3,Statewide,186
9739,2020,T6,Unknown,Gasoline,2006,ICE,Not Applicable,1,Statewide,1
9740,2020,T2,1,Gasoline,1995,ICE,Not Applicable,1,Statewide,4279
9741,2020,T6,Unknown,Gasoline,2006,ICE,Not Applicable,2,Statewide,1
9742,2020,MC,Not Applicable,Gasoline,2012,ICE,Not Applicable,1,Statewide,7999
9743,2020,T6,4,Gasoline,2005,ICE,Not Applicable,2,Statewide,188
9744,2020,B,Not Applicable,Gasoline,2009,ICE,Not Applicable,1,Statewide,188
9745,2020,T6,6,Diesel,2008,ICE,Not Applicable,2,Statewide,188
9746,2020,T6,4,Diesel,2007,ICE,Not Applicable,3,Statewide,188
9747,2020,T6,4,Diesel,1996,ICE,Not Applicable,≥4,Statewide,188
9748,2020,T3,Unknown,Diesel,2019,ICE,Not Applicable,3,Statewide,188
9749,2020,T6,Unknown,Gasoline,2004,ICE,Not Applicable,1,Statewide,1
9750,2020,T6,7,Gasoline,2005,ICE,Not Applicable,3,Statewide,1
9751,2020,T6,Unknown,Gasoline,2005,ICE,Not Applicable,2,Statewide,1
9752,2020,T6,7,Gasoline,2006,ICE,Not Applicable,3,Statewide,1
9753,2020,BT,Not Applicable,Diesel,1998,ICE,Not Applicable,2,Statewide,2
9754,2020,BT,Not Applicable,Diesel,1999,ICE,Not Applicable,2,Statewide,2
9755,2020,T3,Unknown,Gasoline,2009,ICE,Not Applicable,2,Statewide,8065
9756,2020,MH,Not Applicable,Gasoline,2017,ICE,Not Applicable,1,Statewide,187
9757,2020,T6,7,Gasoline,2009,ICE,Not Applicable,2,Statewide,1
9758,2020,T6,5,Diesel,2021,ICE,Not Applicable,≥4,Statewide,4248
9759,2020,P,Not Applicable,Gasoline,2019,PHEV,0 to 50 miles,2,Statewide,8096
9760,2020,T4,2,Diesel,2002,ICE,Not Applicable,≥4,Statewide,4245
9761,2020,P,Not Applicable,Diesel,1997,ICE,Not Applicable,3,Statewide,24
9762,2020,T1,1,Diesel,1986,ICE,Not Applicable,1,Statewide,24
9763,2020,T3,2,Diesel,1997,ICE,Not Applicable,≥4,Statewide,24
9764,2020,T4,Unknown,Diesel,2011,ICE,Not Applicable,2,Statewide,24
9765,2020,T6,7,Diesel,1986,ICE,Not Applicable,2,Statewide,24
9766,2020,T7,8,Natural Gas,2012,ICE,Not Applicable,≥4,Statewide,184
9767,2020,T6,6,Gasoline,1997,ICE,Not Applicable,≥4,Statewide,184
9768,2020,T4,2,Gasoline,1988,ICE,Not Applicable,1,Statewide,184
9769,2020,T1,Unknown,Gasoline,1984,ICE,Not Applicable,3,Statewide,184
9770,2020,T6,4,Diesel,2008,ICE,Not Applicable,2,Statewide,184
9771,2020,T6,Unknown,Diesel,1992,ICE,Not Applicable,≥4,Statewide,24
9772,2020,T6,5,Diesel,2002,ICE,Not Applicable,2,Statewide,24
9773,2020,MH,Not Applicable,Gasoline,1999,ICE,Not Applicable,≥4,Statewide,1871
9774,2020,T2,1,Gasoline,1992,ICE,Not Applicable,1,Statewide,1872
9775,2020,T6,Unknown,Gasoline,2012,ICE,Not Applicable,3,Statewide,1
9776,2020,MH,Not Applicable,Diesel,1991,ICE,Not Applicable,2,Statewide,24
9777,2020,BT,Not Applicable,Diesel,1997,ICE,Not Applicable,2,Statewide,2
9778,2020,BT,Not Applicable,Diesel,1995,ICE,Not Applicable,1,Statewide,24
9779,2020,BS,Not Applicable,Diesel,1976,ICE,Not Applicable,2,Statewide,24
9780,2020,T1,1,Gasoline,2010,ICE,Not Applicable,3,Statewide,4244
9781,2020,T4,2,Gasoline,1986,ICE,Not Applicable,2,Statewide,185
9782,2020,T1,1,Gasoline,1984,ICE,Not Applicable,3,Statewide,185
9783,2020,T6,7,Diesel,2010,ICE,Not Applicable,1,Statewide,185
9784,2020,T3,Unknown,Gasoline,2017,ICE,Not Applicable,3,Statewide,1861
9785,2020,T6,6,Diesel,2008,ICE,Not Applicable,≥4,Statewide,1862
9786,2020,MH,Not Applicable,Gasoline,2011,ICE,Not Applicable,3,Statewide,1866
9787,2020,BT,Not Applicable,Diesel,2002,ICE,Not Applicable,3,Statewide,2
9788,2020,B,Not Applicable,Diesel,2004,ICE,Not Applicable,3,Statewide,24
9789,2020,T6,Unknown,Gasoline,2009,ICE,Not Applicable,2,Statewide,1
9790,2020,T6,Unknown,Gasoline,2010,ICE,Not Applicable,≥4,Statewide,1
9791,2020,T6,7,Gasoline,2012,ICE,Not Applicable,2,Statewide,1
9792,2020,T6,7,Gasoline,2012,ICE,Not Applicable,1,Statewide,1
9793,2020,T6,Unknown,Gasoline,2012,ICE,Not Applicable,≥4,Statewide,1
9794,2020,B,Not Applicable,Diesel,2021,ICE,Not Applicable,1,Statewide,24
9795,2020,BS,Not Applicable,Diesel,2013,ICE,Not Applicable,2,Statewide,24
9796,2020,T6,Unknown,Gasoline,2012,ICE,Not Applicable,1,Statewide,1
9797,2020,T1,1,Gasoline,2016,ICE,Not Applicable,1,Statewide,7913
9798,2020,B,Not Applicable,Diesel,1994,ICE,Not Applicable,3,Statewide,7
9799,2020,T4,2,Diesel,1993,ICE,Not Applicable,3,Statewide,191
9800,2020,T2,1,Diesel,2021,ICE,Not Applicable,3,Statewide,191
9801,2020,T4,Unknown,Diesel,1987,ICE,Not Applicable,≥4,Statewide,7
9802,2020,T3,Unknown,Diesel,2020,ICE,Not Applicable,2,Statewide,7
9803,2020,T4,2,Diesel,2018,ICE,Not Applicable,2,Statewide,1844
9804,2020,T6,7,Gasoline,1997,ICE,Not Applicable,2,Statewide,1
9805,2020,T6,7,Diesel,2004,ICE,Not Applicable,1,Statewide,191
9806,2020,T6,5,Gasoline,1997,ICE,Not Applicable,≥4,Statewide,1
9807,2020,T6,Unknown,Gasoline,1998,ICE,Not Applicable,≥4,Statewide,1
9808,2020,T6,Unknown,Gasoline,1998,ICE,Not Applicable,1,Statewide,1
9809,2020,T3,Unknown,Diesel,2011,ICE,Not Applicable,≥4,Statewide,7
9810,2020,T3,Unknown,Diesel,2009,ICE,Not Applicable,≥4,Statewide,7
9811,2020,T3,2,Diesel,1996,ICE,Not Applicable,2,Statewide,7
9812,2020,T3,2,Diesel,1995,ICE,Not Applicable,3,Statewide,7
9813,2020,T6,Unknown,Gasoline,1997,ICE,Not Applicable,1,Statewide,1
9814,2020,T6,5,Diesel,2004,ICE,Not Applicable,1,Statewide,191
9815,2020,P,Not Applicable,Hydrogen,2021,FCEV,>150 miles,1,Statewide,191
9816,2020,BT,Not Applicable,Natural Gas,2005,ICE,Not Applicable,≥4,Statewide,191
9817,2020,T6,7,Diesel,2014,ICE,Not Applicable,1,Statewide,192
9818,2020,BT,Not Applicable,Diesel,2013,ICE,Not Applicable,≥4,Statewide,192
9819,2020,P,Not Applicable,Gasoline,1988,ICE,Not Applicable,2,Statewide,1837
9820,2020,T6,5,Gasoline,1991,ICE,Not Applicable,2,Statewide,1
9821,2020,T6,Unknown,Diesel,1986,ICE,Not Applicable,2,Statewide,7
9822,2020,T6,Unknown,Diesel,1982,ICE,Not Applicable,≥4,Statewide,7
9823,2020,T6,4,Gasoline,1991,ICE,Not Applicable,1,Statewide,1
9824,2020,T6,Unknown,Gasoline,1991,ICE,Not Applicable,2,Statewide,1
9825,2020,T6,Unknown,Gasoline,1993,ICE,Not Applicable,1,Statewide,1
9826,2020,T6,5,Gasoline,1994,ICE,Not Applicable,1,Statewide,1
9827,2020,T6,5,Gasoline,1996,ICE,Not Applicable,3,Statewide,1
9828,2020,T6,6,Diesel,1976,ICE,Not Applicable,2,Statewide,7
9829,2020,T4,Unknown,Diesel,2017,ICE,Not Applicable,3,Statewide,7
9830,2020,T4,Unknown,Diesel,2014,ICE,Not Applicable,2,Statewide,7
9831,2020,T4,Unknown,Diesel,2014,ICE,Not Applicable,3,Statewide,7
9832,2020,T3,Unknown,Diesel,1992,ICE,Not Applicable,3,Statewide,7
9833,2020,T3,Unknown,Diesel,1987,ICE,Not Applicable,1,Statewide,7
9834,2020,T4,2,Gasoline,1984,ICE,Not Applicable,3,Statewide,190
9835,2020,T2,Unknown,Gasoline,2000,ICE,Not Applicable,3,Statewide,190
9836,2020,MC,Not Applicable,Diesel,2018,ICE,Not Applicable,≥4,Statewide,7
9837,2020,MC,Not Applicable,Diesel,2014,ICE,Not Applicable,≥4,Statewide,7
9838,2020,T1,1,Gasoline,1984,ICE,Not Applicable,1,Statewide,189
9839,2020,P,Not Applicable,Gasoline,2022,PHEV,0 to 50 miles,≥4,Statewide,189
9840,2020,T6,7,Diesel,1988,ICE,Not Applicable,≥4,Statewide,189
9841,2020,T6,Unknown,Gasoline,2002,ICE,Not Applicable,2,Statewide,1
9842,2020,MC,Not Applicable,Diesel,2008,ICE,Not Applicable,≥4,Statewide,7
9843,2020,BS,Not Applicable,Diesel,1989,ICE,Not Applicable,1,Statewide,7
9844,2020,BS,Not Applicable,Diesel,1987,ICE,Not Applicable,1,Statewide,7
9845,2020,T6,7,Gasoline,2003,ICE,Not Applicable,3,Statewide,1
9846,2020,T6,Unknown,Gasoline,2003,ICE,Not Applicable,1,Statewide,1
9847,2020,T6,Unknown,Gasoline,2004,ICE,Not Applicable,≥4,Statewide,1
9848,2020,T6,Unknown,Gasoline,2004,ICE,Not Applicable,3,Statewide,1
9849,2020,BS,Not Applicable,Diesel,1981,ICE,Not Applicable,≥4,Statewide,7
9850,2020,B,Not Applicable,Diesel,1997,ICE,Not Applicable,2,Statewide,7
9851,2020,MH,Not Applicable,Diesel,1986,ICE,Not Applicable,2,Statewide,7
9852,2020,B,Not Applicable,Diesel,1976,ICE,Not Applicable,3,Statewide,7
9853,2020,P,Not Applicable,Diesel,1977,ICE,Not Applicable,1,Statewide,7
9854,2020,T1,Unknown,Diesel,2015,ICE,Not Applicable,≥4,Statewide,7
9855,2020,MH,Not Applicable,Gasoline,1983,ICE,Not Applicable,≥4,Statewide,190
9856,2020,T3,Unknown,Electric,2007,BEV,Unknown,≥4,Statewide,190
9857,2020,T6,7,Diesel,2012,ICE,Not Applicable,1,Statewide,190
9858,2020,T2,1,Diesel,1989,ICE,Not Applicable,2,Statewide,7
9859,2020,T2,Unknown,Diesel,1987,ICE,Not Applicable,≥4,Statewide,7
9860,2020,T2,1,Diesel,1986,ICE,Not Applicable,2,Statewide,7
9861,2020,T6,5,Gasoline,2000,ICE,Not Applicable,3,Statewide,1
9862,2020,T6,Unknown,Gasoline,2000,ICE,Not Applicable,1,Statewide,1
9863,2020,T6,5,Gasoline,2002,ICE,Not Applicable,3,Statewide,1
9864,2020,T6,5,Gasoline,2002,ICE,Not Applicable,1,Statewide,1
9865,2020,T2,Unknown,Diesel,1985,ICE,Not Applicable,≥4,Statewide,7
9866,2020,T2,1,Diesel,1981,ICE,Not Applicable,2,Statewide,7
9867,2020,T2,1,Diesel,1981,ICE,Not Applicable,3,Statewide,7
9868,2020,T2,1,Diesel,1980,ICE,Not Applicable,2,Statewide,7
9869,2020,T2,Unknown,Diesel,1979,ICE,Not Applicable,≥4,Statewide,7
9870,2020,P,Not Applicable,Diesel,1978,ICE,Not Applicable,1,Statewide,7
9871,2020,T6,Unknown,Gasoline,2013,ICE,Not Applicable,1,Statewide,1
9872,2020,T6,Unknown,Gasoline,2014,ICE,Not Applicable,≥4,Statewide,1
9873,2020,T6,Unknown,Gasoline,2015,ICE,Not Applicable,≥4,Statewide,1
9874,2020,P,Not Applicable,Diesel,2004,ICE,Not Applicable,3,Statewide,178
9875,2020,T7,8,Gasoline,2009,ICE,Not Applicable,2,Statewide,1
9876,2020,T7,8,Gasoline,2010,ICE,Not Applicable,1,Statewide,1
9877,2020,T7,8,Gasoline,2011,ICE,Not Applicable,2,Statewide,1
9878,2020,T7,8,Gasoline,2013,ICE,Not Applicable,3,Statewide,1
9879,2020,T7,8,Gasoline,2017,ICE,Not Applicable,≥4,Statewide,1
9880,2020,T6,5,Diesel,2005,ICE,Not Applicable,2,Statewide,178
9881,2020,T7,8,Gasoline,2018,ICE,Not Applicable,3,Statewide,1
9882,2020,MC,Not Applicable,Gasoline,2020,ICE,Not Applicable,3,Statewide,8144
9883,2020,T2,1,Gasoline,1998,ICE,Not Applicable,2,Statewide,8164
9884,2020,T1,1,Gasoline,2000,ICE,Not Applicable,2,Statewide,8179
9885,2020,T1,1,Gasoline,1992,ICE,Not Applicable,≥4,Statewide,8188
9886,2020,T4,2,Gasoline,1985,ICE,Not Applicable,3,Statewide,177
9887,2020,T3,2,Gasoline,1986,ICE,Not Applicable,1,Statewide,177
9888,2020,T4,2,Gasoline,2005,ICE,Not Applicable,≥4,Statewide,14306
9889,2020,T6,5,Diesel,2006,ICE,Not Applicable,2,Statewide,178
9890,2020,T3,Unknown,Gasoline,1984,ICE,Not Applicable,1,Statewide,178
9891,2020,T6,6,Gasoline,1991,ICE,Not Applicable,≥4,Statewide,178
9892,2020,T1,Unknown,Gasoline,1983,ICE,Not Applicable,3,Statewide,179
9893,2020,MH,Not Applicable,Gasoline,2015,ICE,Not Applicable,3,Statewide,179
9894,2020,P,Not Applicable,Electric,2015,BEV,Unknown,≥4,Statewide,179
9895,2020,T6,7,Diesel,2020,ICE,Not Applicable,1,Statewide,179
9896,2020,T6,Unknown,Diesel,2014,ICE,Not Applicable,≥4,Statewide,179
9897,2020,P,Not Applicable,Diesel,2003,ICE,Not Applicable,1,Statewide,179
9898,2020,MH,Not Applicable,Diesel,2020,ICE,Not Applicable,2,Statewide,179
9899,2020,B,Not Applicable,Diesel,2000,ICE,Not Applicable,≥4,Statewide,179
9900,2020,T7,8,Gasoline,2001,ICE,Not Applicable,1,Statewide,1
9901,2020,T7,8,Gasoline,2002,ICE,Not Applicable,1,Statewide,1
9902,2020,P,Not Applicable,Electric,2021,BEV,>150 miles,1,Statewide,1886
9903,2020,T7,8,Gasoline,2004,ICE,Not Applicable,≥4,Statewide,1
9904,2020,T7,8,Gasoline,2004,ICE,Not Applicable,1,Statewide,1
9905,2020,T7,8,Gasoline,2005,ICE,Not Applicable,2,Statewide,1
9906,2020,T7,8,Gasoline,2006,ICE,Not Applicable,1,Statewide,1
9907,2020,T2,Unknown,Gasoline,1999,ICE,Not Applicable,3,Statewide,177
9908,2020,T6,6,Diesel,2019,ICE,Not Applicable,1,Statewide,177
9909,2020,T4,2,Diesel,1993,ICE,Not Applicable,1,Statewide,177
9910,2020,MH,Not Applicable,Diesel,2019,ICE,Not Applicable,1,Statewide,177
9911,2020,T3,2,Diesel,1989,ICE,Not Applicable,≥4,Statewide,176
9912,2020,P,Not Applicable,Diesel,2006,ICE,Not Applicable,1,Statewide,176
9913,2020,P,Not Applicable,Hydrogen,2019,FCEV,>150 miles,≥4,Statewide,1
9914,2020,B,Not Applicable,Natural Gas,1988,ICE,Not Applicable,2,Statewide,1
9915,2020,T5,3,Gasoline,2007,ICE,Not Applicable,≥4,Statewide,1894
9916,2020,P,Not Applicable,Gasoline,1990,ICE,Not Applicable,≥4,Statewide,8237
9917,2020,T4,2,Diesel,2016,ICE,Not Applicable,2,Statewide,1895
9918,2020,B,Not Applicable,Natural Gas,1997,ICE,Not Applicable,≥4,Statewide,1
9919,2020,B,Not Applicable,Natural Gas,1997,ICE,Not Applicable,2,Statewide,1
9920,2020,B,Not Applicable,Natural Gas,1999,ICE,Not Applicable,≥4,Statewide,1
9921,2020,B,Not Applicable,Natural Gas,1999,ICE,Not Applicable,1,Statewide,1
9922,2020,B,Not Applicable,Natural Gas,2000,ICE,Not Applicable,1,Statewide,1
9923,2020,B,Not Applicable,Natural Gas,2001,ICE,Not Applicable,2,Statewide,1
9924,2020,BT,Not Applicable,Diesel,2008,ICE,Not Applicable,2,Statewide,2
9925,2020,T1,1,Gasoline,2004,ICE,Not Applicable,2,Statewide,14246
9926,2020,T6,6,Diesel,2007,ICE,Not Applicable,2,Statewide,176
9927,2020,T7,8,Gasoline,2000,ICE,Not Applicable,3,Statewide,1
9928,2020,BT,Not Applicable,Gasoline,2015,ICE,Not Applicable,≥4,Statewide,176
9929,2020,T3,2,Gasoline,1986,ICE,Not Applicable,3,Statewide,176
9930,2020,T4,2,Gasoline,2007,ICE,Not Applicable,≥4,Statewide,14302
9931,2020,T7,8,Gasoline,2018,ICE,Not Applicable,2,Statewide,1
9932,2020,T5,3,Gasoline,2019,ICE,Not Applicable,≥4,Statewide,1892
9933,2020,T1,1,Gasoline,1993,ICE,Not Applicable,≥4,Statewide,8188
9934,2020,P,Not Applicable,Gasoline,1997,ICE,Not Applicable,3,Statewide,14297
9935,2020,T7,8,Gasoline,2018,ICE,Not Applicable,1,Statewide,1
9936,2020,T7,8,Gasoline,2019,ICE,Not Applicable,≥4,Statewide,1
9937,2020,T7,8,Gasoline,2019,ICE,Not Applicable,2,Statewide,1
9938,2020,T7,8,Gasoline,2020,ICE,Not Applicable,2,Statewide,1
9939,2020,P,Not Applicable,Hydrogen,2015,FCEV,Unknown,2,Statewide,1
9940,2020,P,Not Applicable,Hydrogen,2015,FCEV,Unknown,1,Statewide,1
9941,2020,BT,Not Applicable,Diesel,2005,ICE,Not Applicable,2,Statewide,2
9942,2020,T2,1,Gasoline,1976,ICE,Not Applicable,≥4,Statewide,8214
9943,2020,MC,Not Applicable,Gasoline,2020,ICE,Not Applicable,2,Statewide,8231
9944,2020,T6,4,Gasoline,2007,ICE,Not Applicable,1,Statewide,176
9945,2020,T1,1,Gasoline,1985,ICE,Not Applicable,3,Statewide,176
9946,2020,T7,8,Gasoline,1998,ICE,Not Applicable,2,Statewide,1
9947,2020,T7,8,Gasoline,1996,ICE,Not Applicable,1,Statewide,1
9948,2020,T7,8,Gasoline,1996,ICE,Not Applicable,3,Statewide,1
9949,2020,T6,7,Gasoline,2018,ICE,Not Applicable,1,Statewide,1
9950,2020,T4,2,Gasoline,2013,ICE,Not Applicable,2,Statewide,1877
9951,2020,T6,4,Gasoline,1976,ICE,Not Applicable,3,Statewide,24
9952,2020,T6,7,Gasoline,2020,ICE,Not Applicable,2,Statewide,1
9953,2020,T6,7,Gasoline,2021,ICE,Not Applicable,2,Statewide,1
9954,2020,T6,7,Gasoline,2021,ICE,Not Applicable,1,Statewide,1
9955,2020,T6,7,Gasoline,2022,ICE,Not Applicable,≥4,Statewide,1
9956,2020,T7,8,Gasoline,1977,ICE,Not Applicable,3,Statewide,1
9957,2020,T7,8,Gasoline,1977,ICE,Not Applicable,2,Statewide,1
9958,2020,T7,8,Gasoline,1979,ICE,Not Applicable,3,Statewide,1
9959,2020,T7,8,Gasoline,1979,ICE,Not Applicable,2,Statewide,1
9960,2020,T7,8,Gasoline,1983,ICE,Not Applicable,3,Statewide,1
9961,2020,T6,7,Gasoline,1981,ICE,Not Applicable,1,Statewide,24
9962,2020,T6,4,Gasoline,1993,ICE,Not Applicable,2,Statewide,24
9963,2020,T6,5,Gasoline,1998,ICE,Not Applicable,≥4,Statewide,24
9964,2020,T4,Unknown,Gasoline,1978,ICE,Not Applicable,1,Statewide,24
9965,2020,T6,5,Gasoline,2004,ICE,Not Applicable,1,Statewide,24
9966,2020,T2,Unknown,Gasoline,1993,ICE,Not Applicable,2,Statewide,24
9967,2020,BT,Not Applicable,Diesel,1986,ICE,Not Applicable,≥4,Statewide,183
9968,2020,T6,7,Gasoline,2017,ICE,Not Applicable,2,Statewide,1
9969,2020,T6,7,Gasoline,2017,ICE,Not Applicable,1,Statewide,1
9970,2020,T6,Unknown,Gasoline,2017,ICE,Not Applicable,3,Statewide,1
9971,2020,MC,Not Applicable,Electric,2021,BEV,Unknown,2,Statewide,24
9972,2020,BT,Not Applicable,Gasoline,2011,ICE,Not Applicable,1,Statewide,24
9973,2020,T1,Unknown,Gasoline,1995,ICE,Not Applicable,≥4,Statewide,24
9974,2020,T1,Unknown,Gasoline,2006,ICE,Not Applicable,3,Statewide,24
9975,2020,P,Not Applicable,Natural Gas,2016,ICE,Not Applicable,3,Statewide,183
9976,2020,T6,6,Gasoline,2003,ICE,Not Applicable,≥4,Statewide,183
9977,2020,T2,Unknown,Gasoline,2002,ICE,Not Applicable,3,Statewide,183
9978,2020,T1,1,Gasoline,1980,ICE,Not Applicable,1,Statewide,183
9979,2020,MC,Not Applicable,Gasoline,2022,ICE,Not Applicable,3,Statewide,183
9980,2020,P,Not Applicable,Electric,2018,BEV,Unknown,2,Statewide,183
9981,2020,T7,8,Diesel,2009,ICE,Not Applicable,3,Statewide,183
9982,2020,P,Not Applicable,Diesel,2004,ICE,Not Applicable,1,Statewide,183
9983,2020,T1,Unknown,Gasoline,2015,ICE,Not Applicable,3,Statewide,24
9984,2020,T6,6,Diesel,1988,ICE,Not Applicable,3,Statewide,7
9985,2020,T6,5,Gasoline,2009,ICE,Not Applicable,3,Statewide,24
9986,2020,T6,5,Gasoline,2016,ICE,Not Applicable,2,Statewide,24
9987,2020,T4,2,Gasoline,1985,ICE,Not Applicable,2,Statewide,181
9988,2020,T3,Unknown,Gasoline,2003,ICE,Not Applicable,3,Statewide,181
9989,2020,T2,Unknown,Gasoline,2001,ICE,Not Applicable,≥4,Statewide,181
9990,2020,T5,3,Diesel,2000,ICE,Not Applicable,3,Statewide,181
9991,2020,T7,8,Gasoline,1991,ICE,Not Applicable,1,Statewide,1
9992,2020,T7,8,Gasoline,1992,ICE,Not Applicable,3,Statewide,1
9993,2020,P,Not Applicable,Natural Gas,2016,ICE,Not Applicable,2,Statewide,180
9994,2020,BS,Not Applicable,Natural Gas,2017,ICE,Not Applicable,≥4,Statewide,180
9995,2020,T4,2,Gasoline,1984,ICE,Not Applicable,2,Statewide,180
9996,2020,T4,2,Gasoline,1980,ICE,Not Applicable,3,Statewide,180
9997,2020,T3,Unknown,Gasoline,1979,ICE,Not Applicable,3,Statewide,180
9998,2020,MH,Not Applicable,Gasoline,2017,ICE,Not Applicable,2,Statewide,180
9999,2020,T7,8,Diesel,2022,ICE,Not Applicable,3,Statewide,180
10000,2020,T7,8,Gasoline,1992,ICE,Not Applicable,1,Statewide,1
10001,2020,T5,3,Diesel,2011,ICE,Not Applicable,2,Statewide,1883
10002,2020,T5,3,Gasoline,1999,ICE,Not Applicable,3,Statewide,181
10003,2020,T6,6,Gasoline,2012,ICE,Not Applicable,1,Statewide,24
10004,2020,T6,7,Gasoline,1976,ICE,Not Applicable,≥4,Statewide,181
10005,2020,T7,8,Natural Gas,2014,ICE,Not Applicable,2,Statewide,24
10006,2020,P,Not Applicable,Natural Gas,1976,ICE,Not Applicable,≥4,Statewide,24
10007,2020,P,Not Applicable,Natural Gas,2020,ICE,Not Applicable,1,Statewide,24
10008,2020,T6,5,Gasoline,2006,ICE,Not Applicable,≥4,Statewide,182
10009,2020,T3,Unknown,Gasoline,1983,ICE,Not Applicable,3,Statewide,182
10010,2020,T1,Unknown,Electric,2007,BEV,Unknown,≥4,Statewide,182
10011,2020,P,Not Applicable,Diesel,2006,ICE,Not Applicable,2,Statewide,182
10012,2020,T5,3,Gasoline,2005,ICE,Not Applicable,≥4,Statewide,1878
10013,2020,T3,2,Natural Gas,2002,ICE,Not Applicable,≥4,Statewide,24
10014,2020,P,Not Applicable,Electric,2020,BEV,>150 miles,3,Statewide,1879
10015,2020,T6,7,Natural Gas,2018,ICE,Not Applicable,≥4,Statewide,24
10016,2020,T7,8,Gasoline,1983,ICE,Not Applicable,1,Statewide,1
10017,2020,T7,8,Gasoline,1984,ICE,Not Applicable,2,Statewide,1
10018,2020,T7,8,Gasoline,1987,ICE,Not Applicable,2,Statewide,1
10019,2020,T7,8,Gasoline,1987,ICE,Not Applicable,1,Statewide,1
10020,2020,T7,8,Gasoline,1991,ICE,Not Applicable,2,Statewide,1
10021,2020,T6,4,Gasoline,2011,ICE,Not Applicable,1,Statewide,181
10022,2020,BS,Not Applicable,Gasoline,1981,ICE,Not Applicable,2,Statewide,4
10023,2020,MH,Not Applicable,Diesel,2001,ICE,Not Applicable,3,Statewide,112
10024,2020,BS,Not Applicable,Gasoline,1983,ICE,Not Applicable,1,Statewide,4
10025,2020,BS,Not Applicable,Gasoline,1992,ICE,Not Applicable,≥4,Statewide,69
10026,2020,T2,1,Electric,2019,BEV,101 to 150 miles,≥4,Statewide,69
10027,2020,T7,8,Diesel,1997,ICE,Not Applicable,3,Statewide,69
10028,2020,T6,4,Diesel,2019,ICE,Not Applicable,2,Statewide,69
10029,2020,T6,4,Diesel,2016,ICE,Not Applicable,1,Statewide,69
10030,2020,T6,7,Diesel,1998,ICE,Not Applicable,1,Statewide,69
10031,2020,BS,Not Applicable,Gasoline,2008,ICE,Not Applicable,≥4,Statewide,69
10032,2020,T2,1,Diesel,2011,ICE,Not Applicable,≥4,Statewide,69
10033,2020,T2,1,Gasoline,1993,ICE,Not Applicable,2,Statewide,2699
10034,2020,T6,4,Diesel,2011,ICE,Not Applicable,≥4,Statewide,2713
10035,2020,T4,2,Gasoline,2012,ICE,Not Applicable,3,Statewide,3294
10036,2020,T1,1,Gasoline,1989,ICE,Not Applicable,≥4,Statewide,3283
10037,2020,P,Not Applicable,Diesel,2019,ICE,Not Applicable,3,Statewide,3268
10038,2020,T6,7,Natural Gas,2019,ICE,Not Applicable,≥4,Statewide,68
10039,2020,P,Not Applicable,Diesel,1994,ICE,Not Applicable,≥4,Statewide,69
10040,2020,T3,Unknown,Gasoline,1985,ICE,Not Applicable,1,Statewide,69
10041,2020,T3,Unknown,Gasoline,1990,ICE,Not Applicable,≥4,Statewide,69
10042,2020,T6,4,Gasoline,2001,ICE,Not Applicable,3,Statewide,69
10043,2020,BT,Not Applicable,Electric,1998,BEV,Unknown,1,Statewide,43
10044,2020,P,Not Applicable,Electric,2013,BEV,>150 miles,2,Statewide,43
10045,2020,T2,1,Electric,2017,BEV,51 to 100 miles,≥4,Statewide,43
10046,2020,BS,Not Applicable,Gasoline,1991,ICE,Not Applicable,≥4,Statewide,43
10047,2020,BS,Not Applicable,Gasoline,1997,ICE,Not Applicable,≥4,Statewide,43
10048,2020,T1,Unknown,Gasoline,2014,ICE,Not Applicable,2,Statewide,43
10049,2020,T6,5,Gasoline,1976,ICE,Not Applicable,2,Statewide,43
10050,2020,T6,7,Gasoline,1997,ICE,Not Applicable,≥4,Statewide,43
10051,2020,P,Not Applicable,Natural Gas,2008,ICE,Not Applicable,1,Statewide,43
10052,2020,P,Not Applicable,Natural Gas,2009,ICE,Not Applicable,2,Statewide,43
10053,2020,P,Not Applicable,Natural Gas,2010,ICE,Not Applicable,1,Statewide,43
10054,2020,T4,2,Natural Gas,2006,ICE,Not Applicable,≥4,Statewide,43
10055,2020,T6,7,Natural Gas,2020,ICE,Not Applicable,≥4,Statewide,43
10056,2020,BS,Not Applicable,Natural Gas,2013,ICE,Not Applicable,≥4,Statewide,69
10057,2020,T6,5,Gasoline,2022,ICE,Not Applicable,≥4,Statewide,69
10058,2020,T6,4,Gasoline,2010,ICE,Not Applicable,2,Statewide,68
10059,2020,T5,3,Gasoline,1996,ICE,Not Applicable,2,Statewide,68
10060,2020,T4,Unknown,Gasoline,2019,ICE,Not Applicable,≥4,Statewide,68
10061,2020,T1,Unknown,Gasoline,1989,ICE,Not Applicable,≥4,Statewide,68
10062,2020,T6,7,Diesel,2015,ICE,Not Applicable,3,Statewide,44
10063,2020,T7,8,Diesel,1978,ICE,Not Applicable,≥4,Statewide,44
10064,2020,P,Not Applicable,Electric,2016,BEV,Unknown,2,Statewide,44
10065,2020,MH,Not Applicable,Gasoline,1980,ICE,Not Applicable,3,Statewide,44
10066,2020,MH,Not Applicable,Gasoline,1984,ICE,Not Applicable,2,Statewide,44
10067,2020,T1,Unknown,Gasoline,1991,ICE,Not Applicable,≥4,Statewide,44
10068,2020,T2,Unknown,Gasoline,1989,ICE,Not Applicable,3,Statewide,44
10069,2020,T4,Unknown,Gasoline,2013,ICE,Not Applicable,3,Statewide,44
10070,2020,T6,7,Gasoline,1984,ICE,Not Applicable,≥4,Statewide,44
10071,2020,T6,4,Gasoline,1994,ICE,Not Applicable,2,Statewide,44
10072,2020,T6,4,Gasoline,1997,ICE,Not Applicable,1,Statewide,44
10073,2020,T3,Unknown,Gasoline,1997,ICE,Not Applicable,1,Statewide,67
10074,2020,T3,Unknown,Gasoline,1994,ICE,Not Applicable,1,Statewide,67
10075,2020,T2,Unknown,Gasoline,1985,ICE,Not Applicable,1,Statewide,67
10076,2020,BT,Not Applicable,Gasoline,1986,ICE,Not Applicable,≥4,Statewide,67
10077,2020,T6,4,Diesel,2014,ICE,Not Applicable,3,Statewide,44
10078,2020,T7,8,Diesel,1989,ICE,Not Applicable,2,Statewide,43
10079,2020,T6,Unknown,Diesel,2004,ICE,Not Applicable,≥4,Statewide,44
10080,2020,T6,4,Diesel,1994,ICE,Not Applicable,2,Statewide,44
10081,2020,MH,Not Applicable,Gasoline,1983,ICE,Not Applicable,2,Statewide,68
10082,2020,MH,Not Applicable,Gasoline,1982,ICE,Not Applicable,3,Statewide,68
10083,2020,BS,Not Applicable,Gasoline,1981,ICE,Not Applicable,≥4,Statewide,68
10084,2020,B,Not Applicable,Gasoline,2012,ICE,Not Applicable,3,Statewide,68
10085,2020,T6,6,Electric,2015,BEV,Unknown,≥4,Statewide,68
10086,2020,P,Not Applicable,Electric,2017,BEV,Unknown,1,Statewide,68
10087,2020,MH,Not Applicable,Diesel,2000,ICE,Not Applicable,1,Statewide,68
10088,2020,T6,6,Diesel,2006,ICE,Not Applicable,≥4,Statewide,2724
10089,2020,T4,2,Diesel,2005,ICE,Not Applicable,3,Statewide,2726
10090,2020,P,Not Applicable,Gasoline,1989,ICE,Not Applicable,1,Statewide,2726
10091,2020,BS,Not Applicable,Diesel,1989,ICE,Not Applicable,≥4,Statewide,44
10092,2020,BS,Not Applicable,Diesel,2002,ICE,Not Applicable,1,Statewide,44
10093,2020,T2,1,Diesel,2011,ICE,Not Applicable,3,Statewide,44
10094,2020,T6,7,Diesel,1993,ICE,Not Applicable,3,Statewide,44
10095,2020,T4,2,Gasoline,1996,ICE,Not Applicable,≥4,Statewide,2742
10096,2020,T6,7,Diesel,1997,ICE,Not Applicable,3,Statewide,44
10097,2020,T7,8,Diesel,1988,ICE,Not Applicable,1,Statewide,43
10098,2020,T6,4,Diesel,2015,ICE,Not Applicable,3,Statewide,43
10099,2020,T6,Unknown,Diesel,2005,ICE,Not Applicable,≥4,Statewide,43
10100,2020,T6,4,Gasoline,2003,ICE,Not Applicable,3,Statewide,71
10101,2020,T6,6,Gasoline,1976,ICE,Not Applicable,2,Statewide,71
10102,2020,T6,6,Gasoline,1976,ICE,Not Applicable,3,Statewide,71
10103,2020,T2,Unknown,Gasoline,1997,ICE,Not Applicable,≥4,Statewide,71
10104,2020,T1,Unknown,Gasoline,2012,ICE,Not Applicable,2,Statewide,71
10105,2020,B,Not Applicable,Gasoline,2014,ICE,Not Applicable,2,Statewide,71
10106,2020,B,Not Applicable,Gasoline,2005,ICE,Not Applicable,2,Statewide,71
10107,2020,B,Not Applicable,Gasoline,2000,ICE,Not Applicable,≥4,Statewide,71
10108,2020,B,Not Applicable,Gasoline,1976,ICE,Not Applicable,2,Statewide,71
10109,2020,P,Not Applicable,Electric,2006,BEV,Unknown,≥4,Statewide,71
10110,2020,T7,8,Diesel,1983,ICE,Not Applicable,≥4,Statewide,71
10111,2020,T6,7,Diesel,2020,ICE,Not Applicable,3,Statewide,71
10112,2020,T6,7,Diesel,2002,ICE,Not Applicable,3,Statewide,71
10113,2020,T6,6,Diesel,1999,ICE,Not Applicable,2,Statewide,71
10114,2020,T4,Unknown,Diesel,2011,ICE,Not Applicable,≥4,Statewide,71
10115,2020,B,Not Applicable,Gasoline,2018,ICE,Not Applicable,2,Statewide,42
10116,2020,T3,2,Diesel,2000,ICE,Not Applicable,≥4,Statewide,71
10117,2020,T1,1,Electric,2006,BEV,Unknown,≥4,Statewide,42
10118,2020,T6,6,Diesel,1996,ICE,Not Applicable,3,Statewide,42
10119,2020,B,Not Applicable,Gasoline,2007,ICE,Not Applicable,2,Statewide,72
10120,2020,MC,Not Applicable,Electric,2021,BEV,Unknown,≥4,Statewide,72
10121,2020,T6,4,Diesel,2020,ICE,Not Applicable,2,Statewide,72
10122,2020,T6,4,Diesel,2018,ICE,Not Applicable,1,Statewide,72
10123,2020,T6,7,Diesel,2008,ICE,Not Applicable,3,Statewide,72
10124,2020,T6,7,Diesel,2001,ICE,Not Applicable,2,Statewide,72
10125,2020,T6,7,Diesel,1991,ICE,Not Applicable,1,Statewide,72
10126,2020,T6,6,Natural Gas,2012,ICE,Not Applicable,≥4,Statewide,41
10127,2020,T4,2,Gasoline,2016,ICE,Not Applicable,≥4,Statewide,3374
10128,2020,MC,Not Applicable,Gasoline,1999,ICE,Not Applicable,≥4,Statewide,3357
10129,2020,T1,Unknown,Diesel,2007,ICE,Not Applicable,≥4,Statewide,42
10130,2020,T3,2,Diesel,2000,ICE,Not Applicable,1,Statewide,42
10131,2020,T6,7,Diesel,1976,ICE,Not Applicable,≥4,Statewide,42
10132,2020,T6,Unknown,Diesel,1976,ICE,Not Applicable,1,Statewide,42
10133,2020,T6,4,Diesel,1994,ICE,Not Applicable,3,Statewide,42
10134,2020,T6,Unknown,Diesel,2009,ICE,Not Applicable,≥4,Statewide,42
10135,2020,P,Not Applicable,Electric,2016,BEV,Unknown,1,Statewide,67
10136,2020,B,Not Applicable,Diesel,1992,ICE,Not Applicable,≥4,Statewide,71
10137,2020,P,Not Applicable,Gasoline,1989,ICE,Not Applicable,3,Statewide,2655
10138,2020,T7,8,Natural Gas,2008,ICE,Not Applicable,≥4,Statewide,70
10139,2020,T6,6,Gasoline,2020,ICE,Not Applicable,3,Statewide,70
10140,2020,T6,4,Gasoline,2001,ICE,Not Applicable,1,Statewide,70
10141,2020,T6,7,Gasoline,1994,ICE,Not Applicable,≥4,Statewide,70
10142,2020,T1,Unknown,Gasoline,2014,ICE,Not Applicable,1,Statewide,70
10143,2020,MH,Not Applicable,Gasoline,1982,ICE,Not Applicable,2,Statewide,70
10144,2020,MH,Not Applicable,Gasoline,1981,ICE,Not Applicable,3,Statewide,70
10145,2020,BS,Not Applicable,Gasoline,1993,ICE,Not Applicable,≥4,Statewide,70
10146,2020,T6,4,Diesel,2017,ICE,Not Applicable,2,Statewide,70
10147,2020,T6,7,Diesel,2007,ICE,Not Applicable,3,Statewide,70
10148,2020,T6,5,Diesel,2001,ICE,Not Applicable,≥4,Statewide,70
10149,2020,T6,4,Diesel,1999,ICE,Not Applicable,1,Statewide,70
10150,2020,T6,4,Diesel,1995,ICE,Not Applicable,3,Statewide,43
10151,2020,T6,4,Diesel,1998,ICE,Not Applicable,3,Statewide,43
10152,2020,P,Not Applicable,Diesel,2016,ICE,Not Applicable,2,Statewide,2679
10153,2020,T7,8,Natural Gas,2014,ICE,Not Applicable,1,Statewide,70
10154,2020,P,Not Applicable,Electric,2020,BEV,>150 miles,2,Statewide,2654
10155,2020,T6,6,Diesel,1976,ICE,Not Applicable,≥4,Statewide,43
10156,2020,P,Not Applicable,Diesel,1999,ICE,Not Applicable,≥4,Statewide,43
10157,2020,MH,Not Applicable,Gasoline,1977,ICE,Not Applicable,3,Statewide,42
10158,2020,T1,Unknown,Gasoline,1988,ICE,Not Applicable,≥4,Statewide,42
10159,2020,T1,Unknown,Gasoline,2002,ICE,Not Applicable,≥4,Statewide,42
10160,2020,T1,Unknown,Gasoline,2005,ICE,Not Applicable,1,Statewide,42
10161,2020,T2,Unknown,Gasoline,1996,ICE,Not Applicable,≥4,Statewide,42
10162,2020,T5,3,Gasoline,2009,ICE,Not Applicable,≥4,Statewide,2666
10163,2020,T4,Unknown,Gasoline,1978,ICE,Not Applicable,≥4,Statewide,42
10164,2020,T4,Unknown,Gasoline,2017,ICE,Not Applicable,2,Statewide,42
10165,2020,T6,7,Gasoline,1977,ICE,Not Applicable,1,Statewide,42
10166,2020,T6,5,Gasoline,1990,ICE,Not Applicable,≥4,Statewide,42
10167,2020,T6,6,Gasoline,2019,ICE,Not Applicable,1,Statewide,42
10168,2020,T7,8,Natural Gas,2015,ICE,Not Applicable,1,Statewide,42
10169,2020,BS,Not Applicable,Diesel,1996,ICE,Not Applicable,1,Statewide,43
10170,2020,MH,Not Applicable,Diesel,1996,ICE,Not Applicable,2,Statewide,43
10171,2020,P,Not Applicable,Diesel,1996,ICE,Not Applicable,3,Statewide,43
10172,2020,T4,Unknown,Diesel,1994,ICE,Not Applicable,≥4,Statewide,43
10173,2020,MH,Not Applicable,Gasoline,1981,ICE,Not Applicable,1,Statewide,72
10174,2020,T6,7,Diesel,2009,ICE,Not Applicable,3,Statewide,67
10175,2020,BT,Not Applicable,Diesel,1992,ICE,Not Applicable,≥4,Statewide,67
10176,2020,T6,4,Gasoline,2001,ICE,Not Applicable,2,Statewide,46
10177,2020,T6,4,Gasoline,2019,ICE,Not Applicable,2,Statewide,46
10178,2020,T6,Unknown,Natural Gas,2019,ICE,Not Applicable,≥4,Statewide,63
10179,2020,BS,Not Applicable,Natural Gas,2011,ICE,Not Applicable,≥4,Statewide,63
10180,2020,T6,4,Gasoline,1999,ICE,Not Applicable,1,Statewide,63
10181,2020,T5,3,Gasoline,1997,ICE,Not Applicable,2,Statewide,63
10182,2020,T6,6,Gasoline,2000,ICE,Not Applicable,1,Statewide,46
10183,2020,T5,3,Gasoline,1997,ICE,Not Applicable,3,Statewide,63
10184,2020,T5,3,Gasoline,1991,ICE,Not Applicable,1,Statewide,63
10185,2020,T1,Unknown,Gasoline,2005,ICE,Not Applicable,≥4,Statewide,63
10186,2020,MH,Not Applicable,Gasoline,1983,ICE,Not Applicable,1,Statewide,63
10187,2020,BS,Not Applicable,Gasoline,2007,ICE,Not Applicable,≥4,Statewide,63
10188,2020,B,Not Applicable,Gasoline,2021,ICE,Not Applicable,1,Statewide,63
10189,2020,B,Not Applicable,Gasoline,2017,ICE,Not Applicable,2,Statewide,63
10190,2020,T5,3,Gasoline,1992,ICE,Not Applicable,3,Statewide,63
10191,2020,T6,7,Gasoline,1988,ICE,Not Applicable,≥4,Statewide,46
10192,2020,T3,Unknown,Gasoline,1993,ICE,Not Applicable,3,Statewide,46
10193,2020,T1,Unknown,Gasoline,2005,ICE,Not Applicable,3,Statewide,46
10194,2020,T2,Unknown,Diesel,2016,ICE,Not Applicable,1,Statewide,46
10195,2020,T3,2,Diesel,2006,ICE,Not Applicable,1,Statewide,46
10196,2020,T4,2,Diesel,2022,ICE,Not Applicable,≥4,Statewide,46
10197,2020,T6,7,Diesel,1983,ICE,Not Applicable,1,Statewide,46
10198,2020,T6,7,Diesel,1994,ICE,Not Applicable,3,Statewide,46
10199,2020,T6,6,Diesel,1996,ICE,Not Applicable,2,Statewide,46
10200,2020,T6,4,Diesel,1999,ICE,Not Applicable,2,Statewide,46
10201,2020,T6,Unknown,Diesel,2014,ICE,Not Applicable,1,Statewide,46
10202,2020,T6,4,Diesel,2020,ICE,Not Applicable,3,Statewide,46
10203,2020,T7,8,Diesel,1982,ICE,Not Applicable,≥4,Statewide,46
10204,2020,MC,Not Applicable,Electric,2019,BEV,Unknown,2,Statewide,46
10205,2020,MC,Not Applicable,Electric,2021,BEV,Unknown,1,Statewide,46
10206,2020,P,Not Applicable,Electric,2017,BEV,Unknown,2,Statewide,46
10207,2020,T2,Unknown,Electric,2014,BEV,Unknown,≥4,Statewide,46
10208,2020,T1,Unknown,Gasoline,1993,ICE,Not Applicable,≥4,Statewide,46
10209,2020,T7,8,Diesel,1997,ICE,Not Applicable,2,Statewide,63
10210,2020,T6,7,Diesel,2016,ICE,Not Applicable,2,Statewide,63
10211,2020,T6,6,Diesel,1996,ICE,Not Applicable,1,Statewide,63
10212,2020,T3,2,Diesel,1989,ICE,Not Applicable,3,Statewide,63
10213,2020,T2,1,Electric,2019,BEV,101 to 150 miles,3,Statewide,62
10214,2020,MC,Not Applicable,Electric,2020,BEV,Unknown,≥4,Statewide,62
10215,2020,T7,8,Diesel,1989,ICE,Not Applicable,1,Statewide,62
10216,2020,T6,5,Diesel,2014,ICE,Not Applicable,3,Statewide,62
10217,2020,T6,6,Diesel,1998,ICE,Not Applicable,3,Statewide,62
10218,2020,MH,Not Applicable,Diesel,2016,ICE,Not Applicable,2,Statewide,62
10219,2020,B,Not Applicable,Diesel,2003,ICE,Not Applicable,1,Statewide,47
10220,2020,T6,6,Diesel,2009,ICE,Not Applicable,≥4,Statewide,2839
10221,2020,MH,Not Applicable,Diesel,1995,ICE,Not Applicable,3,Statewide,47
10222,2020,T2,Unknown,Diesel,2016,ICE,Not Applicable,≥4,Statewide,47
10223,2020,T4,2,Gasoline,2010,ICE,Not Applicable,3,Statewide,2848
10224,2020,T3,Unknown,Diesel,2013,ICE,Not Applicable,≥4,Statewide,47
10225,2020,T6,6,Diesel,1995,ICE,Not Applicable,2,Statewide,47
10226,2020,T6,7,Diesel,2018,ICE,Not Applicable,3,Statewide,47
10227,2020,P,Not Applicable,Electric,2016,BEV,Unknown,3,Statewide,47
10228,2020,B,Not Applicable,Gasoline,2014,ICE,Not Applicable,3,Statewide,62
10229,2020,BS,Not Applicable,Diesel,2008,ICE,Not Applicable,1,Statewide,46
10230,2020,B,Not Applicable,Gasoline,2016,ICE,Not Applicable,2,Statewide,62
10231,2020,T5,3,Gasoline,1992,ICE,Not Applicable,2,Statewide,62
10232,2020,P,Not Applicable,Diesel,1993,ICE,Not Applicable,≥4,Statewide,63
10233,2020,BS,Not Applicable,Diesel,2011,ICE,Not Applicable,1,Statewide,63
10234,2020,T5,3,Diesel,2016,ICE,Not Applicable,≥4,Statewide,2823
10235,2020,P,Not Applicable,Gasoline,1978,ICE,Not Applicable,2,Statewide,2825
10236,2020,T2,1,Gasoline,2022,ICE,Not Applicable,2,Statewide,2832
10237,2020,MH,Not Applicable,Gasoline,2008,ICE,Not Applicable,≥4,Statewide,2833
10238,2020,P,Not Applicable,Diesel,2020,ICE,Not Applicable,2,Statewide,3201
10239,2020,T3,2,Gasoline,1993,ICE,Not Applicable,≥4,Statewide,3192
10240,2020,T2,Unknown,Gasoline,2016,ICE,Not Applicable,3,Statewide,3190
10241,2020,B,Not Applicable,Natural Gas,2014,ICE,Not Applicable,≥4,Statewide,62
10242,2020,T6,4,Gasoline,2020,ICE,Not Applicable,3,Statewide,62
10243,2020,T6,7,Gasoline,2006,ICE,Not Applicable,≥4,Statewide,62
10244,2020,T6,4,Gasoline,1995,ICE,Not Applicable,1,Statewide,62
10245,2020,T6,4,Gasoline,1994,ICE,Not Applicable,1,Statewide,62
10246,2020,T5,3,Gasoline,1993,ICE,Not Applicable,1,Statewide,62
10247,2020,T1,Unknown,Gasoline,2004,ICE,Not Applicable,≥4,Statewide,62
10248,2020,BS,Not Applicable,Diesel,2007,ICE,Not Applicable,1,Statewide,46
10249,2020,T5,3,Gasoline,2010,ICE,Not Applicable,≥4,Statewide,2810
10250,2020,T3,Unknown,Gasoline,2021,ICE,Not Applicable,3,Statewide,2810
10251,2020,P,Not Applicable,Electric,2018,BEV,51 to 100 miles,2,Statewide,2781
10252,2020,T6,7,Diesel,1998,ICE,Not Applicable,2,Statewide,45
10253,2020,T6,4,Diesel,2014,ICE,Not Applicable,2,Statewide,45
10254,2020,T7,8,Diesel,1992,ICE,Not Applicable,3,Statewide,45
10255,2020,B,Not Applicable,Gasoline,1995,ICE,Not Applicable,≥4,Statewide,45
10256,2020,BT,Not Applicable,Gasoline,1994,ICE,Not Applicable,≥4,Statewide,45
10257,2020,BT,Not Applicable,Gasoline,2008,ICE,Not Applicable,≥4,Statewide,45
10258,2020,MH,Not Applicable,Gasoline,1984,ICE,Not Applicable,1,Statewide,45
10259,2020,T3,Unknown,Gasoline,1996,ICE,Not Applicable,2,Statewide,45
10260,2020,T4,Unknown,Gasoline,1980,ICE,Not Applicable,≥4,Statewide,45
10261,2020,T4,Unknown,Gasoline,2015,ICE,Not Applicable,1,Statewide,45
10262,2020,T4,Unknown,Gasoline,2016,ICE,Not Applicable,1,Statewide,45
10263,2020,T6,5,Gasoline,1986,ICE,Not Applicable,≥4,Statewide,45
10264,2020,T6,7,Gasoline,1993,ICE,Not Applicable,≥4,Statewide,45
10265,2020,T6,5,Gasoline,2008,ICE,Not Applicable,1,Statewide,45
10266,2020,T6,Unknown,Diesel,1995,ICE,Not Applicable,≥4,Statewide,45
10267,2020,P,Not Applicable,Natural Gas,2019,ICE,Not Applicable,3,Statewide,65
10268,2020,T3,2,Diesel,2002,ICE,Not Applicable,3,Statewide,45
10269,2020,BT,Not Applicable,Diesel,1990,ICE,Not Applicable,≥4,Statewide,66
10270,2020,T3,Unknown,Gasoline,2017,ICE,Not Applicable,2,Statewide,2750
10271,2020,P,Not Applicable,Diesel,2017,ICE,Not Applicable,2,Statewide,2774
10272,2020,T5,3,Gasoline,2011,ICE,Not Applicable,≥4,Statewide,3256
10273,2020,P,Not Applicable,Gasoline,2018,PHEV,0 to 50 miles,3,Statewide,3245
10274,2020,B,Not Applicable,Diesel,1988,ICE,Not Applicable,≥4,Statewide,45
10275,2020,B,Not Applicable,Diesel,2008,ICE,Not Applicable,1,Statewide,45
10276,2020,P,Not Applicable,Natural Gas,2006,ICE,Not Applicable,1,Statewide,66
10277,2020,T6,4,Gasoline,2012,ICE,Not Applicable,3,Statewide,66
10278,2020,T6,4,Gasoline,2009,ICE,Not Applicable,2,Statewide,66
10279,2020,T6,4,Gasoline,1996,ICE,Not Applicable,1,Statewide,66
10280,2020,T3,Unknown,Gasoline,1978,ICE,Not Applicable,1,Statewide,66
10281,2020,T6,6,Diesel,1997,ICE,Not Applicable,1,Statewide,66
10282,2020,T6,6,Diesel,1986,ICE,Not Applicable,≥4,Statewide,66
10283,2020,P,Not Applicable,Diesel,1982,ICE,Not Applicable,3,Statewide,66
10284,2020,BT,Not Applicable,Diesel,1991,ICE,Not Applicable,≥4,Statewide,66
10285,2020,T2,1,Diesel,1979,ICE,Not Applicable,≥4,Statewide,45
10286,2020,T5,3,Diesel,1993,ICE,Not Applicable,1,Statewide,67
10287,2020,B,Not Applicable,Natural Gas,2015,ICE,Not Applicable,≥4,Statewide,65
10288,2020,T6,4,Gasoline,2017,ICE,Not Applicable,2,Statewide,65
10289,2020,T6,7,Gasoline,2007,ICE,Not Applicable,≥4,Statewide,64
10290,2020,T4,Unknown,Gasoline,2012,ICE,Not Applicable,≥4,Statewide,64
10291,2020,T2,Unknown,Gasoline,1992,ICE,Not Applicable,≥4,Statewide,64
10292,2020,MH,Not Applicable,Gasoline,1977,ICE,Not Applicable,1,Statewide,64
10293,2020,BS,Not Applicable,Gasoline,1978,ICE,Not Applicable,≥4,Statewide,64
10294,2020,T6,7,Diesel,2021,ICE,Not Applicable,2,Statewide,64
10295,2020,T6,4,Diesel,2014,ICE,Not Applicable,1,Statewide,64
10296,2020,T3,2,Diesel,2009,ICE,Not Applicable,3,Statewide,64
10297,2020,T3,2,Diesel,2008,ICE,Not Applicable,3,Statewide,64
10298,2020,P,Not Applicable,Electric,2019,BEV,51 to 100 miles,3,Statewide,2802
10299,2020,P,Not Applicable,Electric,2019,BEV,51 to 100 miles,≥4,Statewide,2804
10300,2020,T5,3,Diesel,2019,ICE,Not Applicable,≥4,Statewide,2807
10301,2020,T6,5,Diesel,2011,ICE,Not Applicable,≥4,Statewide,2808
10302,2020,B,Not Applicable,Diesel,1990,ICE,Not Applicable,≥4,Statewide,46
10303,2020,T4,2,Diesel,2001,ICE,Not Applicable,≥4,Statewide,2810
10304,2020,T6,6,Gasoline,2017,ICE,Not Applicable,1,Statewide,64
10305,2020,T6,6,Gasoline,2020,ICE,Not Applicable,2,Statewide,65
10306,2020,T4,2,Diesel,2013,ICE,Not Applicable,1,Statewide,3212
10307,2020,T3,2,Gasoline,1997,ICE,Not Applicable,3,Statewide,3227
10308,2020,T4,Unknown,Gasoline,2011,ICE,Not Applicable,2,Statewide,65
10309,2020,T2,Unknown,Gasoline,1998,ICE,Not Applicable,2,Statewide,65
10310,2020,BS,Not Applicable,Gasoline,1986,ICE,Not Applicable,≥4,Statewide,65
10311,2020,B,Not Applicable,Gasoline,2015,ICE,Not Applicable,1,Statewide,65
10312,2020,T7,8,Diesel,1993,ICE,Not Applicable,3,Statewide,65
10313,2020,T6,6,Diesel,2019,ICE,Not Applicable,3,Statewide,65
10314,2020,T6,7,Diesel,2019,ICE,Not Applicable,2,Statewide,65
10315,2020,T6,5,Diesel,2014,ICE,Not Applicable,2,Statewide,65
10316,2020,T6,4,Diesel,1998,ICE,Not Applicable,1,Statewide,65
10317,2020,T6,4,Diesel,1994,ICE,Not Applicable,1,Statewide,65
10318,2020,P,Not Applicable,Diesel,1982,ICE,Not Applicable,2,Statewide,65
10319,2020,MH,Not Applicable,Diesel,2001,ICE,Not Applicable,1,Statewide,65
10320,2020,T6,6,Diesel,2018,ICE,Not Applicable,≥4,Statewide,2788
10321,2020,T7,8,Diesel,2009,ICE,Not Applicable,≥4,Statewide,2793
10322,2020,T6,6,Diesel,2021,ICE,Not Applicable,≥4,Statewide,3233
10323,2020,P,Not Applicable,Electric,2020,BEV,>150 miles,1,Statewide,3227
10324,2020,T1,Unknown,Gasoline,2006,ICE,Not Applicable,≥4,Statewide,72
10325,2020,T6,6,Gasoline,1981,ICE,Not Applicable,1,Statewide,72
10326,2020,T6,6,Gasoline,2009,ICE,Not Applicable,≥4,Statewide,72
10327,2020,T6,6,Diesel,1987,ICE,Not Applicable,≥4,Statewide,77
10328,2020,P,Not Applicable,Diesel,2002,ICE,Not Applicable,1,Statewide,77
10329,2020,P,Not Applicable,Diesel,2001,ICE,Not Applicable,3,Statewide,77
10330,2020,MH,Not Applicable,Diesel,2017,ICE,Not Applicable,2,Statewide,77
10331,2020,MH,Not Applicable,Diesel,2000,ICE,Not Applicable,2,Statewide,77
10332,2020,BT,Not Applicable,Diesel,2001,ICE,Not Applicable,≥4,Statewide,77
10333,2020,T7,8,Diesel,1996,ICE,Not Applicable,2,Statewide,77
10334,2020,T6,4,Gasoline,1987,ICE,Not Applicable,≥4,Statewide,2
10335,2020,T6,Unknown,Gasoline,1987,ICE,Not Applicable,1,Statewide,2
10336,2020,T6,7,Gasoline,1988,ICE,Not Applicable,3,Statewide,2
10337,2020,T2,1,Gasoline,1993,ICE,Not Applicable,1,Statewide,2559
10338,2020,T6,5,Gasoline,1988,ICE,Not Applicable,2,Statewide,2
10339,2020,T6,4,Gasoline,1989,ICE,Not Applicable,1,Statewide,2
10340,2020,T6,5,Gasoline,1990,ICE,Not Applicable,2,Statewide,2
10341,2020,T6,Unknown,Gasoline,1987,ICE,Not Applicable,3,Statewide,2
10342,2020,B,Not Applicable,Gasoline,2005,ICE,Not Applicable,1,Statewide,77
10343,2020,BS,Not Applicable,Gasoline,1990,ICE,Not Applicable,≥4,Statewide,77
10344,2020,T2,Unknown,Gasoline,1994,ICE,Not Applicable,≥4,Statewide,77
10345,2020,T6,4,Gasoline,1981,ICE,Not Applicable,2,Statewide,2
10346,2020,T6,7,Gasoline,1982,ICE,Not Applicable,3,Statewide,2
10347,2020,T6,5,Gasoline,1982,ICE,Not Applicable,3,Statewide,2
10348,2020,T6,Unknown,Gasoline,1982,ICE,Not Applicable,1,Statewide,2
10349,2020,T6,5,Gasoline,1984,ICE,Not Applicable,3,Statewide,2
10350,2020,T6,Unknown,Gasoline,1984,ICE,Not Applicable,3,Statewide,2
10351,2020,T6,Unknown,Gasoline,1985,ICE,Not Applicable,3,Statewide,2
10352,2020,T6,7,Gasoline,1986,ICE,Not Applicable,3,Statewide,2
10353,2020,T6,7,Gasoline,1986,ICE,Not Applicable,2,Statewide,2
10354,2020,T6,5,Gasoline,1986,ICE,Not Applicable,2,Statewide,2
10355,2020,T6,7,Gasoline,1987,ICE,Not Applicable,3,Statewide,2
10356,2020,T6,5,Gasoline,1987,ICE,Not Applicable,1,Statewide,2
10357,2020,T6,6,Gasoline,1988,ICE,Not Applicable,≥4,Statewide,77
10358,2020,T6,6,Gasoline,1983,ICE,Not Applicable,1,Statewide,77
10359,2020,T5,3,Gasoline,2015,ICE,Not Applicable,2,Statewide,77
10360,2020,T6,4,Gasoline,1990,ICE,Not Applicable,3,Statewide,2
10361,2020,MC,Not Applicable,Gasoline,1997,ICE,Not Applicable,≥4,Statewide,2567
10362,2020,T6,5,Gasoline,1991,ICE,Not Applicable,3,Statewide,2
10363,2020,T4,Unknown,Gasoline,2021,ICE,Not Applicable,1,Statewide,2568
10364,2020,T6,Unknown,Gasoline,2005,ICE,Not Applicable,≥4,Statewide,2
10365,2020,T6,7,Gasoline,2006,ICE,Not Applicable,2,Statewide,2
10366,2020,T2,Unknown,Gasoline,2016,ICE,Not Applicable,≥4,Statewide,3475
10367,2020,P,Not Applicable,Gasoline,2020,PHEV,0 to 50 miles,3,Statewide,3474
10368,2020,T6,Unknown,Gasoline,2006,ICE,Not Applicable,≥4,Statewide,2
10369,2020,P,Not Applicable,Gasoline,1990,ICE,Not Applicable,3,Statewide,3470
10370,2020,T6,Unknown,Gasoline,2006,ICE,Not Applicable,3,Statewide,2
10371,2020,T6,6,Gasoline,2008,ICE,Not Applicable,1,Statewide,2
10372,2020,MC,Not Applicable,Gasoline,2006,ICE,Not Applicable,1,Statewide,3459
10373,2020,P,Not Applicable,Natural Gas,2013,ICE,Not Applicable,3,Statewide,76
10374,2020,T2,Unknown,Gasoline,1993,ICE,Not Applicable,≥4,Statewide,76
10375,2020,MH,Not Applicable,Gasoline,1978,ICE,Not Applicable,1,Statewide,76
10376,2020,MH,Not Applicable,Gasoline,1978,ICE,Not Applicable,2,Statewide,76
10377,2020,T7,8,Diesel,1998,ICE,Not Applicable,3,Statewide,76
10378,2020,T6,6,Diesel,2019,ICE,Not Applicable,2,Statewide,76
10379,2020,T6,7,Gasoline,2005,ICE,Not Applicable,2,Statewide,2
10380,2020,T6,5,Gasoline,1981,ICE,Not Applicable,3,Statewide,2
10381,2020,T6,Unknown,Gasoline,2004,ICE,Not Applicable,2,Statewide,2
10382,2020,T6,7,Gasoline,2004,ICE,Not Applicable,2,Statewide,2
10383,2020,T6,5,Gasoline,1993,ICE,Not Applicable,2,Statewide,2
10384,2020,T6,5,Gasoline,1995,ICE,Not Applicable,1,Statewide,2
10385,2020,T6,Unknown,Gasoline,1995,ICE,Not Applicable,≥4,Statewide,2
10386,2020,T6,Unknown,Gasoline,1996,ICE,Not Applicable,≥4,Statewide,2
10387,2020,T6,5,Gasoline,1997,ICE,Not Applicable,1,Statewide,2
10388,2020,T6,Unknown,Gasoline,1997,ICE,Not Applicable,≥4,Statewide,2
10389,2020,T6,7,Gasoline,1998,ICE,Not Applicable,3,Statewide,2
10390,2020,T6,7,Gasoline,1998,ICE,Not Applicable,2,Statewide,2
10391,2020,T6,7,Gasoline,1999,ICE,Not Applicable,2,Statewide,2
10392,2020,T6,Unknown,Gasoline,1999,ICE,Not Applicable,≥4,Statewide,2
10393,2020,T6,Unknown,Gasoline,2000,ICE,Not Applicable,≥4,Statewide,2
10394,2020,T6,5,Gasoline,2002,ICE,Not Applicable,2,Statewide,2
10395,2020,T6,Unknown,Gasoline,2002,ICE,Not Applicable,3,Statewide,2
10396,2020,T6,Unknown,Gasoline,2003,ICE,Not Applicable,≥4,Statewide,2
10397,2020,T7,8,Diesel,2006,ICE,Not Applicable,≥4,Statewide,3499
10398,2020,T6,7,Gasoline,2004,ICE,Not Applicable,1,Statewide,2
10399,2020,T6,Unknown,Gasoline,1980,ICE,Not Applicable,2,Statewide,2
10400,2020,T6,4,Gasoline,1980,ICE,Not Applicable,1,Statewide,2
10401,2020,T6,5,Gasoline,1980,ICE,Not Applicable,3,Statewide,2
10402,2020,BS,Not Applicable,Diesel,2004,ICE,Not Applicable,2,Statewide,38
10403,2020,BS,Not Applicable,Diesel,2010,ICE,Not Applicable,1,Statewide,38
10404,2020,MH,Not Applicable,Diesel,2014,ICE,Not Applicable,2,Statewide,38
10405,2020,P,Not Applicable,Diesel,1981,ICE,Not Applicable,1,Statewide,38
10406,2020,T1,1,Diesel,1988,ICE,Not Applicable,3,Statewide,38
10407,2020,T1,1,Diesel,1989,ICE,Not Applicable,3,Statewide,38
10408,2020,T1,Unknown,Diesel,1998,ICE,Not Applicable,≥4,Statewide,38
10409,2020,T3,Unknown,Diesel,2013,ICE,Not Applicable,1,Statewide,38
10410,2020,T4,Unknown,Diesel,1993,ICE,Not Applicable,≥4,Statewide,38
10411,2020,T6,Unknown,Diesel,2014,ICE,Not Applicable,2,Statewide,38
10412,2020,T6,4,Diesel,2016,ICE,Not Applicable,2,Statewide,38
10413,2020,T7,8,Diesel,1989,ICE,Not Applicable,3,Statewide,38
10414,2020,P,Not Applicable,Electric,2013,BEV,Unknown,3,Statewide,38
10415,2020,BS,Not Applicable,Gasoline,1977,ICE,Not Applicable,≥4,Statewide,38
10416,2020,BT,Not Applicable,Gasoline,2000,ICE,Not Applicable,≥4,Statewide,38
10417,2020,B,Not Applicable,Diesel,2006,ICE,Not Applicable,1,Statewide,38
10418,2020,MH,Not Applicable,Gasoline,1979,ICE,Not Applicable,2,Statewide,38
10419,2020,B,Not Applicable,Diesel,2004,ICE,Not Applicable,1,Statewide,38
10420,2020,B,Not Applicable,Diesel,1989,ICE,Not Applicable,≥4,Statewide,79
10421,2020,T4,Unknown,Gasoline,2004,ICE,Not Applicable,3,Statewide,2
10422,2020,T4,Unknown,Gasoline,2004,ICE,Not Applicable,1,Statewide,2
10423,2020,MC,Not Applicable,Gasoline,2016,ICE,Not Applicable,3,Statewide,3499
10424,2020,T4,2,Natural Gas,2020,ICE,Not Applicable,≥4,Statewide,79
10425,2020,T6,4,Gasoline,2020,ICE,Not Applicable,2,Statewide,79
10426,2020,T6,4,Gasoline,2009,ICE,Not Applicable,3,Statewide,79
10427,2020,T3,Unknown,Gasoline,1992,ICE,Not Applicable,2,Statewide,79
10428,2020,T2,Unknown,Gasoline,1985,ICE,Not Applicable,2,Statewide,79
10429,2020,MH,Not Applicable,Gasoline,1982,ICE,Not Applicable,1,Statewide,79
10430,2020,T7,8,Diesel,1993,ICE,Not Applicable,2,Statewide,79
10431,2020,T6,5,Diesel,2015,ICE,Not Applicable,1,Statewide,79
10432,2020,T6,7,Diesel,2002,ICE,Not Applicable,2,Statewide,79
10433,2020,T3,2,Diesel,1988,ICE,Not Applicable,3,Statewide,79
10434,2020,P,Not Applicable,Diesel,2002,ICE,Not Applicable,3,Statewide,79
10435,2020,BT,Not Applicable,Diesel,2010,ICE,Not Applicable,≥4,Statewide,79
10436,2020,MC,Not Applicable,Gasoline,1996,ICE,Not Applicable,≥4,Statewide,2534
10437,2020,T5,3,Diesel,1990,ICE,Not Applicable,≥4,Statewide,76
10438,2020,T2,Unknown,Gasoline,1987,ICE,Not Applicable,≥4,Statewide,38
10439,2020,T3,Unknown,Gasoline,1998,ICE,Not Applicable,3,Statewide,38
10440,2020,T4,Unknown,Gasoline,2005,ICE,Not Applicable,≥4,Statewide,2
10441,2020,T4,Unknown,Gasoline,2005,ICE,Not Applicable,2,Statewide,2
10442,2020,T4,Unknown,Gasoline,2006,ICE,Not Applicable,3,Statewide,2
10443,2020,T4,Unknown,Gasoline,2010,ICE,Not Applicable,3,Statewide,2
10444,2020,T5,3,Gasoline,1977,ICE,Not Applicable,≥4,Statewide,2
10445,2020,T5,3,Gasoline,1980,ICE,Not Applicable,≥4,Statewide,2
10446,2020,T5,3,Gasoline,1980,ICE,Not Applicable,1,Statewide,2
10447,2020,T5,3,Gasoline,1981,ICE,Not Applicable,3,Statewide,2
10448,2020,T5,3,Gasoline,1981,ICE,Not Applicable,1,Statewide,2
10449,2020,T5,3,Gasoline,1982,ICE,Not Applicable,3,Statewide,2
10450,2020,T5,3,Gasoline,1982,ICE,Not Applicable,2,Statewide,2
10451,2020,T5,3,Gasoline,1983,ICE,Not Applicable,2,Statewide,2
10452,2020,T6,4,Gasoline,1979,ICE,Not Applicable,2,Statewide,2
10453,2020,T6,Unknown,Gasoline,1979,ICE,Not Applicable,3,Statewide,2
10454,2020,T6,7,Gasoline,1980,ICE,Not Applicable,3,Statewide,2
10455,2020,MC,Not Applicable,Gasoline,2015,ICE,Not Applicable,2,Statewide,2549
10456,2020,T2,Unknown,Gasoline,1994,ICE,Not Applicable,1,Statewide,38
10457,2020,T4,2,Diesel,2005,ICE,Not Applicable,1,Statewide,2548
10458,2020,B,Not Applicable,Diesel,1994,ICE,Not Applicable,≥4,Statewide,78
10459,2020,T6,5,Gasoline,1977,ICE,Not Applicable,≥4,Statewide,38
10460,2020,T6,5,Gasoline,1978,ICE,Not Applicable,≥4,Statewide,38
10461,2020,T6,6,Gasoline,1997,ICE,Not Applicable,1,Statewide,38
10462,2020,T6,7,Gasoline,2009,ICE,Not Applicable,≥4,Statewide,38
10463,2020,T6,6,Gasoline,2019,ICE,Not Applicable,3,Statewide,38
10464,2020,T7,8,Natural Gas,2006,ICE,Not Applicable,≥4,Statewide,38
10465,2020,T6,6,Gasoline,2022,ICE,Not Applicable,≥4,Statewide,78
10466,2020,T6,4,Gasoline,2017,ICE,Not Applicable,1,Statewide,78
10467,2020,T3,Unknown,Gasoline,1977,ICE,Not Applicable,1,Statewide,78
10468,2020,T2,Unknown,Gasoline,1998,ICE,Not Applicable,1,Statewide,78
10469,2020,T6,7,Diesel,2011,ICE,Not Applicable,3,Statewide,78
10470,2020,T6,7,Diesel,1995,ICE,Not Applicable,2,Statewide,78
10471,2020,T3,2,Diesel,2006,ICE,Not Applicable,≥4,Statewide,78
10472,2020,T3,2,Diesel,1988,ICE,Not Applicable,2,Statewide,78
10473,2020,BT,Not Applicable,Diesel,1987,ICE,Not Applicable,≥4,Statewide,78
10474,2020,MC,Not Applicable,Gasoline,1990,ICE,Not Applicable,≥4,Statewide,2541
10475,2020,T4,2,Diesel,1987,ICE,Not Applicable,3,Statewide,76
10476,2020,MH,Not Applicable,Diesel,1997,ICE,Not Applicable,2,Statewide,76
10477,2020,BS,Not Applicable,Diesel,1990,ICE,Not Applicable,≥4,Statewide,76
10478,2020,BS,Not Applicable,Natural Gas,2006,ICE,Not Applicable,≥4,Statewide,40
10479,2020,BS,Not Applicable,Natural Gas,2010,ICE,Not Applicable,≥4,Statewide,40
10480,2020,P,Not Applicable,Natural Gas,2012,ICE,Not Applicable,1,Statewide,73
10481,2020,T6,5,Gasoline,2019,ICE,Not Applicable,1,Statewide,73
10482,2020,T6,7,Gasoline,2010,ICE,Not Applicable,≥4,Statewide,73
10483,2020,T6,7,Gasoline,1996,ICE,Not Applicable,≥4,Statewide,73
10484,2020,T6,7,Gasoline,1992,ICE,Not Applicable,≥4,Statewide,73
10485,2020,T5,3,Gasoline,2015,ICE,Not Applicable,3,Statewide,73
10486,2020,T3,Unknown,Gasoline,1985,ICE,Not Applicable,3,Statewide,73
10487,2020,BT,Not Applicable,Gasoline,2007,ICE,Not Applicable,≥4,Statewide,73
10488,2020,P,Not Applicable,Electric,2021,BEV,Unknown,≥4,Statewide,73
10489,2020,T6,7,Diesel,1995,ICE,Not Applicable,3,Statewide,73
10490,2020,T6,7,Diesel,1994,ICE,Not Applicable,1,Statewide,73
10491,2020,T4,Unknown,Diesel,2020,ICE,Not Applicable,≥4,Statewide,73
10492,2020,T2,1,Diesel,2010,ICE,Not Applicable,≥4,Statewide,73
10493,2020,T6,4,Gasoline,1995,ICE,Not Applicable,2,Statewide,40
10494,2020,MH,Not Applicable,Diesel,1997,ICE,Not Applicable,1,Statewide,73
10495,2020,T5,3,Gasoline,1993,ICE,Not Applicable,2,Statewide,40
10496,2020,T4,Unknown,Gasoline,1985,ICE,Not Applicable,≥4,Statewide,40
10497,2020,T4,2,Diesel,2004,ICE,Not Applicable,1,Statewide,2596
10498,2020,BT,Not Applicable,Diesel,2021,ICE,Not Applicable,1,Statewide,40
10499,2020,T3,2,Diesel,2002,ICE,Not Applicable,2,Statewide,40
10500,2020,T4,Unknown,Diesel,2013,ICE,Not Applicable,≥4,Statewide,40
10501,2020,T6,5,Diesel,2016,ICE,Not Applicable,≥4,Statewide,2604
10502,2020,T6,5,Diesel,1996,ICE,Not Applicable,≥4,Statewide,40
10503,2020,T6,7,Diesel,1999,ICE,Not Applicable,3,Statewide,40
10504,2020,T6,Unknown,Diesel,2013,ICE,Not Applicable,≥4,Statewide,40
10505,2020,T7,8,Diesel,1991,ICE,Not Applicable,2,Statewide,40
10506,2020,P,Not Applicable,Electric,2007,BEV,Unknown,2,Statewide,40
10507,2020,B,Not Applicable,Gasoline,2018,ICE,Not Applicable,3,Statewide,40
10508,2020,BS,Not Applicable,Gasoline,1982,ICE,Not Applicable,≥4,Statewide,40
10509,2020,MH,Not Applicable,Gasoline,1979,ICE,Not Applicable,3,Statewide,40
10510,2020,T1,Unknown,Gasoline,2015,ICE,Not Applicable,≥4,Statewide,40
10511,2020,T2,Unknown,Gasoline,1988,ICE,Not Applicable,≥4,Statewide,40
10512,2020,T5,3,Gasoline,1991,ICE,Not Applicable,2,Statewide,40
10513,2020,T6,7,Diesel,1982,ICE,Not Applicable,≥4,Statewide,74
10514,2020,T6,4,Diesel,2013,ICE,Not Applicable,≥4,Statewide,2614
10515,2020,T4,2,Diesel,2012,ICE,Not Applicable,1,Statewide,3414
10516,2020,T6,4,Diesel,2015,ICE,Not Applicable,2,Statewide,41
10517,2020,T6,5,Diesel,2022,ICE,Not Applicable,1,Statewide,41
10518,2020,T7,8,Diesel,1980,ICE,Not Applicable,≥4,Statewide,41
10519,2020,P,Not Applicable,Electric,2013,BEV,>150 miles,1,Statewide,41
10520,2020,P,Not Applicable,Electric,2014,BEV,Unknown,2,Statewide,41
10521,2020,P,Not Applicable,Electric,2015,BEV,>150 miles,3,Statewide,41
10522,2020,B,Not Applicable,Gasoline,1994,ICE,Not Applicable,≥4,Statewide,41
10523,2020,B,Not Applicable,Gasoline,2015,ICE,Not Applicable,3,Statewide,41
10524,2020,B,Not Applicable,Gasoline,2020,ICE,Not Applicable,2,Statewide,41
10525,2020,BT,Not Applicable,Gasoline,2019,ICE,Not Applicable,1,Statewide,41
10526,2020,T3,Unknown,Gasoline,1997,ICE,Not Applicable,2,Statewide,41
10527,2020,T6,6,Gasoline,1980,ICE,Not Applicable,2,Statewide,41
10528,2020,T6,7,Gasoline,1981,ICE,Not Applicable,≥4,Statewide,41
10529,2020,T6,5,Gasoline,2018,ICE,Not Applicable,1,Statewide,41
10530,2020,BS,Not Applicable,Natural Gas,2015,ICE,Not Applicable,≥4,Statewide,41
10531,2020,T6,6,Diesel,1995,ICE,Not Applicable,3,Statewide,41
10532,2020,P,Not Applicable,Gasoline,2021,PHEV,0 to 50 miles,≥4,Statewide,2618
10533,2020,T6,Unknown,Diesel,1989,ICE,Not Applicable,≥4,Statewide,41
10534,2020,T6,7,Diesel,1976,ICE,Not Applicable,1,Statewide,41
10535,2020,T4,2,Diesel,2000,ICE,Not Applicable,≥4,Statewide,2621
10536,2020,T2,Unknown,Gasoline,2014,ICE,Not Applicable,1,Statewide,3413
10537,2020,T2,Unknown,Gasoline,2014,ICE,Not Applicable,3,Statewide,3408
10538,2020,T7,8,Diesel,2007,ICE,Not Applicable,≥4,Statewide,2628
10539,2020,T2,Unknown,Gasoline,1976,ICE,Not Applicable,3,Statewide,2630
10540,2020,MH,Not Applicable,Gasoline,2007,ICE,Not Applicable,≥4,Statewide,2633
10541,2020,T4,2,Diesel,2021,ICE,Not Applicable,2,Statewide,3400
10542,2020,T3,2,Gasoline,1997,ICE,Not Applicable,1,Statewide,3396
10543,2020,P,Not Applicable,Gasoline,1982,ICE,Not Applicable,≥4,Statewide,3393
10544,2020,T2,1,Gasoline,1994,ICE,Not Applicable,3,Statewide,3391
10545,2020,T2,1,Gasoline,1991,ICE,Not Applicable,≥4,Statewide,3390
10546,2020,BS,Not Applicable,Diesel,2005,ICE,Not Applicable,2,Statewide,41
10547,2020,MH,Not Applicable,Diesel,1989,ICE,Not Applicable,≥4,Statewide,41
10548,2020,T3,2,Diesel,2002,ICE,Not Applicable,1,Statewide,41
10549,2020,T4,Unknown,Diesel,1992,ICE,Not Applicable,≥4,Statewide,41
10550,2020,T6,7,Diesel,1989,ICE,Not Applicable,1,Statewide,41
10551,2020,MH,Not Applicable,Gasoline,1984,ICE,Not Applicable,3,Statewide,47
10552,2020,T6,7,Diesel,2017,ICE,Not Applicable,3,Statewide,74
10553,2020,T1,1,Electric,2017,BEV,101 to 150 miles,3,Statewide,74
10554,2020,B,Not Applicable,Gasoline,2015,ICE,Not Applicable,2,Statewide,39
10555,2020,B,Not Applicable,Gasoline,2019,ICE,Not Applicable,2,Statewide,39
10556,2020,BS,Not Applicable,Gasoline,1980,ICE,Not Applicable,≥4,Statewide,39
10557,2020,T2,Unknown,Gasoline,1991,ICE,Not Applicable,≥4,Statewide,39
10558,2020,T3,Unknown,Gasoline,1996,ICE,Not Applicable,3,Statewide,39
10559,2020,T3,Unknown,Gasoline,1999,ICE,Not Applicable,3,Statewide,39
10560,2020,T6,6,Gasoline,1978,ICE,Not Applicable,3,Statewide,39
10561,2020,T6,6,Gasoline,1980,ICE,Not Applicable,3,Statewide,39
10562,2020,T6,4,Gasoline,1998,ICE,Not Applicable,3,Statewide,39
10563,2020,B,Not Applicable,Natural Gas,2009,ICE,Not Applicable,≥4,Statewide,39
10564,2020,T6,7,Natural Gas,2021,ICE,Not Applicable,≥4,Statewide,39
10565,2020,T6,4,Gasoline,2012,ICE,Not Applicable,2,Statewide,75
10566,2020,T6,7,Gasoline,2012,ICE,Not Applicable,≥4,Statewide,75
10567,2020,T5,3,Gasoline,1994,ICE,Not Applicable,3,Statewide,75
10568,2020,BS,Not Applicable,Gasoline,1998,ICE,Not Applicable,≥4,Statewide,75
10569,2020,B,Not Applicable,Gasoline,2003,ICE,Not Applicable,1,Statewide,39
10570,2020,BS,Not Applicable,Gasoline,1995,ICE,Not Applicable,≥4,Statewide,75
10571,2020,P,Not Applicable,Electric,2016,BEV,>150 miles,≥4,Statewide,39
10572,2020,T6,4,Diesel,2018,ICE,Not Applicable,3,Statewide,39
10573,2020,T6,Unknown,Gasoline,2008,ICE,Not Applicable,≥4,Statewide,2
10574,2020,MC,Not Applicable,Gasoline,2005,ICE,Not Applicable,1,Statewide,2578
10575,2020,T5,3,Gasoline,2006,ICE,Not Applicable,≥4,Statewide,2578
10576,2020,MH,Not Applicable,Gasoline,2004,ICE,Not Applicable,≥4,Statewide,3458
10577,2020,T6,Unknown,Gasoline,2008,ICE,Not Applicable,3,Statewide,2
10578,2020,BS,Not Applicable,Diesel,2003,ICE,Not Applicable,1,Statewide,39
10579,2020,P,Not Applicable,Diesel,1980,ICE,Not Applicable,1,Statewide,39
10580,2020,T2,1,Diesel,2017,ICE,Not Applicable,1,Statewide,39
10581,2020,T3,Unknown,Diesel,2013,ICE,Not Applicable,2,Statewide,39
10582,2020,T4,Unknown,Diesel,2011,ICE,Not Applicable,1,Statewide,39
10583,2020,T6,7,Diesel,1990,ICE,Not Applicable,2,Statewide,39
10584,2020,T6,4,Diesel,1996,ICE,Not Applicable,1,Statewide,39
10585,2020,T6,6,Diesel,1997,ICE,Not Applicable,2,Statewide,39
10586,2020,T6,5,Diesel,2003,ICE,Not Applicable,1,Statewide,39
10587,2020,T6,7,Diesel,2015,ICE,Not Applicable,2,Statewide,39
10588,2020,T7,8,Diesel,1977,ICE,Not Applicable,≥4,Statewide,39
10589,2020,T6,7,Diesel,2021,ICE,Not Applicable,3,Statewide,74
10590,2020,P,Not Applicable,Electric,2012,BEV,Unknown,≥4,Statewide,75
10591,2020,T6,7,Diesel,2020,ICE,Not Applicable,2,Statewide,75
10592,2020,T1,1,Gasoline,1993,ICE,Not Applicable,1,Statewide,3450
10593,2020,T1,1,Gasoline,1991,ICE,Not Applicable,1,Statewide,3438
10594,2020,T5,3,Diesel,2017,ICE,Not Applicable,≥4,Statewide,3435
10595,2020,B,Not Applicable,Diesel,1991,ICE,Not Applicable,≥4,Statewide,40
10596,2020,B,Not Applicable,Diesel,2007,ICE,Not Applicable,1,Statewide,40
10597,2020,BS,Not Applicable,Diesel,2001,ICE,Not Applicable,1,Statewide,40
10598,2020,BS,Not Applicable,Diesel,2011,ICE,Not Applicable,2,Statewide,40
10599,2020,P,Not Applicable,Natural Gas,2012,ICE,Not Applicable,3,Statewide,74
10600,2020,T6,6,Gasoline,1987,ICE,Not Applicable,≥4,Statewide,74
10601,2020,T5,3,Gasoline,1996,ICE,Not Applicable,3,Statewide,74
10602,2020,T4,Unknown,Gasoline,2013,ICE,Not Applicable,≥4,Statewide,74
10603,2020,T3,Unknown,Gasoline,1999,ICE,Not Applicable,1,Statewide,74
10604,2020,T3,Unknown,Gasoline,1997,ICE,Not Applicable,≥4,Statewide,74
10605,2020,T1,Unknown,Gasoline,1986,ICE,Not Applicable,≥4,Statewide,74
10606,2020,B,Not Applicable,Gasoline,2018,ICE,Not Applicable,1,Statewide,74
10607,2020,T7,8,Gasoline,1988,ICE,Not Applicable,≥4,Statewide,2
10608,2020,T7,8,Diesel,1996,ICE,Not Applicable,3,Statewide,75
10609,2020,T7,8,Gasoline,1984,ICE,Not Applicable,3,Statewide,2
10610,2020,T7,8,Gasoline,1980,ICE,Not Applicable,2,Statewide,2
10611,2020,T6,7,Diesel,1990,ICE,Not Applicable,1,Statewide,75
10612,2020,T3,2,Diesel,1987,ICE,Not Applicable,1,Statewide,75
10613,2020,T3,2,Diesel,1987,ICE,Not Applicable,3,Statewide,75
10614,2020,T5,3,Diesel,2009,ICE,Not Applicable,≥4,Statewide,2586
10615,2020,T6,7,Gasoline,2009,ICE,Not Applicable,3,Statewide,2
10616,2020,T6,7,Gasoline,2009,ICE,Not Applicable,1,Statewide,2
10617,2020,T6,6,Gasoline,2009,ICE,Not Applicable,2,Statewide,2
10618,2020,T6,7,Gasoline,2010,ICE,Not Applicable,2,Statewide,2
10619,2020,T6,7,Gasoline,2013,ICE,Not Applicable,3,Statewide,2
10620,2020,T6,7,Gasoline,2014,ICE,Not Applicable,2,Statewide,2
10621,2020,T6,6,Gasoline,2016,ICE,Not Applicable,3,Statewide,2
10622,2020,T6,7,Gasoline,2020,ICE,Not Applicable,1,Statewide,2
10623,2020,T7,8,Gasoline,1978,ICE,Not Applicable,3,Statewide,2
10624,2020,T7,8,Gasoline,1978,ICE,Not Applicable,2,Statewide,2
10625,2020,T7,8,Gasoline,1980,ICE,Not Applicable,3,Statewide,2
10626,2020,T7,8,Gasoline,1983,ICE,Not Applicable,2,Statewide,2
10627,2020,T4,Unknown,Gasoline,1999,ICE,Not Applicable,1,Statewide,2
10628,2020,T1,Unknown,Gasoline,2015,ICE,Not Applicable,1,Statewide,47
10629,2020,T5,3,Gasoline,1993,ICE,Not Applicable,3,Statewide,47
10630,2020,T6,7,Diesel,2001,ICE,Not Applicable,3,Statewide,55
10631,2020,T5,3,Diesel,1991,ICE,Not Applicable,1,Statewide,55
10632,2020,T3,Unknown,Diesel,1985,ICE,Not Applicable,≥4,Statewide,55
10633,2020,MH,Not Applicable,Diesel,1991,ICE,Not Applicable,≥4,Statewide,55
10634,2020,B,Not Applicable,Diesel,2022,ICE,Not Applicable,≥4,Statewide,55
10635,2020,T4,2,Diesel,2021,ICE,Not Applicable,3,Statewide,2978
10636,2020,P,Not Applicable,Electric,2014,BEV,Unknown,1,Statewide,55
10637,2020,T6,7,Gasoline,2000,ICE,Not Applicable,≥4,Statewide,51
10638,2020,T6,4,Gasoline,2010,ICE,Not Applicable,3,Statewide,51
10639,2020,BS,Not Applicable,Natural Gas,2016,ICE,Not Applicable,2,Statewide,2
10640,2020,T6,7,Gasoline,2020,ICE,Not Applicable,≥4,Statewide,51
10641,2020,T6,5,Gasoline,2021,ICE,Not Applicable,1,Statewide,51
10642,2020,P,Not Applicable,Natural Gas,2003,ICE,Not Applicable,≥4,Statewide,51
10643,2020,BS,Not Applicable,Natural Gas,2005,ICE,Not Applicable,2,Statewide,2
10644,2020,MC,Not Applicable,Gasoline,1998,ICE,Not Applicable,≥4,Statewide,2982
10645,2020,T1,Unknown,Electric,2013,BEV,Unknown,≥4,Statewide,55
10646,2020,T2,Unknown,Gasoline,1995,ICE,Not Applicable,≥4,Statewide,55
10647,2020,T3,Unknown,Gasoline,1996,ICE,Not Applicable,1,Statewide,55
10648,2020,P,Not Applicable,Electric,1999,BEV,Unknown,≥4,Statewide,5
10649,2020,MH,Not Applicable,Diesel,2014,ICE,Not Applicable,1,Statewide,51
10650,2020,P,Not Applicable,Diesel,1996,ICE,Not Applicable,2,Statewide,51
10651,2020,T1,1,Diesel,1988,ICE,Not Applicable,1,Statewide,51
10652,2020,T6,7,Diesel,1978,ICE,Not Applicable,≥4,Statewide,51
10653,2020,T6,7,Diesel,1981,ICE,Not Applicable,≥4,Statewide,51
10654,2020,T6,4,Diesel,2017,ICE,Not Applicable,3,Statewide,51
10655,2020,P,Not Applicable,Electric,2017,BEV,Unknown,3,Statewide,51
10656,2020,B,Not Applicable,Gasoline,2001,ICE,Not Applicable,≥4,Statewide,51
10657,2020,T1,Unknown,Gasoline,1990,ICE,Not Applicable,≥4,Statewide,51
10658,2020,T1,Unknown,Gasoline,2016,ICE,Not Applicable,3,Statewide,51
10659,2020,T6,4,Gasoline,1998,ICE,Not Applicable,1,Statewide,51
10660,2020,P,Not Applicable,Natural Gas,2018,ICE,Not Applicable,≥4,Statewide,55
10661,2020,T6,5,Gasoline,2016,ICE,Not Applicable,1,Statewide,55
10662,2020,T6,4,Gasoline,1996,ICE,Not Applicable,3,Statewide,55
10663,2020,BS,Not Applicable,Natural Gas,2003,ICE,Not Applicable,3,Statewide,2
10664,2020,T4,2,Gasoline,1998,ICE,Not Applicable,≥4,Statewide,3004
10665,2020,T1,1,Gasoline,2002,ICE,Not Applicable,3,Statewide,10669
10666,2020,B,Not Applicable,Natural Gas,2022,ICE,Not Applicable,2,Statewide,2
10667,2020,T7,8,Diesel,1980,ICE,Not Applicable,3,Statewide,5
10668,2020,T7,8,Diesel,1979,ICE,Not Applicable,2,Statewide,5
10669,2020,BT,Not Applicable,Natural Gas,1998,ICE,Not Applicable,≥4,Statewide,54
10670,2020,T6,5,Gasoline,2017,ICE,Not Applicable,1,Statewide,54
10671,2020,T6,4,Gasoline,2003,ICE,Not Applicable,2,Statewide,54
10672,2020,T2,1,Gasoline,2020,PHEV,0 to 50 miles,1,Statewide,54
10673,2020,T1,Unknown,Gasoline,2014,ICE,Not Applicable,≥4,Statewide,54
10674,2020,T7,8,Diesel,1990,ICE,Not Applicable,3,Statewide,54
10675,2020,T6,7,Diesel,2022,ICE,Not Applicable,1,Statewide,54
10676,2020,T6,Unknown,Diesel,2021,ICE,Not Applicable,≥4,Statewide,54
10677,2020,T6,4,Diesel,2019,ICE,Not Applicable,3,Statewide,54
10678,2020,T6,7,Diesel,2009,ICE,Not Applicable,2,Statewide,54
10679,2020,T6,7,Diesel,2007,ICE,Not Applicable,2,Statewide,54
10680,2020,T6,4,Diesel,1995,ICE,Not Applicable,1,Statewide,54
10681,2020,T6,4,Diesel,1995,ICE,Not Applicable,2,Statewide,54
10682,2020,B,Not Applicable,Electric,1999,BEV,Unknown,≥4,Statewide,5
10683,2020,P,Not Applicable,Electric,2022,BEV,101 to 150 miles,≥4,Statewide,5
10684,2020,BT,Not Applicable,Electric,2001,BEV,Unknown,≥4,Statewide,5
10685,2020,MC,Not Applicable,Electric,2011,BEV,Unknown,2,Statewide,5
10686,2020,T4,2,Diesel,2008,ICE,Not Applicable,≥4,Statewide,10612
10687,2020,T2,1,Gasoline,1999,ICE,Not Applicable,1,Statewide,10500
10688,2020,B,Not Applicable,Natural Gas,2018,ICE,Not Applicable,2,Statewide,2
10689,2020,B,Not Applicable,Natural Gas,2014,ICE,Not Applicable,1,Statewide,2
10690,2020,B,Not Applicable,Natural Gas,2008,ICE,Not Applicable,3,Statewide,2
10691,2020,MC,Not Applicable,Gasoline,2005,ICE,Not Applicable,≥4,Statewide,10471
10692,2020,T1,1,Gasoline,2014,ICE,Not Applicable,3,Statewide,10461
10693,2020,T4,2,Gasoline,2012,ICE,Not Applicable,≥4,Statewide,10449
10694,2020,T2,1,Gasoline,1996,ICE,Not Applicable,≥4,Statewide,10449
10695,2020,P,Not Applicable,Electric,1998,BEV,Unknown,1,Statewide,5
10696,2020,P,Not Applicable,Electric,1997,BEV,Unknown,≥4,Statewide,5
10697,2020,MC,Not Applicable,Electric,2013,BEV,Unknown,3,Statewide,5
10698,2020,MC,Not Applicable,Electric,2012,BEV,Unknown,1,Statewide,5
10699,2020,MC,Not Applicable,Electric,2012,BEV,Unknown,2,Statewide,5
10700,2020,MC,Not Applicable,Electric,2011,BEV,Unknown,1,Statewide,5
10701,2020,BT,Not Applicable,Electric,2015,BEV,Unknown,≥4,Statewide,5
10702,2020,P,Not Applicable,Electric,2022,BEV,Unknown,1,Statewide,5
10703,2020,BS,Not Applicable,Natural Gas,2017,ICE,Not Applicable,3,Statewide,2
10704,2020,T1,1,Gasoline,2008,ICE,Not Applicable,1,Statewide,10775
10705,2020,B,Not Applicable,Gasoline,1989,ICE,Not Applicable,1,Statewide,5
10706,2020,B,Not Applicable,Gasoline,1988,ICE,Not Applicable,1,Statewide,5
10707,2020,B,Not Applicable,Gasoline,1988,ICE,Not Applicable,3,Statewide,5
10708,2020,B,Not Applicable,Gasoline,1987,ICE,Not Applicable,3,Statewide,5
10709,2020,B,Not Applicable,Gasoline,1984,ICE,Not Applicable,1,Statewide,5
10710,2020,B,Not Applicable,Gasoline,1984,ICE,Not Applicable,3,Statewide,5
10711,2020,B,Not Applicable,Gasoline,1983,ICE,Not Applicable,1,Statewide,5
10712,2020,B,Not Applicable,Gasoline,1982,ICE,Not Applicable,1,Statewide,5
10713,2020,B,Not Applicable,Gasoline,1982,ICE,Not Applicable,3,Statewide,5
10714,2020,B,Not Applicable,Gasoline,1982,ICE,Not Applicable,≥4,Statewide,5
10715,2020,B,Not Applicable,Gasoline,1979,ICE,Not Applicable,2,Statewide,5
10716,2020,B,Not Applicable,Gasoline,1979,ICE,Not Applicable,3,Statewide,5
10717,2020,T6,Unknown,Electric,2019,BEV,Unknown,≥4,Statewide,5
10718,2020,T5,3,Electric,2015,BEV,Unknown,≥4,Statewide,5
10719,2020,T4,2,Electric,2020,BEV,Unknown,≥4,Statewide,5
10720,2020,B,Not Applicable,Gasoline,1990,ICE,Not Applicable,1,Statewide,5
10721,2020,T3,2,Natural Gas,2003,ICE,Not Applicable,≥4,Statewide,56
10722,2020,B,Not Applicable,Gasoline,1993,ICE,Not Applicable,2,Statewide,5
10723,2020,BS,Not Applicable,Gasoline,1979,ICE,Not Applicable,3,Statewide,5
10724,2020,BT,Not Applicable,Natural Gas,2005,ICE,Not Applicable,1,Statewide,2
10725,2020,P,Not Applicable,Gasoline,1995,ICE,Not Applicable,3,Statewide,11246
10726,2020,BT,Not Applicable,Gasoline,2011,ICE,Not Applicable,2,Statewide,5
10727,2020,BT,Not Applicable,Gasoline,2005,ICE,Not Applicable,1,Statewide,5
10728,2020,BT,Not Applicable,Gasoline,2004,ICE,Not Applicable,3,Statewide,5
10729,2020,BT,Not Applicable,Natural Gas,2004,ICE,Not Applicable,2,Statewide,2
10730,2020,BT,Not Applicable,Natural Gas,2002,ICE,Not Applicable,1,Statewide,2
10731,2020,T4,2,Gasoline,2004,ICE,Not Applicable,≥4,Statewide,11124
10732,2020,T7,8,Diesel,2020,ICE,Not Applicable,≥4,Statewide,11119
10733,2020,BS,Not Applicable,Gasoline,2013,ICE,Not Applicable,2,Statewide,5
10734,2020,BS,Not Applicable,Gasoline,2009,ICE,Not Applicable,3,Statewide,5
10735,2020,BS,Not Applicable,Gasoline,2005,ICE,Not Applicable,1,Statewide,5
10736,2020,T7,8,Diesel,2018,ICE,Not Applicable,≥4,Statewide,11058
10737,2020,BS,Not Applicable,Gasoline,2000,ICE,Not Applicable,2,Statewide,5
10738,2020,BS,Not Applicable,Gasoline,1988,ICE,Not Applicable,2,Statewide,5
10739,2020,BS,Not Applicable,Gasoline,1978,ICE,Not Applicable,2,Statewide,5
10740,2020,T4,Unknown,Diesel,1991,ICE,Not Applicable,≥4,Statewide,54
10741,2020,BT,Not Applicable,Natural Gas,2009,ICE,Not Applicable,1,Statewide,56
10742,2020,T6,4,Gasoline,2019,ICE,Not Applicable,1,Statewide,56
10743,2020,P,Not Applicable,Gasoline,1979,ICE,Not Applicable,1,Statewide,3109
10744,2020,T2,1,Electric,2005,BEV,Unknown,≥4,Statewide,5
10745,2020,P,Not Applicable,Diesel,2018,ICE,Not Applicable,≥4,Statewide,3108
10746,2020,MC,Not Applicable,Gasoline,2012,ICE,Not Applicable,3,Statewide,10943
10747,2020,T1,1,Gasoline,2002,ICE,Not Applicable,1,Statewide,10923
10748,2020,P,Not Applicable,Gasoline,1977,ICE,Not Applicable,≥4,Statewide,10914
10749,2020,T1,Unknown,Electric,2007,BEV,Unknown,1,Statewide,5
10750,2020,T4,2,Gasoline,2021,ICE,Not Applicable,1,Statewide,3106
10751,2020,BS,Not Applicable,Natural Gas,2020,ICE,Not Applicable,3,Statewide,2
10752,2020,T1,1,Electric,2007,BEV,Unknown,≥4,Statewide,5
10753,2020,T1,Unknown,Electric,2005,BEV,Unknown,≥4,Statewide,5
10754,2020,BS,Not Applicable,Natural Gas,2019,ICE,Not Applicable,2,Statewide,2
10755,2020,BS,Not Applicable,Natural Gas,2018,ICE,Not Applicable,3,Statewide,2
10756,2020,T1,1,Gasoline,1994,ICE,Not Applicable,≥4,Statewide,10834
10757,2020,T1,Unknown,Electric,1976,BEV,Unknown,≥4,Statewide,5
10758,2020,T2,1,Electric,2018,BEV,101 to 150 miles,≥4,Statewide,5
10759,2020,B,Not Applicable,Natural Gas,2018,ICE,Not Applicable,≥4,Statewide,56
10760,2020,BS,Not Applicable,Natural Gas,2020,ICE,Not Applicable,1,Statewide,2
10761,2020,T7,8,Diesel,2013,ICE,Not Applicable,≥4,Statewide,11021
10762,2020,T6,6,Gasoline,2005,ICE,Not Applicable,1,Statewide,56
10763,2020,T6,4,Gasoline,1996,ICE,Not Applicable,2,Statewide,56
10764,2020,T6,7,Gasoline,1989,ICE,Not Applicable,≥4,Statewide,56
10765,2020,T2,1,Gasoline,2020,PHEV,0 to 50 miles,2,Statewide,56
10766,2020,T1,Unknown,Gasoline,2007,ICE,Not Applicable,≥4,Statewide,56
10767,2020,B,Not Applicable,Gasoline,2016,ICE,Not Applicable,3,Statewide,56
10768,2020,P,Not Applicable,Electric,2021,BEV,Unknown,1,Statewide,56
10769,2020,T2,1,Diesel,1984,ICE,Not Applicable,≥4,Statewide,56
10770,2020,P,Not Applicable,Diesel,2012,ICE,Not Applicable,1,Statewide,56
10771,2020,P,Not Applicable,Diesel,1998,ICE,Not Applicable,≥4,Statewide,56
10772,2020,MH,Not Applicable,Diesel,1988,ICE,Not Applicable,≥4,Statewide,56
10773,2020,T3,Unknown,Electric,2012,BEV,Unknown,≥4,Statewide,5
10774,2020,T3,Unknown,Electric,2010,BEV,Unknown,≥4,Statewide,5
10775,2020,T4,2,Diesel,2005,ICE,Not Applicable,2,Statewide,2972
10776,2020,T1,1,Gasoline,2009,ICE,Not Applicable,≥4,Statewide,11034
10777,2020,T2,Unknown,Electric,2020,BEV,Unknown,2,Statewide,5
10778,2020,BT,Not Applicable,Gasoline,2012,ICE,Not Applicable,1,Statewide,5
10779,2020,T3,Unknown,Diesel,2021,ICE,Not Applicable,1,Statewide,54
10780,2020,T3,Unknown,Diesel,1976,ICE,Not Applicable,≥4,Statewide,54
10781,2020,BT,Not Applicable,Diesel,2019,ICE,Not Applicable,2,Statewide,5
10782,2020,BT,Not Applicable,Diesel,2020,ICE,Not Applicable,2,Statewide,5
10783,2020,BT,Not Applicable,Diesel,2022,ICE,Not Applicable,≥4,Statewide,5
10784,2020,MC,Not Applicable,Diesel,1998,ICE,Not Applicable,≥4,Statewide,5
10785,2020,MC,Not Applicable,Diesel,2005,ICE,Not Applicable,≥4,Statewide,5
10786,2020,MC,Not Applicable,Diesel,2005,ICE,Not Applicable,3,Statewide,5
10787,2020,BT,Not Applicable,Diesel,2019,ICE,Not Applicable,3,Statewide,5
10788,2020,MC,Not Applicable,Diesel,2007,ICE,Not Applicable,≥4,Statewide,5
10789,2020,MC,Not Applicable,Diesel,2010,ICE,Not Applicable,2,Statewide,5
10790,2020,MC,Not Applicable,Diesel,2010,ICE,Not Applicable,1,Statewide,5
10791,2020,MC,Not Applicable,Diesel,2011,ICE,Not Applicable,≥4,Statewide,5
10792,2020,MH,Not Applicable,Diesel,1986,ICE,Not Applicable,3,Statewide,5
10793,2020,T1,Unknown,Diesel,1976,ICE,Not Applicable,3,Statewide,5
10794,2020,T1,Unknown,Diesel,1976,ICE,Not Applicable,1,Statewide,5
10795,2020,MC,Not Applicable,Diesel,2009,ICE,Not Applicable,≥4,Statewide,5
10796,2020,BT,Not Applicable,Diesel,2018,ICE,Not Applicable,2,Statewide,5
10797,2020,BT,Not Applicable,Diesel,2017,ICE,Not Applicable,2,Statewide,5
10798,2020,BT,Not Applicable,Diesel,2011,ICE,Not Applicable,1,Statewide,5
10799,2020,T3,Unknown,Diesel,1990,ICE,Not Applicable,3,Statewide,5
10800,2020,P,Not Applicable,Gasoline,1978,ICE,Not Applicable,1,Statewide,3075
10801,2020,T3,2,Gasoline,2022,ICE,Not Applicable,1,Statewide,3072
10802,2020,B,Not Applicable,Diesel,1989,ICE,Not Applicable,3,Statewide,5
10803,2020,P,Not Applicable,Gasoline,1977,ICE,Not Applicable,2,Statewide,3030
10804,2020,B,Not Applicable,Diesel,2015,ICE,Not Applicable,2,Statewide,5
10805,2020,BS,Not Applicable,Diesel,1988,ICE,Not Applicable,1,Statewide,5
10806,2020,BS,Not Applicable,Diesel,1991,ICE,Not Applicable,3,Statewide,5
10807,2020,BS,Not Applicable,Diesel,1992,ICE,Not Applicable,3,Statewide,5
10808,2020,BS,Not Applicable,Diesel,2008,ICE,Not Applicable,3,Statewide,5
10809,2020,BT,Not Applicable,Diesel,1980,ICE,Not Applicable,≥4,Statewide,5
10810,2020,BT,Not Applicable,Diesel,2001,ICE,Not Applicable,2,Statewide,5
10811,2020,BT,Not Applicable,Diesel,2003,ICE,Not Applicable,1,Statewide,5
10812,2020,BT,Not Applicable,Diesel,2009,ICE,Not Applicable,1,Statewide,5
10813,2020,BT,Not Applicable,Diesel,2010,ICE,Not Applicable,1,Statewide,5
10814,2020,T1,Unknown,Diesel,1985,ICE,Not Applicable,≥4,Statewide,5
10815,2020,T1,Unknown,Diesel,1985,ICE,Not Applicable,2,Statewide,5
10816,2020,T1,1,Diesel,1991,ICE,Not Applicable,2,Statewide,5
10817,2020,T1,1,Diesel,1991,ICE,Not Applicable,1,Statewide,5
10818,2020,T3,2,Diesel,1986,ICE,Not Applicable,2,Statewide,5
10819,2020,T3,2,Diesel,2008,ICE,Not Applicable,1,Statewide,52
10820,2020,T4,Unknown,Diesel,2020,ICE,Not Applicable,2,Statewide,52
10821,2020,T6,7,Diesel,1986,ICE,Not Applicable,1,Statewide,52
10822,2020,T6,4,Diesel,1997,ICE,Not Applicable,1,Statewide,52
10823,2020,T6,6,Diesel,2022,ICE,Not Applicable,3,Statewide,52
10824,2020,P,Not Applicable,Electric,2013,BEV,>150 miles,3,Statewide,52
10825,2020,T6,5,Electric,2017,BEV,Unknown,≥4,Statewide,52
10826,2020,MH,Not Applicable,Gasoline,1980,ICE,Not Applicable,1,Statewide,52
10827,2020,MH,Not Applicable,Gasoline,2014,ICE,Not Applicable,1,Statewide,52
10828,2020,T1,Unknown,Gasoline,2015,ICE,Not Applicable,2,Statewide,52
10829,2020,T2,Unknown,Gasoline,1990,ICE,Not Applicable,≥4,Statewide,52
10830,2020,T3,Unknown,Gasoline,1995,ICE,Not Applicable,1,Statewide,52
10831,2020,P,Not Applicable,Natural Gas,2006,ICE,Not Applicable,2,Statewide,52
10832,2020,T6,7,Gasoline,2005,ICE,Not Applicable,≥4,Statewide,52
10833,2020,T2,1,Gasoline,1976,ICE,Not Applicable,3,Statewide,3051
10834,2020,BS,Not Applicable,Diesel,2021,ICE,Not Applicable,1,Statewide,53
10835,2020,T3,2,Diesel,2020,ICE,Not Applicable,1,Statewide,3059
10836,2020,MC,Not Applicable,Gasoline,1991,ICE,Not Applicable,≥4,Statewide,3069
10837,2020,T1,1,Diesel,1992,ICE,Not Applicable,3,Statewide,5
10838,2020,T1,Unknown,Diesel,2017,ICE,Not Applicable,≥4,Statewide,5
10839,2020,T2,Unknown,Diesel,1976,ICE,Not Applicable,3,Statewide,5
10840,2020,T2,Unknown,Diesel,1980,ICE,Not Applicable,≥4,Statewide,5
10841,2020,T2,Unknown,Diesel,1984,ICE,Not Applicable,≥4,Statewide,5
10842,2020,T2,Unknown,Diesel,1988,ICE,Not Applicable,≥4,Statewide,5
10843,2020,T2,1,Diesel,1990,ICE,Not Applicable,3,Statewide,5
10844,2020,T2,1,Diesel,1991,ICE,Not Applicable,3,Statewide,5
10845,2020,T2,Unknown,Diesel,1997,ICE,Not Applicable,≥4,Statewide,5
10846,2020,T2,1,Diesel,2012,ICE,Not Applicable,3,Statewide,5
10847,2020,T2,Unknown,Diesel,2013,ICE,Not Applicable,≥4,Statewide,5
10848,2020,T2,Unknown,Diesel,2014,ICE,Not Applicable,1,Statewide,5
10849,2020,T3,Unknown,Diesel,1981,ICE,Not Applicable,≥4,Statewide,5
10850,2020,T3,Unknown,Diesel,1984,ICE,Not Applicable,≥4,Statewide,5
10851,2020,T3,2,Diesel,1985,ICE,Not Applicable,≥4,Statewide,5
10852,2020,T6,7,Diesel,2018,ICE,Not Applicable,≥4,Statewide,3059
10853,2020,MH,Not Applicable,Diesel,1976,ICE,Not Applicable,≥4,Statewide,53
10854,2020,MH,Not Applicable,Diesel,1992,ICE,Not Applicable,≥4,Statewide,53
10855,2020,P,Not Applicable,Diesel,1981,ICE,Not Applicable,3,Statewide,53
10856,2020,T6,4,Diesel,1990,ICE,Not Applicable,≥4,Statewide,5
10857,2020,T6,6,Diesel,1990,ICE,Not Applicable,2,Statewide,5
10858,2020,T6,7,Diesel,1983,ICE,Not Applicable,3,Statewide,5
10859,2020,B,Not Applicable,Natural Gas,2001,ICE,Not Applicable,≥4,Statewide,2
10860,2020,T6,6,Diesel,1982,ICE,Not Applicable,≥4,Statewide,5
10861,2020,T6,Unknown,Diesel,1980,ICE,Not Applicable,1,Statewide,5
10862,2020,T6,Unknown,Diesel,1980,ICE,Not Applicable,≥4,Statewide,5
10863,2020,P,Not Applicable,Hydrogen,2019,FCEV,>150 miles,1,Statewide,2
10864,2020,P,Not Applicable,Hydrogen,2017,FCEV,Unknown,3,Statewide,2
10865,2020,T2,Unknown,Gasoline,2018,ICE,Not Applicable,2,Statewide,10133
10866,2020,T7,8,Gasoline,2011,ICE,Not Applicable,≥4,Statewide,2
10867,2020,T7,8,Gasoline,2000,ICE,Not Applicable,≥4,Statewide,2
10868,2020,T6,7,Diesel,1980,ICE,Not Applicable,2,Statewide,5
10869,2020,T4,2,Gasoline,2010,ICE,Not Applicable,≥4,Statewide,10106
10870,2020,T6,7,Diesel,1980,ICE,Not Applicable,3,Statewide,5
10871,2020,P,Not Applicable,Gasoline,1994,ICE,Not Applicable,1,Statewide,10242
10872,2020,T6,6,Diesel,1976,ICE,Not Applicable,3,Statewide,5
10873,2020,T6,4,Diesel,1991,ICE,Not Applicable,≥4,Statewide,5
10874,2020,T6,5,Diesel,1992,ICE,Not Applicable,2,Statewide,5
10875,2020,T2,1,Diesel,2011,ICE,Not Applicable,1,Statewide,54
10876,2020,T1,1,Diesel,1988,ICE,Not Applicable,2,Statewide,54
10877,2020,P,Not Applicable,Diesel,1996,ICE,Not Applicable,1,Statewide,54
10878,2020,MH,Not Applicable,Diesel,1996,ICE,Not Applicable,1,Statewide,54
10879,2020,MH,Not Applicable,Diesel,1993,ICE,Not Applicable,≥4,Statewide,54
10880,2020,T7,8,Diesel,1978,ICE,Not Applicable,2,Statewide,5
10881,2020,T6,6,Diesel,2005,ICE,Not Applicable,≥4,Statewide,3007
10882,2020,T1,1,Gasoline,2018,ICE,Not Applicable,3,Statewide,10430
10883,2020,T7,8,Diesel,1977,ICE,Not Applicable,1,Statewide,5
10884,2020,P,Not Applicable,Gasoline,1989,ICE,Not Applicable,2,Statewide,3015
10885,2020,T6,Unknown,Diesel,2011,ICE,Not Applicable,1,Statewide,5
10886,2020,T6,Unknown,Diesel,2010,ICE,Not Applicable,1,Statewide,5
10887,2020,T6,Unknown,Diesel,1996,ICE,Not Applicable,1,Statewide,5
10888,2020,B,Not Applicable,Natural Gas,2007,ICE,Not Applicable,3,Statewide,2
10889,2020,B,Not Applicable,Natural Gas,2006,ICE,Not Applicable,3,Statewide,2
10890,2020,T6,5,Diesel,1992,ICE,Not Applicable,3,Statewide,5
10891,2020,T3,2,Diesel,1989,ICE,Not Applicable,2,Statewide,54
10892,2020,T6,7,Diesel,1976,ICE,Not Applicable,3,Statewide,5
10893,2020,T7,8,Gasoline,1989,ICE,Not Applicable,1,Statewide,2
10894,2020,T3,Unknown,Diesel,1991,ICE,Not Applicable,1,Statewide,5
10895,2020,P,Not Applicable,Natural Gas,2009,ICE,Not Applicable,3,Statewide,53
10896,2020,B,Not Applicable,Natural Gas,2013,ICE,Not Applicable,≥4,Statewide,53
10897,2020,T5,3,Gasoline,1994,ICE,Not Applicable,2,Statewide,53
10898,2020,T4,Unknown,Gasoline,2019,ICE,Not Applicable,3,Statewide,53
10899,2020,T4,Unknown,Gasoline,2017,ICE,Not Applicable,1,Statewide,53
10900,2020,T4,Unknown,Gasoline,1979,ICE,Not Applicable,≥4,Statewide,53
10901,2020,T3,Unknown,Gasoline,1999,ICE,Not Applicable,2,Statewide,53
10902,2020,MH,Not Applicable,Gasoline,1977,ICE,Not Applicable,2,Statewide,53
10903,2020,BS,Not Applicable,Gasoline,2000,ICE,Not Applicable,≥4,Statewide,53
10904,2020,B,Not Applicable,Gasoline,1996,ICE,Not Applicable,≥4,Statewide,53
10905,2020,MC,Not Applicable,Electric,2018,BEV,Unknown,≥4,Statewide,53
10906,2020,T6,4,Diesel,2021,ICE,Not Applicable,3,Statewide,53
10907,2020,T6,6,Diesel,1995,ICE,Not Applicable,1,Statewide,53
10908,2020,T6,7,Diesel,1992,ICE,Not Applicable,2,Statewide,53
10909,2020,T6,6,Diesel,2017,ICE,Not Applicable,≥4,Statewide,3079
10910,2020,T3,Unknown,Gasoline,2007,ICE,Not Applicable,≥4,Statewide,10055
10911,2020,T3,2,Diesel,1993,ICE,Not Applicable,2,Statewide,5
10912,2020,T3,2,Diesel,2005,ICE,Not Applicable,3,Statewide,5
10913,2020,B,Not Applicable,Diesel,1976,ICE,Not Applicable,2,Statewide,5
10914,2020,B,Not Applicable,Diesel,1988,ICE,Not Applicable,1,Statewide,5
10915,2020,T5,3,Diesel,2022,ICE,Not Applicable,2,Statewide,5
10916,2020,T4,Unknown,Diesel,2019,ICE,Not Applicable,2,Statewide,5
10917,2020,T4,Unknown,Diesel,2018,ICE,Not Applicable,≥4,Statewide,5
10918,2020,T4,Unknown,Diesel,2012,ICE,Not Applicable,2,Statewide,5
10919,2020,T4,Unknown,Diesel,2012,ICE,Not Applicable,3,Statewide,5
10920,2020,T4,Unknown,Diesel,2008,ICE,Not Applicable,3,Statewide,5
10921,2020,T4,Unknown,Diesel,2004,ICE,Not Applicable,1,Statewide,5
10922,2020,T4,Unknown,Diesel,2003,ICE,Not Applicable,1,Statewide,5
10923,2020,T4,Unknown,Diesel,2003,ICE,Not Applicable,3,Statewide,5
10924,2020,T4,Unknown,Diesel,1992,ICE,Not Applicable,3,Statewide,5
10925,2020,T4,Unknown,Diesel,1985,ICE,Not Applicable,1,Statewide,5
10926,2020,T3,Unknown,Diesel,2011,ICE,Not Applicable,1,Statewide,5
10927,2020,T3,Unknown,Diesel,2006,ICE,Not Applicable,≥4,Statewide,5
10928,2020,T2,Unknown,Gasoline,2013,ICE,Not Applicable,3,Statewide,3090
10929,2020,BT,Not Applicable,Natural Gas,2008,ICE,Not Applicable,1,Statewide,2
10930,2020,BT,Not Applicable,Gasoline,2013,ICE,Not Applicable,3,Statewide,5
10931,2020,BT,Not Applicable,Natural Gas,2011,ICE,Not Applicable,1,Statewide,2
10932,2020,P,Not Applicable,Diesel,1982,ICE,Not Applicable,1,Statewide,60
10933,2020,P,Not Applicable,Diesel,1980,ICE,Not Applicable,≥4,Statewide,60
10934,2020,BS,Not Applicable,Diesel,2005,ICE,Not Applicable,1,Statewide,60
10935,2020,T6,5,Gasoline,2022,ICE,Not Applicable,2,Statewide,5
10936,2020,T6,Unknown,Gasoline,2020,ICE,Not Applicable,3,Statewide,5
10937,2020,T6,Unknown,Gasoline,2019,ICE,Not Applicable,2,Statewide,5
10938,2020,P,Not Applicable,Diesel,2013,ICE,Not Applicable,3,Statewide,60
10939,2020,T4,2,Diesel,2004,ICE,Not Applicable,3,Statewide,2897
10940,2020,T6,6,Gasoline,2017,ICE,Not Applicable,2,Statewide,5
10941,2020,T6,6,Gasoline,2013,ICE,Not Applicable,2,Statewide,5
10942,2020,T6,7,Gasoline,2007,ICE,Not Applicable,2,Statewide,5
10943,2020,T6,7,Gasoline,2007,ICE,Not Applicable,3,Statewide,5
10944,2020,T6,5,Gasoline,2003,ICE,Not Applicable,≥4,Statewide,5
10945,2020,T6,7,Gasoline,2003,ICE,Not Applicable,1,Statewide,5
10946,2020,MH,Not Applicable,Gasoline,2005,ICE,Not Applicable,≥4,Statewide,2899
10947,2020,T5,3,Diesel,1991,ICE,Not Applicable,3,Statewide,60
10948,2020,T5,3,Diesel,1992,ICE,Not Applicable,3,Statewide,60
10949,2020,T5,3,Diesel,1993,ICE,Not Applicable,3,Statewide,60
10950,2020,T7,8,Gasoline,1979,ICE,Not Applicable,1,Statewide,5
10951,2020,T6,5,Gasoline,2022,ICE,Not Applicable,1,Statewide,5
10952,2020,T3,2,Natural Gas,2004,ICE,Not Applicable,≥4,Statewide,60
10953,2020,T6,6,Gasoline,2008,ICE,Not Applicable,≥4,Statewide,60
10954,2020,T6,6,Gasoline,1984,ICE,Not Applicable,1,Statewide,60
10955,2020,T5,3,Gasoline,1987,ICE,Not Applicable,≥4,Statewide,60
10956,2020,T4,Unknown,Gasoline,2016,ICE,Not Applicable,≥4,Statewide,60
10957,2020,T3,Unknown,Gasoline,1985,ICE,Not Applicable,2,Statewide,60
10958,2020,MH,Not Applicable,Gasoline,2014,ICE,Not Applicable,2,Statewide,60
10959,2020,B,Not Applicable,Gasoline,2020,ICE,Not Applicable,1,Statewide,60
10960,2020,B,Not Applicable,Gasoline,2005,ICE,Not Applicable,3,Statewide,60
10961,2020,T7,8,Diesel,1992,ICE,Not Applicable,2,Statewide,60
10962,2020,T6,7,Diesel,2019,ICE,Not Applicable,3,Statewide,60
10963,2020,T6,Unknown,Diesel,2017,ICE,Not Applicable,≥4,Statewide,60
10964,2020,T6,7,Diesel,1993,ICE,Not Applicable,2,Statewide,60
10965,2020,T6,5,Gasoline,2001,ICE,Not Applicable,1,Statewide,5
10966,2020,T6,5,Gasoline,2001,ICE,Not Applicable,2,Statewide,5
10967,2020,T6,5,Gasoline,2000,ICE,Not Applicable,1,Statewide,5
10968,2020,T6,5,Gasoline,1998,ICE,Not Applicable,3,Statewide,5
10969,2020,T4,2,Gasoline,2010,ICE,Not Applicable,1,Statewide,3142
10970,2020,T5,3,Gasoline,1987,ICE,Not Applicable,3,Statewide,5
10971,2020,T5,3,Gasoline,1984,ICE,Not Applicable,1,Statewide,5
10972,2020,T5,3,Gasoline,1983,ICE,Not Applicable,3,Statewide,5
10973,2020,T4,2,Gasoline,2021,PHEV,0 to 50 miles,3,Statewide,5
10974,2020,T5,3,Gasoline,2020,ICE,Not Applicable,≥4,Statewide,3132
10975,2020,T4,Unknown,Gasoline,2001,ICE,Not Applicable,2,Statewide,5
10976,2020,T4,Unknown,Gasoline,2001,ICE,Not Applicable,3,Statewide,5
10977,2020,T4,2,Diesel,2004,ICE,Not Applicable,2,Statewide,3130
10978,2020,P,Not Applicable,Natural Gas,2009,ICE,Not Applicable,1,Statewide,59
10979,2020,T6,4,Gasoline,1994,ICE,Not Applicable,3,Statewide,59
10980,2020,T4,Unknown,Gasoline,2011,ICE,Not Applicable,3,Statewide,59
10981,2020,T3,Unknown,Gasoline,1998,ICE,Not Applicable,1,Statewide,59
10982,2020,T1,Unknown,Gasoline,2016,ICE,Not Applicable,≥4,Statewide,59
10983,2020,MH,Not Applicable,Gasoline,1981,ICE,Not Applicable,2,Statewide,59
10984,2020,T6,4,Gasoline,1978,ICE,Not Applicable,1,Statewide,5
10985,2020,T7,8,Gasoline,1990,ICE,Not Applicable,1,Statewide,5
10986,2020,T6,7,Gasoline,1979,ICE,Not Applicable,3,Statewide,5
10987,2020,T6,7,Gasoline,1985,ICE,Not Applicable,3,Statewide,5
10988,2020,T6,5,Gasoline,1994,ICE,Not Applicable,2,Statewide,5
10989,2020,T6,5,Gasoline,1993,ICE,Not Applicable,3,Statewide,5
10990,2020,T6,6,Gasoline,1993,ICE,Not Applicable,3,Statewide,5
10991,2020,T6,7,Gasoline,1993,ICE,Not Applicable,1,Statewide,5
10992,2020,T6,4,Gasoline,1992,ICE,Not Applicable,3,Statewide,5
10993,2020,T6,7,Gasoline,1992,ICE,Not Applicable,3,Statewide,5
10994,2020,T6,Unknown,Gasoline,1991,ICE,Not Applicable,≥4,Statewide,5
10995,2020,T6,Unknown,Gasoline,1990,ICE,Not Applicable,≥4,Statewide,5
10996,2020,T6,5,Gasoline,1989,ICE,Not Applicable,1,Statewide,5
10997,2020,T6,5,Gasoline,1989,ICE,Not Applicable,3,Statewide,5
10998,2020,T6,5,Gasoline,1987,ICE,Not Applicable,3,Statewide,5
10999,2020,T6,7,Gasoline,1987,ICE,Not Applicable,1,Statewide,5
11000,2020,T6,7,Gasoline,1987,ICE,Not Applicable,2,Statewide,5
11001,2020,T6,Unknown,Gasoline,1986,ICE,Not Applicable,1,Statewide,5
11002,2020,T6,5,Gasoline,1986,ICE,Not Applicable,1,Statewide,5
11003,2020,T6,5,Gasoline,1980,ICE,Not Applicable,2,Statewide,5
11004,2020,T7,8,Gasoline,1993,ICE,Not Applicable,≥4,Statewide,5
11005,2020,T7,8,Gasoline,2003,ICE,Not Applicable,≥4,Statewide,5
11006,2020,P,Not Applicable,Natural Gas,2010,ICE,Not Applicable,2,Statewide,48
11007,2020,T4,2,Natural Gas,2005,ICE,Not Applicable,3,Statewide,5
11008,2020,T4,2,Natural Gas,2003,ICE,Not Applicable,1,Statewide,5
11009,2020,T3,2,Natural Gas,2002,ICE,Not Applicable,2,Statewide,5
11010,2020,T3,2,Natural Gas,1999,ICE,Not Applicable,3,Statewide,5
11011,2020,T2,Unknown,Natural Gas,2006,ICE,Not Applicable,≥4,Statewide,5
11012,2020,P,Not Applicable,Natural Gas,2002,ICE,Not Applicable,1,Statewide,5
11013,2020,P,Not Applicable,Natural Gas,2001,ICE,Not Applicable,1,Statewide,5
11014,2020,P,Not Applicable,Natural Gas,1976,ICE,Not Applicable,1,Statewide,5
11015,2020,P,Not Applicable,Natural Gas,1976,ICE,Not Applicable,2,Statewide,5
11016,2020,BT,Not Applicable,Natural Gas,2017,ICE,Not Applicable,1,Statewide,5
11017,2020,BT,Not Applicable,Natural Gas,2013,ICE,Not Applicable,1,Statewide,5
11018,2020,BT,Not Applicable,Natural Gas,2013,ICE,Not Applicable,2,Statewide,5
11019,2020,BS,Not Applicable,Natural Gas,2022,ICE,Not Applicable,1,Statewide,5
11020,2020,T6,4,Gasoline,2018,ICE,Not Applicable,1,Statewide,61
11021,2020,T6,4,Gasoline,1995,ICE,Not Applicable,3,Statewide,61
11022,2020,T4,2,Natural Gas,2007,ICE,Not Applicable,2,Statewide,5
11023,2020,MH,Not Applicable,Gasoline,1983,ICE,Not Applicable,3,Statewide,61
11024,2020,T4,2,Natural Gas,2008,ICE,Not Applicable,3,Statewide,5
11025,2020,T6,4,Natural Gas,2008,ICE,Not Applicable,≥4,Statewide,5
11026,2020,P,Not Applicable,Diesel,2020,ICE,Not Applicable,≥4,Statewide,2860
11027,2020,T6,7,Gasoline,1979,ICE,Not Applicable,≥4,Statewide,47
11028,2020,T6,Unknown,Gasoline,2020,ICE,Not Applicable,≥4,Statewide,47
11029,2020,T6,4,Gasoline,2022,ICE,Not Applicable,≥4,Statewide,47
11030,2020,T7,8,Natural Gas,2022,ICE,Not Applicable,1,Statewide,5
11031,2020,T7,8,Natural Gas,2020,ICE,Not Applicable,3,Statewide,5
11032,2020,T7,8,Natural Gas,2013,ICE,Not Applicable,1,Statewide,5
11033,2020,T7,8,Natural Gas,2013,ICE,Not Applicable,2,Statewide,5
11034,2020,T7,8,Natural Gas,2012,ICE,Not Applicable,1,Statewide,5
11035,2020,T7,8,Natural Gas,2012,ICE,Not Applicable,3,Statewide,5
11036,2020,T7,8,Natural Gas,2007,ICE,Not Applicable,1,Statewide,5
11037,2020,T6,7,Natural Gas,2021,ICE,Not Applicable,1,Statewide,5
11038,2020,T6,6,Natural Gas,2020,ICE,Not Applicable,≥4,Statewide,5
11039,2020,T6,7,Natural Gas,2020,ICE,Not Applicable,1,Statewide,5
11040,2020,T6,6,Natural Gas,2018,ICE,Not Applicable,≥4,Statewide,5
11041,2020,T6,6,Natural Gas,2005,ICE,Not Applicable,≥4,Statewide,5
11042,2020,B,Not Applicable,Gasoline,2019,ICE,Not Applicable,1,Statewide,59
11043,2020,T4,Unknown,Electric,2018,BEV,Unknown,≥4,Statewide,61
11044,2020,T7,8,Diesel,1990,ICE,Not Applicable,2,Statewide,61
11045,2020,MC,Not Applicable,Gasoline,2015,ICE,Not Applicable,3,Statewide,3149
11046,2020,T7,8,Diesel,2008,ICE,Not Applicable,≥4,Statewide,3149
11047,2020,T7,8,Gasoline,2013,ICE,Not Applicable,≥4,Statewide,5
11048,2020,T5,3,Diesel,1992,ICE,Not Applicable,1,Statewide,48
11049,2020,T6,5,Diesel,1995,ICE,Not Applicable,≥4,Statewide,48
11050,2020,T6,5,Diesel,2015,ICE,Not Applicable,2,Statewide,48
11051,2020,T7,8,Diesel,1986,ICE,Not Applicable,1,Statewide,48
11052,2020,MC,Not Applicable,Electric,2019,BEV,Unknown,≥4,Statewide,48
11053,2020,T1,Unknown,Gasoline,2004,ICE,Not Applicable,1,Statewide,48
11054,2020,T2,Unknown,Gasoline,1986,ICE,Not Applicable,≥4,Statewide,48
11055,2020,T3,Unknown,Gasoline,1993,ICE,Not Applicable,1,Statewide,48
11056,2020,T4,Unknown,Gasoline,2012,ICE,Not Applicable,2,Statewide,48
11057,2020,T5,3,Gasoline,1991,ICE,Not Applicable,3,Statewide,48
11058,2020,BT,Not Applicable,Natural Gas,2001,ICE,Not Applicable,≥4,Statewide,48
11059,2020,BT,Not Applicable,Natural Gas,2004,ICE,Not Applicable,≥4,Statewide,48
11060,2020,T7,8,Gasoline,2016,ICE,Not Applicable,≥4,Statewide,5
11061,2020,BT,Not Applicable,Electric,2019,BEV,Unknown,1,Statewide,61
11062,2020,T6,5,Diesel,2019,ICE,Not Applicable,≥4,Statewide,3159
11063,2020,P,Not Applicable,Hydrogen,2016,FCEV,Unknown,2,Statewide,5
11064,2020,T6,4,Diesel,2021,ICE,Not Applicable,2,Statewide,61
11065,2020,T6,6,Diesel,2015,ICE,Not Applicable,3,Statewide,61
11066,2020,T6,6,Diesel,1999,ICE,Not Applicable,3,Statewide,61
11067,2020,T2,1,Diesel,2010,ICE,Not Applicable,2,Statewide,61
11068,2020,MH,Not Applicable,Diesel,2015,ICE,Not Applicable,2,Statewide,61
11069,2020,BS,Not Applicable,Natural Gas,2018,ICE,Not Applicable,1,Statewide,5
11070,2020,BS,Not Applicable,Natural Gas,2008,ICE,Not Applicable,3,Statewide,5
11071,2020,T4,2,Gasoline,1997,ICE,Not Applicable,≥4,Statewide,2869
11072,2020,BS,Not Applicable,Natural Gas,2007,ICE,Not Applicable,2,Statewide,5
11073,2020,B,Not Applicable,Natural Gas,2020,ICE,Not Applicable,1,Statewide,5
11074,2020,B,Not Applicable,Natural Gas,2005,ICE,Not Applicable,≥4,Statewide,5
11075,2020,B,Not Applicable,Natural Gas,2000,ICE,Not Applicable,≥4,Statewide,5
11076,2020,T3,2,Diesel,2020,ICE,Not Applicable,2,Statewide,2881
11077,2020,P,Not Applicable,Hydrogen,2017,FCEV,Unknown,2,Statewide,5
11078,2020,P,Not Applicable,Gasoline,1978,ICE,Not Applicable,3,Statewide,3173
11079,2020,P,Not Applicable,Hydrogen,2016,FCEV,Unknown,3,Statewide,5
11080,2020,B,Not Applicable,Gasoline,1999,ICE,Not Applicable,≥4,Statewide,59
11081,2020,T6,6,Diesel,2022,ICE,Not Applicable,2,Statewide,59
11082,2020,T6,4,Diesel,2015,ICE,Not Applicable,1,Statewide,59
11083,2020,T1,Unknown,Natural Gas,1998,ICE,Not Applicable,≥4,Statewide,2
11084,2020,T1,1,Gasoline,2019,ICE,Not Applicable,3,Statewide,11670
11085,2020,T5,3,Gasoline,1990,ICE,Not Applicable,3,Statewide,49
11086,2020,T6,7,Gasoline,1987,ICE,Not Applicable,≥4,Statewide,49
11087,2020,T1,1,Gasoline,2008,ICE,Not Applicable,2,Statewide,11627
11088,2020,T6,6,Gasoline,2002,ICE,Not Applicable,1,Statewide,49
11089,2020,P,Not Applicable,Natural Gas,1995,ICE,Not Applicable,≥4,Statewide,2
11090,2020,BS,Not Applicable,Natural Gas,2012,ICE,Not Applicable,≥4,Statewide,49
11091,2020,MC,Not Applicable,Gasoline,2020,ICE,Not Applicable,1,Statewide,11561
11092,2020,BT,Not Applicable,Natural Gas,2020,ICE,Not Applicable,1,Statewide,2
11093,2020,BT,Not Applicable,Natural Gas,2020,ICE,Not Applicable,2,Statewide,2
11094,2020,BT,Not Applicable,Natural Gas,2018,ICE,Not Applicable,1,Statewide,2
11095,2020,T1,1,Gasoline,1996,ICE,Not Applicable,≥4,Statewide,11511
11096,2020,BT,Not Applicable,Natural Gas,2017,ICE,Not Applicable,2,Statewide,2
11097,2020,T3,Unknown,Gasoline,2022,PHEV,0 to 50 miles,2,Statewide,5
11098,2020,T1,Unknown,Natural Gas,2018,ICE,Not Applicable,3,Statewide,2
11099,2020,T2,Unknown,Gasoline,1987,ICE,Not Applicable,3,Statewide,5
11100,2020,T2,1,Natural Gas,1999,ICE,Not Applicable,1,Statewide,2
11101,2020,T2,Unknown,Natural Gas,2007,ICE,Not Applicable,2,Statewide,2
11102,2020,BS,Not Applicable,Diesel,2014,ICE,Not Applicable,1,Statewide,58
11103,2020,BS,Not Applicable,Diesel,2004,ICE,Not Applicable,1,Statewide,58
11104,2020,BS,Not Applicable,Diesel,1995,ICE,Not Applicable,1,Statewide,58
11105,2020,T2,Unknown,Natural Gas,2017,ICE,Not Applicable,3,Statewide,2
11106,2020,P,Not Applicable,Gasoline,2021,PHEV,0 to 50 miles,2,Statewide,2929
11107,2020,T3,Unknown,Gasoline,1994,ICE,Not Applicable,2,Statewide,49
11108,2020,T5,3,Gasoline,1976,ICE,Not Applicable,≥4,Statewide,49
11109,2020,P,Not Applicable,Gasoline,1985,ICE,Not Applicable,≥4,Statewide,2935
11110,2020,T2,Unknown,Natural Gas,2013,ICE,Not Applicable,≥4,Statewide,2
11111,2020,T2,Unknown,Gasoline,2013,ICE,Not Applicable,1,Statewide,2939
11112,2020,T4,2,Diesel,2020,ICE,Not Applicable,3,Statewide,2941
11113,2020,MC,Not Applicable,Gasoline,2004,ICE,Not Applicable,3,Statewide,2941
11114,2020,T2,Unknown,Natural Gas,2008,ICE,Not Applicable,≥4,Statewide,2
11115,2020,MC,Not Applicable,Gasoline,2016,ICE,Not Applicable,2,Statewide,2943
11116,2020,T5,3,Gasoline,2013,ICE,Not Applicable,≥4,Statewide,2946
11117,2020,T2,1,Natural Gas,2000,ICE,Not Applicable,2,Statewide,2
11118,2020,MH,Not Applicable,Diesel,2015,ICE,Not Applicable,1,Statewide,58
11119,2020,T1,1,Gasoline,2022,PHEV,0 to 50 miles,3,Statewide,5
11120,2020,T1,Unknown,Gasoline,2018,ICE,Not Applicable,≥4,Statewide,5
11121,2020,T1,Unknown,Gasoline,1994,ICE,Not Applicable,3,Statewide,5
11122,2020,T4,2,Gasoline,2010,ICE,Not Applicable,2,Statewide,2954
11123,2020,T1,Unknown,Gasoline,1993,ICE,Not Applicable,3,Statewide,5
11124,2020,T1,1,Gasoline,2017,ICE,Not Applicable,2,Statewide,11394
11125,2020,MC,Not Applicable,Gasoline,2016,ICE,Not Applicable,1,Statewide,2962
11126,2020,T1,Unknown,Gasoline,1992,ICE,Not Applicable,1,Statewide,5
11127,2020,T1,Unknown,Gasoline,1987,ICE,Not Applicable,1,Statewide,5
11128,2020,BT,Not Applicable,Natural Gas,2015,ICE,Not Applicable,2,Statewide,2
11129,2020,T2,1,Gasoline,2000,ICE,Not Applicable,3,Statewide,11360
11130,2020,T1,Unknown,Gasoline,1987,ICE,Not Applicable,3,Statewide,5
11131,2020,BT,Not Applicable,Gasoline,2020,ICE,Not Applicable,1,Statewide,5
11132,2020,BT,Not Applicable,Gasoline,2015,ICE,Not Applicable,1,Statewide,5
11133,2020,BT,Not Applicable,Gasoline,2015,ICE,Not Applicable,2,Statewide,5
11134,2020,T4,2,Gasoline,2020,ICE,Not Applicable,≥4,Statewide,11325
11135,2020,BT,Not Applicable,Natural Gas,2012,ICE,Not Applicable,2,Statewide,2
11136,2020,T4,Unknown,Gasoline,2021,ICE,Not Applicable,≥4,Statewide,2950
11137,2020,T1,1,Gasoline,2022,PHEV,0 to 50 miles,≥4,Statewide,5
11138,2020,P,Not Applicable,Diesel,2012,ICE,Not Applicable,2,Statewide,57
11139,2020,T3,2,Diesel,1989,ICE,Not Applicable,1,Statewide,57
11140,2020,T1,Unknown,Gasoline,1999,ICE,Not Applicable,1,Statewide,5
11141,2020,T1,Unknown,Gasoline,1999,ICE,Not Applicable,3,Statewide,5
11142,2020,T6,4,Natural Gas,2012,ICE,Not Applicable,≥4,Statewide,57
11143,2020,P,Not Applicable,Natural Gas,2015,ICE,Not Applicable,1,Statewide,57
11144,2020,T6,4,Gasoline,2013,ICE,Not Applicable,2,Statewide,57
11145,2020,T5,3,Gasoline,1990,ICE,Not Applicable,1,Statewide,57
11146,2020,T3,Unknown,Gasoline,1998,ICE,Not Applicable,2,Statewide,57
11147,2020,T2,Unknown,Gasoline,1998,ICE,Not Applicable,3,Statewide,57
11148,2020,T1,Unknown,Gasoline,2009,ICE,Not Applicable,≥4,Statewide,57
11149,2020,BT,Not Applicable,Gasoline,2010,ICE,Not Applicable,≥4,Statewide,57
11150,2020,BS,Not Applicable,Gasoline,1987,ICE,Not Applicable,≥4,Statewide,57
11151,2020,B,Not Applicable,Gasoline,1998,ICE,Not Applicable,≥4,Statewide,57
11152,2020,T1,1,Electric,2017,BEV,101 to 150 miles,1,Statewide,57
11153,2020,T6,7,Diesel,1994,ICE,Not Applicable,2,Statewide,57
11154,2020,T3,2,Diesel,1991,ICE,Not Applicable,≥4,Statewide,57
11155,2020,T2,1,Diesel,2011,ICE,Not Applicable,2,Statewide,57
11156,2020,T3,Unknown,Gasoline,1994,ICE,Not Applicable,3,Statewide,47
11157,2020,P,Not Applicable,Diesel,1981,ICE,Not Applicable,2,Statewide,58
11158,2020,T3,2,Diesel,1999,ICE,Not Applicable,≥4,Statewide,58
11159,2020,T6,7,Natural Gas,2022,ICE,Not Applicable,1,Statewide,2
11160,2020,T6,7,Natural Gas,2022,ICE,Not Applicable,2,Statewide,2
11161,2020,T6,4,Natural Gas,2020,ICE,Not Applicable,1,Statewide,2
11162,2020,T6,4,Natural Gas,2017,ICE,Not Applicable,1,Statewide,2
11163,2020,T6,7,Natural Gas,2017,ICE,Not Applicable,1,Statewide,2
11164,2020,T6,5,Natural Gas,2015,ICE,Not Applicable,≥4,Statewide,2
11165,2020,T6,6,Natural Gas,2015,ICE,Not Applicable,1,Statewide,2
11166,2020,T6,4,Natural Gas,2009,ICE,Not Applicable,3,Statewide,2
11167,2020,T6,7,Natural Gas,2009,ICE,Not Applicable,1,Statewide,2
11168,2020,T6,4,Natural Gas,2008,ICE,Not Applicable,1,Statewide,2
11169,2020,T6,4,Natural Gas,2007,ICE,Not Applicable,≥4,Statewide,2
11170,2020,T6,6,Natural Gas,2007,ICE,Not Applicable,2,Statewide,2
11171,2020,T6,7,Natural Gas,2007,ICE,Not Applicable,1,Statewide,2
11172,2020,T6,7,Natural Gas,2006,ICE,Not Applicable,≥4,Statewide,2
11173,2020,T6,6,Natural Gas,2004,ICE,Not Applicable,≥4,Statewide,2
11174,2020,T7,8,Natural Gas,2005,ICE,Not Applicable,≥4,Statewide,2
11175,2020,T6,4,Natural Gas,2003,ICE,Not Applicable,1,Statewide,2
11176,2020,T7,8,Natural Gas,2008,ICE,Not Applicable,1,Statewide,2
11177,2020,T7,8,Natural Gas,2018,ICE,Not Applicable,3,Statewide,2
11178,2020,T6,5,Diesel,2015,ICE,Not Applicable,3,Statewide,59
11179,2020,T6,7,Diesel,1999,ICE,Not Applicable,2,Statewide,59
11180,2020,T6,7,Diesel,1996,ICE,Not Applicable,3,Statewide,59
11181,2020,T6,7,Diesel,1992,ICE,Not Applicable,3,Statewide,59
11182,2020,T5,3,Diesel,1992,ICE,Not Applicable,2,Statewide,59
11183,2020,T5,3,Diesel,1989,ICE,Not Applicable,≥4,Statewide,59
11184,2020,T2,Unknown,Diesel,2016,ICE,Not Applicable,2,Statewide,59
11185,2020,T4,Unknown,Gasoline,1997,ICE,Not Applicable,1,Statewide,5
11186,2020,T4,Unknown,Gasoline,1996,ICE,Not Applicable,3,Statewide,5
11187,2020,T6,5,Diesel,2013,ICE,Not Applicable,≥4,Statewide,2919
11188,2020,T3,Unknown,Gasoline,2013,ICE,Not Applicable,3,Statewide,3122
11189,2020,P,Not Applicable,Gasoline,1977,ICE,Not Applicable,1,Statewide,3120
11190,2020,T4,Unknown,Gasoline,1992,ICE,Not Applicable,≥4,Statewide,5
11191,2020,MC,Not Applicable,Gasoline,2005,ICE,Not Applicable,2,Statewide,3113
11192,2020,T4,Unknown,Gasoline,1988,ICE,Not Applicable,≥4,Statewide,5
11193,2020,T7,8,Natural Gas,2011,ICE,Not Applicable,2,Statewide,2
11194,2020,T2,1,Diesel,2010,ICE,Not Applicable,1,Statewide,58
11195,2020,T6,5,Natural Gas,2003,ICE,Not Applicable,≥4,Statewide,2
11196,2020,T4,2,Natural Gas,2018,ICE,Not Applicable,1,Statewide,2
11197,2020,T6,Unknown,Diesel,2016,ICE,Not Applicable,≥4,Statewide,49
11198,2020,P,Not Applicable,Electric,2007,BEV,Unknown,3,Statewide,49
11199,2020,P,Not Applicable,Electric,2007,BEV,Unknown,1,Statewide,49
11200,2020,P,Not Applicable,Electric,2014,BEV,Unknown,3,Statewide,49
11201,2020,T1,Unknown,Gasoline,2012,ICE,Not Applicable,3,Statewide,49
11202,2020,P,Not Applicable,Natural Gas,2019,ICE,Not Applicable,1,Statewide,58
11203,2020,BS,Not Applicable,Natural Gas,2009,ICE,Not Applicable,≥4,Statewide,58
11204,2020,T3,Unknown,Gasoline,1995,ICE,Not Applicable,2,Statewide,58
11205,2020,MH,Not Applicable,Gasoline,1980,ICE,Not Applicable,2,Statewide,58
11206,2020,BS,Not Applicable,Gasoline,2020,ICE,Not Applicable,1,Statewide,58
11207,2020,T6,7,Diesel,2017,ICE,Not Applicable,2,Statewide,58
11208,2020,T6,7,Diesel,2016,ICE,Not Applicable,3,Statewide,58
11209,2020,T6,6,Diesel,1998,ICE,Not Applicable,2,Statewide,58
11210,2020,T6,Unknown,Diesel,1986,ICE,Not Applicable,≥4,Statewide,58
11211,2020,T4,Unknown,Diesel,2020,ICE,Not Applicable,1,Statewide,58
11212,2020,T6,7,Diesel,1996,ICE,Not Applicable,2,Statewide,49
11213,2020,T4,Unknown,Natural Gas,2018,ICE,Not Applicable,≥4,Statewide,2
11214,2020,T5,3,Diesel,1993,ICE,Not Applicable,2,Statewide,49
11215,2020,T2,1,Diesel,1987,ICE,Not Applicable,3,Statewide,49
11216,2020,T4,2,Natural Gas,2017,ICE,Not Applicable,1,Statewide,2
11217,2020,T4,2,Natural Gas,1999,ICE,Not Applicable,1,Statewide,2
11218,2020,T3,2,Natural Gas,2020,ICE,Not Applicable,2,Statewide,2
11219,2020,T3,2,Natural Gas,2019,ICE,Not Applicable,1,Statewide,2
11220,2020,T3,Unknown,Natural Gas,2017,ICE,Not Applicable,1,Statewide,2
11221,2020,T3,Unknown,Natural Gas,2017,ICE,Not Applicable,3,Statewide,2
11222,2020,T3,2,Natural Gas,2017,ICE,Not Applicable,1,Statewide,2
11223,2020,T3,2,Natural Gas,2017,ICE,Not Applicable,3,Statewide,2
11224,2020,T3,2,Natural Gas,2001,ICE,Not Applicable,2,Statewide,2
11225,2020,T2,Unknown,Natural Gas,2018,ICE,Not Applicable,1,Statewide,2
11226,2020,BT,Not Applicable,Diesel,2000,ICE,Not Applicable,≥4,Statewide,49
11227,2020,P,Not Applicable,Diesel,2012,ICE,Not Applicable,3,Statewide,49
11228,2020,T1,Unknown,Diesel,1976,ICE,Not Applicable,≥4,Statewide,49
11229,2020,T1,Unknown,Diesel,1991,ICE,Not Applicable,≥4,Statewide,49
11230,2020,T2,1,Diesel,1985,ICE,Not Applicable,≥4,Statewide,49
11231,2020,T2,1,Diesel,1987,ICE,Not Applicable,2,Statewide,49
11232,2020,T4,Unknown,Gasoline,1998,ICE,Not Applicable,3,Statewide,2
11233,2020,T4,Unknown,Gasoline,1997,ICE,Not Applicable,2,Statewide,2
11234,2020,T4,Unknown,Gasoline,1997,ICE,Not Applicable,3,Statewide,2
11235,2020,BT,Not Applicable,Diesel,1989,ICE,Not Applicable,1,Statewide,31
11236,2020,BT,Not Applicable,Diesel,1996,ICE,Not Applicable,1,Statewide,31
11237,2020,P,Not Applicable,Diesel,1976,ICE,Not Applicable,1,Statewide,31
11238,2020,T1,1,Diesel,1990,ICE,Not Applicable,2,Statewide,31
11239,2020,T6,6,Natural Gas,2015,ICE,Not Applicable,≥4,Statewide,107
11240,2020,T6,7,Gasoline,2002,ICE,Not Applicable,≥4,Statewide,107
11241,2020,BS,Not Applicable,Diesel,2020,ICE,Not Applicable,1,Statewide,31
11242,2020,T6,6,Diesel,2016,ICE,Not Applicable,3,Statewide,107
11243,2020,T1,Unknown,Diesel,1994,ICE,Not Applicable,≥4,Statewide,31
11244,2020,T2,1,Diesel,1988,ICE,Not Applicable,≥4,Statewide,31
11245,2020,T2,1,Diesel,2014,ICE,Not Applicable,≥4,Statewide,31
11246,2020,P,Not Applicable,Electric,2019,BEV,>150 miles,1,Statewide,2250
11247,2020,T3,Unknown,Diesel,1976,ICE,Not Applicable,1,Statewide,31
11248,2020,T6,5,Diesel,2002,ICE,Not Applicable,3,Statewide,31
11249,2020,BT,Not Applicable,Diesel,1999,ICE,Not Applicable,≥4,Statewide,107
11250,2020,BS,Not Applicable,Diesel,2002,ICE,Not Applicable,2,Statewide,31
11251,2020,BS,Not Applicable,Diesel,1994,ICE,Not Applicable,1,Statewide,31
11252,2020,B,Not Applicable,Diesel,2011,ICE,Not Applicable,1,Statewide,31
11253,2020,T5,3,Diesel,2008,ICE,Not Applicable,≥4,Statewide,2239
11254,2020,MC,Not Applicable,Gasoline,2004,ICE,Not Applicable,2,Statewide,2244
11255,2020,T1,Unknown,Gasoline,2017,ICE,Not Applicable,2,Statewide,2246
11256,2020,T4,2,Diesel,2007,ICE,Not Applicable,1,Statewide,3808
11257,2020,P,Not Applicable,Electric,2021,BEV,51 to 100 miles,≥4,Statewide,3805
11258,2020,T1,1,Gasoline,2022,ICE,Not Applicable,3,Statewide,3799
11259,2020,BS,Not Applicable,Gasoline,2006,ICE,Not Applicable,≥4,Statewide,108
11260,2020,T7,8,Diesel,1984,ICE,Not Applicable,≥4,Statewide,108
11261,2020,T6,6,Diesel,2001,ICE,Not Applicable,3,Statewide,108
11262,2020,T6,4,Diesel,1993,ICE,Not Applicable,≥4,Statewide,108
11263,2020,BT,Not Applicable,Diesel,2016,ICE,Not Applicable,≥4,Statewide,108
11264,2020,T4,2,Diesel,2017,ICE,Not Applicable,≥4,Statewide,3793
11265,2020,P,Not Applicable,Gasoline,1990,ICE,Not Applicable,1,Statewide,3781
11266,2020,T1,1,Gasoline,1993,ICE,Not Applicable,3,Statewide,3776
11267,2020,T1,1,Gasoline,1991,ICE,Not Applicable,2,Statewide,3774
11268,2020,T7,8,Diesel,1979,ICE,Not Applicable,≥4,Statewide,31
11269,2020,MC,Not Applicable,Electric,2017,BEV,Unknown,≥4,Statewide,31
11270,2020,T1,Unknown,Gasoline,2004,ICE,Not Applicable,3,Statewide,31
11271,2020,T2,Unknown,Gasoline,1989,ICE,Not Applicable,2,Statewide,31
11272,2020,P,Not Applicable,Gasoline,1979,ICE,Not Applicable,3,Statewide,2263
11273,2020,T5,3,Gasoline,2014,ICE,Not Applicable,2,Statewide,105
11274,2020,T7,8,Diesel,1990,ICE,Not Applicable,1,Statewide,105
11275,2020,P,Not Applicable,Diesel,1983,ICE,Not Applicable,2,Statewide,105
11276,2020,T6,4,Diesel,2010,ICE,Not Applicable,≥4,Statewide,2277
11277,2020,T7,8,Natural Gas,2018,ICE,Not Applicable,2,Statewide,6
11278,2020,T7,8,Natural Gas,2009,ICE,Not Applicable,2,Statewide,6
11279,2020,T6,6,Natural Gas,2019,ICE,Not Applicable,≥4,Statewide,6
11280,2020,T6,7,Natural Gas,2019,ICE,Not Applicable,1,Statewide,6
11281,2020,T4,Unknown,Natural Gas,2020,ICE,Not Applicable,≥4,Statewide,6
11282,2020,T4,2,Natural Gas,2009,ICE,Not Applicable,1,Statewide,6
11283,2020,T4,2,Natural Gas,2009,ICE,Not Applicable,2,Statewide,6
11284,2020,T4,2,Natural Gas,2004,ICE,Not Applicable,3,Statewide,6
11285,2020,T3,2,Natural Gas,2020,ICE,Not Applicable,1,Statewide,6
11286,2020,T3,2,Natural Gas,2017,ICE,Not Applicable,≥4,Statewide,6
11287,2020,B,Not Applicable,Diesel,1996,ICE,Not Applicable,≥4,Statewide,106
11288,2020,BT,Not Applicable,Diesel,2006,ICE,Not Applicable,1,Statewide,109
11289,2020,MH,Not Applicable,Diesel,2014,ICE,Not Applicable,3,Statewide,106
11290,2020,T5,3,Diesel,1997,ICE,Not Applicable,3,Statewide,106
11291,2020,T2,Unknown,Gasoline,1993,ICE,Not Applicable,1,Statewide,31
11292,2020,T2,Unknown,Gasoline,1994,ICE,Not Applicable,2,Statewide,31
11293,2020,T3,Unknown,Gasoline,1986,ICE,Not Applicable,≥4,Statewide,31
11294,2020,T4,2,Gasoline,2022,ICE,Not Applicable,1,Statewide,31
11295,2020,T6,6,Gasoline,2000,ICE,Not Applicable,2,Statewide,31
11296,2020,T6,5,Gasoline,2007,ICE,Not Applicable,1,Statewide,31
11297,2020,T6,5,Gasoline,2009,ICE,Not Applicable,1,Statewide,31
11298,2020,T6,5,Gasoline,2021,ICE,Not Applicable,2,Statewide,31
11299,2020,B,Not Applicable,Natural Gas,2008,ICE,Not Applicable,≥4,Statewide,31
11300,2020,P,Not Applicable,Natural Gas,2011,ICE,Not Applicable,2,Statewide,31
11301,2020,T6,4,Gasoline,2020,ICE,Not Applicable,1,Statewide,106
11302,2020,T6,4,Gasoline,2007,ICE,Not Applicable,3,Statewide,106
11303,2020,T5,3,Gasoline,1998,ICE,Not Applicable,3,Statewide,106
11304,2020,T3,Unknown,Gasoline,1993,ICE,Not Applicable,≥4,Statewide,106
11305,2020,T2,Unknown,Gasoline,1989,ICE,Not Applicable,≥4,Statewide,106
11306,2020,P,Not Applicable,Diesel,1997,ICE,Not Applicable,≥4,Statewide,106
11307,2020,T1,1,Diesel,1987,ICE,Not Applicable,3,Statewide,109
11308,2020,T6,7,Diesel,2012,ICE,Not Applicable,3,Statewide,109
11309,2020,P,Not Applicable,Electric,2007,BEV,Unknown,≥4,Statewide,109
11310,2020,BT,Not Applicable,Diesel,2004,ICE,Not Applicable,1,Statewide,30
11311,2020,T1,Unknown,Diesel,2014,ICE,Not Applicable,≥4,Statewide,30
11312,2020,T3,2,Diesel,1990,ICE,Not Applicable,3,Statewide,30
11313,2020,T3,2,Diesel,2004,ICE,Not Applicable,1,Statewide,30
11314,2020,T4,Unknown,Diesel,2000,ICE,Not Applicable,≥4,Statewide,30
11315,2020,T6,6,Gasoline,1998,ICE,Not Applicable,≥4,Statewide,112
11316,2020,T6,6,Gasoline,1989,ICE,Not Applicable,≥4,Statewide,112
11317,2020,T1,1,Gasoline,1981,ICE,Not Applicable,1,Statewide,112
11318,2020,T7,8,Diesel,1985,ICE,Not Applicable,≥4,Statewide,112
11319,2020,T6,7,Diesel,2014,ICE,Not Applicable,2,Statewide,112
11320,2020,T6,7,Diesel,2004,ICE,Not Applicable,2,Statewide,112
11321,2020,T3,2,Gasoline,1990,ICE,Not Applicable,≥4,Statewide,1718
11322,2020,T6,5,Diesel,1992,ICE,Not Applicable,≥4,Statewide,30
11323,2020,T6,6,Diesel,1993,ICE,Not Applicable,1,Statewide,30
11324,2020,T6,4,Diesel,1996,ICE,Not Applicable,2,Statewide,30
11325,2020,BT,Not Applicable,Diesel,1986,ICE,Not Applicable,1,Statewide,30
11326,2020,T6,4,Diesel,1997,ICE,Not Applicable,3,Statewide,30
11327,2020,BS,Not Applicable,Diesel,2013,ICE,Not Applicable,1,Statewide,30
11328,2020,B,Not Applicable,Diesel,2021,ICE,Not Applicable,2,Statewide,30
11329,2020,P,Not Applicable,Diesel,2000,ICE,Not Applicable,1,Statewide,113
11330,2020,P,Not Applicable,Diesel,1995,ICE,Not Applicable,≥4,Statewide,113
11331,2020,T5,3,Diesel,2004,ICE,Not Applicable,≥4,Statewide,2215
11332,2020,T6,4,Diesel,2005,ICE,Not Applicable,≥4,Statewide,2215
11333,2020,T6,7,Diesel,2019,ICE,Not Applicable,≥4,Statewide,2218
11334,2020,B,Not Applicable,Diesel,2005,ICE,Not Applicable,2,Statewide,30
11335,2020,B,Not Applicable,Diesel,2005,ICE,Not Applicable,1,Statewide,30
11336,2020,B,Not Applicable,Diesel,2013,ICE,Not Applicable,1,Statewide,30
11337,2020,T6,4,Natural Gas,2009,ICE,Not Applicable,≥4,Statewide,4
11338,2020,T6,5,Natural Gas,2014,ICE,Not Applicable,≥4,Statewide,4
11339,2020,T6,7,Natural Gas,2020,ICE,Not Applicable,2,Statewide,4
11340,2020,T6,7,Natural Gas,2021,ICE,Not Applicable,2,Statewide,4
11341,2020,T7,8,Natural Gas,2009,ICE,Not Applicable,1,Statewide,4
11342,2020,T7,8,Natural Gas,2010,ICE,Not Applicable,1,Statewide,4
11343,2020,T7,8,Natural Gas,2019,ICE,Not Applicable,2,Statewide,4
11344,2020,BS,Not Applicable,Diesel,1978,ICE,Not Applicable,≥4,Statewide,30
11345,2020,T2,1,Natural Gas,1999,ICE,Not Applicable,≥4,Statewide,6
11346,2020,T7,8,Diesel,1987,ICE,Not Applicable,1,Statewide,30
11347,2020,B,Not Applicable,Gasoline,1997,ICE,Not Applicable,≥4,Statewide,30
11348,2020,T5,3,Diesel,1994,ICE,Not Applicable,3,Statewide,111
11349,2020,T6,6,Diesel,2004,ICE,Not Applicable,≥4,Statewide,2233
11350,2020,BS,Not Applicable,Natural Gas,2021,ICE,Not Applicable,≥4,Statewide,110
11351,2020,T3,Unknown,Gasoline,1998,ICE,Not Applicable,≥4,Statewide,110
11352,2020,T2,Unknown,Gasoline,1982,ICE,Not Applicable,3,Statewide,110
11353,2020,BT,Not Applicable,Gasoline,2012,ICE,Not Applicable,≥4,Statewide,110
11354,2020,B,Not Applicable,Gasoline,2008,ICE,Not Applicable,3,Statewide,110
11355,2020,T6,4,Diesel,2003,ICE,Not Applicable,2,Statewide,110
11356,2020,BT,Not Applicable,Diesel,2007,ICE,Not Applicable,1,Statewide,110
11357,2020,T3,2,Gasoline,2022,ICE,Not Applicable,2,Statewide,2236
11358,2020,MC,Not Applicable,Gasoline,2003,ICE,Not Applicable,3,Statewide,2237
11359,2020,P,Not Applicable,Natural Gas,2014,ICE,Not Applicable,2,Statewide,109
11360,2020,BS,Not Applicable,Natural Gas,2002,ICE,Not Applicable,≥4,Statewide,109
11361,2020,T2,Unknown,Gasoline,1981,ICE,Not Applicable,2,Statewide,109
11362,2020,T2,Unknown,Gasoline,1981,ICE,Not Applicable,3,Statewide,109
11363,2020,T6,7,Diesel,2006,ICE,Not Applicable,2,Statewide,111
11364,2020,MC,Not Applicable,Electric,1998,BEV,Unknown,≥4,Statewide,30
11365,2020,T6,5,Diesel,2016,ICE,Not Applicable,2,Statewide,111
11366,2020,P,Not Applicable,Hydrogen,2021,FCEV,>150 miles,3,Statewide,111
11367,2020,BS,Not Applicable,Gasoline,2019,ICE,Not Applicable,≥4,Statewide,30
11368,2020,MH,Not Applicable,Gasoline,1979,ICE,Not Applicable,1,Statewide,30
11369,2020,T1,Unknown,Gasoline,2003,ICE,Not Applicable,≥4,Statewide,30
11370,2020,T1,Unknown,Gasoline,2006,ICE,Not Applicable,1,Statewide,30
11371,2020,T1,Unknown,Gasoline,2009,ICE,Not Applicable,2,Statewide,30
11372,2020,T2,Unknown,Gasoline,1993,ICE,Not Applicable,3,Statewide,30
11373,2020,T4,Unknown,Gasoline,1983,ICE,Not Applicable,≥4,Statewide,30
11374,2020,T6,6,Gasoline,1979,ICE,Not Applicable,3,Statewide,30
11375,2020,T6,5,Gasoline,1999,ICE,Not Applicable,≥4,Statewide,30
11376,2020,T6,5,Gasoline,2008,ICE,Not Applicable,3,Statewide,30
11377,2020,T6,6,Gasoline,2011,ICE,Not Applicable,1,Statewide,30
11378,2020,T6,5,Gasoline,2017,ICE,Not Applicable,2,Statewide,30
11379,2020,T6,5,Gasoline,2019,ICE,Not Applicable,2,Statewide,30
11380,2020,T6,4,Gasoline,2021,ICE,Not Applicable,2,Statewide,30
11381,2020,BS,Not Applicable,Natural Gas,2003,ICE,Not Applicable,≥4,Statewide,30
11382,2020,T3,Unknown,Gasoline,1991,ICE,Not Applicable,3,Statewide,111
11383,2020,T5,3,Diesel,1996,ICE,Not Applicable,1,Statewide,113
11384,2020,BT,Not Applicable,Natural Gas,2021,ICE,Not Applicable,1,Statewide,6
11385,2020,T3,2,Natural Gas,2005,ICE,Not Applicable,≥4,Statewide,104
11386,2020,P,Not Applicable,Electric,2015,BEV,Unknown,3,Statewide,101
11387,2020,T6,7,Diesel,2011,ICE,Not Applicable,2,Statewide,101
11388,2020,T2,1,Diesel,2018,ICE,Not Applicable,3,Statewide,101
11389,2020,T1,1,Diesel,1989,ICE,Not Applicable,≥4,Statewide,101
11390,2020,P,Not Applicable,Diesel,1983,ICE,Not Applicable,3,Statewide,101
11391,2020,T4,2,Gasoline,2001,ICE,Not Applicable,3,Statewide,2302
11392,2020,P,Not Applicable,Electric,2015,BEV,Unknown,1,Statewide,101
11393,2020,T4,2,Gasoline,2001,ICE,Not Applicable,2,Statewide,2307
11394,2020,T6,6,Gasoline,1988,ICE,Not Applicable,3,Statewide,6
11395,2020,T6,7,Gasoline,1988,ICE,Not Applicable,1,Statewide,6
11396,2020,T6,7,Gasoline,2011,ICE,Not Applicable,≥4,Statewide,100
11397,2020,T4,Unknown,Gasoline,2019,ICE,Not Applicable,2,Statewide,100
11398,2020,T3,Unknown,Gasoline,1994,ICE,Not Applicable,≥4,Statewide,100
11399,2020,T3,Unknown,Gasoline,1978,ICE,Not Applicable,3,Statewide,100
11400,2020,T6,6,Gasoline,1988,ICE,Not Applicable,2,Statewide,6
11401,2020,T3,Unknown,Gasoline,1996,ICE,Not Applicable,≥4,Statewide,101
11402,2020,B,Not Applicable,Natural Gas,2007,ICE,Not Applicable,≥4,Statewide,32
11403,2020,T6,5,Gasoline,2006,ICE,Not Applicable,1,Statewide,32
11404,2020,T6,5,Diesel,1994,ICE,Not Applicable,≥4,Statewide,32
11405,2020,T4,Unknown,Electric,2017,BEV,Unknown,≥4,Statewide,32
11406,2020,BS,Not Applicable,Gasoline,1989,ICE,Not Applicable,≥4,Statewide,32
11407,2020,BT,Not Applicable,Gasoline,2004,ICE,Not Applicable,≥4,Statewide,32
11408,2020,T1,Unknown,Gasoline,1987,ICE,Not Applicable,≥4,Statewide,32
11409,2020,T1,Unknown,Gasoline,2006,ICE,Not Applicable,2,Statewide,32
11410,2020,T1,Unknown,Gasoline,2010,ICE,Not Applicable,≥4,Statewide,32
11411,2020,T4,Unknown,Gasoline,1984,ICE,Not Applicable,≥4,Statewide,32
11412,2020,T4,Unknown,Gasoline,2012,ICE,Not Applicable,3,Statewide,32
11413,2020,T5,3,Gasoline,1990,ICE,Not Applicable,2,Statewide,32
11414,2020,T6,6,Gasoline,1979,ICE,Not Applicable,2,Statewide,32
11415,2020,T6,5,Gasoline,1993,ICE,Not Applicable,≥4,Statewide,32
11416,2020,T6,7,Gasoline,2001,ICE,Not Applicable,≥4,Statewide,32
11417,2020,T6,6,Gasoline,2003,ICE,Not Applicable,1,Statewide,32
11418,2020,T6,6,Gasoline,2004,ICE,Not Applicable,1,Statewide,32
11419,2020,B,Not Applicable,Gasoline,2014,ICE,Not Applicable,1,Statewide,100
11420,2020,T7,8,Diesel,1995,ICE,Not Applicable,2,Statewide,100
11421,2020,BT,Not Applicable,Diesel,1988,ICE,Not Applicable,≥4,Statewide,100
11422,2020,T6,6,Gasoline,1987,ICE,Not Applicable,2,Statewide,6
11423,2020,T4,Unknown,Gasoline,1987,ICE,Not Applicable,≥4,Statewide,6
11424,2020,T3,Unknown,Gasoline,1986,ICE,Not Applicable,3,Statewide,6
11425,2020,T1,Unknown,Gasoline,2011,ICE,Not Applicable,1,Statewide,6
11426,2020,T1,Unknown,Gasoline,2001,ICE,Not Applicable,2,Statewide,6
11427,2020,T1,Unknown,Gasoline,1997,ICE,Not Applicable,1,Statewide,6
11428,2020,T1,Unknown,Gasoline,1991,ICE,Not Applicable,1,Statewide,6
11429,2020,T1,Unknown,Gasoline,1990,ICE,Not Applicable,2,Statewide,6
11430,2020,BT,Not Applicable,Gasoline,2018,ICE,Not Applicable,2,Statewide,6
11431,2020,BT,Not Applicable,Gasoline,2015,ICE,Not Applicable,3,Statewide,6
11432,2020,BT,Not Applicable,Gasoline,2010,ICE,Not Applicable,3,Statewide,6
11433,2020,BT,Not Applicable,Gasoline,2004,ICE,Not Applicable,1,Statewide,6
11434,2020,BT,Not Applicable,Gasoline,1984,ICE,Not Applicable,≥4,Statewide,6
11435,2020,BT,Not Applicable,Gasoline,1979,ICE,Not Applicable,≥4,Statewide,6
11436,2020,BT,Not Applicable,Gasoline,1976,ICE,Not Applicable,1,Statewide,6
11437,2020,BS,Not Applicable,Natural Gas,2018,ICE,Not Applicable,≥4,Statewide,99
11438,2020,T4,Unknown,Gasoline,1994,ICE,Not Applicable,2,Statewide,6
11439,2020,T6,7,Diesel,1991,ICE,Not Applicable,3,Statewide,32
11440,2020,T4,Unknown,Gasoline,1995,ICE,Not Applicable,1,Statewide,6
11441,2020,T4,Unknown,Gasoline,2000,ICE,Not Applicable,2,Statewide,6
11442,2020,MC,Not Applicable,Gasoline,1987,ICE,Not Applicable,≥4,Statewide,2318
11443,2020,T3,2,Gasoline,1996,ICE,Not Applicable,3,Statewide,2318
11444,2020,T6,6,Gasoline,1987,ICE,Not Applicable,3,Statewide,6
11445,2020,T6,Unknown,Gasoline,1986,ICE,Not Applicable,3,Statewide,6
11446,2020,T6,Unknown,Gasoline,1983,ICE,Not Applicable,1,Statewide,6
11447,2020,T6,5,Gasoline,1982,ICE,Not Applicable,1,Statewide,6
11448,2020,T6,Unknown,Gasoline,1981,ICE,Not Applicable,1,Statewide,6
11449,2020,T6,7,Gasoline,1978,ICE,Not Applicable,3,Statewide,6
11450,2020,T6,4,Gasoline,1977,ICE,Not Applicable,2,Statewide,6
11451,2020,T6,5,Gasoline,1977,ICE,Not Applicable,3,Statewide,6
11452,2020,T5,3,Gasoline,2022,ICE,Not Applicable,≥4,Statewide,6
11453,2020,T5,3,Gasoline,1984,ICE,Not Applicable,2,Statewide,6
11454,2020,T4,Unknown,Gasoline,2007,ICE,Not Applicable,2,Statewide,6
11455,2020,T4,Unknown,Gasoline,2004,ICE,Not Applicable,≥4,Statewide,6
11456,2020,T4,Unknown,Gasoline,2003,ICE,Not Applicable,1,Statewide,6
11457,2020,T4,Unknown,Gasoline,1998,ICE,Not Applicable,≥4,Statewide,6
11458,2020,T4,Unknown,Diesel,1989,ICE,Not Applicable,≥4,Statewide,32
11459,2020,T3,2,Diesel,2003,ICE,Not Applicable,≥4,Statewide,32
11460,2020,T3,2,Diesel,1990,ICE,Not Applicable,1,Statewide,32
11461,2020,T6,4,Gasoline,2015,ICE,Not Applicable,3,Statewide,6
11462,2020,T6,7,Gasoline,2011,ICE,Not Applicable,2,Statewide,6
11463,2020,T6,6,Gasoline,2010,ICE,Not Applicable,1,Statewide,6
11464,2020,T6,6,Gasoline,2009,ICE,Not Applicable,3,Statewide,6
11465,2020,T6,5,Gasoline,2002,ICE,Not Applicable,≥4,Statewide,6
11466,2020,T7,8,Natural Gas,2011,ICE,Not Applicable,≥4,Statewide,103
11467,2020,BT,Not Applicable,Natural Gas,2002,ICE,Not Applicable,≥4,Statewide,103
11468,2020,T6,4,Gasoline,2002,ICE,Not Applicable,3,Statewide,103
11469,2020,T6,4,Gasoline,2000,ICE,Not Applicable,3,Statewide,103
11470,2020,T6,7,Gasoline,1995,ICE,Not Applicable,≥4,Statewide,103
11471,2020,T6,6,Gasoline,1979,ICE,Not Applicable,1,Statewide,103
11472,2020,MH,Not Applicable,Gasoline,2014,ICE,Not Applicable,3,Statewide,103
11473,2020,BS,Not Applicable,Gasoline,1979,ICE,Not Applicable,≥4,Statewide,103
11474,2020,B,Not Applicable,Gasoline,2008,ICE,Not Applicable,2,Statewide,103
11475,2020,T6,7,Diesel,2004,ICE,Not Applicable,3,Statewide,103
11476,2020,T6,5,Gasoline,2022,ICE,Not Applicable,3,Statewide,6
11477,2020,T6,7,Diesel,2002,ICE,Not Applicable,1,Statewide,103
11478,2020,T6,4,Gasoline,2022,ICE,Not Applicable,2,Statewide,6
11479,2020,T7,8,Gasoline,1994,ICE,Not Applicable,≥4,Statewide,6
11480,2020,P,Not Applicable,Natural Gas,2014,ICE,Not Applicable,3,Statewide,104
11481,2020,T1,Unknown,Gasoline,2012,ICE,Not Applicable,1,Statewide,104
11482,2020,T7,8,Diesel,1992,ICE,Not Applicable,1,Statewide,104
11483,2020,T3,Unknown,Diesel,2014,ICE,Not Applicable,1,Statewide,104
11484,2020,T3,2,Diesel,2010,ICE,Not Applicable,3,Statewide,104
11485,2020,B,Not Applicable,Diesel,1997,ICE,Not Applicable,≥4,Statewide,104
11486,2020,BS,Not Applicable,Natural Gas,2021,ICE,Not Applicable,2,Statewide,6
11487,2020,T3,2,Gasoline,1982,ICE,Not Applicable,≥4,Statewide,2280
11488,2020,BS,Not Applicable,Natural Gas,2019,ICE,Not Applicable,1,Statewide,6
11489,2020,T1,1,Gasoline,1990,ICE,Not Applicable,2,Statewide,2282
11490,2020,BS,Not Applicable,Natural Gas,2004,ICE,Not Applicable,1,Statewide,6
11491,2020,BS,Not Applicable,Natural Gas,2004,ICE,Not Applicable,2,Statewide,6
11492,2020,B,Not Applicable,Natural Gas,2003,ICE,Not Applicable,≥4,Statewide,6
11493,2020,T2,1,Hydrogen,2020,FCEV,>150 miles,≥4,Statewide,6
11494,2020,T7,8,Gasoline,2007,ICE,Not Applicable,≥4,Statewide,6
11495,2020,T7,8,Gasoline,1981,ICE,Not Applicable,1,Statewide,6
11496,2020,BT,Not Applicable,Natural Gas,2010,ICE,Not Applicable,1,Statewide,6
11497,2020,T6,5,Diesel,2000,ICE,Not Applicable,≥4,Statewide,103
11498,2020,P,Not Applicable,Diesel,1991,ICE,Not Applicable,2,Statewide,103
11499,2020,P,Not Applicable,Gasoline,1986,ICE,Not Applicable,≥4,Statewide,3722
11500,2020,P,Not Applicable,Natural Gas,2004,ICE,Not Applicable,≥4,Statewide,102
11501,2020,T6,6,Gasoline,1986,ICE,Not Applicable,≥4,Statewide,102
11502,2020,T6,7,Gasoline,1976,ICE,Not Applicable,1,Statewide,102
11503,2020,T2,Unknown,Gasoline,1982,ICE,Not Applicable,2,Statewide,102
11504,2020,T6,7,Diesel,2000,ICE,Not Applicable,2,Statewide,102
11505,2020,T6,6,Diesel,1999,ICE,Not Applicable,1,Statewide,102
11506,2020,T2,1,Diesel,2018,ICE,Not Applicable,≥4,Statewide,102
11507,2020,T1,1,Diesel,1987,ICE,Not Applicable,1,Statewide,102
11508,2020,T3,Unknown,Gasoline,2017,ICE,Not Applicable,≥4,Statewide,2295
11509,2020,P,Not Applicable,Diesel,1997,ICE,Not Applicable,2,Statewide,32
11510,2020,T1,1,Diesel,1986,ICE,Not Applicable,3,Statewide,32
11511,2020,T1,1,Diesel,1989,ICE,Not Applicable,1,Statewide,32
11512,2020,T2,1,Diesel,2016,ICE,Not Applicable,2,Statewide,32
11513,2020,T3,2,Diesel,1990,ICE,Not Applicable,2,Statewide,32
11514,2020,T4,2,Diesel,2006,ICE,Not Applicable,1,Statewide,3724
11515,2020,T3,Unknown,Diesel,2015,ICE,Not Applicable,3,Statewide,103
11516,2020,T6,4,Gasoline,1989,ICE,Not Applicable,≥4,Statewide,6
11517,2020,MH,Not Applicable,Gasoline,2009,ICE,Not Applicable,≥4,Statewide,3736
11518,2020,MH,Not Applicable,Diesel,2002,ICE,Not Applicable,1,Statewide,103
11519,2020,T6,7,Gasoline,2002,ICE,Not Applicable,3,Statewide,6
11520,2020,T6,7,Gasoline,2001,ICE,Not Applicable,1,Statewide,6
11521,2020,T6,7,Gasoline,2001,ICE,Not Applicable,2,Statewide,6
11522,2020,T6,7,Gasoline,2000,ICE,Not Applicable,3,Statewide,6
11523,2020,T6,5,Gasoline,1998,ICE,Not Applicable,1,Statewide,6
11524,2020,T6,5,Gasoline,1998,ICE,Not Applicable,2,Statewide,6
11525,2020,T6,7,Gasoline,1995,ICE,Not Applicable,2,Statewide,6
11526,2020,T6,7,Gasoline,1995,ICE,Not Applicable,3,Statewide,6
11527,2020,T6,Unknown,Gasoline,1994,ICE,Not Applicable,≥4,Statewide,6
11528,2020,T6,6,Gasoline,1993,ICE,Not Applicable,2,Statewide,6
11529,2020,T6,4,Gasoline,1992,ICE,Not Applicable,2,Statewide,6
11530,2020,T6,7,Gasoline,1992,ICE,Not Applicable,2,Statewide,6
11531,2020,T6,5,Gasoline,1991,ICE,Not Applicable,1,Statewide,6
11532,2020,T6,7,Gasoline,1990,ICE,Not Applicable,3,Statewide,6
11533,2020,T6,Unknown,Gasoline,1989,ICE,Not Applicable,≥4,Statewide,6
11534,2020,T6,6,Diesel,2014,ICE,Not Applicable,3,Statewide,113
11535,2020,B,Not Applicable,Gasoline,2013,ICE,Not Applicable,3,Statewide,113
11536,2020,BS,Not Applicable,Gasoline,1976,ICE,Not Applicable,3,Statewide,113
11537,2020,T6,5,Gasoline,1983,ICE,Not Applicable,1,Statewide,4
11538,2020,T6,7,Gasoline,1984,ICE,Not Applicable,2,Statewide,4
11539,2020,BS,Not Applicable,Diesel,1991,ICE,Not Applicable,1,Statewide,29
11540,2020,BS,Not Applicable,Diesel,2011,ICE,Not Applicable,3,Statewide,29
11541,2020,BS,Not Applicable,Diesel,2022,ICE,Not Applicable,1,Statewide,29
11542,2020,T1,1,Diesel,1990,ICE,Not Applicable,1,Statewide,29
11543,2020,P,Not Applicable,Electric,2018,BEV,101 to 150 miles,1,Statewide,2155
11544,2020,T2,1,Diesel,2014,ICE,Not Applicable,2,Statewide,29
11545,2020,T6,5,Gasoline,1986,ICE,Not Applicable,3,Statewide,4
11546,2020,T6,Unknown,Gasoline,1986,ICE,Not Applicable,2,Statewide,4
11547,2020,T6,5,Gasoline,1988,ICE,Not Applicable,1,Statewide,4
11548,2020,T3,2,Diesel,2001,ICE,Not Applicable,3,Statewide,29
11549,2020,T3,Unknown,Diesel,2013,ICE,Not Applicable,3,Statewide,29
11550,2020,T4,Unknown,Diesel,1996,ICE,Not Applicable,≥4,Statewide,29
11551,2020,T6,5,Gasoline,1985,ICE,Not Applicable,1,Statewide,4
11552,2020,B,Not Applicable,Diesel,2018,ICE,Not Applicable,1,Statewide,29
11553,2020,B,Not Applicable,Diesel,1986,ICE,Not Applicable,≥4,Statewide,29
11554,2020,T7,8,Diesel,1993,ICE,Not Applicable,1,Statewide,123
11555,2020,T6,7,Gasoline,1978,ICE,Not Applicable,2,Statewide,4
11556,2020,T6,5,Gasoline,1978,ICE,Not Applicable,2,Statewide,4
11557,2020,T6,Unknown,Gasoline,1978,ICE,Not Applicable,1,Statewide,4
11558,2020,T6,5,Gasoline,1979,ICE,Not Applicable,3,Statewide,4
11559,2020,T6,4,Gasoline,1979,ICE,Not Applicable,1,Statewide,4
11560,2020,T6,Unknown,Gasoline,1979,ICE,Not Applicable,1,Statewide,4
11561,2020,T6,Unknown,Gasoline,1980,ICE,Not Applicable,1,Statewide,4
11562,2020,T6,5,Gasoline,1981,ICE,Not Applicable,2,Statewide,4
11563,2020,T5,3,Diesel,2012,ICE,Not Applicable,≥4,Statewide,3889
11564,2020,T4,2,Gasoline,2012,ICE,Not Applicable,2,Statewide,3875
11565,2020,P,Not Applicable,Gasoline,1983,ICE,Not Applicable,≥4,Statewide,3874
11566,2020,T2,Unknown,Gasoline,1982,ICE,Not Applicable,1,Statewide,123
11567,2020,T2,1,Gasoline,1982,ICE,Not Applicable,1,Statewide,123
11568,2020,MH,Not Applicable,Gasoline,1986,ICE,Not Applicable,2,Statewide,123
11569,2020,T1,1,Electric,2017,BEV,101 to 150 miles,2,Statewide,123
11570,2020,T6,4,Diesel,1993,ICE,Not Applicable,1,Statewide,29
11571,2020,T6,6,Diesel,1994,ICE,Not Applicable,1,Statewide,29
11572,2020,T6,7,Diesel,1998,ICE,Not Applicable,3,Statewide,29
11573,2020,T6,5,Diesel,1998,ICE,Not Applicable,1,Statewide,29
11574,2020,T3,Unknown,Gasoline,1990,ICE,Not Applicable,2,Statewide,29
11575,2020,T6,5,Gasoline,1989,ICE,Not Applicable,2,Statewide,4
11576,2020,T4,Unknown,Gasoline,1982,ICE,Not Applicable,≥4,Statewide,29
11577,2020,T4,Unknown,Gasoline,2018,ICE,Not Applicable,2,Statewide,29
11578,2020,T6,6,Gasoline,1978,ICE,Not Applicable,2,Statewide,29
11579,2020,T6,Unknown,Gasoline,1987,ICE,Not Applicable,≥4,Statewide,29
11580,2020,T6,5,Gasoline,1992,ICE,Not Applicable,≥4,Statewide,29
11581,2020,T6,4,Gasoline,1997,ICE,Not Applicable,2,Statewide,29
11582,2020,T6,6,Gasoline,2001,ICE,Not Applicable,1,Statewide,29
11583,2020,P,Not Applicable,Natural Gas,2011,ICE,Not Applicable,1,Statewide,29
11584,2020,T4,2,Natural Gas,2007,ICE,Not Applicable,1,Statewide,29
11585,2020,T6,5,Gasoline,1992,ICE,Not Applicable,1,Statewide,4
11586,2020,T6,5,Gasoline,1993,ICE,Not Applicable,1,Statewide,4
11587,2020,T6,5,Gasoline,1995,ICE,Not Applicable,3,Statewide,4
11588,2020,T6,7,Gasoline,1996,ICE,Not Applicable,3,Statewide,4
11589,2020,T6,7,Gasoline,1989,ICE,Not Applicable,3,Statewide,4
11590,2020,T6,7,Gasoline,1977,ICE,Not Applicable,2,Statewide,4
11591,2020,T3,2,Diesel,2020,ICE,Not Applicable,3,Statewide,2165
11592,2020,T2,Unknown,Gasoline,1989,ICE,Not Applicable,1,Statewide,29
11593,2020,T6,Unknown,Diesel,2002,ICE,Not Applicable,≥4,Statewide,29
11594,2020,T6,5,Diesel,2003,ICE,Not Applicable,3,Statewide,29
11595,2020,T6,4,Diesel,2016,ICE,Not Applicable,3,Statewide,29
11596,2020,T4,2,Gasoline,1981,ICE,Not Applicable,1,Statewide,122
11597,2020,T1,Unknown,Gasoline,1982,ICE,Not Applicable,1,Statewide,122
11598,2020,T1,Unknown,Gasoline,1980,ICE,Not Applicable,1,Statewide,122
11599,2020,T6,7,Diesel,2009,ICE,Not Applicable,1,Statewide,122
11600,2020,T6,4,Diesel,2000,ICE,Not Applicable,2,Statewide,122
11601,2020,T1,1,Diesel,1988,ICE,Not Applicable,≥4,Statewide,122
11602,2020,P,Not Applicable,Diesel,2000,ICE,Not Applicable,2,Statewide,122
11603,2020,P,Not Applicable,Diesel,1983,ICE,Not Applicable,1,Statewide,122
11604,2020,T6,Unknown,Gasoline,1988,ICE,Not Applicable,≥4,Statewide,4
11605,2020,T3,Unknown,Electric,2007,BEV,Unknown,2,Statewide,29
11606,2020,BS,Not Applicable,Gasoline,1994,ICE,Not Applicable,≥4,Statewide,29
11607,2020,BS,Not Applicable,Gasoline,2005,ICE,Not Applicable,≥4,Statewide,29
11608,2020,T2,Unknown,Gasoline,1995,ICE,Not Applicable,2,Statewide,29
11609,2020,T7,8,Diesel,2000,ICE,Not Applicable,≥4,Statewide,2150
11610,2020,T3,Unknown,Gasoline,1981,ICE,Not Applicable,3,Statewide,124
11611,2020,T6,7,Gasoline,1990,ICE,Not Applicable,≥4,Statewide,124
11612,2020,MH,Not Applicable,Gasoline,1977,ICE,Not Applicable,≥4,Statewide,127
11613,2020,B,Not Applicable,Gasoline,2002,ICE,Not Applicable,≥4,Statewide,127
11614,2020,T1,1,Electric,2018,BEV,101 to 150 miles,2,Statewide,127
11615,2020,T6,Unknown,Diesel,2018,ICE,Not Applicable,≥4,Statewide,127
11616,2020,T6,7,Diesel,1984,ICE,Not Applicable,≥4,Statewide,127
11617,2020,T3,Unknown,Diesel,2015,ICE,Not Applicable,1,Statewide,127
11618,2020,P,Not Applicable,Diesel,1976,ICE,Not Applicable,≥4,Statewide,127
11619,2020,BT,Not Applicable,Gasoline,1980,ICE,Not Applicable,1,Statewide,4
11620,2020,BT,Not Applicable,Gasoline,1990,ICE,Not Applicable,1,Statewide,4
11621,2020,BT,Not Applicable,Gasoline,1995,ICE,Not Applicable,1,Statewide,4
11622,2020,BT,Not Applicable,Gasoline,2007,ICE,Not Applicable,1,Statewide,4
11623,2020,BT,Not Applicable,Gasoline,2010,ICE,Not Applicable,1,Statewide,4
11624,2020,BT,Not Applicable,Gasoline,2020,ICE,Not Applicable,2,Statewide,4
11625,2020,T1,Unknown,Gasoline,1990,ICE,Not Applicable,1,Statewide,4
11626,2020,T1,Unknown,Gasoline,1995,ICE,Not Applicable,2,Statewide,4
11627,2020,T1,Unknown,Gasoline,1980,ICE,Not Applicable,2,Statewide,127
11628,2020,T1,Unknown,Gasoline,1997,ICE,Not Applicable,3,Statewide,4
11629,2020,T1,Unknown,Gasoline,1981,ICE,Not Applicable,3,Statewide,127
11630,2020,BS,Not Applicable,Gasoline,2020,ICE,Not Applicable,3,Statewide,4
11631,2020,BS,Not Applicable,Gasoline,1985,ICE,Not Applicable,3,Statewide,4
11632,2020,BS,Not Applicable,Gasoline,1985,ICE,Not Applicable,1,Statewide,4
11633,2020,BS,Not Applicable,Gasoline,1986,ICE,Not Applicable,3,Statewide,4
11634,2020,T3,Unknown,Gasoline,2001,ICE,Not Applicable,2,Statewide,128
11635,2020,T2,Unknown,Gasoline,1984,ICE,Not Applicable,2,Statewide,128
11636,2020,T6,4,Diesel,2019,ICE,Not Applicable,1,Statewide,128
11637,2020,T5,3,Diesel,1997,ICE,Not Applicable,1,Statewide,128
11638,2020,T3,Unknown,Diesel,2014,ICE,Not Applicable,≥4,Statewide,128
11639,2020,BS,Not Applicable,Gasoline,1989,ICE,Not Applicable,1,Statewide,4
11640,2020,BS,Not Applicable,Gasoline,1992,ICE,Not Applicable,2,Statewide,4
11641,2020,BS,Not Applicable,Gasoline,1995,ICE,Not Applicable,1,Statewide,4
11642,2020,T2,Unknown,Gasoline,1976,ICE,Not Applicable,2,Statewide,2126
11643,2020,BS,Not Applicable,Gasoline,2006,ICE,Not Applicable,3,Statewide,4
11644,2020,BS,Not Applicable,Gasoline,2014,ICE,Not Applicable,2,Statewide,4
11645,2020,BS,Not Applicable,Gasoline,2017,ICE,Not Applicable,3,Statewide,4
11646,2020,T4,Unknown,Gasoline,2019,ICE,Not Applicable,1,Statewide,127
11647,2020,T6,5,Gasoline,1996,ICE,Not Applicable,1,Statewide,4
11648,2020,T6,4,Gasoline,2012,ICE,Not Applicable,1,Statewide,126
11649,2020,T5,3,Gasoline,1995,ICE,Not Applicable,1,Statewide,126
11650,2020,T5,3,Diesel,1994,ICE,Not Applicable,1,Statewide,125
11651,2020,T4,Unknown,Gasoline,1995,ICE,Not Applicable,3,Statewide,4
11652,2020,P,Not Applicable,Diesel,2020,ICE,Not Applicable,3,Statewide,2141
11653,2020,T4,Unknown,Gasoline,1998,ICE,Not Applicable,2,Statewide,4
11654,2020,T4,Unknown,Gasoline,2000,ICE,Not Applicable,3,Statewide,4
11655,2020,T4,Unknown,Gasoline,2002,ICE,Not Applicable,1,Statewide,4
11656,2020,T4,Unknown,Gasoline,2006,ICE,Not Applicable,1,Statewide,4
11657,2020,T4,Unknown,Gasoline,2009,ICE,Not Applicable,3,Statewide,4
11658,2020,T4,Unknown,Gasoline,2009,ICE,Not Applicable,1,Statewide,4
11659,2020,T5,3,Gasoline,1979,ICE,Not Applicable,≥4,Statewide,4
11660,2020,T5,3,Gasoline,1984,ICE,Not Applicable,3,Statewide,4
11661,2020,T5,3,Gasoline,1988,ICE,Not Applicable,3,Statewide,4
11662,2020,T6,7,Gasoline,1977,ICE,Not Applicable,3,Statewide,4
11663,2020,P,Not Applicable,Gasoline,1980,ICE,Not Applicable,≥4,Statewide,3922
11664,2020,T6,6,Gasoline,2010,ICE,Not Applicable,≥4,Statewide,124
11665,2020,T6,4,Diesel,2003,ICE,Not Applicable,1,Statewide,125
11666,2020,T6,4,Gasoline,2006,ICE,Not Applicable,2,Statewide,126
11667,2020,B,Not Applicable,Gasoline,2004,ICE,Not Applicable,1,Statewide,125
11668,2020,T1,Unknown,Gasoline,1982,ICE,Not Applicable,2,Statewide,125
11669,2020,T1,Unknown,Gasoline,2008,ICE,Not Applicable,1,Statewide,126
11670,2020,B,Not Applicable,Gasoline,2009,ICE,Not Applicable,3,Statewide,126
11671,2020,T1,1,Electric,2005,BEV,Unknown,≥4,Statewide,126
11672,2020,T7,8,Diesel,1999,ICE,Not Applicable,3,Statewide,126
11673,2020,T6,7,Diesel,2013,ICE,Not Applicable,3,Statewide,126
11674,2020,T6,7,Diesel,2001,ICE,Not Applicable,1,Statewide,126
11675,2020,T5,3,Diesel,1997,ICE,Not Applicable,2,Statewide,126
11676,2020,T1,Unknown,Gasoline,2019,ICE,Not Applicable,≥4,Statewide,4
11677,2020,T7,8,Diesel,2001,ICE,Not Applicable,≥4,Statewide,2136
11678,2020,T3,Unknown,Gasoline,2022,PHEV,0 to 50 miles,≥4,Statewide,4
11679,2020,T4,Unknown,Gasoline,1986,ICE,Not Applicable,1,Statewide,4
11680,2020,T4,Unknown,Gasoline,1991,ICE,Not Applicable,2,Statewide,4
11681,2020,T4,Unknown,Gasoline,1991,ICE,Not Applicable,1,Statewide,4
11682,2020,T4,Unknown,Gasoline,1992,ICE,Not Applicable,1,Statewide,4
11683,2020,T2,1,Gasoline,1985,ICE,Not Applicable,2,Statewide,125
11684,2020,BS,Not Applicable,Gasoline,2009,ICE,Not Applicable,≥4,Statewide,125
11685,2020,T6,7,Gasoline,1997,ICE,Not Applicable,3,Statewide,4
11686,2020,T6,4,Gasoline,2010,ICE,Not Applicable,1,Statewide,121
11687,2020,T6,4,Gasoline,2000,ICE,Not Applicable,1,Statewide,121
11688,2020,B,Not Applicable,Gasoline,2003,ICE,Not Applicable,≥4,Statewide,116
11689,2020,P,Not Applicable,Electric,2016,BEV,Unknown,≥4,Statewide,116
11690,2020,T7,8,Diesel,1994,ICE,Not Applicable,2,Statewide,116
11691,2020,T6,5,Diesel,2018,ICE,Not Applicable,3,Statewide,116
11692,2020,T6,7,Diesel,2017,ICE,Not Applicable,1,Statewide,116
11693,2020,P,Not Applicable,Diesel,1991,ICE,Not Applicable,1,Statewide,116
11694,2020,BT,Not Applicable,Natural Gas,2007,ICE,Not Applicable,2,Statewide,4
11695,2020,T4,2,Diesel,2014,ICE,Not Applicable,≥4,Statewide,2197
11696,2020,P,Not Applicable,Diesel,2016,ICE,Not Applicable,≥4,Statewide,2198
11697,2020,BT,Not Applicable,Natural Gas,2008,ICE,Not Applicable,2,Statewide,4
11698,2020,BT,Not Applicable,Natural Gas,2018,ICE,Not Applicable,3,Statewide,4
11699,2020,T2,1,Natural Gas,2000,ICE,Not Applicable,≥4,Statewide,4
11700,2020,T2,Unknown,Natural Gas,2007,ICE,Not Applicable,≥4,Statewide,4
11701,2020,T2,Unknown,Natural Gas,2007,ICE,Not Applicable,1,Statewide,4
11702,2020,T3,Unknown,Gasoline,2000,ICE,Not Applicable,2,Statewide,115
11703,2020,MH,Not Applicable,Gasoline,2015,ICE,Not Applicable,2,Statewide,116
11704,2020,T1,Unknown,Gasoline,1985,ICE,Not Applicable,1,Statewide,115
11705,2020,T1,Unknown,Gasoline,1981,ICE,Not Applicable,1,Statewide,116
11706,2020,T1,Unknown,Gasoline,2008,ICE,Not Applicable,2,Statewide,116
11707,2020,T7,8,Gasoline,2018,ICE,Not Applicable,≥4,Statewide,4
11708,2020,B,Not Applicable,Natural Gas,2002,ICE,Not Applicable,≥4,Statewide,4
11709,2020,B,Not Applicable,Natural Gas,2008,ICE,Not Applicable,1,Statewide,4
11710,2020,B,Not Applicable,Natural Gas,2009,ICE,Not Applicable,2,Statewide,4
11711,2020,B,Not Applicable,Natural Gas,2022,ICE,Not Applicable,≥4,Statewide,4
11712,2020,BS,Not Applicable,Natural Gas,1997,ICE,Not Applicable,≥4,Statewide,4
11713,2020,BS,Not Applicable,Natural Gas,2007,ICE,Not Applicable,1,Statewide,4
11714,2020,BS,Not Applicable,Natural Gas,2009,ICE,Not Applicable,1,Statewide,4
11715,2020,BS,Not Applicable,Natural Gas,2010,ICE,Not Applicable,1,Statewide,4
11716,2020,BS,Not Applicable,Natural Gas,2019,ICE,Not Applicable,3,Statewide,4
11717,2020,BS,Not Applicable,Natural Gas,2020,ICE,Not Applicable,2,Statewide,4
11718,2020,BS,Not Applicable,Natural Gas,2021,ICE,Not Applicable,1,Statewide,4
11719,2020,BT,Not Applicable,Natural Gas,2003,ICE,Not Applicable,2,Statewide,4
11720,2020,P,Not Applicable,Natural Gas,2016,ICE,Not Applicable,1,Statewide,116
11721,2020,T3,Unknown,Gasoline,2021,PHEV,0 to 50 miles,2,Statewide,116
11722,2020,T1,1,Gasoline,1982,ICE,Not Applicable,3,Statewide,116
11723,2020,MH,Not Applicable,Gasoline,2010,ICE,Not Applicable,≥4,Statewide,2195
11724,2020,T6,6,Diesel,2016,ICE,Not Applicable,2,Statewide,115
11725,2020,MH,Not Applicable,Diesel,2018,ICE,Not Applicable,2,Statewide,115
11726,2020,T4,2,Diesel,2019,ICE,Not Applicable,2,Statewide,2210
11727,2020,T1,1,Gasoline,1993,ICE,Not Applicable,2,Statewide,3851
11728,2020,P,Not Applicable,Gasoline,2018,PHEV,0 to 50 miles,≥4,Statewide,3846
11729,2020,T4,2,Natural Gas,2002,ICE,Not Applicable,1,Statewide,4
11730,2020,T4,2,Natural Gas,2003,ICE,Not Applicable,3,Statewide,4
11731,2020,T4,2,Natural Gas,2020,ICE,Not Applicable,2,Statewide,4
11732,2020,T5,3,Natural Gas,2019,ICE,Not Applicable,≥4,Statewide,4
11733,2020,T6,6,Natural Gas,2006,ICE,Not Applicable,≥4,Statewide,4
11734,2020,T6,6,Natural Gas,2007,ICE,Not Applicable,≥4,Statewide,4
11735,2020,BS,Not Applicable,Natural Gas,2020,ICE,Not Applicable,≥4,Statewide,113
11736,2020,T6,4,Gasoline,2011,ICE,Not Applicable,2,Statewide,113
11737,2020,T6,6,Gasoline,1978,ICE,Not Applicable,1,Statewide,113
11738,2020,T5,3,Gasoline,2014,ICE,Not Applicable,3,Statewide,113
11739,2020,T1,1,Gasoline,1982,ICE,Not Applicable,1,Statewide,113
11740,2020,BS,Not Applicable,Gasoline,2010,ICE,Not Applicable,≥4,Statewide,113
11741,2020,T2,Unknown,Gasoline,2012,ICE,Not Applicable,≥4,Statewide,2209
11742,2020,T6,7,Diesel,2005,ICE,Not Applicable,2,Statewide,115
11743,2020,T4,2,Gasoline,2004,ICE,Not Applicable,3,Statewide,3852
11744,2020,T6,6,Diesel,2000,ICE,Not Applicable,3,Statewide,114
11745,2020,MH,Not Applicable,Diesel,1994,ICE,Not Applicable,≥4,Statewide,115
11746,2020,T2,Unknown,Natural Gas,2016,ICE,Not Applicable,≥4,Statewide,4
11747,2020,T3,2,Natural Gas,2003,ICE,Not Applicable,2,Statewide,4
11748,2020,T3,2,Natural Gas,2018,ICE,Not Applicable,2,Statewide,4
11749,2020,T3,2,Natural Gas,2018,ICE,Not Applicable,1,Statewide,4
11750,2020,T4,2,Natural Gas,1999,ICE,Not Applicable,≥4,Statewide,4
11751,2020,MC,Not Applicable,Gasoline,2000,ICE,Not Applicable,≥4,Statewide,3868
11752,2020,T4,2,Diesel,2012,ICE,Not Applicable,3,Statewide,3863
11753,2020,T7,8,Natural Gas,2010,ICE,Not Applicable,≥4,Statewide,114
11754,2020,BT,Not Applicable,Natural Gas,2016,ICE,Not Applicable,≥4,Statewide,114
11755,2020,T6,7,Gasoline,2013,ICE,Not Applicable,≥4,Statewide,114
11756,2020,T3,Unknown,Gasoline,1991,ICE,Not Applicable,2,Statewide,114
11757,2020,P,Not Applicable,Gasoline,2022,PHEV,0 to 50 miles,3,Statewide,114
11758,2020,T1,1,Electric,2018,BEV,101 to 150 miles,1,Statewide,114
11759,2020,T6,5,Diesel,2007,ICE,Not Applicable,2,Statewide,114
11760,2020,T4,2,Gasoline,1976,ICE,Not Applicable,≥4,Statewide,3854
11761,2020,T6,4,Gasoline,2008,ICE,Not Applicable,2,Statewide,99
11762,2020,T7,8,Gasoline,2014,ICE,Not Applicable,≥4,Statewide,4
11763,2020,MH,Not Applicable,Diesel,2000,ICE,Not Applicable,3,Statewide,117
11764,2020,B,Not Applicable,Gasoline,2009,ICE,Not Applicable,2,Statewide,120
11765,2020,T6,6,Diesel,2018,ICE,Not Applicable,3,Statewide,120
11766,2020,T6,6,Diesel,2001,ICE,Not Applicable,2,Statewide,120
11767,2020,BT,Not Applicable,Diesel,2018,ICE,Not Applicable,1,Statewide,120
11768,2020,P,Not Applicable,Gasoline,1980,ICE,Not Applicable,1,Statewide,2171
11769,2020,T4,2,Gasoline,2001,ICE,Not Applicable,1,Statewide,2174
11770,2020,T6,7,Gasoline,2008,ICE,Not Applicable,1,Statewide,4
11771,2020,T6,7,Gasoline,2010,ICE,Not Applicable,3,Statewide,4
11772,2020,T6,7,Gasoline,2010,ICE,Not Applicable,1,Statewide,4
11773,2020,T6,7,Gasoline,2011,ICE,Not Applicable,1,Statewide,4
11774,2020,T6,Unknown,Gasoline,2011,ICE,Not Applicable,≥4,Statewide,4
11775,2020,T6,7,Gasoline,2013,ICE,Not Applicable,2,Statewide,4
11776,2020,T6,7,Gasoline,2013,ICE,Not Applicable,1,Statewide,4
11777,2020,T6,6,Gasoline,2013,ICE,Not Applicable,3,Statewide,4
11778,2020,T6,7,Gasoline,2014,ICE,Not Applicable,3,Statewide,4
11779,2020,T6,4,Gasoline,2009,ICE,Not Applicable,1,Statewide,120
11780,2020,BS,Not Applicable,Natural Gas,2005,ICE,Not Applicable,≥4,Statewide,119
11781,2020,T6,Unknown,Gasoline,2007,ICE,Not Applicable,≥4,Statewide,4
11782,2020,T6,5,Gasoline,2000,ICE,Not Applicable,2,Statewide,4
11783,2020,T6,6,Gasoline,1993,ICE,Not Applicable,≥4,Statewide,121
11784,2020,T2,1,Gasoline,1982,ICE,Not Applicable,2,Statewide,121
11785,2020,T1,1,Gasoline,1981,ICE,Not Applicable,3,Statewide,121
11786,2020,T7,8,Diesel,1997,ICE,Not Applicable,1,Statewide,121
11787,2020,T7,8,Diesel,1996,ICE,Not Applicable,1,Statewide,121
11788,2020,T6,6,Diesel,2020,ICE,Not Applicable,2,Statewide,121
11789,2020,T6,4,Diesel,2001,ICE,Not Applicable,1,Statewide,121
11790,2020,T6,6,Diesel,2000,ICE,Not Applicable,2,Statewide,121
11791,2020,T2,Unknown,Diesel,2018,ICE,Not Applicable,3,Statewide,121
11792,2020,T2,1,Diesel,1987,ICE,Not Applicable,≥4,Statewide,121
11793,2020,T4,2,Gasoline,2000,ICE,Not Applicable,2,Statewide,2168
11794,2020,T1,1,Gasoline,1990,ICE,Not Applicable,3,Statewide,2169
11795,2020,T6,7,Gasoline,1998,ICE,Not Applicable,1,Statewide,4
11796,2020,T5,3,Gasoline,2008,ICE,Not Applicable,≥4,Statewide,2170
11797,2020,T6,7,Gasoline,1999,ICE,Not Applicable,3,Statewide,4
11798,2020,T6,7,Gasoline,2003,ICE,Not Applicable,2,Statewide,4
11799,2020,T6,6,Diesel,2019,ICE,Not Applicable,≥4,Statewide,2189
11800,2020,T6,4,Gasoline,2007,ICE,Not Applicable,2,Statewide,119
11801,2020,MH,Not Applicable,Gasoline,1980,ICE,Not Applicable,≥4,Statewide,119
11802,2020,T7,8,Gasoline,1997,ICE,Not Applicable,≥4,Statewide,4
11803,2020,T7,8,Gasoline,2001,ICE,Not Applicable,≥4,Statewide,4
11804,2020,T7,8,Gasoline,2005,ICE,Not Applicable,≥4,Statewide,4
11805,2020,T3,2,Natural Gas,2007,ICE,Not Applicable,≥4,Statewide,117
11806,2020,T5,3,Gasoline,1998,ICE,Not Applicable,1,Statewide,117
11807,2020,T4,2,Gasoline,1982,ICE,Not Applicable,3,Statewide,117
11808,2020,T2,Unknown,Gasoline,2001,ICE,Not Applicable,2,Statewide,117
11809,2020,T1,Unknown,Gasoline,2012,ICE,Not Applicable,≥4,Statewide,117
11810,2020,T1,Unknown,Gasoline,2008,ICE,Not Applicable,≥4,Statewide,117
11811,2020,T1,Unknown,Gasoline,1985,ICE,Not Applicable,2,Statewide,117
11812,2020,T1,Unknown,Gasoline,1981,ICE,Not Applicable,2,Statewide,117
11813,2020,B,Not Applicable,Gasoline,1976,ICE,Not Applicable,1,Statewide,117
11814,2020,T6,5,Diesel,2004,ICE,Not Applicable,2,Statewide,117
11815,2020,T2,1,Diesel,2018,ICE,Not Applicable,2,Statewide,117
11816,2020,MH,Not Applicable,Diesel,2003,ICE,Not Applicable,2,Statewide,117
11817,2020,T7,8,Gasoline,1996,ICE,Not Applicable,≥4,Statewide,4
11818,2020,T5,3,Gasoline,2015,ICE,Not Applicable,1,Statewide,119
11819,2020,T7,8,Gasoline,1986,ICE,Not Applicable,1,Statewide,4
11820,2020,MH,Not Applicable,Diesel,2003,ICE,Not Applicable,1,Statewide,118
11821,2020,P,Not Applicable,Electric,2015,BEV,Unknown,2,Statewide,119
11822,2020,T6,7,Diesel,2013,ICE,Not Applicable,2,Statewide,119
11823,2020,T6,6,Gasoline,2017,ICE,Not Applicable,3,Statewide,4
11824,2020,T6,6,Gasoline,2022,ICE,Not Applicable,3,Statewide,4
11825,2020,T6,6,Gasoline,2022,ICE,Not Applicable,2,Statewide,4
11826,2020,T7,8,Gasoline,1982,ICE,Not Applicable,≥4,Statewide,4
11827,2020,T7,8,Gasoline,1984,ICE,Not Applicable,1,Statewide,4
11828,2020,P,Not Applicable,Natural Gas,2005,ICE,Not Applicable,≥4,Statewide,118
11829,2020,BS,Not Applicable,Natural Gas,2014,ICE,Not Applicable,≥4,Statewide,118
11830,2020,T5,3,Gasoline,1995,ICE,Not Applicable,3,Statewide,118
11831,2020,T2,1,Gasoline,2021,PHEV,0 to 50 miles,2,Statewide,118
11832,2020,T1,1,Electric,2017,BEV,101 to 150 miles,≥4,Statewide,118
11833,2020,T6,6,Diesel,2018,ICE,Not Applicable,2,Statewide,118
11834,2020,T6,6,Diesel,2017,ICE,Not Applicable,3,Statewide,118
11835,2020,P,Not Applicable,Diesel,2013,ICE,Not Applicable,≥4,Statewide,118
11836,2020,T7,8,Gasoline,1985,ICE,Not Applicable,≥4,Statewide,4
11837,2020,T6,4,Gasoline,2003,ICE,Not Applicable,1,Statewide,99
11838,2020,T6,Unknown,Gasoline,1986,ICE,Not Applicable,≥4,Statewide,99
11839,2020,T5,3,Gasoline,1995,ICE,Not Applicable,2,Statewide,99
11840,2020,T1,Unknown,Electric,1998,BEV,Unknown,1,Statewide,2
11841,2020,T1,Unknown,Electric,2000,BEV,Unknown,1,Statewide,2
11842,2020,T1,Unknown,Electric,2001,BEV,Unknown,1,Statewide,2
11843,2020,T1,1,Electric,2003,BEV,Unknown,1,Statewide,2
11844,2020,T1,1,Electric,2004,BEV,Unknown,2,Statewide,2
11845,2020,T1,1,Electric,2006,BEV,Unknown,3,Statewide,2
11846,2020,T3,Unknown,Gasoline,2010,ICE,Not Applicable,≥4,Statewide,10032
11847,2020,T1,Unknown,Electric,2011,BEV,Unknown,3,Statewide,2
11848,2020,T1,Unknown,Electric,2013,BEV,Unknown,3,Statewide,2
11849,2020,T1,Unknown,Electric,2015,BEV,Unknown,1,Statewide,2
11850,2020,T1,Unknown,Electric,2016,BEV,Unknown,≥4,Statewide,2
11851,2020,T1,Unknown,Electric,2017,BEV,Unknown,3,Statewide,2
11852,2020,T1,Unknown,Electric,2017,BEV,Unknown,2,Statewide,2
11853,2020,T2,Unknown,Electric,1991,BEV,Unknown,≥4,Statewide,2
11854,2020,T1,Unknown,Electric,2012,BEV,Unknown,2,Statewide,2
11855,2020,T1,1,Gasoline,2011,ICE,Not Applicable,1,Statewide,10026
11856,2020,P,Not Applicable,Diesel,2017,ICE,Not Applicable,1,Statewide,2477
11857,2020,B,Not Applicable,Diesel,1993,ICE,Not Applicable,≥4,Statewide,85
11858,2020,BS,Not Applicable,Gasoline,2016,ICE,Not Applicable,≥4,Statewide,36
11859,2020,BT,Not Applicable,Gasoline,1987,ICE,Not Applicable,≥4,Statewide,36
11860,2020,T3,Unknown,Gasoline,1989,ICE,Not Applicable,≥4,Statewide,36
11861,2020,T3,Unknown,Gasoline,1995,ICE,Not Applicable,3,Statewide,36
11862,2020,T5,3,Gasoline,1989,ICE,Not Applicable,1,Statewide,36
11863,2020,T6,4,Gasoline,1999,ICE,Not Applicable,2,Statewide,36
11864,2020,T3,2,Natural Gas,2008,ICE,Not Applicable,1,Statewide,36
11865,2020,BS,Not Applicable,Gasoline,2017,ICE,Not Applicable,≥4,Statewide,85
11866,2020,P,Not Applicable,Electric,2015,BEV,>150 miles,≥4,Statewide,85
11867,2020,T6,7,Diesel,1999,ICE,Not Applicable,1,Statewide,85
11868,2020,T6,5,Diesel,1998,ICE,Not Applicable,≥4,Statewide,85
11869,2020,T6,6,Diesel,1988,ICE,Not Applicable,≥4,Statewide,85
11870,2020,P,Not Applicable,Diesel,2013,ICE,Not Applicable,1,Statewide,85
11871,2020,MH,Not Applicable,Diesel,2015,ICE,Not Applicable,3,Statewide,85
11872,2020,MH,Not Applicable,Diesel,2001,ICE,Not Applicable,2,Statewide,85
11873,2020,T2,Unknown,Electric,1996,BEV,Unknown,≥4,Statewide,2
11874,2020,T2,1,Electric,2006,BEV,Unknown,≥4,Statewide,2
11875,2020,T6,4,Gasoline,2008,ICE,Not Applicable,3,Statewide,84
11876,2020,T6,4,Gasoline,2000,ICE,Not Applicable,2,Statewide,84
11877,2020,T4,2,Electric,2001,BEV,Unknown,≥4,Statewide,2
11878,2020,T4,Unknown,Electric,2001,BEV,Unknown,≥4,Statewide,2
11879,2020,T4,Unknown,Electric,2011,BEV,Unknown,≥4,Statewide,2
11880,2020,T4,2,Electric,2020,BEV,Unknown,3,Statewide,2
11881,2020,T4,2,Electric,2020,BEV,Unknown,1,Statewide,2
11882,2020,T5,3,Electric,2015,BEV,Unknown,1,Statewide,2
11883,2020,T6,6,Electric,2018,BEV,Unknown,≥4,Statewide,2
11884,2020,B,Not Applicable,Gasoline,1977,ICE,Not Applicable,2,Statewide,2
11885,2020,B,Not Applicable,Gasoline,1983,ICE,Not Applicable,3,Statewide,2
11886,2020,B,Not Applicable,Gasoline,1984,ICE,Not Applicable,2,Statewide,2
11887,2020,B,Not Applicable,Gasoline,1986,ICE,Not Applicable,3,Statewide,2
11888,2020,B,Not Applicable,Gasoline,1989,ICE,Not Applicable,2,Statewide,2
11889,2020,T3,2,Natural Gas,2018,ICE,Not Applicable,≥4,Statewide,83
11890,2020,P,Not Applicable,Natural Gas,2013,ICE,Not Applicable,1,Statewide,83
11891,2020,P,Not Applicable,Natural Gas,2012,ICE,Not Applicable,2,Statewide,83
11892,2020,T4,Unknown,Electric,1991,BEV,Unknown,≥4,Statewide,2
11893,2020,BS,Not Applicable,Gasoline,2015,ICE,Not Applicable,≥4,Statewide,36
11894,2020,T3,Unknown,Electric,2011,BEV,Unknown,1,Statewide,2
11895,2020,T3,Unknown,Electric,1998,BEV,Unknown,3,Statewide,2
11896,2020,T5,3,Gasoline,1996,ICE,Not Applicable,1,Statewide,84
11897,2020,T3,Unknown,Gasoline,1999,ICE,Not Applicable,≥4,Statewide,84
11898,2020,T3,2,Diesel,2008,ICE,Not Applicable,≥4,Statewide,84
11899,2020,MH,Not Applicable,Diesel,2021,ICE,Not Applicable,2,Statewide,84
11900,2020,MH,Not Applicable,Diesel,1999,ICE,Not Applicable,2,Statewide,84
11901,2020,T5,3,Diesel,2006,ICE,Not Applicable,≥4,Statewide,2477
11902,2020,T2,Unknown,Electric,2012,BEV,Unknown,2,Statewide,2
11903,2020,T2,Unknown,Electric,2013,BEV,Unknown,1,Statewide,2
11904,2020,T2,1,Gasoline,2022,ICE,Not Applicable,3,Statewide,2485
11905,2020,T2,1,Electric,2016,BEV,51 to 100 miles,1,Statewide,2
11906,2020,T2,Unknown,Electric,2016,BEV,Unknown,2,Statewide,2
11907,2020,T2,1,Electric,2017,BEV,51 to 100 miles,2,Statewide,2
11908,2020,T2,Unknown,Electric,2017,BEV,Unknown,2,Statewide,2
11909,2020,T3,Unknown,Electric,1988,BEV,Unknown,≥4,Statewide,2
11910,2020,T3,Unknown,Electric,1993,BEV,Unknown,≥4,Statewide,2
11911,2020,T3,Unknown,Electric,2001,BEV,Unknown,1,Statewide,2
11912,2020,B,Not Applicable,Gasoline,2002,ICE,Not Applicable,1,Statewide,36
11913,2020,P,Not Applicable,Electric,2011,BEV,Unknown,≥4,Statewide,36
11914,2020,T7,8,Diesel,1981,ICE,Not Applicable,≥4,Statewide,36
11915,2020,MH,Not Applicable,Gasoline,2002,ICE,Not Applicable,≥4,Statewide,2440
11916,2020,T3,Unknown,Gasoline,2017,ICE,Not Applicable,1,Statewide,2440
11917,2020,T2,1,Gasoline,1976,ICE,Not Applicable,1,Statewide,2444
11918,2020,T3,2,Gasoline,2000,ICE,Not Applicable,2,Statewide,9787
11919,2020,T1,Unknown,Electric,1993,BEV,Unknown,≥4,Statewide,2
11920,2020,T2,1,Gasoline,1997,ICE,Not Applicable,≥4,Statewide,9829
11921,2020,T3,Unknown,Gasoline,2010,ICE,Not Applicable,2,Statewide,9843
11922,2020,T7,8,Diesel,2015,ICE,Not Applicable,≥4,Statewide,9849
11923,2020,T7,8,Diesel,2019,ICE,Not Applicable,≥4,Statewide,9853
11924,2020,T1,Unknown,Electric,1997,BEV,Unknown,1,Statewide,2
11925,2020,T1,Unknown,Electric,1998,BEV,Unknown,≥4,Statewide,2
11926,2020,T3,Unknown,Gasoline,2007,ICE,Not Applicable,2,Statewide,9888
11927,2020,T1,1,Gasoline,1997,ICE,Not Applicable,≥4,Statewide,9906
11928,2020,T4,2,Gasoline,1994,ICE,Not Applicable,≥4,Statewide,3625
11929,2020,P,Not Applicable,Natural Gas,2007,ICE,Not Applicable,3,Statewide,87
11930,2020,T6,7,Diesel,1983,ICE,Not Applicable,≥4,Statewide,88
11931,2020,T5,3,Gasoline,1998,ICE,Not Applicable,2,Statewide,87
11932,2020,T7,8,Diesel,1995,ICE,Not Applicable,3,Statewide,88
11933,2020,T5,3,Gasoline,2021,ICE,Not Applicable,3,Statewide,88
11934,2020,P,Not Applicable,Electric,2001,BEV,Unknown,3,Statewide,2
11935,2020,P,Not Applicable,Electric,2003,BEV,Unknown,3,Statewide,2
11936,2020,P,Not Applicable,Electric,2016,BEV,0 to 50 miles,3,Statewide,2
11937,2020,T1,1,Gasoline,2001,ICE,Not Applicable,2,Statewide,9529
11938,2020,T1,1,Gasoline,2009,ICE,Not Applicable,1,Statewide,9541
11939,2020,T1,Unknown,Electric,1989,BEV,Unknown,≥4,Statewide,2
11940,2020,P,Not Applicable,Gasoline,1978,ICE,Not Applicable,≥4,Statewide,9562
11941,2020,T3,2,Gasoline,2001,ICE,Not Applicable,2,Statewide,9567
11942,2020,T1,1,Gasoline,2011,ICE,Not Applicable,2,Statewide,9577
11943,2020,T1,1,Gasoline,2011,ICE,Not Applicable,≥4,Statewide,9635
11944,2020,T1,Unknown,Electric,1992,BEV,Unknown,≥4,Statewide,2
11945,2020,MC,Not Applicable,Gasoline,2011,ICE,Not Applicable,3,Statewide,9697
11946,2020,T2,1,Gasoline,1999,ICE,Not Applicable,2,Statewide,9708
11947,2020,T6,6,Gasoline,2020,ICE,Not Applicable,1,Statewide,88
11948,2020,T5,3,Gasoline,2021,ICE,Not Applicable,2,Statewide,88
11949,2020,T2,Unknown,Gasoline,2001,ICE,Not Applicable,3,Statewide,88
11950,2020,T3,Unknown,Gasoline,1978,ICE,Not Applicable,2,Statewide,83
11951,2020,B,Not Applicable,Gasoline,2007,ICE,Not Applicable,3,Statewide,87
11952,2020,T6,7,Diesel,2000,ICE,Not Applicable,3,Statewide,87
11953,2020,T3,Unknown,Diesel,2012,ICE,Not Applicable,1,Statewide,36
11954,2020,T6,7,Diesel,1997,ICE,Not Applicable,2,Statewide,36
11955,2020,T6,6,Diesel,1997,ICE,Not Applicable,3,Statewide,36
11956,2020,T6,4,Diesel,1997,ICE,Not Applicable,2,Statewide,36
11957,2020,P,Not Applicable,Natural Gas,2014,ICE,Not Applicable,1,Statewide,86
11958,2020,T6,4,Gasoline,2013,ICE,Not Applicable,1,Statewide,86
11959,2020,T3,Unknown,Gasoline,1995,ICE,Not Applicable,≥4,Statewide,86
11960,2020,T3,Unknown,Gasoline,1992,ICE,Not Applicable,1,Statewide,86
11961,2020,T2,1,Gasoline,2021,PHEV,0 to 50 miles,3,Statewide,86
11962,2020,MH,Not Applicable,Gasoline,2015,ICE,Not Applicable,1,Statewide,86
11963,2020,T1,1,Electric,2018,BEV,101 to 150 miles,3,Statewide,86
11964,2020,T1,1,Electric,2004,BEV,Unknown,≥4,Statewide,86
11965,2020,T6,7,Diesel,2008,ICE,Not Applicable,2,Statewide,86
11966,2020,T6,4,Diesel,2001,ICE,Not Applicable,3,Statewide,86
11967,2020,T1,1,Diesel,1986,ICE,Not Applicable,≥4,Statewide,86
11968,2020,T3,2,Diesel,2001,ICE,Not Applicable,2,Statewide,36
11969,2020,B,Not Applicable,Gasoline,2004,ICE,Not Applicable,2,Statewide,87
11970,2020,T1,Unknown,Diesel,1992,ICE,Not Applicable,≥4,Statewide,36
11971,2020,BS,Not Applicable,Diesel,1977,ICE,Not Applicable,≥4,Statewide,36
11972,2020,T6,7,Diesel,1992,ICE,Not Applicable,1,Statewide,87
11973,2020,P,Not Applicable,Diesel,2012,ICE,Not Applicable,≥4,Statewide,87
11974,2020,P,Not Applicable,Diesel,1991,ICE,Not Applicable,3,Statewide,87
11975,2020,T4,2,Diesel,2013,ICE,Not Applicable,3,Statewide,3618
11976,2020,T7,8,Diesel,2004,ICE,Not Applicable,≥4,Statewide,3614
11977,2020,T7,8,Diesel,2003,ICE,Not Applicable,≥4,Statewide,2457
11978,2020,T1,Unknown,Gasoline,1976,ICE,Not Applicable,2,Statewide,9964
11979,2020,T1,1,Gasoline,2009,ICE,Not Applicable,2,Statewide,9965
11980,2020,T2,1,Gasoline,1993,ICE,Not Applicable,3,Statewide,2464
11981,2020,MC,Not Applicable,Gasoline,2021,ICE,Not Applicable,1,Statewide,10003
11982,2020,T6,6,Diesel,2020,ICE,Not Applicable,≥4,Statewide,3595
11983,2020,T1,1,Gasoline,1992,ICE,Not Applicable,3,Statewide,3591
11984,2020,P,Not Applicable,Diesel,2018,ICE,Not Applicable,1,Statewide,3590
11985,2020,P,Not Applicable,Electric,2021,BEV,51 to 100 miles,3,Statewide,3580
11986,2020,T3,2,Gasoline,1997,ICE,Not Applicable,2,Statewide,3575
11987,2020,BS,Not Applicable,Diesel,2006,ICE,Not Applicable,1,Statewide,36
11988,2020,T1,Unknown,Gasoline,2016,ICE,Not Applicable,2,Statewide,83
11989,2020,MH,Not Applicable,Gasoline,1979,ICE,Not Applicable,≥4,Statewide,83
11990,2020,BT,Not Applicable,Gasoline,2005,ICE,Not Applicable,≥4,Statewide,83
11991,2020,BT,Not Applicable,Gasoline,2000,ICE,Not Applicable,1,Statewide,2
11992,2020,BT,Not Applicable,Gasoline,2002,ICE,Not Applicable,3,Statewide,2
11993,2020,BT,Not Applicable,Gasoline,2003,ICE,Not Applicable,2,Statewide,2
11994,2020,BT,Not Applicable,Gasoline,2003,ICE,Not Applicable,1,Statewide,2
11995,2020,BT,Not Applicable,Gasoline,2004,ICE,Not Applicable,2,Statewide,2
11996,2020,BT,Not Applicable,Gasoline,2007,ICE,Not Applicable,2,Statewide,2
11997,2020,BT,Not Applicable,Gasoline,2009,ICE,Not Applicable,1,Statewide,2
11998,2020,BT,Not Applicable,Gasoline,2012,ICE,Not Applicable,2,Statewide,2
11999,2020,BT,Not Applicable,Gasoline,2017,ICE,Not Applicable,2,Statewide,2
12000,2020,T1,Unknown,Gasoline,1988,ICE,Not Applicable,2,Statewide,2
12001,2020,T1,Unknown,Gasoline,1990,ICE,Not Applicable,3,Statewide,2
12002,2020,T1,Unknown,Gasoline,1991,ICE,Not Applicable,3,Statewide,2
12003,2020,T1,Unknown,Gasoline,1992,ICE,Not Applicable,3,Statewide,2
12004,2020,T1,Unknown,Gasoline,1994,ICE,Not Applicable,2,Statewide,2
12005,2020,T1,Unknown,Gasoline,1995,ICE,Not Applicable,3,Statewide,2
12006,2020,BT,Not Applicable,Gasoline,2000,ICE,Not Applicable,2,Statewide,2
12007,2020,T1,Unknown,Gasoline,1996,ICE,Not Applicable,2,Statewide,2
12008,2020,BT,Not Applicable,Gasoline,1999,ICE,Not Applicable,1,Statewide,2
12009,2020,BT,Not Applicable,Gasoline,1998,ICE,Not Applicable,2,Statewide,2
12010,2020,T6,6,Diesel,2015,ICE,Not Applicable,2,Statewide,81
12011,2020,T6,5,Diesel,1997,ICE,Not Applicable,≥4,Statewide,81
12012,2020,T1,1,Diesel,1990,ICE,Not Applicable,≥4,Statewide,81
12013,2020,T2,1,Gasoline,1976,ICE,Not Applicable,2,Statewide,2509
12014,2020,T4,2,Gasoline,2002,ICE,Not Applicable,1,Statewide,2512
12015,2020,BS,Not Applicable,Gasoline,2007,ICE,Not Applicable,3,Statewide,2
12016,2020,BS,Not Applicable,Gasoline,2016,ICE,Not Applicable,3,Statewide,2
12017,2020,T7,8,Gasoline,1976,ICE,Not Applicable,≥4,Statewide,2517
12018,2020,BS,Not Applicable,Gasoline,2018,ICE,Not Applicable,3,Statewide,2
12019,2020,BS,Not Applicable,Gasoline,2018,ICE,Not Applicable,1,Statewide,2
12020,2020,BS,Not Applicable,Gasoline,2022,ICE,Not Applicable,≥4,Statewide,2
12021,2020,BT,Not Applicable,Gasoline,1981,ICE,Not Applicable,1,Statewide,2
12022,2020,BT,Not Applicable,Gasoline,1988,ICE,Not Applicable,3,Statewide,2
12023,2020,BT,Not Applicable,Gasoline,1991,ICE,Not Applicable,2,Statewide,2
12024,2020,BT,Not Applicable,Gasoline,1996,ICE,Not Applicable,2,Statewide,2
12025,2020,BT,Not Applicable,Gasoline,1998,ICE,Not Applicable,1,Statewide,2
12026,2020,T6,7,Diesel,2018,ICE,Not Applicable,2,Statewide,81
12027,2020,T1,Unknown,Gasoline,2000,ICE,Not Applicable,3,Statewide,2
12028,2020,T1,Unknown,Gasoline,2018,ICE,Not Applicable,3,Statewide,2
12029,2020,T4,Unknown,Gasoline,1987,ICE,Not Applicable,2,Statewide,2
12030,2020,P,Not Applicable,Electric,2018,BEV,51 to 100 miles,1,Statewide,2528
12031,2020,T4,Unknown,Gasoline,1987,ICE,Not Applicable,1,Statewide,2
12032,2020,T4,Unknown,Gasoline,1988,ICE,Not Applicable,3,Statewide,2
12033,2020,T4,Unknown,Gasoline,1989,ICE,Not Applicable,3,Statewide,2
12034,2020,T4,Unknown,Gasoline,1989,ICE,Not Applicable,1,Statewide,2
12035,2020,T4,Unknown,Gasoline,1990,ICE,Not Applicable,2,Statewide,2
12036,2020,T4,Unknown,Gasoline,1990,ICE,Not Applicable,1,Statewide,2
12037,2020,T4,Unknown,Gasoline,1991,ICE,Not Applicable,3,Statewide,2
12038,2020,T2,1,Gasoline,1994,ICE,Not Applicable,1,Statewide,3531
12039,2020,T4,Unknown,Gasoline,1992,ICE,Not Applicable,2,Statewide,2
12040,2020,T4,Unknown,Gasoline,1993,ICE,Not Applicable,3,Statewide,2
12041,2020,T4,2,Gasoline,1995,ICE,Not Applicable,≥4,Statewide,3520
12042,2020,T1,1,Gasoline,1992,ICE,Not Applicable,1,Statewide,3514
12043,2020,T4,Unknown,Gasoline,1993,ICE,Not Applicable,2,Statewide,2
12044,2020,T4,Unknown,Gasoline,1986,ICE,Not Applicable,2,Statewide,2
12045,2020,T1,Unknown,Gasoline,2011,ICE,Not Applicable,2,Statewide,2
12046,2020,T3,2,Gasoline,2022,PHEV,0 to 50 miles,≥4,Statewide,2
12047,2020,T1,Unknown,Gasoline,2019,ICE,Not Applicable,1,Statewide,2
12048,2020,T6,7,Natural Gas,2017,ICE,Not Applicable,≥4,Statewide,80
12049,2020,BS,Not Applicable,Natural Gas,2004,ICE,Not Applicable,≥4,Statewide,80
12050,2020,T5,3,Gasoline,1988,ICE,Not Applicable,≥4,Statewide,80
12051,2020,T1,Unknown,Gasoline,2016,ICE,Not Applicable,1,Statewide,80
12052,2020,T6,7,Diesel,2014,ICE,Not Applicable,3,Statewide,80
12053,2020,T6,7,Diesel,2003,ICE,Not Applicable,3,Statewide,80
12054,2020,T6,6,Diesel,1998,ICE,Not Applicable,1,Statewide,80
12055,2020,T6,7,Diesel,1997,ICE,Not Applicable,1,Statewide,80
12056,2020,T6,7,Diesel,1993,ICE,Not Applicable,1,Statewide,80
12057,2020,T3,2,Diesel,2009,ICE,Not Applicable,2,Statewide,80
12058,2020,T3,2,Diesel,2001,ICE,Not Applicable,≥4,Statewide,80
12059,2020,T3,2,Diesel,1988,ICE,Not Applicable,1,Statewide,80
12060,2020,T3,2,Diesel,1987,ICE,Not Applicable,2,Statewide,80
12061,2020,P,Not Applicable,Diesel,1982,ICE,Not Applicable,≥4,Statewide,80
12062,2020,T1,Unknown,Gasoline,2018,ICE,Not Applicable,2,Statewide,2
12063,2020,T4,2,Gasoline,2002,ICE,Not Applicable,2,Statewide,2519
12064,2020,T4,2,Gasoline,2013,ICE,Not Applicable,≥4,Statewide,9496
12065,2020,B,Not Applicable,Gasoline,1976,ICE,Not Applicable,3,Statewide,81
12066,2020,B,Not Applicable,Gasoline,2010,ICE,Not Applicable,2,Statewide,81
12067,2020,BS,Not Applicable,Gasoline,1996,ICE,Not Applicable,2,Statewide,2
12068,2020,BS,Not Applicable,Gasoline,1998,ICE,Not Applicable,3,Statewide,2
12069,2020,BS,Not Applicable,Gasoline,1998,ICE,Not Applicable,1,Statewide,2
12070,2020,T4,2,Diesel,2020,ICE,Not Applicable,2,Statewide,3564
12071,2020,BS,Not Applicable,Gasoline,1999,ICE,Not Applicable,3,Statewide,2
12072,2020,BS,Not Applicable,Gasoline,2001,ICE,Not Applicable,1,Statewide,2
12073,2020,T6,5,Diesel,2017,ICE,Not Applicable,≥4,Statewide,3557
12074,2020,BS,Not Applicable,Gasoline,2003,ICE,Not Applicable,3,Statewide,2
12075,2020,T2,Unknown,Gasoline,2013,ICE,Not Applicable,≥4,Statewide,3544
12076,2020,BS,Not Applicable,Gasoline,2003,ICE,Not Applicable,2,Statewide,2
12077,2020,BS,Not Applicable,Gasoline,2004,ICE,Not Applicable,3,Statewide,2
12078,2020,BS,Not Applicable,Gasoline,2005,ICE,Not Applicable,3,Statewide,2
12079,2020,B,Not Applicable,Diesel,1994,ICE,Not Applicable,1,Statewide,37
12080,2020,B,Not Applicable,Diesel,2020,ICE,Not Applicable,1,Statewide,37
12081,2020,MH,Not Applicable,Diesel,1994,ICE,Not Applicable,3,Statewide,37
12082,2020,BS,Not Applicable,Gasoline,1995,ICE,Not Applicable,3,Statewide,2
12083,2020,MH,Not Applicable,Diesel,1995,ICE,Not Applicable,1,Statewide,37
12084,2020,BS,Not Applicable,Gasoline,1993,ICE,Not Applicable,2,Statewide,2
12085,2020,BS,Not Applicable,Gasoline,1988,ICE,Not Applicable,3,Statewide,2
12086,2020,BT,Not Applicable,Gasoline,1976,ICE,Not Applicable,≥4,Statewide,83
12087,2020,T7,8,Diesel,1994,ICE,Not Applicable,3,Statewide,83
12088,2020,MH,Not Applicable,Diesel,2016,ICE,Not Applicable,1,Statewide,83
12089,2020,MH,Not Applicable,Diesel,1998,ICE,Not Applicable,2,Statewide,83
12090,2020,B,Not Applicable,Diesel,1999,ICE,Not Applicable,≥4,Statewide,83
12091,2020,MC,Not Applicable,Gasoline,1992,ICE,Not Applicable,≥4,Statewide,2492
12092,2020,T3,2,Gasoline,1996,ICE,Not Applicable,2,Statewide,2492
12093,2020,B,Not Applicable,Gasoline,1991,ICE,Not Applicable,3,Statewide,2
12094,2020,B,Not Applicable,Gasoline,1993,ICE,Not Applicable,3,Statewide,2
12095,2020,T4,2,Diesel,2019,ICE,Not Applicable,1,Statewide,2495
12096,2020,B,Not Applicable,Gasoline,2022,ICE,Not Applicable,1,Statewide,2
12097,2020,BS,Not Applicable,Gasoline,1982,ICE,Not Applicable,3,Statewide,2
12098,2020,BS,Not Applicable,Gasoline,1985,ICE,Not Applicable,2,Statewide,2
12099,2020,BS,Not Applicable,Gasoline,1986,ICE,Not Applicable,2,Statewide,2
12100,2020,BS,Not Applicable,Gasoline,1987,ICE,Not Applicable,2,Statewide,2
12101,2020,BS,Not Applicable,Gasoline,1993,ICE,Not Applicable,3,Statewide,2
12102,2020,B,Not Applicable,Gasoline,2006,ICE,Not Applicable,3,Statewide,81
12103,2020,T6,7,Gasoline,1991,ICE,Not Applicable,≥4,Statewide,82
12104,2020,T6,4,Gasoline,1976,ICE,Not Applicable,1,Statewide,82
12105,2020,T2,1,Gasoline,2020,PHEV,0 to 50 miles,≥4,Statewide,37
12106,2020,T6,7,Gasoline,1977,ICE,Not Applicable,≥4,Statewide,37
12107,2020,T6,Unknown,Gasoline,1984,ICE,Not Applicable,≥4,Statewide,37
12108,2020,P,Not Applicable,Natural Gas,2004,ICE,Not Applicable,1,Statewide,37
12109,2020,T3,Unknown,Natural Gas,2017,ICE,Not Applicable,≥4,Statewide,37
12110,2020,T7,8,Natural Gas,2016,ICE,Not Applicable,1,Statewide,37
12111,2020,T6,4,Gasoline,2021,ICE,Not Applicable,1,Statewide,81
12112,2020,T5,3,Gasoline,1997,ICE,Not Applicable,1,Statewide,81
12113,2020,T5,3,Gasoline,1994,ICE,Not Applicable,1,Statewide,81
12114,2020,T5,3,Gasoline,1992,ICE,Not Applicable,1,Statewide,81
12115,2020,T4,2,Gasoline,1981,ICE,Not Applicable,3,Statewide,81
12116,2020,T4,Unknown,Gasoline,1977,ICE,Not Applicable,≥4,Statewide,81
12117,2020,T3,Unknown,Gasoline,2021,PHEV,0 to 50 miles,3,Statewide,81
12118,2020,T3,Unknown,Gasoline,1992,ICE,Not Applicable,3,Statewide,81
12119,2020,T2,1,Gasoline,2021,PHEV,0 to 50 miles,≥4,Statewide,81
12120,2020,B,Not Applicable,Gasoline,1990,ICE,Not Applicable,≥4,Statewide,37
12121,2020,T6,7,Gasoline,1986,ICE,Not Applicable,≥4,Statewide,82
12122,2020,P,Not Applicable,Electric,2015,BEV,>150 miles,1,Statewide,37
12123,2020,T7,8,Diesel,1986,ICE,Not Applicable,2,Statewide,37
12124,2020,T4,Unknown,Gasoline,2017,ICE,Not Applicable,≥4,Statewide,82
12125,2020,T4,Unknown,Gasoline,2013,ICE,Not Applicable,2,Statewide,82
12126,2020,T3,Unknown,Gasoline,1977,ICE,Not Applicable,2,Statewide,82
12127,2020,T2,Unknown,Gasoline,1985,ICE,Not Applicable,3,Statewide,82
12128,2020,T5,3,Diesel,1996,ICE,Not Applicable,2,Statewide,82
12129,2020,T4,2,Diesel,1987,ICE,Not Applicable,1,Statewide,82
12130,2020,P,Not Applicable,Diesel,2002,ICE,Not Applicable,2,Statewide,82
12131,2020,P,Not Applicable,Diesel,1976,ICE,Not Applicable,3,Statewide,37
12132,2020,T2,1,Diesel,1987,ICE,Not Applicable,1,Statewide,37
12133,2020,T3,2,Diesel,2006,ICE,Not Applicable,2,Statewide,37
12134,2020,T6,7,Diesel,2020,ICE,Not Applicable,≥4,Statewide,2505
12135,2020,T3,2,Diesel,2008,ICE,Not Applicable,2,Statewide,37
12136,2020,T4,2,Gasoline,2002,ICE,Not Applicable,3,Statewide,2507
12137,2020,T6,7,Diesel,1979,ICE,Not Applicable,≥4,Statewide,37
12138,2020,T6,4,Diesel,2018,ICE,Not Applicable,2,Statewide,37
12139,2020,T7,8,Diesel,1991,ICE,Not Applicable,3,Statewide,37
12140,2020,BS,Not Applicable,Gasoline,1983,ICE,Not Applicable,2,Statewide,4
12141,2020,P,Not Applicable,Gasoline,1994,ICE,Not Applicable,2,Statewide,9494
12142,2020,T6,6,Diesel,2013,ICE,Not Applicable,≥4,Statewide,2435
12143,2020,T2,1,Electric,2004,BEV,Unknown,≥4,Statewide,33
12144,2020,T2,1,Electric,2007,BEV,Unknown,≥4,Statewide,33
12145,2020,B,Not Applicable,Gasoline,1987,ICE,Not Applicable,≥4,Statewide,33
12146,2020,B,Not Applicable,Gasoline,1989,ICE,Not Applicable,≥4,Statewide,33
12147,2020,BT,Not Applicable,Gasoline,2006,ICE,Not Applicable,≥4,Statewide,33
12148,2020,T1,Unknown,Gasoline,2005,ICE,Not Applicable,2,Statewide,33
12149,2020,P,Not Applicable,Electric,2008,BEV,Unknown,≥4,Statewide,33
12150,2020,T3,Unknown,Gasoline,1990,ICE,Not Applicable,1,Statewide,33
12151,2020,T6,7,Gasoline,1998,ICE,Not Applicable,≥4,Statewide,33
12152,2020,T6,5,Gasoline,2010,ICE,Not Applicable,1,Statewide,33
12153,2020,T6,4,Gasoline,2013,ICE,Not Applicable,3,Statewide,33
12154,2020,T7,8,Gasoline,1977,ICE,Not Applicable,≥4,Statewide,33
12155,2020,P,Not Applicable,Natural Gas,2010,ICE,Not Applicable,3,Statewide,33
12156,2020,T2,Unknown,Natural Gas,2018,ICE,Not Applicable,≥4,Statewide,33
12157,2020,T6,4,Gasoline,1993,ICE,Not Applicable,3,Statewide,33
12158,2020,T6,4,Diesel,1999,ICE,Not Applicable,3,Statewide,33
12159,2020,T6,6,Diesel,1994,ICE,Not Applicable,2,Statewide,33
12160,2020,T6,Unknown,Diesel,1984,ICE,Not Applicable,≥4,Statewide,33
12161,2020,MC,Not Applicable,Gasoline,1995,ICE,Not Applicable,≥4,Statewide,2352
12162,2020,T1,Unknown,Diesel,1993,ICE,Not Applicable,≥4,Statewide,33
12163,2020,T1,Unknown,Diesel,2013,ICE,Not Applicable,≥4,Statewide,33
12164,2020,T3,2,Diesel,1999,ICE,Not Applicable,1,Statewide,33
12165,2020,T3,2,Gasoline,1992,ICE,Not Applicable,≥4,Statewide,2358
12166,2020,T3,2,Diesel,2000,ICE,Not Applicable,3,Statewide,33
12167,2020,T3,2,Diesel,2001,ICE,Not Applicable,1,Statewide,33
12168,2020,T3,2,Diesel,2004,ICE,Not Applicable,≥4,Statewide,33
12169,2020,MC,Not Applicable,Gasoline,1994,ICE,Not Applicable,≥4,Statewide,2365
12170,2020,T3,Unknown,Diesel,2012,ICE,Not Applicable,2,Statewide,33
12171,2020,T3,Unknown,Diesel,2021,ICE,Not Applicable,2,Statewide,33
12172,2020,T4,Unknown,Diesel,1976,ICE,Not Applicable,≥4,Statewide,33
12173,2020,T4,Unknown,Diesel,1988,ICE,Not Applicable,≥4,Statewide,33
12174,2020,T4,Unknown,Diesel,1995,ICE,Not Applicable,≥4,Statewide,33
12175,2020,T4,Unknown,Diesel,1997,ICE,Not Applicable,≥4,Statewide,33
12176,2020,T4,2,Natural Gas,2021,ICE,Not Applicable,≥4,Statewide,33
12177,2020,T2,Unknown,Gasoline,1983,ICE,Not Applicable,2,Statewide,96
12178,2020,T6,Unknown,Diesel,2020,ICE,Not Applicable,2,Statewide,6
12179,2020,T6,5,Diesel,1989,ICE,Not Applicable,≥4,Statewide,6
12180,2020,T2,1,Diesel,1991,ICE,Not Applicable,1,Statewide,6
12181,2020,T2,1,Diesel,1986,ICE,Not Applicable,3,Statewide,6
12182,2020,T5,3,Diesel,2018,ICE,Not Applicable,≥4,Statewide,2375
12183,2020,T6,5,Diesel,2012,ICE,Not Applicable,≥4,Statewide,2375
12184,2020,T4,2,Gasoline,1993,ICE,Not Applicable,≥4,Statewide,2375
12185,2020,P,Not Applicable,Diesel,1999,ICE,Not Applicable,2,Statewide,6
12186,2020,P,Not Applicable,Diesel,1978,ICE,Not Applicable,3,Statewide,6
12187,2020,MH,Not Applicable,Diesel,1986,ICE,Not Applicable,1,Statewide,6
12188,2020,BT,Not Applicable,Diesel,2020,ICE,Not Applicable,3,Statewide,6
12189,2020,BT,Not Applicable,Diesel,2007,ICE,Not Applicable,3,Statewide,6
12190,2020,BS,Not Applicable,Diesel,2009,ICE,Not Applicable,3,Statewide,6
12191,2020,BS,Not Applicable,Diesel,1978,ICE,Not Applicable,1,Statewide,6
12192,2020,B,Not Applicable,Diesel,2015,ICE,Not Applicable,1,Statewide,6
12193,2020,B,Not Applicable,Diesel,1992,ICE,Not Applicable,2,Statewide,6
12194,2020,B,Not Applicable,Diesel,1989,ICE,Not Applicable,1,Statewide,6
12195,2020,T2,Unknown,Diesel,1992,ICE,Not Applicable,≥4,Statewide,6
12196,2020,T1,Unknown,Diesel,1990,ICE,Not Applicable,≥4,Statewide,33
12197,2020,P,Not Applicable,Diesel,2001,ICE,Not Applicable,2,Statewide,95
12198,2020,T6,7,Diesel,1996,ICE,Not Applicable,1,Statewide,95
12199,2020,T6,Unknown,Diesel,1988,ICE,Not Applicable,≥4,Statewide,6
12200,2020,T6,7,Diesel,1983,ICE,Not Applicable,2,Statewide,6
12201,2020,T6,6,Diesel,1980,ICE,Not Applicable,≥4,Statewide,6
12202,2020,T5,3,Diesel,1988,ICE,Not Applicable,1,Statewide,6
12203,2020,T4,Unknown,Diesel,2016,ICE,Not Applicable,3,Statewide,6
12204,2020,T4,Unknown,Diesel,2014,ICE,Not Applicable,≥4,Statewide,6
12205,2020,T4,Unknown,Diesel,2001,ICE,Not Applicable,1,Statewide,6
12206,2020,T3,Unknown,Diesel,1997,ICE,Not Applicable,≥4,Statewide,6
12207,2020,T3,2,Diesel,1995,ICE,Not Applicable,1,Statewide,6
12208,2020,T3,2,Diesel,1992,ICE,Not Applicable,1,Statewide,6
12209,2020,T3,Unknown,Diesel,1976,ICE,Not Applicable,2,Statewide,6
12210,2020,B,Not Applicable,Gasoline,2012,ICE,Not Applicable,2,Statewide,95
12211,2020,B,Not Applicable,Gasoline,2010,ICE,Not Applicable,3,Statewide,95
12212,2020,T6,7,Diesel,2012,ICE,Not Applicable,2,Statewide,95
12213,2020,T6,4,Diesel,2003,ICE,Not Applicable,3,Statewide,95
12214,2020,P,Not Applicable,Diesel,2001,ICE,Not Applicable,1,Statewide,95
12215,2020,BT,Not Applicable,Diesel,1998,ICE,Not Applicable,≥4,Statewide,97
12216,2020,T5,3,Diesel,1994,ICE,Not Applicable,2,Statewide,97
12217,2020,T6,5,Diesel,1999,ICE,Not Applicable,≥4,Statewide,97
12218,2020,T4,Unknown,Electric,2003,BEV,Unknown,≥4,Statewide,6
12219,2020,T3,Unknown,Electric,2001,BEV,Unknown,≥4,Statewide,6
12220,2020,T2,Unknown,Electric,2018,BEV,Unknown,≥4,Statewide,6
12221,2020,T2,Unknown,Electric,2015,BEV,Unknown,3,Statewide,6
12222,2020,T1,Unknown,Electric,2019,BEV,Unknown,≥4,Statewide,6
12223,2020,T1,Unknown,Electric,2014,BEV,Unknown,3,Statewide,6
12224,2020,T1,Unknown,Electric,2012,BEV,Unknown,≥4,Statewide,6
12225,2020,T1,Unknown,Electric,2006,BEV,Unknown,≥4,Statewide,6
12226,2020,T1,1,Electric,2006,BEV,Unknown,1,Statewide,6
12227,2020,T1,Unknown,Electric,1997,BEV,Unknown,≥4,Statewide,6
12228,2020,T1,Unknown,Electric,1986,BEV,Unknown,≥4,Statewide,6
12229,2020,P,Not Applicable,Electric,2005,BEV,Unknown,2,Statewide,6
12230,2020,P,Not Applicable,Electric,2004,BEV,Unknown,2,Statewide,6
12231,2020,P,Not Applicable,Electric,2003,BEV,Unknown,1,Statewide,6
12232,2020,P,Not Applicable,Electric,2001,BEV,Unknown,1,Statewide,6
12233,2020,T7,8,Electric,2018,BEV,Unknown,3,Statewide,6
12234,2020,P,Not Applicable,Electric,1998,BEV,Unknown,≥4,Statewide,6
12235,2020,B,Not Applicable,Gasoline,1979,ICE,Not Applicable,1,Statewide,6
12236,2020,B,Not Applicable,Gasoline,1984,ICE,Not Applicable,≥4,Statewide,6
12237,2020,B,Not Applicable,Gasoline,2016,ICE,Not Applicable,1,Statewide,99
12238,2020,T7,8,Diesel,1998,ICE,Not Applicable,2,Statewide,99
12239,2020,BT,Not Applicable,Diesel,2020,ICE,Not Applicable,1,Statewide,99
12240,2020,B,Not Applicable,Diesel,1995,ICE,Not Applicable,≥4,Statewide,99
12241,2020,BS,Not Applicable,Gasoline,2014,ICE,Not Applicable,3,Statewide,6
12242,2020,BS,Not Applicable,Gasoline,2008,ICE,Not Applicable,1,Statewide,6
12243,2020,BS,Not Applicable,Gasoline,2007,ICE,Not Applicable,1,Statewide,6
12244,2020,BS,Not Applicable,Gasoline,2006,ICE,Not Applicable,1,Statewide,6
12245,2020,P,Not Applicable,Diesel,2016,ICE,Not Applicable,1,Statewide,2333
12246,2020,BS,Not Applicable,Gasoline,1990,ICE,Not Applicable,2,Statewide,6
12247,2020,BS,Not Applicable,Gasoline,1982,ICE,Not Applicable,2,Statewide,6
12248,2020,B,Not Applicable,Gasoline,2001,ICE,Not Applicable,2,Statewide,6
12249,2020,B,Not Applicable,Gasoline,2001,ICE,Not Applicable,3,Statewide,6
12250,2020,B,Not Applicable,Gasoline,1994,ICE,Not Applicable,3,Statewide,6
12251,2020,B,Not Applicable,Gasoline,1988,ICE,Not Applicable,2,Statewide,6
12252,2020,B,Not Applicable,Gasoline,1980,ICE,Not Applicable,2,Statewide,6
12253,2020,B,Not Applicable,Diesel,1986,ICE,Not Applicable,3,Statewide,6
12254,2020,MC,Not Applicable,Electric,2017,BEV,Unknown,1,Statewide,6
12255,2020,MC,Not Applicable,Electric,2016,BEV,Unknown,3,Statewide,6
12256,2020,T1,1,Gasoline,1991,ICE,Not Applicable,3,Statewide,3686
12257,2020,T7,8,Diesel,1978,ICE,Not Applicable,1,Statewide,6
12258,2020,B,Not Applicable,Diesel,2004,ICE,Not Applicable,2,Statewide,33
12259,2020,BS,Not Applicable,Diesel,1976,ICE,Not Applicable,1,Statewide,33
12260,2020,BS,Not Applicable,Diesel,1996,ICE,Not Applicable,2,Statewide,33
12261,2020,BS,Not Applicable,Diesel,2000,ICE,Not Applicable,1,Statewide,33
12262,2020,BS,Not Applicable,Diesel,2017,ICE,Not Applicable,1,Statewide,33
12263,2020,MH,Not Applicable,Diesel,1990,ICE,Not Applicable,≥4,Statewide,33
12264,2020,T1,1,Diesel,1986,ICE,Not Applicable,2,Statewide,33
12265,2020,T6,6,Gasoline,1999,ICE,Not Applicable,≥4,Statewide,97
12266,2020,T6,6,Gasoline,1994,ICE,Not Applicable,≥4,Statewide,97
12267,2020,T1,1,Gasoline,1981,ICE,Not Applicable,2,Statewide,97
12268,2020,T6,5,Diesel,2016,ICE,Not Applicable,3,Statewide,97
12269,2020,T6,7,Diesel,2015,ICE,Not Applicable,1,Statewide,97
12270,2020,T6,7,Diesel,2006,ICE,Not Applicable,3,Statewide,97
12271,2020,T4,2,Gasoline,2012,ICE,Not Applicable,1,Statewide,3695
12272,2020,T4,2,Gasoline,2004,ICE,Not Applicable,1,Statewide,3721
12273,2020,T7,8,Diesel,1982,ICE,Not Applicable,2,Statewide,6
12274,2020,MC,Not Applicable,Electric,2005,BEV,Unknown,≥4,Statewide,6
12275,2020,T3,Unknown,Gasoline,2013,ICE,Not Applicable,1,Statewide,3720
12276,2020,T4,2,Gasoline,1999,ICE,Not Applicable,≥4,Statewide,3718
12277,2020,T6,5,Gasoline,2020,ICE,Not Applicable,3,Statewide,98
12278,2020,T3,Unknown,Gasoline,1977,ICE,Not Applicable,3,Statewide,98
12279,2020,MH,Not Applicable,Gasoline,1984,ICE,Not Applicable,≥4,Statewide,98
12280,2020,BS,Not Applicable,Gasoline,2012,ICE,Not Applicable,≥4,Statewide,98
12281,2020,T6,4,Diesel,2001,ICE,Not Applicable,2,Statewide,98
12282,2020,T3,Unknown,Diesel,2021,ICE,Not Applicable,≥4,Statewide,98
12283,2020,MH,Not Applicable,Diesel,1999,ICE,Not Applicable,1,Statewide,98
12284,2020,MC,Not Applicable,Electric,2015,BEV,Unknown,1,Statewide,6
12285,2020,MC,Not Applicable,Electric,2015,BEV,Unknown,2,Statewide,6
12286,2020,T5,3,Gasoline,2004,ICE,Not Applicable,≥4,Statewide,2346
12287,2020,MC,Not Applicable,Electric,2015,BEV,Unknown,3,Statewide,6
12288,2020,P,Not Applicable,Gasoline,1987,ICE,Not Applicable,≥4,Statewide,3711
12289,2020,T4,2,Diesel,2013,ICE,Not Applicable,2,Statewide,3711
12290,2020,MC,Not Applicable,Electric,2001,BEV,Unknown,≥4,Statewide,6
12291,2020,B,Not Applicable,Diesel,1984,ICE,Not Applicable,≥4,Statewide,6
12292,2020,T1,1,Gasoline,2012,ICE,Not Applicable,3,Statewide,8787
12293,2020,T1,Unknown,Gasoline,1976,ICE,Not Applicable,1,Statewide,8801
12294,2020,T3,Unknown,Gasoline,2007,ICE,Not Applicable,1,Statewide,9303
12295,2020,T1,1,Gasoline,1995,ICE,Not Applicable,≥4,Statewide,9320
12296,2020,P,Not Applicable,Electric,1998,BEV,Unknown,3,Statewide,2
12297,2020,T7,8,Diesel,2016,ICE,Not Applicable,≥4,Statewide,9330
12298,2020,P,Not Applicable,Gasoline,1991,ICE,Not Applicable,≥4,Statewide,9347
12299,2020,P,Not Applicable,Gasoline,2021,PHEV,0 to 50 miles,1,Statewide,3639
12300,2020,P,Not Applicable,Diesel,2018,ICE,Not Applicable,2,Statewide,3635
12301,2020,P,Not Applicable,Gasoline,1977,ICE,Not Applicable,3,Statewide,3634
12302,2020,P,Not Applicable,Electric,1999,BEV,Unknown,3,Statewide,2
12303,2020,MH,Not Applicable,Gasoline,2011,ICE,Not Applicable,≥4,Statewide,3629
12304,2020,B,Not Applicable,Diesel,2006,ICE,Not Applicable,2,Statewide,35
12305,2020,MH,Not Applicable,Diesel,1996,ICE,Not Applicable,3,Statewide,35
12306,2020,T1,1,Diesel,1989,ICE,Not Applicable,2,Statewide,35
12307,2020,T1,1,Diesel,1990,ICE,Not Applicable,3,Statewide,35
12308,2020,T1,Unknown,Diesel,2002,ICE,Not Applicable,≥4,Statewide,35
12309,2020,P,Not Applicable,Electric,1995,BEV,Unknown,≥4,Statewide,2
12310,2020,T3,Unknown,Diesel,2012,ICE,Not Applicable,≥4,Statewide,35
12311,2020,T3,2,Gasoline,1995,ICE,Not Applicable,1,Statewide,2411
12312,2020,BT,Not Applicable,Diesel,2012,ICE,Not Applicable,1,Statewide,91
12313,2020,T6,6,Diesel,1989,ICE,Not Applicable,≥4,Statewide,92
12314,2020,T5,3,Diesel,2021,ICE,Not Applicable,≥4,Statewide,2401
12315,2020,T6,4,Diesel,2012,ICE,Not Applicable,≥4,Statewide,2403
12316,2020,T3,2,Gasoline,2000,ICE,Not Applicable,1,Statewide,9015
12317,2020,P,Not Applicable,Electric,1992,BEV,Unknown,2,Statewide,2
12318,2020,P,Not Applicable,Electric,1992,BEV,Unknown,1,Statewide,2
12319,2020,P,Not Applicable,Electric,1994,BEV,Unknown,≥4,Statewide,2
12320,2020,T4,2,Diesel,2007,ICE,Not Applicable,≥4,Statewide,9151
12321,2020,P,Not Applicable,Natural Gas,2019,ICE,Not Applicable,2,Statewide,91
12322,2020,T6,4,Gasoline,2002,ICE,Not Applicable,2,Statewide,91
12323,2020,B,Not Applicable,Gasoline,2004,ICE,Not Applicable,3,Statewide,91
12324,2020,T2,1,Electric,2019,BEV,101 to 150 miles,2,Statewide,91
12325,2020,T6,7,Diesel,1980,ICE,Not Applicable,≥4,Statewide,91
12326,2020,T4,2,Diesel,1987,ICE,Not Applicable,2,Statewide,91
12327,2020,P,Not Applicable,Diesel,1981,ICE,Not Applicable,≥4,Statewide,91
12328,2020,T4,2,Gasoline,2014,ICE,Not Applicable,≥4,Statewide,2405
12329,2020,P,Not Applicable,Electric,2013,BEV,>150 miles,≥4,Statewide,92
12330,2020,T4,Unknown,Diesel,2013,ICE,Not Applicable,1,Statewide,35
12331,2020,P,Not Applicable,Natural Gas,2015,ICE,Not Applicable,2,Statewide,90
12332,2020,T6,5,Gasoline,2013,ICE,Not Applicable,1,Statewide,35
12333,2020,T6,4,Gasoline,2018,ICE,Not Applicable,2,Statewide,35
12334,2020,T6,4,Gasoline,2021,ICE,Not Applicable,3,Statewide,35
12335,2020,T3,2,Natural Gas,2001,ICE,Not Applicable,≥4,Statewide,35
12336,2020,T3,2,Natural Gas,2009,ICE,Not Applicable,1,Statewide,35
12337,2020,T6,5,Gasoline,2020,ICE,Not Applicable,2,Statewide,89
12338,2020,T6,4,Gasoline,2011,ICE,Not Applicable,3,Statewide,89
12339,2020,T3,Unknown,Gasoline,2001,ICE,Not Applicable,3,Statewide,89
12340,2020,MH,Not Applicable,Gasoline,1978,ICE,Not Applicable,3,Statewide,89
12341,2020,T2,1,Electric,2019,BEV,101 to 150 miles,1,Statewide,89
12342,2020,T7,8,Diesel,1991,ICE,Not Applicable,1,Statewide,89
12343,2020,MH,Not Applicable,Diesel,2002,ICE,Not Applicable,2,Statewide,89
12344,2020,MH,Not Applicable,Diesel,1997,ICE,Not Applicable,3,Statewide,89
12345,2020,P,Not Applicable,Diesel,2018,ICE,Not Applicable,3,Statewide,2422
12346,2020,P,Not Applicable,Gasoline,2017,PHEV,0 to 50 miles,2,Statewide,2423
12347,2020,T4,Unknown,Gasoline,2018,ICE,Not Applicable,1,Statewide,35
12348,2020,T5,3,Diesel,1991,ICE,Not Applicable,2,Statewide,35
12349,2020,T3,Unknown,Gasoline,1997,ICE,Not Applicable,3,Statewide,35
12350,2020,BT,Not Applicable,Gasoline,2002,ICE,Not Applicable,≥4,Statewide,35
12351,2020,T5,3,Diesel,1996,ICE,Not Applicable,3,Statewide,90
12352,2020,P,Not Applicable,Diesel,2013,ICE,Not Applicable,2,Statewide,90
12353,2020,MH,Not Applicable,Diesel,1998,ICE,Not Applicable,1,Statewide,90
12354,2020,MH,Not Applicable,Diesel,1995,ICE,Not Applicable,≥4,Statewide,90
12355,2020,T6,7,Diesel,1991,ICE,Not Applicable,2,Statewide,35
12356,2020,T3,2,Gasoline,1996,ICE,Not Applicable,1,Statewide,2415
12357,2020,T3,2,Gasoline,1995,ICE,Not Applicable,3,Statewide,2416
12358,2020,T6,5,Diesel,2000,ICE,Not Applicable,1,Statewide,35
12359,2020,T6,5,Diesel,2018,ICE,Not Applicable,≥4,Statewide,2420
12360,2020,T4,2,Gasoline,2020,ICE,Not Applicable,1,Statewide,2420
12361,2020,T7,8,Diesel,1980,ICE,Not Applicable,1,Statewide,35
12362,2020,P,Not Applicable,Electric,2009,BEV,Unknown,≥4,Statewide,35
12363,2020,P,Not Applicable,Electric,2015,BEV,>150 miles,2,Statewide,35
12364,2020,BS,Not Applicable,Gasoline,1996,ICE,Not Applicable,≥4,Statewide,35
12365,2020,BS,Not Applicable,Gasoline,2004,ICE,Not Applicable,≥4,Statewide,35
12366,2020,T1,Unknown,Gasoline,1999,ICE,Not Applicable,≥4,Statewide,35
12367,2020,P,Not Applicable,Electric,2000,BEV,Unknown,3,Statewide,2
12368,2020,P,Not Applicable,Electric,2018,BEV,0 to 50 miles,≥4,Statewide,92
12369,2020,T4,Unknown,Gasoline,2012,ICE,Not Applicable,1,Statewide,92
12370,2020,MC,Not Applicable,Gasoline,2015,ICE,Not Applicable,1,Statewide,2381
12371,2020,P,Not Applicable,Diesel,2017,ICE,Not Applicable,≥4,Statewide,2386
12372,2020,T3,Unknown,Gasoline,2012,ICE,Not Applicable,2,Statewide,8903
12373,2020,T3,2,Gasoline,1995,ICE,Not Applicable,2,Statewide,2388
12374,2020,P,Not Applicable,Electric,2019,BEV,51 to 100 miles,1,Statewide,3667
12375,2020,T2,Unknown,Gasoline,2018,ICE,Not Applicable,≥4,Statewide,8932
12376,2020,T2,1,Gasoline,1992,ICE,Not Applicable,≥4,Statewide,3661
12377,2020,T2,1,Gasoline,1994,ICE,Not Applicable,2,Statewide,3653
12378,2020,T1,1,Gasoline,2015,ICE,Not Applicable,2,Statewide,8953
12379,2020,T1,1,Gasoline,1992,ICE,Not Applicable,2,Statewide,3649
12380,2020,T6,Unknown,Gasoline,1976,ICE,Not Applicable,≥4,Statewide,3648
12381,2020,P,Not Applicable,Gasoline,1981,ICE,Not Applicable,≥4,Statewide,3647
12382,2020,T3,Unknown,Gasoline,2009,ICE,Not Applicable,≥4,Statewide,8959
12383,2020,T2,Unknown,Gasoline,2016,ICE,Not Applicable,1,Statewide,3646
12384,2020,P,Not Applicable,Electric,1991,BEV,Unknown,1,Statewide,2
12385,2020,T3,2,Gasoline,2000,ICE,Not Applicable,3,Statewide,8887
12386,2020,B,Not Applicable,Diesel,2002,ICE,Not Applicable,1,Statewide,34
12387,2020,T4,2,Gasoline,2011,ICE,Not Applicable,2,Statewide,8869
12388,2020,T3,2,Diesel,1990,ICE,Not Applicable,≥4,Statewide,94
12389,2020,P,Not Applicable,Electric,1976,BEV,Unknown,2,Statewide,2
12390,2020,P,Not Applicable,Electric,1985,BEV,Unknown,≥4,Statewide,2
12391,2020,T3,2,Gasoline,2001,ICE,Not Applicable,1,Statewide,8823
12392,2020,MC,Not Applicable,Gasoline,2012,ICE,Not Applicable,2,Statewide,8826
12393,2020,T1,1,Gasoline,2015,ICE,Not Applicable,1,Statewide,8867
12394,2020,T6,6,Gasoline,1982,ICE,Not Applicable,1,Statewide,94
12395,2020,T2,Unknown,Gasoline,2001,ICE,Not Applicable,1,Statewide,94
12396,2020,T1,Unknown,Gasoline,2008,ICE,Not Applicable,3,Statewide,94
12397,2020,T1,1,Gasoline,1982,ICE,Not Applicable,2,Statewide,94
12398,2020,B,Not Applicable,Gasoline,2006,ICE,Not Applicable,2,Statewide,94
12399,2020,T6,Unknown,Diesel,2019,ICE,Not Applicable,≥4,Statewide,94
12400,2020,T6,7,Diesel,2010,ICE,Not Applicable,2,Statewide,94
12401,2020,T6,7,Diesel,2010,ICE,Not Applicable,3,Statewide,94
12402,2020,T3,Unknown,Diesel,2014,ICE,Not Applicable,3,Statewide,94
12403,2020,T3,2,Diesel,2002,ICE,Not Applicable,≥4,Statewide,94
12404,2020,MH,Not Applicable,Diesel,2017,ICE,Not Applicable,1,Statewide,94
12405,2020,B,Not Applicable,Gasoline,2017,ICE,Not Applicable,1,Statewide,92
12406,2020,BS,Not Applicable,Diesel,2018,ICE,Not Applicable,1,Statewide,34
12407,2020,P,Not Applicable,Diesel,1980,ICE,Not Applicable,2,Statewide,34
12408,2020,T2,Unknown,Gasoline,1995,ICE,Not Applicable,3,Statewide,34
12409,2020,T3,Unknown,Gasoline,1993,ICE,Not Applicable,2,Statewide,34
12410,2020,T6,7,Gasoline,1978,ICE,Not Applicable,≥4,Statewide,34
12411,2020,T6,7,Gasoline,1983,ICE,Not Applicable,≥4,Statewide,34
12412,2020,T6,4,Gasoline,1993,ICE,Not Applicable,1,Statewide,34
12413,2020,T6,6,Gasoline,2002,ICE,Not Applicable,3,Statewide,34
12414,2020,T6,4,Gasoline,2014,ICE,Not Applicable,1,Statewide,34
12415,2020,P,Not Applicable,Natural Gas,2005,ICE,Not Applicable,1,Statewide,34
12416,2020,P,Not Applicable,Natural Gas,2006,ICE,Not Applicable,3,Statewide,34
12417,2020,P,Not Applicable,Natural Gas,2008,ICE,Not Applicable,3,Statewide,34
12418,2020,P,Not Applicable,Natural Gas,2008,ICE,Not Applicable,2,Statewide,34
12419,2020,P,Not Applicable,Natural Gas,2011,ICE,Not Applicable,3,Statewide,34
12420,2020,T4,2,Natural Gas,2008,ICE,Not Applicable,≥4,Statewide,34
12421,2020,P,Not Applicable,Natural Gas,2015,ICE,Not Applicable,3,Statewide,92
12422,2020,T5,3,Gasoline,1986,ICE,Not Applicable,≥4,Statewide,92
12423,2020,T1,Unknown,Gasoline,2007,ICE,Not Applicable,1,Statewide,34
12424,2020,BT,Not Applicable,Diesel,1988,ICE,Not Applicable,1,Statewide,34
12425,2020,T1,Unknown,Gasoline,1992,ICE,Not Applicable,≥4,Statewide,34
12426,2020,B,Not Applicable,Gasoline,2021,ICE,Not Applicable,2,Statewide,34
12427,2020,T1,Unknown,Diesel,2008,ICE,Not Applicable,≥4,Statewide,34
12428,2020,T2,1,Diesel,2010,ICE,Not Applicable,3,Statewide,34
12429,2020,T3,2,Diesel,2000,ICE,Not Applicable,2,Statewide,34
12430,2020,T3,2,Diesel,2007,ICE,Not Applicable,≥4,Statewide,34
12431,2020,P,Not Applicable,Natural Gas,2011,ICE,Not Applicable,≥4,Statewide,93
12432,2020,T4,2,Gasoline,1981,ICE,Not Applicable,2,Statewide,93
12433,2020,T3,Unknown,Gasoline,2000,ICE,Not Applicable,3,Statewide,93
12434,2020,T6,7,Diesel,2003,ICE,Not Applicable,2,Statewide,93
12435,2020,T3,2,Diesel,2009,ICE,Not Applicable,1,Statewide,93
12436,2020,P,Not Applicable,Diesel,2000,ICE,Not Applicable,3,Statewide,93
12437,2020,T4,Unknown,Diesel,2008,ICE,Not Applicable,≥4,Statewide,34
12438,2020,T6,7,Diesel,1990,ICE,Not Applicable,3,Statewide,34
12439,2020,T6,4,Diesel,1998,ICE,Not Applicable,2,Statewide,34
12440,2020,MC,Not Applicable,Electric,2019,BEV,Unknown,1,Statewide,34
12441,2020,T6,6,Electric,2017,BEV,Unknown,≥4,Statewide,34
12442,2020,BT,Not Applicable,Gasoline,1999,ICE,Not Applicable,≥4,Statewide,34
12443,2020,BT,Not Applicable,Diesel,1995,ICE,Not Applicable,≥4,Statewide,238
12444,2020,T6,5,Gasoline,1976,ICE,Not Applicable,3,Statewide,52
12445,2020,T6,6,Diesel,1993,ICE,Not Applicable,≥4,Statewide,238
12446,2020,T2,1,Gasoline,2014,ICE,Not Applicable,3,Statewide,20915
12447,2020,T5,3,Diesel,2019,ICE,Not Applicable,1,Statewide,1181
12448,2020,B,Not Applicable,Diesel,1999,ICE,Not Applicable,2,Statewide,15
12449,2020,P,Not Applicable,Gasoline,2000,ICE,Not Applicable,3,Statewide,30942
12450,2020,T1,1,Gasoline,2018,ICE,Not Applicable,1,Statewide,20856
12451,2020,T2,1,Gasoline,2017,ICE,Not Applicable,≥4,Statewide,55481
12452,2020,T6,6,Diesel,2012,ICE,Not Applicable,3,Statewide,421
12453,2020,T2,Unknown,Gasoline,2010,ICE,Not Applicable,3,Statewide,421
12454,2020,T1,1,Gasoline,2015,ICE,Not Applicable,3,Statewide,5237
12455,2020,T3,2,Gasoline,2009,ICE,Not Applicable,3,Statewide,55727
12456,2020,T3,Unknown,Diesel,2018,ICE,Not Applicable,2,Statewide,422
12457,2020,T1,1,Gasoline,1986,ICE,Not Applicable,1,Statewide,422
12458,2020,T1,1,Gasoline,2004,ICE,Not Applicable,≥4,Statewide,20947
12459,2020,T2,1,Gasoline,1980,ICE,Not Applicable,3,Statewide,422
12460,2020,MC,Not Applicable,Gasoline,1987,ICE,Not Applicable,3,Statewide,746
12461,2020,T2,1,Gasoline,2004,ICE,Not Applicable,3,Statewide,31031
12462,2020,P,Not Applicable,Electric,2021,BEV,51 to 100 miles,1,Statewide,5261
12463,2020,T3,2,Gasoline,1988,ICE,Not Applicable,≥4,Statewide,745
12464,2020,P,Not Applicable,Gasoline,1999,ICE,Not Applicable,1,Statewide,31202
12465,2020,T2,1,Gasoline,2015,ICE,Not Applicable,2,Statewide,55978
12466,2020,MC,Not Applicable,Gasoline,2003,ICE,Not Applicable,1,Statewide,1373
12467,2020,T2,1,Gasoline,1986,ICE,Not Applicable,≥4,Statewide,744
12468,2020,MH,Not Applicable,Gasoline,2006,ICE,Not Applicable,3,Statewide,743
12469,2020,MC,Not Applicable,Gasoline,1977,ICE,Not Applicable,≥4,Statewide,1373
12470,2020,T6,6,Diesel,2010,ICE,Not Applicable,2,Statewide,424
12471,2020,T1,1,Gasoline,1988,ICE,Not Applicable,2,Statewide,742
12472,2020,T2,1,Gasoline,1987,ICE,Not Applicable,≥4,Statewide,746
12473,2020,T4,2,Natural Gas,2006,ICE,Not Applicable,1,Statewide,12
12474,2020,T4,2,Natural Gas,2002,ICE,Not Applicable,≥4,Statewide,12
12475,2020,T3,2,Natural Gas,2009,ICE,Not Applicable,3,Statewide,12
12476,2020,T6,6,Diesel,1979,ICE,Not Applicable,1,Statewide,15
12477,2020,T3,2,Diesel,2007,ICE,Not Applicable,1,Statewide,15
12478,2020,T3,2,Diesel,1998,ICE,Not Applicable,3,Statewide,15
12479,2020,T3,2,Diesel,1996,ICE,Not Applicable,≥4,Statewide,15
12480,2020,T3,2,Diesel,1995,ICE,Not Applicable,≥4,Statewide,15
12481,2020,MC,Not Applicable,Gasoline,2002,ICE,Not Applicable,2,Statewide,1381
12482,2020,MH,Not Applicable,Diesel,2002,ICE,Not Applicable,≥4,Statewide,419
12483,2020,T7,8,Diesel,2003,ICE,Not Applicable,1,Statewide,419
12484,2020,T1,1,Gasoline,1983,ICE,Not Applicable,≥4,Statewide,419
12485,2020,T2,Unknown,Gasoline,1977,ICE,Not Applicable,2,Statewide,419
12486,2020,T2,1,Diesel,1988,ICE,Not Applicable,3,Statewide,15
12487,2020,T2,1,Diesel,1985,ICE,Not Applicable,3,Statewide,15
12488,2020,T1,Unknown,Diesel,1986,ICE,Not Applicable,≥4,Statewide,15
12489,2020,P,Not Applicable,Diesel,1995,ICE,Not Applicable,3,Statewide,15
12490,2020,MH,Not Applicable,Diesel,1992,ICE,Not Applicable,1,Statewide,15
12491,2020,MH,Not Applicable,Diesel,1992,ICE,Not Applicable,2,Statewide,15
12492,2020,BT,Not Applicable,Diesel,2008,ICE,Not Applicable,1,Statewide,15
12493,2020,BT,Not Applicable,Diesel,1997,ICE,Not Applicable,1,Statewide,15
12494,2020,T3,2,Natural Gas,2004,ICE,Not Applicable,1,Statewide,12
12495,2020,T4,2,Gasoline,2017,ICE,Not Applicable,3,Statewide,749
12496,2020,BS,Not Applicable,Diesel,2017,ICE,Not Applicable,2,Statewide,15
12497,2020,BS,Not Applicable,Diesel,2008,ICE,Not Applicable,2,Statewide,15
12498,2020,BS,Not Applicable,Diesel,2006,ICE,Not Applicable,3,Statewide,15
12499,2020,BS,Not Applicable,Diesel,1999,ICE,Not Applicable,1,Statewide,15
12500,2020,B,Not Applicable,Diesel,2013,ICE,Not Applicable,3,Statewide,15
12501,2020,B,Not Applicable,Diesel,2011,ICE,Not Applicable,2,Statewide,15
12502,2020,T1,1,Gasoline,1988,ICE,Not Applicable,3,Statewide,749
12503,2020,P,Not Applicable,Gasoline,2020,PHEV,0 to 50 miles,2,Statewide,5302
12504,2020,T2,1,Gasoline,2013,ICE,Not Applicable,2,Statewide,56143
12505,2020,B,Not Applicable,Gasoline,1976,ICE,Not Applicable,≥4,Statewide,425
12506,2020,T4,2,Gasoline,1993,ICE,Not Applicable,3,Statewide,740
12507,2020,P,Not Applicable,Gasoline,2002,ICE,Not Applicable,2,Statewide,57341
12508,2020,P,Not Applicable,Diesel,2011,ICE,Not Applicable,1,Statewide,430
12509,2020,T6,4,Diesel,2018,ICE,Not Applicable,≥4,Statewide,430
12510,2020,T2,Unknown,Gasoline,2020,ICE,Not Applicable,1,Statewide,430
12511,2020,T4,2,Gasoline,1977,ICE,Not Applicable,3,Statewide,430
12512,2020,T2,1,Gasoline,2003,ICE,Not Applicable,2,Statewide,31618
12513,2020,T6,Unknown,Natural Gas,2020,ICE,Not Applicable,≥4,Statewide,3
12514,2020,T6,4,Natural Gas,2019,ICE,Not Applicable,≥4,Statewide,3
12515,2020,T6,6,Natural Gas,2014,ICE,Not Applicable,2,Statewide,3
12516,2020,T2,1,Gasoline,2020,ICE,Not Applicable,3,Statewide,57367
12517,2020,T4,2,Natural Gas,2020,ICE,Not Applicable,1,Statewide,3
12518,2020,T4,2,Natural Gas,2019,ICE,Not Applicable,≥4,Statewide,3
12519,2020,T4,2,Natural Gas,2018,ICE,Not Applicable,3,Statewide,3
12520,2020,T6,4,Gasoline,2006,ICE,Not Applicable,≥4,Statewide,1367
12521,2020,MH,Not Applicable,Diesel,2008,ICE,Not Applicable,3,Statewide,431
12522,2020,T3,2,Diesel,2012,ICE,Not Applicable,≥4,Statewide,431
12523,2020,T6,6,Diesel,2012,ICE,Not Applicable,2,Statewide,431
12524,2020,T2,Unknown,Gasoline,2002,ICE,Not Applicable,≥4,Statewide,431
12525,2020,T2,1,Gasoline,2003,ICE,Not Applicable,1,Statewide,31618
12526,2020,T3,2,Gasoline,1999,ICE,Not Applicable,1,Statewide,7239
12527,2020,T4,2,Natural Gas,2017,ICE,Not Applicable,2,Statewide,3
12528,2020,T4,2,Natural Gas,2008,ICE,Not Applicable,2,Statewide,3
12529,2020,T2,Unknown,Gasoline,2017,ICE,Not Applicable,2,Statewide,7238
12530,2020,T7,8,Diesel,2019,ICE,Not Applicable,1,Statewide,734
12531,2020,T4,2,Natural Gas,2006,ICE,Not Applicable,2,Statewide,3
12532,2020,T4,2,Natural Gas,2005,ICE,Not Applicable,2,Statewide,3
12533,2020,T3,Unknown,Gasoline,2016,ICE,Not Applicable,≥4,Statewide,1366
12534,2020,MH,Not Applicable,Gasoline,2006,ICE,Not Applicable,2,Statewide,429
12535,2020,T6,6,Diesel,1984,ICE,Not Applicable,≥4,Statewide,15
12536,2020,P,Not Applicable,Diesel,2007,ICE,Not Applicable,2,Statewide,429
12537,2020,T7,8,Natural Gas,2012,ICE,Not Applicable,2,Statewide,3
12538,2020,B,Not Applicable,Gasoline,2020,ICE,Not Applicable,≥4,Statewide,425
12539,2020,MH,Not Applicable,Gasoline,1998,ICE,Not Applicable,2,Statewide,425
12540,2020,P,Not Applicable,Gasoline,2019,PHEV,0 to 50 miles,3,Statewide,5324
12541,2020,T4,2,Diesel,1998,ICE,Not Applicable,1,Statewide,739
12542,2020,T4,2,Gasoline,2011,ICE,Not Applicable,≥4,Statewide,20446
12543,2020,T2,1,Diesel,2019,ICE,Not Applicable,≥4,Statewide,737
12544,2020,T2,Unknown,Gasoline,2014,ICE,Not Applicable,2,Statewide,5326
12545,2020,P,Not Applicable,Gasoline,1987,ICE,Not Applicable,2,Statewide,1370
12546,2020,BS,Not Applicable,Diesel,2013,ICE,Not Applicable,≥4,Statewide,426
12547,2020,T3,2,Diesel,2015,ICE,Not Applicable,≥4,Statewide,426
12548,2020,T4,2,Diesel,1996,ICE,Not Applicable,3,Statewide,426
12549,2020,MH,Not Applicable,Gasoline,2003,ICE,Not Applicable,2,Statewide,426
12550,2020,T1,1,Gasoline,1996,ICE,Not Applicable,1,Statewide,5332
12551,2020,T6,5,Diesel,2015,ICE,Not Applicable,≥4,Statewide,736
12552,2020,T5,3,Diesel,2006,ICE,Not Applicable,1,Statewide,736
12553,2020,T3,2,Gasoline,1999,ICE,Not Applicable,3,Statewide,7341
12554,2020,T7,8,Diesel,2005,ICE,Not Applicable,2,Statewide,427
12555,2020,MH,Not Applicable,Gasoline,1997,ICE,Not Applicable,1,Statewide,427
12556,2020,MH,Not Applicable,Gasoline,2019,ICE,Not Applicable,2,Statewide,427
12557,2020,T2,Unknown,Gasoline,2016,ICE,Not Applicable,2,Statewide,5346
12558,2020,T4,2,Diesel,2008,ICE,Not Applicable,3,Statewide,5355
12559,2020,T5,3,Diesel,2009,ICE,Not Applicable,1,Statewide,735
12560,2020,T3,2,Gasoline,2020,ICE,Not Applicable,2,Statewide,56743
12561,2020,T4,2,Gasoline,2018,ICE,Not Applicable,1,Statewide,1369
12562,2020,P,Not Applicable,Gasoline,1993,ICE,Not Applicable,1,Statewide,7311
12563,2020,T1,1,Gasoline,2022,ICE,Not Applicable,1,Statewide,7287
12564,2020,T3,2,Gasoline,2010,ICE,Not Applicable,2,Statewide,57223
12565,2020,P,Not Applicable,Diesel,1990,ICE,Not Applicable,3,Statewide,429
12566,2020,P,Not Applicable,Diesel,1984,ICE,Not Applicable,≥4,Statewide,432
12567,2020,T6,7,Diesel,1986,ICE,Not Applicable,3,Statewide,15
12568,2020,T6,6,Diesel,1988,ICE,Not Applicable,1,Statewide,15
12569,2020,T3,2,Gasoline,2008,ICE,Not Applicable,3,Statewide,53553
12570,2020,T4,2,Diesel,1991,ICE,Not Applicable,2,Statewide,407
12571,2020,T5,3,Diesel,1997,ICE,Not Applicable,≥4,Statewide,407
12572,2020,MC,Not Applicable,Gasoline,1998,ICE,Not Applicable,1,Statewide,753
12573,2020,P,Not Applicable,Gasoline,2014,ICE,Not Applicable,≥4,Statewide,139817
12574,2020,T2,1,Gasoline,2005,ICE,Not Applicable,2,Statewide,53684
12575,2020,MC,Not Applicable,Gasoline,1985,ICE,Not Applicable,2,Statewide,409
12576,2020,MH,Not Applicable,Gasoline,2001,ICE,Not Applicable,1,Statewide,409
12577,2020,T6,4,Gasoline,2022,ICE,Not Applicable,1,Statewide,12
12578,2020,T7,8,Gasoline,1977,ICE,Not Applicable,1,Statewide,12
12579,2020,T7,8,Gasoline,1984,ICE,Not Applicable,≥4,Statewide,12
12580,2020,T3,2,Gasoline,1979,ICE,Not Applicable,1,Statewide,410
12581,2020,MH,Not Applicable,Gasoline,2007,ICE,Not Applicable,2,Statewide,753
12582,2020,T7,8,Gasoline,1991,ICE,Not Applicable,≥4,Statewide,12
12583,2020,T3,2,Diesel,2016,ICE,Not Applicable,1,Statewide,751
12584,2020,T5,3,Diesel,2012,ICE,Not Applicable,2,Statewide,1178
12585,2020,T7,8,Gasoline,1992,ICE,Not Applicable,≥4,Statewide,12
12586,2020,T7,8,Gasoline,2012,ICE,Not Applicable,≥4,Statewide,12
12587,2020,T1,1,Hydrogen,2021,FCEV,>150 miles,1,Statewide,12
12588,2020,T4,2,Diesel,2001,ICE,Not Applicable,2,Statewide,1390
12589,2020,B,Not Applicable,Natural Gas,2020,ICE,Not Applicable,≥4,Statewide,12
12590,2020,T4,2,Gasoline,1999,ICE,Not Applicable,2,Statewide,1389
12591,2020,T2,Unknown,Natural Gas,2017,ICE,Not Applicable,≥4,Statewide,12
12592,2020,T2,Unknown,Gasoline,2011,ICE,Not Applicable,≥4,Statewide,1387
12593,2020,T2,Unknown,Diesel,2017,ICE,Not Applicable,1,Statewide,411
12594,2020,T3,2,Diesel,2018,ICE,Not Applicable,2,Statewide,411
12595,2020,MC,Not Applicable,Gasoline,2010,ICE,Not Applicable,≥4,Statewide,21117
12596,2020,T2,1,Gasoline,2006,ICE,Not Applicable,2,Statewide,53505
12597,2020,T3,2,Gasoline,2019,ICE,Not Applicable,2,Statewide,53336
12598,2020,P,Not Applicable,Gasoline,2005,ICE,Not Applicable,≥4,Statewide,139889
12599,2020,T4,Unknown,Gasoline,2003,ICE,Not Applicable,≥4,Statewide,12
12600,2020,T1,Unknown,Gasoline,2017,ICE,Not Applicable,1,Statewide,1394
12601,2020,T4,2,Gasoline,2022,ICE,Not Applicable,2,Statewide,12
12602,2020,T5,3,Diesel,2006,ICE,Not Applicable,3,Statewide,761
12603,2020,T4,2,Diesel,1999,ICE,Not Applicable,2,Statewide,761
12604,2020,T5,3,Gasoline,1983,ICE,Not Applicable,≥4,Statewide,12
12605,2020,T5,3,Gasoline,1987,ICE,Not Applicable,1,Statewide,12
12606,2020,T6,6,Gasoline,1985,ICE,Not Applicable,3,Statewide,12
12607,2020,T6,6,Gasoline,1988,ICE,Not Applicable,1,Statewide,12
12608,2020,T6,6,Gasoline,1991,ICE,Not Applicable,3,Statewide,12
12609,2020,T6,6,Gasoline,1991,ICE,Not Applicable,2,Statewide,12
12610,2020,T6,6,Gasoline,1999,ICE,Not Applicable,1,Statewide,12
12611,2020,T5,3,Diesel,2012,ICE,Not Applicable,1,Statewide,1177
12612,2020,T6,5,Gasoline,2001,ICE,Not Applicable,≥4,Statewide,12
12613,2020,T6,6,Gasoline,2003,ICE,Not Applicable,3,Statewide,12
12614,2020,T6,7,Gasoline,2007,ICE,Not Applicable,1,Statewide,12
12615,2020,P,Not Applicable,Gasoline,2007,ICE,Not Applicable,1,Statewide,141133
12616,2020,T6,5,Gasoline,2007,ICE,Not Applicable,3,Statewide,12
12617,2020,T6,5,Gasoline,2018,ICE,Not Applicable,≥4,Statewide,756
12618,2020,T6,5,Gasoline,2007,ICE,Not Applicable,2,Statewide,12
12619,2020,T3,2,Gasoline,2012,ICE,Not Applicable,2,Statewide,53024
12620,2020,T2,1,Gasoline,2007,ICE,Not Applicable,1,Statewide,53045
12621,2020,T5,3,Diesel,2013,ICE,Not Applicable,2,Statewide,1393
12622,2020,T4,2,Diesel,1998,ICE,Not Applicable,2,Statewide,755
12623,2020,T2,Unknown,Diesel,2017,ICE,Not Applicable,≥4,Statewide,406
12624,2020,T3,Unknown,Gasoline,2004,ICE,Not Applicable,1,Statewide,406
12625,2020,T6,6,Gasoline,2011,ICE,Not Applicable,2,Statewide,12
12626,2020,T2,1,Gasoline,2011,ICE,Not Applicable,3,Statewide,54330
12627,2020,T6,7,Natural Gas,2016,ICE,Not Applicable,≥4,Statewide,15
12628,2020,T2,1,Gasoline,2007,ICE,Not Applicable,2,Statewide,54703
12629,2020,T3,2,Natural Gas,2008,ICE,Not Applicable,3,Statewide,15
12630,2020,MH,Not Applicable,Diesel,2009,ICE,Not Applicable,≥4,Statewide,1383
12631,2020,T3,Unknown,Diesel,2018,ICE,Not Applicable,≥4,Statewide,415
12632,2020,T2,Unknown,Gasoline,2008,ICE,Not Applicable,3,Statewide,415
12633,2020,T5,3,Gasoline,2002,ICE,Not Applicable,1,Statewide,415
12634,2020,T5,3,Gasoline,2007,ICE,Not Applicable,1,Statewide,415
12635,2020,BS,Not Applicable,Gasoline,2013,ICE,Not Applicable,1,Statewide,15
12636,2020,BS,Not Applicable,Gasoline,1981,ICE,Not Applicable,1,Statewide,15
12637,2020,BS,Not Applicable,Gasoline,1977,ICE,Not Applicable,1,Statewide,15
12638,2020,T3,2,Gasoline,2019,ICE,Not Applicable,1,Statewide,55077
12639,2020,B,Not Applicable,Gasoline,2002,ICE,Not Applicable,2,Statewide,15
12640,2020,T6,5,Diesel,2019,ICE,Not Applicable,1,Statewide,416
12641,2020,B,Not Applicable,Gasoline,1998,ICE,Not Applicable,2,Statewide,15
12642,2020,T7,8,Electric,2018,BEV,Unknown,1,Statewide,15
12643,2020,T7,8,Electric,2018,BEV,Unknown,≥4,Statewide,15
12644,2020,T5,3,Electric,2016,BEV,Unknown,≥4,Statewide,15
12645,2020,T2,Unknown,Electric,2016,BEV,Unknown,≥4,Statewide,15
12646,2020,P,Not Applicable,Electric,2021,BEV,Unknown,3,Statewide,15
12647,2020,P,Not Applicable,Gasoline,2003,ICE,Not Applicable,3,Statewide,55160
12648,2020,P,Not Applicable,Diesel,2010,ICE,Not Applicable,1,Statewide,417
12649,2020,T6,4,Diesel,2015,ICE,Not Applicable,≥4,Statewide,417
12650,2020,B,Not Applicable,Gasoline,2006,ICE,Not Applicable,≥4,Statewide,417
12651,2020,P,Not Applicable,Electric,2010,BEV,Unknown,1,Statewide,15
12652,2020,T7,8,Diesel,1988,ICE,Not Applicable,3,Statewide,15
12653,2020,T6,Unknown,Diesel,2011,ICE,Not Applicable,≥4,Statewide,15
12654,2020,T6,5,Diesel,2001,ICE,Not Applicable,3,Statewide,15
12655,2020,T6,Unknown,Diesel,1997,ICE,Not Applicable,≥4,Statewide,15
12656,2020,T6,6,Diesel,1992,ICE,Not Applicable,3,Statewide,15
12657,2020,BT,Not Applicable,Gasoline,1990,ICE,Not Applicable,≥4,Statewide,15
12658,2020,T6,4,Diesel,2010,ICE,Not Applicable,1,Statewide,418
12659,2020,T3,2,Gasoline,2009,ICE,Not Applicable,1,Statewide,55020
12660,2020,T2,Unknown,Gasoline,1986,ICE,Not Applicable,2,Statewide,15
12661,2020,T3,2,Natural Gas,1997,ICE,Not Applicable,≥4,Statewide,15
12662,2020,B,Not Applicable,Natural Gas,2017,ICE,Not Applicable,≥4,Statewide,15
12663,2020,T1,1,Hydrogen,2021,FCEV,>150 miles,≥4,Statewide,15
12664,2020,T6,5,Gasoline,2016,ICE,Not Applicable,3,Statewide,15
12665,2020,T6,5,Gasoline,2013,ICE,Not Applicable,2,Statewide,15
12666,2020,T6,6,Gasoline,2007,ICE,Not Applicable,1,Statewide,15
12667,2020,MC,Not Applicable,Gasoline,1980,ICE,Not Applicable,≥4,Statewide,1386
12668,2020,T1,1,Gasoline,1978,ICE,Not Applicable,1,Statewide,413
12669,2020,T5,3,Gasoline,2011,ICE,Not Applicable,2,Statewide,413
12670,2020,T6,6,Gasoline,2004,ICE,Not Applicable,2,Statewide,15
12671,2020,T6,6,Gasoline,2003,ICE,Not Applicable,2,Statewide,15
12672,2020,T6,6,Gasoline,2001,ICE,Not Applicable,2,Statewide,15
12673,2020,T6,6,Gasoline,2001,ICE,Not Applicable,3,Statewide,15
12674,2020,T6,6,Gasoline,1996,ICE,Not Applicable,2,Statewide,15
12675,2020,T6,6,Gasoline,1995,ICE,Not Applicable,3,Statewide,15
12676,2020,T6,6,Gasoline,1994,ICE,Not Applicable,1,Statewide,15
12677,2020,T6,6,Gasoline,1981,ICE,Not Applicable,2,Statewide,15
12678,2020,T6,4,Gasoline,1977,ICE,Not Applicable,1,Statewide,15
12679,2020,T4,Unknown,Gasoline,2018,ICE,Not Applicable,3,Statewide,15
12680,2020,T6,4,Diesel,2014,ICE,Not Applicable,≥4,Statewide,414
12681,2020,T1,Unknown,Gasoline,1978,ICE,Not Applicable,2,Statewide,414
12682,2020,T2,Unknown,Gasoline,2007,ICE,Not Applicable,1,Statewide,414
12683,2020,T6,5,Gasoline,2014,ICE,Not Applicable,≥4,Statewide,414
12684,2020,T4,Unknown,Gasoline,1985,ICE,Not Applicable,2,Statewide,15
12685,2020,T4,Unknown,Gasoline,1983,ICE,Not Applicable,1,Statewide,15
12686,2020,T2,Unknown,Gasoline,1991,ICE,Not Applicable,2,Statewide,15
12687,2020,T2,Unknown,Gasoline,1990,ICE,Not Applicable,2,Statewide,15
12688,2020,T1,Unknown,Gasoline,2003,ICE,Not Applicable,3,Statewide,15
12689,2020,T4,2,Natural Gas,2004,ICE,Not Applicable,2,Statewide,3
12690,2020,T4,2,Natural Gas,2003,ICE,Not Applicable,2,Statewide,3
12691,2020,T3,2,Natural Gas,2020,ICE,Not Applicable,3,Statewide,3
12692,2020,P,Not Applicable,Diesel,1985,ICE,Not Applicable,1,Statewide,238
12693,2020,T6,7,Gasoline,1993,ICE,Not Applicable,3,Statewide,3
12694,2020,T6,Unknown,Gasoline,1992,ICE,Not Applicable,≥4,Statewide,3
12695,2020,B,Not Applicable,Diesel,2014,ICE,Not Applicable,2,Statewide,9
12696,2020,BS,Not Applicable,Diesel,2001,ICE,Not Applicable,≥4,Statewide,455
12697,2020,P,Not Applicable,Diesel,1986,ICE,Not Applicable,1,Statewide,455
12698,2020,T6,6,Diesel,2009,ICE,Not Applicable,1,Statewide,455
12699,2020,T2,Unknown,Gasoline,1978,ICE,Not Applicable,3,Statewide,455
12700,2020,T3,Unknown,Gasoline,1979,ICE,Not Applicable,≥4,Statewide,455
12701,2020,T5,3,Gasoline,2004,ICE,Not Applicable,2,Statewide,455
12702,2020,B,Not Applicable,Gasoline,2012,ICE,Not Applicable,≥4,Statewide,719
12703,2020,P,Not Applicable,Gasoline,2007,ICE,Not Applicable,2,Statewide,128820
12704,2020,T7,8,Natural Gas,2014,ICE,Not Applicable,≥4,Statewide,720
12705,2020,T3,2,Gasoline,1990,ICE,Not Applicable,1,Statewide,718
12706,2020,T4,2,Diesel,2000,ICE,Not Applicable,3,Statewide,1193
12707,2020,MH,Not Applicable,Gasoline,2019,ICE,Not Applicable,3,Statewide,716
12708,2020,T3,Unknown,Gasoline,2011,ICE,Not Applicable,2,Statewide,19776
12709,2020,T1,1,Gasoline,2002,ICE,Not Applicable,≥4,Statewide,19769
12710,2020,T3,Unknown,Gasoline,2019,ICE,Not Applicable,1,Statewide,715
12711,2020,T5,3,Diesel,2017,ICE,Not Applicable,1,Statewide,1193
12712,2020,B,Not Applicable,Diesel,2015,ICE,Not Applicable,3,Statewide,9
12713,2020,B,Not Applicable,Diesel,2020,ICE,Not Applicable,3,Statewide,9
12714,2020,BS,Not Applicable,Diesel,1991,ICE,Not Applicable,2,Statewide,9
12715,2020,BS,Not Applicable,Diesel,1994,ICE,Not Applicable,3,Statewide,9
12716,2020,BT,Not Applicable,Diesel,2014,ICE,Not Applicable,2,Statewide,9
12717,2020,T6,5,Gasoline,1992,ICE,Not Applicable,2,Statewide,3
12718,2020,T6,4,Gasoline,2002,ICE,Not Applicable,≥4,Statewide,717
12719,2020,T1,1,Gasoline,2019,ICE,Not Applicable,2,Statewide,19930
12720,2020,P,Not Applicable,Electric,2017,BEV,51 to 100 miles,3,Statewide,722
12721,2020,MH,Not Applicable,Gasoline,2017,ICE,Not Applicable,≥4,Statewide,723
12722,2020,T3,2,Gasoline,2005,ICE,Not Applicable,≥4,Statewide,60776
12723,2020,T1,1,Gasoline,1998,ICE,Not Applicable,2,Statewide,6897
12724,2020,T2,1,Gasoline,1994,ICE,Not Applicable,≥4,Statewide,6890
12725,2020,T6,5,Gasoline,1999,ICE,Not Applicable,3,Statewide,3
12726,2020,MC,Not Applicable,Gasoline,1989,ICE,Not Applicable,1,Statewide,453
12727,2020,T6,7,Gasoline,1999,ICE,Not Applicable,1,Statewide,3
12728,2020,T6,5,Gasoline,1996,ICE,Not Applicable,2,Statewide,3
12729,2020,T6,7,Gasoline,1996,ICE,Not Applicable,2,Statewide,3
12730,2020,T6,5,Gasoline,1994,ICE,Not Applicable,3,Statewide,3
12731,2020,T6,Unknown,Gasoline,1993,ICE,Not Applicable,≥4,Statewide,3
12732,2020,T3,2,Gasoline,2015,ICE,Not Applicable,1,Statewide,20178
12733,2020,T7,8,Diesel,1995,ICE,Not Applicable,≥4,Statewide,1189
12734,2020,T3,Unknown,Gasoline,2006,ICE,Not Applicable,≥4,Statewide,1190
12735,2020,P,Not Applicable,Gasoline,2021,ICE,Not Applicable,3,Statewide,131841
12736,2020,T5,3,Diesel,2008,ICE,Not Applicable,3,Statewide,725
12737,2020,P,Not Applicable,Gasoline,2011,ICE,Not Applicable,3,Statewide,131627
12738,2020,P,Not Applicable,Gasoline,1976,ICE,Not Applicable,3,Statewide,61015
12739,2020,T4,2,Gasoline,1994,ICE,Not Applicable,3,Statewide,1349
12740,2020,P,Not Applicable,Diesel,2010,ICE,Not Applicable,2,Statewide,454
12741,2020,T4,Unknown,Diesel,2021,ICE,Not Applicable,3,Statewide,454
12742,2020,B,Not Applicable,Diesel,1986,ICE,Not Applicable,2,Statewide,9
12743,2020,MC,Not Applicable,Gasoline,1995,ICE,Not Applicable,3,Statewide,724
12744,2020,B,Not Applicable,Diesel,1990,ICE,Not Applicable,3,Statewide,9
12745,2020,T5,3,Diesel,2006,ICE,Not Applicable,2,Statewide,724
12746,2020,B,Not Applicable,Diesel,1992,ICE,Not Applicable,3,Statewide,9
12747,2020,B,Not Applicable,Diesel,1997,ICE,Not Applicable,1,Statewide,9
12748,2020,P,Not Applicable,Gasoline,2006,ICE,Not Applicable,1,Statewide,131108
12749,2020,T6,5,Gasoline,1992,ICE,Not Applicable,3,Statewide,3
12750,2020,T6,7,Gasoline,1991,ICE,Not Applicable,2,Statewide,3
12751,2020,T6,5,Gasoline,1990,ICE,Not Applicable,3,Statewide,3
12752,2020,T3,2,Gasoline,2020,ICE,Not Applicable,1,Statewide,61341
12753,2020,T2,1,Diesel,1986,ICE,Not Applicable,1,Statewide,9
12754,2020,T3,2,Gasoline,2005,ICE,Not Applicable,2,Statewide,36376
12755,2020,T3,2,Gasoline,2019,ICE,Not Applicable,3,Statewide,36159
12756,2020,T3,2,Gasoline,2013,ICE,Not Applicable,1,Statewide,35831
12757,2020,T6,Unknown,Gasoline,1983,ICE,Not Applicable,3,Statewide,3
12758,2020,T6,5,Gasoline,1983,ICE,Not Applicable,2,Statewide,3
12759,2020,T3,2,Gasoline,2013,ICE,Not Applicable,≥4,Statewide,61857
12760,2020,T6,7,Gasoline,1983,ICE,Not Applicable,3,Statewide,3
12761,2020,T4,2,Diesel,2017,ICE,Not Applicable,1,Statewide,1346
12762,2020,BT,Not Applicable,Diesel,2007,ICE,Not Applicable,≥4,Statewide,458
12763,2020,T4,2,Diesel,1996,ICE,Not Applicable,2,Statewide,458
12764,2020,T4,2,Gasoline,1990,ICE,Not Applicable,2,Statewide,458
12765,2020,T6,4,Gasoline,1980,ICE,Not Applicable,≥4,Statewide,3
12766,2020,T6,7,Gasoline,1979,ICE,Not Applicable,2,Statewide,3
12767,2020,T5,3,Gasoline,1978,ICE,Not Applicable,1,Statewide,3
12768,2020,T5,3,Gasoline,1978,ICE,Not Applicable,2,Statewide,3
12769,2020,T4,Unknown,Gasoline,2008,ICE,Not Applicable,1,Statewide,3
12770,2020,T4,Unknown,Gasoline,2006,ICE,Not Applicable,≥4,Statewide,3
12771,2020,P,Not Applicable,Diesel,1986,ICE,Not Applicable,2,Statewide,459
12772,2020,T4,2,Gasoline,1982,ICE,Not Applicable,≥4,Statewide,459
12773,2020,T6,Unknown,Gasoline,1976,ICE,Not Applicable,2,Statewide,459
12774,2020,T2,1,Diesel,1991,ICE,Not Applicable,≥4,Statewide,9
12775,2020,T4,Unknown,Gasoline,2003,ICE,Not Applicable,3,Statewide,3
12776,2020,T4,2,Gasoline,1994,ICE,Not Applicable,1,Statewide,1345
12777,2020,T2,Unknown,Diesel,1994,ICE,Not Applicable,≥4,Statewide,9
12778,2020,T2,1,Diesel,2012,ICE,Not Applicable,1,Statewide,9
12779,2020,B,Not Applicable,Diesel,2021,ICE,Not Applicable,≥4,Statewide,460
12780,2020,P,Not Applicable,Diesel,1977,ICE,Not Applicable,2,Statewide,9
12781,2020,T6,7,Gasoline,2001,ICE,Not Applicable,3,Statewide,3
12782,2020,T3,Unknown,Gasoline,2006,ICE,Not Applicable,1,Statewide,1206
12783,2020,T2,1,Gasoline,1988,ICE,Not Applicable,2,Statewide,457
12784,2020,T5,3,Diesel,2004,ICE,Not Applicable,1,Statewide,714
12785,2020,B,Not Applicable,Gasoline,2010,ICE,Not Applicable,≥4,Statewide,456
12786,2020,MC,Not Applicable,Diesel,2013,ICE,Not Applicable,≥4,Statewide,9
12787,2020,MC,Not Applicable,Gasoline,2001,ICE,Not Applicable,1,Statewide,1194
12788,2020,T6,4,Gasoline,1989,ICE,Not Applicable,3,Statewide,3
12789,2020,T6,7,Gasoline,1988,ICE,Not Applicable,2,Statewide,3
12790,2020,P,Not Applicable,Gasoline,1997,ICE,Not Applicable,1,Statewide,19722
12791,2020,T4,2,Gasoline,1988,ICE,Not Applicable,≥4,Statewide,712
12792,2020,T7,8,Diesel,2020,ICE,Not Applicable,1,Statewide,711
12793,2020,T2,Unknown,Electric,2021,BEV,>150 miles,2,Statewide,1197
12794,2020,T3,2,Gasoline,1997,ICE,Not Applicable,≥4,Statewide,6822
12795,2020,T4,2,Gasoline,1989,ICE,Not Applicable,≥4,Statewide,1197
12796,2020,P,Not Applicable,Gasoline,2010,ICE,Not Applicable,3,Statewide,127106
12797,2020,T4,2,Diesel,2011,ICE,Not Applicable,3,Statewide,6835
12798,2020,T4,2,Diesel,2009,ICE,Not Applicable,2,Statewide,6847
12799,2020,T6,6,Gasoline,1986,ICE,Not Applicable,3,Statewide,3
12800,2020,T4,2,Gasoline,1976,ICE,Not Applicable,2,Statewide,1201
12801,2020,T3,2,Gasoline,2008,ICE,Not Applicable,2,Statewide,61437
12802,2020,MH,Not Applicable,Gasoline,2002,ICE,Not Applicable,2,Statewide,704
12803,2020,P,Not Applicable,Diesel,1977,ICE,Not Applicable,≥4,Statewide,9
12804,2020,T5,3,Diesel,2008,ICE,Not Applicable,2,Statewide,704
12805,2020,P,Not Applicable,Gasoline,1986,ICE,Not Applicable,3,Statewide,1206
12806,2020,T6,5,Gasoline,1984,ICE,Not Applicable,1,Statewide,3
12807,2020,MH,Not Applicable,Diesel,2012,ICE,Not Applicable,≥4,Statewide,1347
12808,2020,T6,7,Gasoline,1984,ICE,Not Applicable,3,Statewide,3
12809,2020,T2,Unknown,Gasoline,2006,ICE,Not Applicable,≥4,Statewide,1346
12810,2020,BS,Not Applicable,Diesel,2021,ICE,Not Applicable,≥4,Statewide,457
12811,2020,T5,3,Gasoline,2009,ICE,Not Applicable,3,Statewide,457
12812,2020,T6,Unknown,Gasoline,2002,ICE,Not Applicable,≥4,Statewide,3
12813,2020,T6,7,Gasoline,2006,ICE,Not Applicable,1,Statewide,3
12814,2020,T5,3,Gasoline,2008,ICE,Not Applicable,1,Statewide,451
12815,2020,BT,Not Applicable,Natural Gas,2011,ICE,Not Applicable,3,Statewide,3
12816,2020,BT,Not Applicable,Natural Gas,2009,ICE,Not Applicable,2,Statewide,3
12817,2020,BT,Not Applicable,Natural Gas,2007,ICE,Not Applicable,3,Statewide,3
12818,2020,P,Not Applicable,Gasoline,2000,ICE,Not Applicable,≥4,Statewide,58590
12819,2020,BT,Not Applicable,Natural Gas,2003,ICE,Not Applicable,1,Statewide,3
12820,2020,T4,2,Gasoline,1999,ICE,Not Applicable,1,Statewide,1364
12821,2020,BT,Not Applicable,Gasoline,2013,ICE,Not Applicable,≥4,Statewide,436
12822,2020,T4,2,Diesel,2021,ICE,Not Applicable,≥4,Statewide,7187
12823,2020,BS,Not Applicable,Natural Gas,2022,ICE,Not Applicable,2,Statewide,3
12824,2020,BS,Not Applicable,Natural Gas,2017,ICE,Not Applicable,2,Statewide,3
12825,2020,BS,Not Applicable,Natural Gas,2013,ICE,Not Applicable,1,Statewide,3
12826,2020,BS,Not Applicable,Natural Gas,2011,ICE,Not Applicable,1,Statewide,3
12827,2020,BS,Not Applicable,Natural Gas,2006,ICE,Not Applicable,1,Statewide,3
12828,2020,BS,Not Applicable,Natural Gas,2005,ICE,Not Applicable,3,Statewide,3
12829,2020,T4,2,Gasoline,1995,ICE,Not Applicable,2,Statewide,1362
12830,2020,MC,Not Applicable,Gasoline,2008,ICE,Not Applicable,3,Statewide,7166
12831,2020,B,Not Applicable,Natural Gas,2020,ICE,Not Applicable,3,Statewide,3
12832,2020,B,Not Applicable,Natural Gas,2019,ICE,Not Applicable,1,Statewide,3
12833,2020,B,Not Applicable,Natural Gas,2017,ICE,Not Applicable,3,Statewide,3
12834,2020,T3,Unknown,Diesel,2018,ICE,Not Applicable,1,Statewide,438
12835,2020,B,Not Applicable,Natural Gas,2015,ICE,Not Applicable,1,Statewide,3
12836,2020,B,Not Applicable,Natural Gas,2014,ICE,Not Applicable,2,Statewide,3
12837,2020,T6,5,Diesel,2008,ICE,Not Applicable,≥4,Statewide,1362
12838,2020,MC,Not Applicable,Gasoline,2019,ICE,Not Applicable,2,Statewide,7148
12839,2020,B,Not Applicable,Natural Gas,2009,ICE,Not Applicable,3,Statewide,3
12840,2020,B,Not Applicable,Natural Gas,2007,ICE,Not Applicable,2,Statewide,3
12841,2020,B,Not Applicable,Natural Gas,2005,ICE,Not Applicable,1,Statewide,3
12842,2020,T4,2,Gasoline,1992,ICE,Not Applicable,1,Statewide,435
12843,2020,B,Not Applicable,Natural Gas,2005,ICE,Not Applicable,3,Statewide,3
12844,2020,MC,Not Applicable,Gasoline,1989,ICE,Not Applicable,2,Statewide,435
12845,2020,BT,Not Applicable,Diesel,2005,ICE,Not Applicable,≥4,Statewide,435
12846,2020,T3,2,Natural Gas,2002,ICE,Not Applicable,3,Statewide,3
12847,2020,T3,2,Natural Gas,2001,ICE,Not Applicable,3,Statewide,3
12848,2020,T4,2,Gasoline,2002,ICE,Not Applicable,≥4,Statewide,7234
12849,2020,T2,1,Gasoline,2009,ICE,Not Applicable,3,Statewide,58246
12850,2020,T4,2,Gasoline,1987,ICE,Not Applicable,≥4,Statewide,733
12851,2020,T4,2,Diesel,1995,ICE,Not Applicable,3,Statewide,433
12852,2020,MH,Not Applicable,Gasoline,1997,ICE,Not Applicable,2,Statewide,433
12853,2020,MH,Not Applicable,Gasoline,2012,ICE,Not Applicable,1,Statewide,433
12854,2020,T1,1,Gasoline,2009,ICE,Not Applicable,3,Statewide,7215
12855,2020,T5,3,Diesel,2012,ICE,Not Applicable,3,Statewide,1184
12856,2020,T4,2,Gasoline,1993,ICE,Not Applicable,1,Statewide,732
12857,2020,P,Not Applicable,Gasoline,2014,ICE,Not Applicable,2,Statewide,134916
12858,2020,T5,3,Diesel,2004,ICE,Not Applicable,3,Statewide,731
12859,2020,MC,Not Applicable,Gasoline,2020,ICE,Not Applicable,≥4,Statewide,20315
12860,2020,T3,2,Natural Gas,2000,ICE,Not Applicable,1,Statewide,3
12861,2020,T3,2,Natural Gas,1999,ICE,Not Applicable,2,Statewide,3
12862,2020,T3,2,Natural Gas,1998,ICE,Not Applicable,≥4,Statewide,3
12863,2020,T1,Unknown,Natural Gas,2007,ICE,Not Applicable,≥4,Statewide,3
12864,2020,P,Not Applicable,Diesel,1986,ICE,Not Applicable,3,Statewide,434
12865,2020,T6,6,Diesel,1998,ICE,Not Applicable,≥4,Statewide,434
12866,2020,T2,Unknown,Gasoline,2007,ICE,Not Applicable,2,Statewide,434
12867,2020,T4,Unknown,Gasoline,1976,ICE,Not Applicable,1,Statewide,434
12868,2020,T3,2,Gasoline,2013,ICE,Not Applicable,3,Statewide,31751
12869,2020,T1,Unknown,Natural Gas,1976,ICE,Not Applicable,≥4,Statewide,3
12870,2020,BT,Not Applicable,Natural Gas,2019,ICE,Not Applicable,1,Statewide,3
12871,2020,BT,Not Applicable,Natural Gas,2016,ICE,Not Applicable,2,Statewide,3
12872,2020,BT,Not Applicable,Natural Gas,2015,ICE,Not Applicable,1,Statewide,3
12873,2020,B,Not Applicable,Gasoline,2004,ICE,Not Applicable,≥4,Statewide,435
12874,2020,MH,Not Applicable,Gasoline,2019,ICE,Not Applicable,≥4,Statewide,1395
12875,2020,T2,1,Hydrogen,2020,FCEV,>150 miles,1,Statewide,3
12876,2020,T3,Unknown,Gasoline,1983,ICE,Not Applicable,≥4,Statewide,440
12877,2020,T3,Unknown,Gasoline,2005,ICE,Not Applicable,≥4,Statewide,446
12878,2020,T6,5,Gasoline,2021,ICE,Not Applicable,≥4,Statewide,1186
12879,2020,T7,8,Gasoline,1988,ICE,Not Applicable,2,Statewide,3
12880,2020,T7,8,Gasoline,1982,ICE,Not Applicable,1,Statewide,3
12881,2020,T7,8,Gasoline,1980,ICE,Not Applicable,1,Statewide,3
12882,2020,T2,1,Gasoline,2017,ICE,Not Applicable,1,Statewide,60359
12883,2020,T6,6,Gasoline,2021,ICE,Not Applicable,3,Statewide,3
12884,2020,T1,1,Gasoline,1978,ICE,Not Applicable,3,Statewide,447
12885,2020,T3,Unknown,Gasoline,2012,ICE,Not Applicable,1,Statewide,7000
12886,2020,T6,7,Gasoline,2020,ICE,Not Applicable,3,Statewide,3
12887,2020,T6,4,Diesel,2008,ICE,Not Applicable,≥4,Statewide,1354
12888,2020,T6,Unknown,Gasoline,2019,ICE,Not Applicable,3,Statewide,3
12889,2020,T6,7,Diesel,1991,ICE,Not Applicable,≥4,Statewide,448
12890,2020,T3,2,Gasoline,2017,ICE,Not Applicable,2,Statewide,32044
12891,2020,T6,Unknown,Gasoline,2017,ICE,Not Applicable,≥4,Statewide,3
12892,2020,T6,6,Gasoline,2014,ICE,Not Applicable,3,Statewide,3
12893,2020,T6,Unknown,Gasoline,2013,ICE,Not Applicable,≥4,Statewide,3
12894,2020,T6,Unknown,Gasoline,2012,ICE,Not Applicable,2,Statewide,3
12895,2020,T6,6,Gasoline,2010,ICE,Not Applicable,3,Statewide,3
12896,2020,T7,8,Diesel,2019,ICE,Not Applicable,2,Statewide,450
12897,2020,MH,Not Applicable,Gasoline,1990,ICE,Not Applicable,1,Statewide,450
12898,2020,T1,1,Gasoline,1977,ICE,Not Applicable,1,Statewide,450
12899,2020,T2,1,Gasoline,1988,ICE,Not Applicable,1,Statewide,450
12900,2020,T3,Unknown,Gasoline,2005,ICE,Not Applicable,1,Statewide,450
12901,2020,MC,Not Applicable,Gasoline,2011,ICE,Not Applicable,1,Statewide,6908
12902,2020,T6,Unknown,Gasoline,2009,ICE,Not Applicable,≥4,Statewide,3
12903,2020,T6,6,Gasoline,2008,ICE,Not Applicable,3,Statewide,3
12904,2020,T7,8,Gasoline,1990,ICE,Not Applicable,3,Statewide,3
12905,2020,T4,2,Diesel,2020,ICE,Not Applicable,≥4,Statewide,7143
12906,2020,T6,4,Diesel,2012,ICE,Not Applicable,1,Statewide,445
12907,2020,MH,Not Applicable,Diesel,2018,ICE,Not Applicable,≥4,Statewide,445
12908,2020,T3,Unknown,Gasoline,2014,ICE,Not Applicable,3,Statewide,440
12909,2020,P,Not Applicable,Gasoline,2022,ICE,Not Applicable,3,Statewide,7141
12910,2020,T2,1,Gasoline,2014,ICE,Not Applicable,2,Statewide,31843
12911,2020,T1,1,Gasoline,2016,ICE,Not Applicable,2,Statewide,7108
12912,2020,T2,1,Gasoline,2008,ICE,Not Applicable,1,Statewide,59823
12913,2020,MH,Not Applicable,Gasoline,1990,ICE,Not Applicable,3,Statewide,442
12914,2020,T2,1,Gasoline,1979,ICE,Not Applicable,1,Statewide,442
12915,2020,T2,1,Hydrogen,2020,FCEV,>150 miles,2,Statewide,3
12916,2020,P,Not Applicable,Hydrogen,2017,FCEV,Unknown,1,Statewide,3
12917,2020,T7,8,Gasoline,2015,ICE,Not Applicable,≥4,Statewide,3
12918,2020,T2,1,Gasoline,1998,ICE,Not Applicable,3,Statewide,7075
12919,2020,P,Not Applicable,Gasoline,2001,ICE,Not Applicable,≥4,Statewide,59903
12920,2020,T2,1,Gasoline,2016,ICE,Not Applicable,≥4,Statewide,59944
12921,2020,T3,Unknown,Gasoline,2020,ICE,Not Applicable,2,Statewide,443
12922,2020,T6,4,Gasoline,2015,ICE,Not Applicable,≥4,Statewide,443
12923,2020,T7,8,Gasoline,2009,ICE,Not Applicable,≥4,Statewide,3
12924,2020,T7,8,Gasoline,2008,ICE,Not Applicable,≥4,Statewide,3
12925,2020,BT,Not Applicable,Diesel,2019,ICE,Not Applicable,≥4,Statewide,444
12926,2020,BT,Not Applicable,Natural Gas,2020,ICE,Not Applicable,≥4,Statewide,444
12927,2020,T4,2,Gasoline,2016,ICE,Not Applicable,1,Statewide,730
12928,2020,T7,8,Gasoline,1999,ICE,Not Applicable,≥4,Statewide,3
12929,2020,T7,8,Gasoline,1998,ICE,Not Applicable,≥4,Statewide,3
12930,2020,MH,Not Applicable,Gasoline,1994,ICE,Not Applicable,3,Statewide,730
12931,2020,T5,3,Diesel,2009,ICE,Not Applicable,2,Statewide,730
12932,2020,T7,8,Gasoline,1994,ICE,Not Applicable,1,Statewide,3
12933,2020,T7,8,Gasoline,1993,ICE,Not Applicable,1,Statewide,3
12934,2020,BS,Not Applicable,Diesel,2015,ICE,Not Applicable,≥4,Statewide,445
12935,2020,T3,2,Diesel,2018,ICE,Not Applicable,1,Statewide,445
12936,2020,T4,Unknown,Gasoline,1989,ICE,Not Applicable,≥4,Statewide,12
12937,2020,T4,Unknown,Gasoline,1983,ICE,Not Applicable,3,Statewide,12
12938,2020,T2,1,Gasoline,2012,ICE,Not Applicable,3,Statewide,52823
12939,2020,T6,6,Diesel,2011,ICE,Not Applicable,2,Statewide,364
12940,2020,B,Not Applicable,Gasoline,2021,ICE,Not Applicable,≥4,Statewide,364
12941,2020,T3,2,Gasoline,1977,ICE,Not Applicable,≥4,Statewide,1452
12942,2020,T6,4,Diesel,2007,ICE,Not Applicable,≥4,Statewide,1452
12943,2020,T3,2,Gasoline,2011,ICE,Not Applicable,2,Statewide,46878
12944,2020,MC,Not Applicable,Gasoline,1979,ICE,Not Applicable,3,Statewide,365
12945,2020,MH,Not Applicable,Gasoline,1991,ICE,Not Applicable,3,Statewide,365
12946,2020,T1,1,Gasoline,1978,ICE,Not Applicable,2,Statewide,365
12947,2020,T3,2,Gasoline,1981,ICE,Not Applicable,3,Statewide,365
12948,2020,T4,2,Diesel,2011,ICE,Not Applicable,1,Statewide,5972
12949,2020,T1,1,Gasoline,2015,ICE,Not Applicable,≥4,Statewide,5967
12950,2020,MC,Not Applicable,Gasoline,1976,ICE,Not Applicable,3,Statewide,1449
12951,2020,T6,7,Diesel,2010,ICE,Not Applicable,≥4,Statewide,1453
12952,2020,B,Not Applicable,Diesel,2013,ICE,Not Applicable,≥4,Statewide,366
12953,2020,T7,8,Diesel,2012,ICE,Not Applicable,≥4,Statewide,6785
12954,2020,MC,Not Applicable,Gasoline,1976,ICE,Not Applicable,≥4,Statewide,6787
12955,2020,P,Not Applicable,Gasoline,1982,ICE,Not Applicable,3,Statewide,1154
12956,2020,T5,3,Diesel,2017,ICE,Not Applicable,2,Statewide,1155
12957,2020,T6,7,Diesel,2001,ICE,Not Applicable,≥4,Statewide,798
12958,2020,T7,8,Diesel,2012,ICE,Not Applicable,3,Statewide,367
12959,2020,T5,3,Gasoline,2014,ICE,Not Applicable,≥4,Statewide,1155
12960,2020,T1,1,Gasoline,2010,ICE,Not Applicable,≥4,Statewide,6794
12961,2020,T7,8,Diesel,1992,ICE,Not Applicable,≥4,Statewide,796
12962,2020,T7,8,Diesel,2013,ICE,Not Applicable,3,Statewide,1158
12963,2020,P,Not Applicable,Gasoline,2016,ICE,Not Applicable,2,Statewide,152433
12964,2020,P,Not Applicable,Gasoline,2017,ICE,Not Applicable,3,Statewide,151844
12965,2020,T1,Unknown,Gasoline,1978,ICE,Not Applicable,1,Statewide,366
12966,2020,T6,4,Diesel,2006,ICE,Not Applicable,1,Statewide,363
12967,2020,MH,Not Applicable,Diesel,2011,ICE,Not Applicable,1,Statewide,363
12968,2020,T2,1,Gasoline,1996,ICE,Not Applicable,3,Statewide,5040
12969,2020,T7,8,Natural Gas,2020,ICE,Not Applicable,≥4,Statewide,807
12970,2020,MC,Not Applicable,Gasoline,2018,ICE,Not Applicable,3,Statewide,6738
12971,2020,T4,2,Gasoline,2003,ICE,Not Applicable,≥4,Statewide,5999
12972,2020,T5,3,Diesel,2009,ICE,Not Applicable,3,Statewide,803
12973,2020,BT,Not Applicable,Diesel,1976,ICE,Not Applicable,1,Statewide,803
12974,2020,T2,Unknown,Gasoline,2009,ICE,Not Applicable,2,Statewide,1153
12975,2020,T4,2,Gasoline,2009,ICE,Not Applicable,1,Statewide,4976
12976,2020,MC,Not Applicable,Gasoline,2021,ICE,Not Applicable,3,Statewide,4980
12977,2020,T4,2,Gasoline,2005,ICE,Not Applicable,2,Statewide,4981
12978,2020,T4,2,Diesel,1994,ICE,Not Applicable,2,Statewide,360
12979,2020,T4,2,Diesel,1994,ICE,Not Applicable,1,Statewide,360
12980,2020,T6,5,Gasoline,2008,ICE,Not Applicable,≥4,Statewide,360
12981,2020,T2,Unknown,Gasoline,2006,ICE,Not Applicable,3,Statewide,802
12982,2020,T6,6,Gasoline,1976,ICE,Not Applicable,≥4,Statewide,801
12983,2020,MC,Not Applicable,Gasoline,2013,ICE,Not Applicable,2,Statewide,5978
12984,2020,T4,2,Gasoline,2017,ICE,Not Applicable,≥4,Statewide,4992
12985,2020,T4,2,Gasoline,1985,ICE,Not Applicable,≥4,Statewide,800
12986,2020,P,Not Applicable,Electric,2017,BEV,51 to 100 miles,1,Statewide,800
12987,2020,T3,2,Gasoline,2007,ICE,Not Applicable,3,Statewide,46271
12988,2020,T2,1,Gasoline,2016,ICE,Not Applicable,3,Statewide,46273
12989,2020,P,Not Applicable,Gasoline,2001,ICE,Not Applicable,1,Statewide,46280
12990,2020,T6,4,Diesel,2013,ICE,Not Applicable,3,Statewide,361
12991,2020,T5,3,Gasoline,2008,ICE,Not Applicable,3,Statewide,361
12992,2020,T2,Unknown,Gasoline,2017,ICE,Not Applicable,≥4,Statewide,5012
12993,2020,T1,1,Gasoline,1994,ICE,Not Applicable,3,Statewide,5021
12994,2020,BS,Not Applicable,Diesel,2017,ICE,Not Applicable,≥4,Statewide,362
12995,2020,T6,4,Gasoline,1995,ICE,Not Applicable,≥4,Statewide,362
12996,2020,P,Not Applicable,Gasoline,2007,ICE,Not Applicable,≥4,Statewide,151343
12997,2020,T4,2,Diesel,1990,ICE,Not Applicable,≥4,Statewide,794
12998,2020,T6,6,Diesel,2010,ICE,Not Applicable,3,Statewide,368
12999,2020,MC,Not Applicable,Gasoline,1977,ICE,Not Applicable,3,Statewide,368
13000,2020,B,Not Applicable,Diesel,1993,ICE,Not Applicable,3,Statewide,12
13001,2020,B,Not Applicable,Diesel,1995,ICE,Not Applicable,2,Statewide,12
13002,2020,T7,8,Diesel,2016,ICE,Not Applicable,2,Statewide,786
13003,2020,T5,3,Diesel,2018,ICE,Not Applicable,1,Statewide,786
13004,2020,T4,2,Diesel,2015,ICE,Not Applicable,3,Statewide,786
13005,2020,B,Not Applicable,Diesel,2016,ICE,Not Applicable,1,Statewide,12
13006,2020,B,Not Applicable,Diesel,2017,ICE,Not Applicable,3,Statewide,12
13007,2020,B,Not Applicable,Diesel,2021,ICE,Not Applicable,3,Statewide,12
13008,2020,BS,Not Applicable,Diesel,1979,ICE,Not Applicable,≥4,Statewide,12
13009,2020,T3,2,Gasoline,2006,ICE,Not Applicable,2,Statewide,48783
13010,2020,BS,Not Applicable,Diesel,1994,ICE,Not Applicable,2,Statewide,12
13011,2020,BS,Not Applicable,Diesel,2015,ICE,Not Applicable,2,Statewide,12
13012,2020,BS,Not Applicable,Diesel,2019,ICE,Not Applicable,2,Statewide,12
13013,2020,MH,Not Applicable,Gasoline,2008,ICE,Not Applicable,3,Statewide,1440
13014,2020,BT,Not Applicable,Diesel,2020,ICE,Not Applicable,≥4,Statewide,374
13015,2020,BT,Not Applicable,Diesel,2021,ICE,Not Applicable,≥4,Statewide,374
13016,2020,T7,8,Diesel,2008,ICE,Not Applicable,1,Statewide,374
13017,2020,MH,Not Applicable,Diesel,2013,ICE,Not Applicable,≥4,Statewide,1165
13018,2020,P,Not Applicable,Gasoline,1986,ICE,Not Applicable,1,Statewide,1165
13019,2020,MH,Not Applicable,Diesel,1976,ICE,Not Applicable,1,Statewide,12
13020,2020,P,Not Applicable,Gasoline,2006,ICE,Not Applicable,≥4,Statewide,148247
13021,2020,MH,Not Applicable,Diesel,1993,ICE,Not Applicable,1,Statewide,12
13022,2020,MH,Not Applicable,Gasoline,1993,ICE,Not Applicable,2,Statewide,375
13023,2020,T1,Unknown,Gasoline,1979,ICE,Not Applicable,3,Statewide,375
13024,2020,P,Not Applicable,Diesel,1978,ICE,Not Applicable,≥4,Statewide,12
13025,2020,P,Not Applicable,Diesel,1979,ICE,Not Applicable,2,Statewide,12
13026,2020,P,Not Applicable,Diesel,1999,ICE,Not Applicable,3,Statewide,12
13027,2020,MH,Not Applicable,Gasoline,2018,ICE,Not Applicable,2,Statewide,373
13028,2020,BT,Not Applicable,Natural Gas,2017,ICE,Not Applicable,≥4,Statewide,359
13029,2020,B,Not Applicable,Diesel,1991,ICE,Not Applicable,1,Statewide,12
13030,2020,T3,Unknown,Gasoline,2006,ICE,Not Applicable,3,Statewide,789
13031,2020,MC,Not Applicable,Gasoline,1978,ICE,Not Applicable,3,Statewide,368
13032,2020,T7,8,Diesel,2016,ICE,Not Applicable,1,Statewide,1160
13033,2020,T4,2,Gasoline,2008,ICE,Not Applicable,1,Statewide,5914
13034,2020,T1,1,Gasoline,1996,ICE,Not Applicable,2,Statewide,5913
13035,2020,T2,1,Gasoline,2013,ICE,Not Applicable,1,Statewide,47847
13036,2020,T5,3,Diesel,2021,ICE,Not Applicable,2,Statewide,792
13037,2020,BS,Not Applicable,Diesel,1998,ICE,Not Applicable,≥4,Statewide,369
13038,2020,MH,Not Applicable,Diesel,2005,ICE,Not Applicable,3,Statewide,369
13039,2020,MH,Not Applicable,Gasoline,1992,ICE,Not Applicable,1,Statewide,369
13040,2020,MH,Not Applicable,Gasoline,2017,ICE,Not Applicable,3,Statewide,369
13041,2020,P,Not Applicable,Electric,2016,BEV,51 to 100 miles,2,Statewide,1160
13042,2020,MH,Not Applicable,Gasoline,1996,ICE,Not Applicable,≥4,Statewide,1161
13043,2020,T4,2,Diesel,2010,ICE,Not Applicable,3,Statewide,5905
13044,2020,T3,2,Gasoline,2010,ICE,Not Applicable,1,Statewide,47990
13045,2020,T3,2,Gasoline,2016,ICE,Not Applicable,≥4,Statewide,48024
13046,2020,T6,4,Diesel,2013,ICE,Not Applicable,2,Statewide,370
13047,2020,MH,Not Applicable,Gasoline,1996,ICE,Not Applicable,2,Statewide,370
13048,2020,T5,3,Gasoline,2005,ICE,Not Applicable,2,Statewide,371
13049,2020,T6,4,Gasoline,2016,ICE,Not Applicable,≥4,Statewide,371
13050,2020,MC,Not Applicable,Gasoline,1991,ICE,Not Applicable,2,Statewide,791
13051,2020,T3,2,Gasoline,2010,ICE,Not Applicable,3,Statewide,48530
13052,2020,T4,2,Diesel,2000,ICE,Not Applicable,1,Statewide,1162
13053,2020,T7,8,Diesel,1999,ICE,Not Applicable,≥4,Statewide,1443
13054,2020,P,Not Applicable,Gasoline,1982,ICE,Not Applicable,2,Statewide,1162
13055,2020,MH,Not Applicable,Gasoline,1995,ICE,Not Applicable,≥4,Statewide,1442
13056,2020,T6,7,Diesel,1990,ICE,Not Applicable,≥4,Statewide,372
13057,2020,T4,2,Diesel,2015,ICE,Not Applicable,1,Statewide,790
13058,2020,T6,7,Diesel,2008,ICE,Not Applicable,≥4,Statewide,1164
13059,2020,T3,Unknown,Gasoline,2005,ICE,Not Applicable,2,Statewide,359
13060,2020,T1,Unknown,Gasoline,1980,ICE,Not Applicable,≥4,Statewide,359
13061,2020,MH,Not Applicable,Gasoline,1976,ICE,Not Applicable,3,Statewide,359
13062,2020,T1,1,Gasoline,2020,ICE,Not Applicable,2,Statewide,37149
13063,2020,T4,2,Diesel,1990,ICE,Not Applicable,2,Statewide,350
13064,2020,P,Not Applicable,Gasoline,2015,ICE,Not Applicable,2,Statewide,158654
13065,2020,T7,8,Diesel,2002,ICE,Not Applicable,1,Statewide,350
13066,2020,T2,1,Gasoline,1982,ICE,Not Applicable,≥4,Statewide,350
13067,2020,P,Not Applicable,Gasoline,2015,ICE,Not Applicable,≥4,Statewide,158613
13068,2020,T4,2,Gasoline,2021,PHEV,0 to 50 miles,≥4,Statewide,17
13069,2020,T4,Unknown,Gasoline,1984,ICE,Not Applicable,3,Statewide,17
13070,2020,T4,Unknown,Gasoline,1980,ICE,Not Applicable,3,Statewide,17
13071,2020,P,Not Applicable,Gasoline,2002,ICE,Not Applicable,3,Statewide,45252
13072,2020,T2,Unknown,Gasoline,1990,ICE,Not Applicable,1,Statewide,17
13073,2020,T2,1,Gasoline,1979,ICE,Not Applicable,≥4,Statewide,1468
13074,2020,BT,Not Applicable,Gasoline,2017,ICE,Not Applicable,1,Statewide,17
13075,2020,MH,Not Applicable,Gasoline,1998,ICE,Not Applicable,1,Statewide,351
13076,2020,T1,Unknown,Gasoline,1982,ICE,Not Applicable,≥4,Statewide,351
13077,2020,T4,2,Gasoline,2015,ICE,Not Applicable,2,Statewide,351
13078,2020,BS,Not Applicable,Gasoline,1984,ICE,Not Applicable,≥4,Statewide,17
13079,2020,B,Not Applicable,Gasoline,1995,ICE,Not Applicable,1,Statewide,17
13080,2020,B,Not Applicable,Gasoline,1994,ICE,Not Applicable,1,Statewide,17
13081,2020,T3,Unknown,Electric,2008,BEV,Unknown,≥4,Statewide,17
13082,2020,T3,Unknown,Electric,2007,BEV,Unknown,1,Statewide,17
13083,2020,P,Not Applicable,Electric,2011,BEV,Unknown,3,Statewide,17
13084,2020,T3,2,Gasoline,1976,ICE,Not Applicable,3,Statewide,1466
13085,2020,MC,Not Applicable,Electric,2020,BEV,Unknown,3,Statewide,17
13086,2020,MC,Not Applicable,Electric,2017,BEV,Unknown,3,Statewide,17
13087,2020,P,Not Applicable,Electric,2018,BEV,101 to 150 miles,3,Statewide,1464
13088,2020,T2,Unknown,Gasoline,1978,ICE,Not Applicable,1,Statewide,353
13089,2020,T5,3,Gasoline,1986,ICE,Not Applicable,3,Statewide,17
13090,2020,T7,8,Diesel,1987,ICE,Not Applicable,3,Statewide,17
13091,2020,T3,2,Gasoline,1976,ICE,Not Applicable,1,Statewide,1471
13092,2020,T6,6,Gasoline,1981,ICE,Not Applicable,3,Statewide,17
13093,2020,P,Not Applicable,Gasoline,2008,ICE,Not Applicable,1,Statewide,158749
13094,2020,T7,8,Natural Gas,2015,ICE,Not Applicable,3,Statewide,17
13095,2020,T4,2,Natural Gas,2008,ICE,Not Applicable,1,Statewide,17
13096,2020,T4,2,Natural Gas,2003,ICE,Not Applicable,≥4,Statewide,17
13097,2020,T2,1,Gasoline,2015,ICE,Not Applicable,≥4,Statewide,44981
13098,2020,T3,2,Natural Gas,1999,ICE,Not Applicable,≥4,Statewide,17
13099,2020,P,Not Applicable,Natural Gas,2018,ICE,Not Applicable,2,Statewide,17
13100,2020,T3,2,Gasoline,1993,ICE,Not Applicable,2,Statewide,1477
13101,2020,P,Not Applicable,Natural Gas,2004,ICE,Not Applicable,3,Statewide,17
13102,2020,MH,Not Applicable,Diesel,1999,ICE,Not Applicable,≥4,Statewide,348
13103,2020,T6,6,Diesel,1995,ICE,Not Applicable,≥4,Statewide,348
13104,2020,T2,Unknown,Gasoline,1977,ICE,Not Applicable,1,Statewide,348
13105,2020,P,Not Applicable,Hydrogen,2015,FCEV,Unknown,≥4,Statewide,17
13106,2020,T7,8,Gasoline,1987,ICE,Not Applicable,≥4,Statewide,17
13107,2020,T6,5,Gasoline,2018,ICE,Not Applicable,2,Statewide,17
13108,2020,T6,5,Gasoline,2011,ICE,Not Applicable,3,Statewide,17
13109,2020,T6,5,Gasoline,2010,ICE,Not Applicable,3,Statewide,17
13110,2020,T6,6,Gasoline,1995,ICE,Not Applicable,2,Statewide,17
13111,2020,T7,8,Diesel,2017,ICE,Not Applicable,1,Statewide,1474
13112,2020,T6,6,Gasoline,1991,ICE,Not Applicable,1,Statewide,17
13113,2020,T1,Unknown,Gasoline,1977,ICE,Not Applicable,3,Statewide,349
13114,2020,T1,Unknown,Gasoline,2013,ICE,Not Applicable,≥4,Statewide,349
13115,2020,T5,3,Gasoline,2005,ICE,Not Applicable,3,Statewide,349
13116,2020,T6,7,Gasoline,1990,ICE,Not Applicable,1,Statewide,17
13117,2020,MH,Not Applicable,Gasoline,2005,ICE,Not Applicable,2,Statewide,814
13118,2020,T6,5,Gasoline,1987,ICE,Not Applicable,≥4,Statewide,17
13119,2020,T6,Unknown,Gasoline,1982,ICE,Not Applicable,≥4,Statewide,17
13120,2020,T4,Unknown,Gasoline,2020,ICE,Not Applicable,2,Statewide,1472
13121,2020,T2,1,Diesel,1980,ICE,Not Applicable,1,Statewide,12
13122,2020,T7,8,Diesel,1976,ICE,Not Applicable,3,Statewide,17
13123,2020,T6,Unknown,Diesel,2018,ICE,Not Applicable,1,Statewide,17
13124,2020,BS,Not Applicable,Diesel,2012,ICE,Not Applicable,2,Statewide,17
13125,2020,BS,Not Applicable,Diesel,1999,ICE,Not Applicable,2,Statewide,17
13126,2020,T3,2,Diesel,2011,ICE,Not Applicable,≥4,Statewide,357
13127,2020,T3,Unknown,Gasoline,2004,ICE,Not Applicable,≥4,Statewide,357
13128,2020,B,Not Applicable,Diesel,2018,ICE,Not Applicable,3,Statewide,17
13129,2020,B,Not Applicable,Diesel,2005,ICE,Not Applicable,3,Statewide,17
13130,2020,B,Not Applicable,Diesel,1995,ICE,Not Applicable,1,Statewide,17
13131,2020,B,Not Applicable,Diesel,1993,ICE,Not Applicable,1,Statewide,17
13132,2020,P,Not Applicable,Gasoline,2009,ICE,Not Applicable,1,Statewide,158147
13133,2020,T6,7,Diesel,2015,ICE,Not Applicable,≥4,Statewide,1150
13134,2020,T6,6,Diesel,2005,ICE,Not Applicable,3,Statewide,358
13135,2020,T6,5,Diesel,2012,ICE,Not Applicable,1,Statewide,358
13136,2020,T3,2,Gasoline,2021,PHEV,0 to 50 miles,≥4,Statewide,358
13137,2020,T7,8,Natural Gas,2016,ICE,Not Applicable,≥4,Statewide,811
13138,2020,T4,2,Gasoline,2001,ICE,Not Applicable,≥4,Statewide,6040
13139,2020,P,Not Applicable,Gasoline,2021,PHEV,51 to 100 miles,3,Statewide,1152
13140,2020,T1,1,Gasoline,1997,ICE,Not Applicable,3,Statewide,4949
13141,2020,T2,1,Gasoline,1997,ICE,Not Applicable,3,Statewide,4952
13142,2020,P,Not Applicable,Gasoline,1979,ICE,Not Applicable,≥4,Statewide,6734
13143,2020,T2,1,Diesel,2020,ICE,Not Applicable,3,Statewide,810
13144,2020,T4,2,Gasoline,2017,ICE,Not Applicable,1,Statewide,1152
13145,2020,T4,2,Diesel,2005,ICE,Not Applicable,≥4,Statewide,6026
13146,2020,MH,Not Applicable,Gasoline,2009,ICE,Not Applicable,1,Statewide,809
13147,2020,T2,Unknown,Gasoline,2015,ICE,Not Applicable,2,Statewide,6737
13148,2020,T2,Unknown,Gasoline,2013,ICE,Not Applicable,2,Statewide,4964
13149,2020,T1,1,Gasoline,1998,ICE,Not Applicable,1,Statewide,6013
13150,2020,BS,Not Applicable,Gasoline,2020,ICE,Not Applicable,≥4,Statewide,359
13151,2020,MH,Not Applicable,Diesel,1987,ICE,Not Applicable,2,Statewide,17
13152,2020,T6,Unknown,Diesel,2019,ICE,Not Applicable,2,Statewide,17
13153,2020,MH,Not Applicable,Diesel,1989,ICE,Not Applicable,2,Statewide,17
13154,2020,MH,Not Applicable,Diesel,1991,ICE,Not Applicable,3,Statewide,17
13155,2020,T6,5,Diesel,2001,ICE,Not Applicable,1,Statewide,17
13156,2020,T6,Unknown,Diesel,1993,ICE,Not Applicable,≥4,Statewide,17
13157,2020,T6,6,Diesel,1989,ICE,Not Applicable,1,Statewide,17
13158,2020,BS,Not Applicable,Diesel,1996,ICE,Not Applicable,≥4,Statewide,354
13159,2020,BS,Not Applicable,Diesel,2010,ICE,Not Applicable,≥4,Statewide,354
13160,2020,P,Not Applicable,Diesel,2004,ICE,Not Applicable,≥4,Statewide,354
13161,2020,T7,8,Diesel,2000,ICE,Not Applicable,1,Statewide,354
13162,2020,MH,Not Applicable,Gasoline,2020,ICE,Not Applicable,3,Statewide,354
13163,2020,T6,4,Gasoline,2021,ICE,Not Applicable,≥4,Statewide,354
13164,2020,T6,6,Diesel,1979,ICE,Not Applicable,≥4,Statewide,17
13165,2020,T6,6,Diesel,1977,ICE,Not Applicable,1,Statewide,17
13166,2020,T4,Unknown,Diesel,2013,ICE,Not Applicable,2,Statewide,17
13167,2020,T4,Unknown,Diesel,2008,ICE,Not Applicable,1,Statewide,17
13168,2020,T4,Unknown,Diesel,2001,ICE,Not Applicable,≥4,Statewide,17
13169,2020,T7,8,Diesel,2001,ICE,Not Applicable,1,Statewide,355
13170,2020,T3,Unknown,Diesel,1991,ICE,Not Applicable,≥4,Statewide,17
13171,2020,T3,2,Diesel,1986,ICE,Not Applicable,≥4,Statewide,17
13172,2020,T3,Unknown,Diesel,1985,ICE,Not Applicable,3,Statewide,17
13173,2020,T2,1,Diesel,2017,ICE,Not Applicable,3,Statewide,17
13174,2020,T3,2,Gasoline,2012,ICE,Not Applicable,1,Statewide,45405
13175,2020,T2,1,Gasoline,2003,ICE,Not Applicable,≥4,Statewide,45547
13176,2020,T3,2,Gasoline,2017,ICE,Not Applicable,≥4,Statewide,45593
13177,2020,MH,Not Applicable,Gasoline,2006,ICE,Not Applicable,1,Statewide,356
13178,2020,T2,1,Diesel,2016,ICE,Not Applicable,1,Statewide,17
13179,2020,T2,1,Diesel,2013,ICE,Not Applicable,1,Statewide,17
13180,2020,T1,1,Diesel,1991,ICE,Not Applicable,≥4,Statewide,17
13181,2020,T1,Unknown,Diesel,1989,ICE,Not Applicable,≥4,Statewide,17
13182,2020,MH,Not Applicable,Diesel,1990,ICE,Not Applicable,2,Statewide,17
13183,2020,P,Not Applicable,Diesel,2021,ICE,Not Applicable,1,Statewide,460
13184,2020,T2,1,Diesel,1981,ICE,Not Applicable,≥4,Statewide,12
13185,2020,T6,6,Gasoline,2019,ICE,Not Applicable,≥4,Statewide,782
13186,2020,T2,1,Gasoline,2002,ICE,Not Applicable,2,Statewide,25627
13187,2020,T4,2,Gasoline,2015,ICE,Not Applicable,1,Statewide,392
13188,2020,P,Not Applicable,Natural Gas,2014,ICE,Not Applicable,≥4,Statewide,392
13189,2020,T3,2,Natural Gas,2009,ICE,Not Applicable,≥4,Statewide,392
13190,2020,P,Not Applicable,Electric,2022,BEV,51 to 100 miles,1,Statewide,12
13191,2020,T3,2,Gasoline,1983,ICE,Not Applicable,1,Statewide,769
13192,2020,T7,8,Diesel,2021,ICE,Not Applicable,1,Statewide,769
13193,2020,T1,1,Electric,2002,BEV,Unknown,≥4,Statewide,12
13194,2020,T2,1,Gasoline,2002,ICE,Not Applicable,1,Statewide,26033
13195,2020,T3,2,Gasoline,2004,ICE,Not Applicable,≥4,Statewide,51414
13196,2020,T2,1,Gasoline,2006,ICE,Not Applicable,1,Statewide,51585
13197,2020,T1,Unknown,Electric,2011,BEV,Unknown,≥4,Statewide,12
13198,2020,P,Not Applicable,Electric,2009,BEV,Unknown,1,Statewide,12
13199,2020,T2,1,Gasoline,2003,ICE,Not Applicable,3,Statewide,26350
13200,2020,T3,2,Gasoline,2004,ICE,Not Applicable,3,Statewide,26404
13201,2020,P,Not Applicable,Diesel,2011,ICE,Not Applicable,2,Statewide,393
13202,2020,T7,8,Diesel,2005,ICE,Not Applicable,3,Statewide,393
13203,2020,T1,1,Gasoline,2021,ICE,Not Applicable,2,Statewide,26444
13204,2020,T2,1,Gasoline,2014,ICE,Not Applicable,1,Statewide,26495
13205,2020,P,Not Applicable,Gasoline,1983,ICE,Not Applicable,3,Statewide,1410
13206,2020,T6,4,Diesel,2005,ICE,Not Applicable,1,Statewide,394
13207,2020,T2,1,Gasoline,2014,ICE,Not Applicable,≥4,Statewide,26597
13208,2020,T3,Unknown,Electric,1998,BEV,Unknown,≥4,Statewide,12
13209,2020,B,Not Applicable,Gasoline,1993,ICE,Not Applicable,1,Statewide,12
13210,2020,MC,Not Applicable,Gasoline,2012,ICE,Not Applicable,≥4,Statewide,26879
13211,2020,T3,2,Gasoline,2014,ICE,Not Applicable,≥4,Statewide,27042
13212,2020,MH,Not Applicable,Gasoline,2001,ICE,Not Applicable,≥4,Statewide,1411
13213,2020,MH,Not Applicable,Gasoline,2018,ICE,Not Applicable,1,Statewide,391
13214,2020,T3,2,Diesel,2015,ICE,Not Applicable,2,Statewide,391
13215,2020,T3,2,Gasoline,1993,ICE,Not Applicable,3,Statewide,1414
13216,2020,MH,Not Applicable,Gasoline,1993,ICE,Not Applicable,1,Statewide,387
13217,2020,MC,Not Applicable,Gasoline,2017,ICE,Not Applicable,1,Statewide,5089
13218,2020,T4,2,Gasoline,2006,ICE,Not Applicable,1,Statewide,5095
13219,2020,BS,Not Applicable,Diesel,2018,ICE,Not Applicable,≥4,Statewide,388
13220,2020,T1,1,Gasoline,1977,ICE,Not Applicable,2,Statewide,388
13221,2020,T3,2,Gasoline,1981,ICE,Not Applicable,1,Statewide,388
13222,2020,P,Not Applicable,Natural Gas,2017,ICE,Not Applicable,3,Statewide,388
13223,2020,T1,1,Gasoline,2016,ICE,Not Applicable,≥4,Statewide,5129
13224,2020,T1,Unknown,Gasoline,1983,ICE,Not Applicable,≥4,Statewide,389
13225,2020,T3,2,Gasoline,1980,ICE,Not Applicable,2,Statewide,389
13226,2020,T3,Unknown,Gasoline,1982,ICE,Not Applicable,≥4,Statewide,389
13227,2020,T2,Unknown,Gasoline,2017,ICE,Not Applicable,1,Statewide,5136
13228,2020,T5,3,Diesel,2020,ICE,Not Applicable,≥4,Statewide,5139
13229,2020,T6,Unknown,Diesel,2019,ICE,Not Applicable,3,Statewide,12
13230,2020,T6,4,Diesel,2022,ICE,Not Applicable,1,Statewide,12
13231,2020,T6,5,Gasoline,2020,ICE,Not Applicable,≥4,Statewide,1419
13232,2020,T5,3,Gasoline,2002,ICE,Not Applicable,≥4,Statewide,1419
13233,2020,BT,Not Applicable,Electric,2018,BEV,Unknown,≥4,Statewide,12
13234,2020,T6,4,Diesel,2004,ICE,Not Applicable,1,Statewide,390
13235,2020,T1,1,Gasoline,1997,ICE,Not Applicable,2,Statewide,5168
13236,2020,MH,Not Applicable,Gasoline,2002,ICE,Not Applicable,3,Statewide,1172
13237,2020,MC,Not Applicable,Gasoline,2006,ICE,Not Applicable,3,Statewide,5174
13238,2020,T5,3,Gasoline,2015,ICE,Not Applicable,≥4,Statewide,772
13239,2020,P,Not Applicable,Electric,2004,BEV,Unknown,3,Statewide,12
13240,2020,T2,1,Gasoline,2022,ICE,Not Applicable,≥4,Statewide,5183
13241,2020,P,Not Applicable,Electric,2008,BEV,Unknown,2,Statewide,12
13242,2020,P,Not Applicable,Gasoline,2012,ICE,Not Applicable,3,Statewide,141571
13243,2020,MC,Not Applicable,Gasoline,1985,ICE,Not Applicable,1,Statewide,395
13244,2020,T2,1,Gasoline,2018,ICE,Not Applicable,3,Statewide,51819
13245,2020,T3,2,Gasoline,2018,ICE,Not Applicable,≥4,Statewide,51827
13246,2020,T2,1,Gasoline,2005,ICE,Not Applicable,1,Statewide,51903
13247,2020,MC,Not Applicable,Gasoline,2000,ICE,Not Applicable,3,Statewide,1402
13248,2020,T6,5,Diesel,2005,ICE,Not Applicable,≥4,Statewide,1401
13249,2020,T4,2,Gasoline,1977,ICE,Not Applicable,2,Statewide,401
13250,2020,T3,2,Gasoline,2016,ICE,Not Applicable,1,Statewide,30292
13251,2020,T3,2,Gasoline,2007,ICE,Not Applicable,2,Statewide,52296
13252,2020,P,Not Applicable,Gasoline,1983,ICE,Not Applicable,2,Statewide,1398
13253,2020,BS,Not Applicable,Diesel,2020,ICE,Not Applicable,≥4,Statewide,402
13254,2020,T6,5,Diesel,2011,ICE,Not Applicable,1,Statewide,402
13255,2020,T2,Unknown,Gasoline,1979,ICE,Not Applicable,3,Statewide,402
13256,2020,T3,2,Gasoline,2008,ICE,Not Applicable,1,Statewide,52360
13257,2020,BS,Not Applicable,Diesel,2014,ICE,Not Applicable,≥4,Statewide,403
13258,2020,T4,2,Diesel,1991,ICE,Not Applicable,1,Statewide,403
13259,2020,T5,3,Gasoline,2019,ICE,Not Applicable,1,Statewide,403
13260,2020,T3,2,Gasoline,2021,ICE,Not Applicable,1,Statewide,52606
13261,2020,MC,Not Applicable,Gasoline,1992,ICE,Not Applicable,3,Statewide,767
13262,2020,P,Not Applicable,Diesel,2015,ICE,Not Applicable,3,Statewide,1397
13263,2020,T6,6,Diesel,2012,ICE,Not Applicable,1,Statewide,767
13264,2020,B,Not Applicable,Gasoline,1994,ICE,Not Applicable,2,Statewide,12
13265,2020,B,Not Applicable,Gasoline,1998,ICE,Not Applicable,3,Statewide,12
13266,2020,BS,Not Applicable,Gasoline,2000,ICE,Not Applicable,1,Statewide,12
13267,2020,BS,Not Applicable,Gasoline,2016,ICE,Not Applicable,1,Statewide,12
13268,2020,BT,Not Applicable,Gasoline,1989,ICE,Not Applicable,≥4,Statewide,12
13269,2020,MH,Not Applicable,Gasoline,1985,ICE,Not Applicable,1,Statewide,12
13270,2020,T1,Unknown,Gasoline,2000,ICE,Not Applicable,1,Statewide,12
13271,2020,T1,Unknown,Gasoline,2003,ICE,Not Applicable,2,Statewide,12
13272,2020,T2,Unknown,Gasoline,1991,ICE,Not Applicable,3,Statewide,12
13273,2020,T6,4,Gasoline,2010,ICE,Not Applicable,≥4,Statewide,764
13274,2020,P,Not Applicable,Gasoline,1996,ICE,Not Applicable,≥4,Statewide,30121
13275,2020,B,Not Applicable,Diesel,2017,ICE,Not Applicable,≥4,Statewide,387
13276,2020,T2,1,Gasoline,2004,ICE,Not Applicable,≥4,Statewide,52164
13277,2020,T5,3,Gasoline,2013,ICE,Not Applicable,1,Statewide,400
13278,2020,T3,2,Gasoline,1993,ICE,Not Applicable,1,Statewide,1408
13279,2020,P,Not Applicable,Gasoline,1999,ICE,Not Applicable,2,Statewide,27554
13280,2020,T5,3,Diesel,2020,ICE,Not Applicable,3,Statewide,1407
13281,2020,MC,Not Applicable,Gasoline,1983,ICE,Not Applicable,2,Statewide,396
13282,2020,MH,Not Applicable,Gasoline,1987,ICE,Not Applicable,≥4,Statewide,396
13283,2020,MH,Not Applicable,Gasoline,1989,ICE,Not Applicable,2,Statewide,396
13284,2020,T5,3,Gasoline,1996,ICE,Not Applicable,≥4,Statewide,396
13285,2020,T6,6,Gasoline,1976,ICE,Not Applicable,1,Statewide,396
13286,2020,T6,4,Gasoline,2004,ICE,Not Applicable,≥4,Statewide,1404
13287,2020,P,Not Applicable,Diesel,2021,ICE,Not Applicable,2,Statewide,397
13288,2020,T6,6,Diesel,2004,ICE,Not Applicable,1,Statewide,397
13289,2020,T7,8,Diesel,1976,ICE,Not Applicable,≥4,Statewide,397
13290,2020,T7,8,Diesel,1986,ICE,Not Applicable,≥4,Statewide,397
13291,2020,T1,Unknown,Gasoline,2013,ICE,Not Applicable,2,Statewide,397
13292,2020,T4,Unknown,Gasoline,1976,ICE,Not Applicable,3,Statewide,397
13293,2020,T4,2,Gasoline,2014,ICE,Not Applicable,2,Statewide,397
13294,2020,T3,2,Gasoline,2004,ICE,Not Applicable,1,Statewide,27967
13295,2020,T1,1,Gasoline,2020,ICE,Not Applicable,1,Statewide,52045
13296,2020,T1,1,Gasoline,1989,ICE,Not Applicable,2,Statewide,1404
13297,2020,T3,2,Gasoline,2017,ICE,Not Applicable,1,Statewide,28250
13298,2020,T6,6,Diesel,2011,ICE,Not Applicable,3,Statewide,398
13299,2020,T3,2,Gasoline,1980,ICE,Not Applicable,3,Statewide,398
13300,2020,T4,2,Gasoline,1978,ICE,Not Applicable,3,Statewide,399
13301,2020,T3,2,Gasoline,2021,ICE,Not Applicable,3,Statewide,28723
13302,2020,T3,2,Gasoline,2003,ICE,Not Applicable,≥4,Statewide,29034
13303,2020,P,Not Applicable,Gasoline,1997,ICE,Not Applicable,≥4,Statewide,29163
13304,2020,T6,6,Diesel,2006,ICE,Not Applicable,1,Statewide,400
13305,2020,T3,2,Gasoline,2004,ICE,Not Applicable,2,Statewide,29806
13306,2020,T3,2,Diesel,2019,ICE,Not Applicable,2,Statewide,1421
13307,2020,T1,1,Gasoline,1990,ICE,Not Applicable,≥4,Statewide,5071
13308,2020,T6,Unknown,Diesel,1999,ICE,Not Applicable,≥4,Statewide,12
13309,2020,T5,3,Diesel,2021,ICE,Not Applicable,1,Statewide,1432
13310,2020,T6,6,Gasoline,1990,ICE,Not Applicable,2,Statewide,16
13311,2020,T7,8,Diesel,2004,ICE,Not Applicable,2,Statewide,379
13312,2020,MC,Not Applicable,Gasoline,1980,ICE,Not Applicable,3,Statewide,379
13313,2020,T3,Unknown,Gasoline,2019,ICE,Not Applicable,3,Statewide,379
13314,2020,T7,8,Natural Gas,2013,ICE,Not Applicable,≥4,Statewide,379
13315,2020,T6,6,Gasoline,1982,ICE,Not Applicable,2,Statewide,16
13316,2020,T6,6,Gasoline,1982,ICE,Not Applicable,3,Statewide,16
13317,2020,T6,5,Gasoline,1981,ICE,Not Applicable,≥4,Statewide,16
13318,2020,T5,3,Gasoline,1988,ICE,Not Applicable,2,Statewide,16
13319,2020,T5,3,Gasoline,1982,ICE,Not Applicable,≥4,Statewide,16
13320,2020,T4,Unknown,Gasoline,2017,ICE,Not Applicable,3,Statewide,16
13321,2020,T4,Unknown,Gasoline,2015,ICE,Not Applicable,3,Statewide,16
13322,2020,T4,Unknown,Gasoline,1980,ICE,Not Applicable,1,Statewide,16
13323,2020,T2,Unknown,Gasoline,1986,ICE,Not Applicable,1,Statewide,16
13324,2020,P,Not Applicable,Gasoline,2008,ICE,Not Applicable,2,Statewide,145751
13325,2020,T3,2,Gasoline,1978,ICE,Not Applicable,≥4,Statewide,1431
13326,2020,T1,Unknown,Gasoline,1986,ICE,Not Applicable,1,Statewide,16
13327,2020,BS,Not Applicable,Gasoline,2010,ICE,Not Applicable,2,Statewide,16
13328,2020,T6,5,Diesel,2013,ICE,Not Applicable,1,Statewide,380
13329,2020,T7,8,Diesel,2012,ICE,Not Applicable,2,Statewide,380
13330,2020,B,Not Applicable,Gasoline,2007,ICE,Not Applicable,≥4,Statewide,380
13331,2020,MC,Not Applicable,Gasoline,1984,ICE,Not Applicable,1,Statewide,380
13332,2020,BS,Not Applicable,Gasoline,1980,ICE,Not Applicable,1,Statewide,16
13333,2020,T5,3,Diesel,1990,ICE,Not Applicable,2,Statewide,12
13334,2020,MH,Not Applicable,Diesel,2006,ICE,Not Applicable,≥4,Statewide,778
13335,2020,P,Not Applicable,Gasoline,2014,ICE,Not Applicable,1,Statewide,145028
13336,2020,T6,6,Gasoline,1998,ICE,Not Applicable,2,Statewide,16
13337,2020,B,Not Applicable,Gasoline,1999,ICE,Not Applicable,3,Statewide,16
13338,2020,T2,1,Gasoline,2019,ICE,Not Applicable,3,Statewide,49666
13339,2020,T6,5,Gasoline,2006,ICE,Not Applicable,3,Statewide,16
13340,2020,MC,Not Applicable,Gasoline,2022,ICE,Not Applicable,1,Statewide,376
13341,2020,T2,Unknown,Gasoline,1984,ICE,Not Applicable,≥4,Statewide,376
13342,2020,T2,1,Diesel,1986,ICE,Not Applicable,≥4,Statewide,12
13343,2020,T6,4,Diesel,2017,ICE,Not Applicable,≥4,Statewide,781
13344,2020,T2,1,Diesel,1988,ICE,Not Applicable,2,Statewide,12
13345,2020,T2,1,Diesel,1989,ICE,Not Applicable,1,Statewide,12
13346,2020,T2,1,Diesel,2012,ICE,Not Applicable,2,Statewide,12
13347,2020,T2,1,Gasoline,2015,ICE,Not Applicable,1,Statewide,49208
13348,2020,T4,Unknown,Diesel,1976,ICE,Not Applicable,1,Statewide,12
13349,2020,T4,Unknown,Diesel,2003,ICE,Not Applicable,≥4,Statewide,12
13350,2020,T4,2,Gasoline,1976,ICE,Not Applicable,3,Statewide,1436
13351,2020,P,Not Applicable,Gasoline,2009,ICE,Not Applicable,2,Statewide,145913
13352,2020,MH,Not Applicable,Diesel,2011,ICE,Not Applicable,2,Statewide,377
13353,2020,T2,1,Diesel,2021,ICE,Not Applicable,1,Statewide,377
13354,2020,T2,Unknown,Gasoline,2009,ICE,Not Applicable,3,Statewide,779
13355,2020,T4,Unknown,Diesel,2009,ICE,Not Applicable,1,Statewide,12
13356,2020,T6,6,Natural Gas,2012,ICE,Not Applicable,1,Statewide,16
13357,2020,T3,2,Natural Gas,2006,ICE,Not Applicable,3,Statewide,16
13358,2020,T3,2,Natural Gas,2005,ICE,Not Applicable,1,Statewide,16
13359,2020,P,Not Applicable,Hydrogen,2016,FCEV,Unknown,≥4,Statewide,16
13360,2020,P,Not Applicable,Electric,2019,BEV,>150 miles,3,Statewide,1434
13361,2020,MH,Not Applicable,Gasoline,1996,ICE,Not Applicable,1,Statewide,378
13362,2020,T7,8,Gasoline,1989,ICE,Not Applicable,≥4,Statewide,16
13363,2020,T6,7,Gasoline,2018,ICE,Not Applicable,≥4,Statewide,16
13364,2020,T6,4,Gasoline,2014,ICE,Not Applicable,3,Statewide,16
13365,2020,T6,7,Gasoline,2014,ICE,Not Applicable,1,Statewide,16
13366,2020,T6,5,Gasoline,2011,ICE,Not Applicable,2,Statewide,16
13367,2020,T6,6,Gasoline,2006,ICE,Not Applicable,3,Statewide,16
13368,2020,T2,1,Gasoline,2008,ICE,Not Applicable,3,Statewide,49096
13369,2020,B,Not Applicable,Gasoline,1997,ICE,Not Applicable,1,Statewide,16
13370,2020,T2,1,Electric,2007,BEV,Unknown,2,Statewide,16
13371,2020,MH,Not Applicable,Gasoline,1992,ICE,Not Applicable,2,Statewide,384
13372,2020,T3,Unknown,Gasoline,2020,ICE,Not Applicable,≥4,Statewide,384
13373,2020,T6,5,Gasoline,1976,ICE,Not Applicable,≥4,Statewide,384
13374,2020,MH,Not Applicable,Diesel,1987,ICE,Not Applicable,1,Statewide,16
13375,2020,BS,Not Applicable,Diesel,2017,ICE,Not Applicable,3,Statewide,16
13376,2020,BS,Not Applicable,Diesel,2013,ICE,Not Applicable,3,Statewide,16
13377,2020,BS,Not Applicable,Diesel,1997,ICE,Not Applicable,1,Statewide,16
13378,2020,MC,Not Applicable,Gasoline,1984,ICE,Not Applicable,2,Statewide,385
13379,2020,T1,1,Gasoline,1980,ICE,Not Applicable,≥4,Statewide,385
13380,2020,T2,Unknown,Gasoline,2007,ICE,Not Applicable,3,Statewide,385
13381,2020,T6,4,Gasoline,2019,ICE,Not Applicable,≥4,Statewide,385
13382,2020,B,Not Applicable,Diesel,2020,ICE,Not Applicable,2,Statewide,16
13383,2020,B,Not Applicable,Diesel,2014,ICE,Not Applicable,3,Statewide,16
13384,2020,B,Not Applicable,Diesel,2010,ICE,Not Applicable,3,Statewide,16
13385,2020,B,Not Applicable,Diesel,2002,ICE,Not Applicable,3,Statewide,16
13386,2020,MC,Not Applicable,Gasoline,2021,ICE,Not Applicable,2,Statewide,5051
13387,2020,T6,5,Diesel,1998,ICE,Not Applicable,3,Statewide,12
13388,2020,T2,1,Gasoline,2013,ICE,Not Applicable,≥4,Statewide,50350
13389,2020,P,Not Applicable,Diesel,2008,ICE,Not Applicable,≥4,Statewide,775
13390,2020,T6,5,Diesel,1998,ICE,Not Applicable,2,Statewide,12
13391,2020,T4,2,Diesel,2021,ICE,Not Applicable,1,Statewide,5056
13392,2020,T3,Unknown,Gasoline,2018,ICE,Not Applicable,≥4,Statewide,1423
13393,2020,T5,3,Diesel,2010,ICE,Not Applicable,1,Statewide,1423
13394,2020,T4,2,Diesel,1991,ICE,Not Applicable,3,Statewide,386
13395,2020,T5,3,Gasoline,2009,ICE,Not Applicable,2,Statewide,386
13396,2020,T2,1,Gasoline,1993,ICE,Not Applicable,≥4,Statewide,5058
13397,2020,T3,2,Gasoline,1995,ICE,Not Applicable,≥4,Statewide,5060
13398,2020,P,Not Applicable,Diesel,1979,ICE,Not Applicable,≥4,Statewide,16
13399,2020,B,Not Applicable,Gasoline,1977,ICE,Not Applicable,≥4,Statewide,16
13400,2020,P,Not Applicable,Diesel,1993,ICE,Not Applicable,2,Statewide,16
13401,2020,T2,1,Diesel,1990,ICE,Not Applicable,≥4,Statewide,16
13402,2020,T1,1,Gasoline,1989,ICE,Not Applicable,3,Statewide,1429
13403,2020,BT,Not Applicable,Diesel,1993,ICE,Not Applicable,≥4,Statewide,381
13404,2020,P,Not Applicable,Electric,2010,BEV,Unknown,2,Statewide,16
13405,2020,P,Not Applicable,Electric,2009,BEV,Unknown,2,Statewide,16
13406,2020,P,Not Applicable,Electric,2008,BEV,Unknown,3,Statewide,16
13407,2020,P,Not Applicable,Electric,2005,BEV,Unknown,≥4,Statewide,16
13408,2020,MC,Not Applicable,Electric,2018,BEV,Unknown,1,Statewide,16
13409,2020,T6,7,Diesel,1985,ICE,Not Applicable,2,Statewide,12
13410,2020,T6,Unknown,Diesel,1987,ICE,Not Applicable,≥4,Statewide,12
13411,2020,T7,8,Diesel,1987,ICE,Not Applicable,2,Statewide,16
13412,2020,T7,8,Diesel,1982,ICE,Not Applicable,1,Statewide,16
13413,2020,T5,3,Diesel,1996,ICE,Not Applicable,≥4,Statewide,382
13414,2020,MH,Not Applicable,Gasoline,2015,ICE,Not Applicable,≥4,Statewide,382
13415,2020,T6,5,Diesel,2022,ICE,Not Applicable,2,Statewide,16
13416,2020,T6,Unknown,Diesel,2010,ICE,Not Applicable,≥4,Statewide,16
13417,2020,T6,5,Diesel,1999,ICE,Not Applicable,3,Statewide,16
13418,2020,T6,Unknown,Diesel,1991,ICE,Not Applicable,≥4,Statewide,16
13419,2020,P,Not Applicable,Gasoline,2022,PHEV,51 to 100 miles,2,Statewide,1428
13420,2020,T4,2,Diesel,2022,ICE,Not Applicable,2,Statewide,16
13421,2020,T4,Unknown,Diesel,2013,ICE,Not Applicable,3,Statewide,16
13422,2020,T4,Unknown,Diesel,1986,ICE,Not Applicable,≥4,Statewide,16
13423,2020,T7,8,Diesel,1994,ICE,Not Applicable,≥4,Statewide,1171
13424,2020,T6,5,Diesel,1994,ICE,Not Applicable,1,Statewide,12
13425,2020,T3,2,Diesel,1997,ICE,Not Applicable,1,Statewide,16
13426,2020,T2,1,Diesel,2016,ICE,Not Applicable,3,Statewide,16
13427,2020,T2,1,Diesel,2016,ICE,Not Applicable,≥4,Statewide,16
13428,2020,T2,1,Diesel,2013,ICE,Not Applicable,≥4,Statewide,16
13429,2020,T2,1,Diesel,1985,ICE,Not Applicable,2,Statewide,16
13430,2020,P,Not Applicable,Gasoline,1985,ICE,Not Applicable,1,Statewide,816
13431,2020,T4,2,Diesel,1997,ICE,Not Applicable,3,Statewide,460
13432,2020,T4,Unknown,Gasoline,2001,ICE,Not Applicable,1,Statewide,3
13433,2020,T4,2,Diesel,2008,ICE,Not Applicable,2,Statewide,5469
13434,2020,P,Not Applicable,Gasoline,2021,PHEV,51 to 100 miles,≥4,Statewide,1292
13435,2020,T4,2,Diesel,2017,ICE,Not Applicable,3,Statewide,1290
13436,2020,T6,6,Diesel,1999,ICE,Not Applicable,≥4,Statewide,537
13437,2020,MC,Not Applicable,Gasoline,1995,ICE,Not Applicable,2,Statewide,537
13438,2020,T1,1,Gasoline,1987,ICE,Not Applicable,1,Statewide,537
13439,2020,T3,Unknown,Gasoline,2015,ICE,Not Applicable,3,Statewide,1229
13440,2020,MH,Not Applicable,Diesel,1978,ICE,Not Applicable,≥4,Statewide,3
13441,2020,MC,Not Applicable,Diesel,2020,ICE,Not Applicable,1,Statewide,3
13442,2020,MC,Not Applicable,Gasoline,1994,ICE,Not Applicable,2,Statewide,538
13443,2020,T3,2,Gasoline,1978,ICE,Not Applicable,3,Statewide,538
13444,2020,T4,Unknown,Gasoline,1997,ICE,Not Applicable,≥4,Statewide,13
13445,2020,MH,Not Applicable,Diesel,2022,ICE,Not Applicable,≥4,Statewide,3
13446,2020,T4,Unknown,Gasoline,2016,ICE,Not Applicable,3,Statewide,13
13447,2020,B,Not Applicable,Gasoline,2000,ICE,Not Applicable,3,Statewide,9
13448,2020,BS,Not Applicable,Gasoline,1992,ICE,Not Applicable,1,Statewide,9
13449,2020,MC,Not Applicable,Diesel,2018,ICE,Not Applicable,2,Statewide,3
13450,2020,MC,Not Applicable,Diesel,2013,ICE,Not Applicable,1,Statewide,3
13451,2020,MC,Not Applicable,Diesel,2013,ICE,Not Applicable,3,Statewide,3
13452,2020,P,Not Applicable,Gasoline,2002,ICE,Not Applicable,≥4,Statewide,79732
13453,2020,MC,Not Applicable,Diesel,2011,ICE,Not Applicable,3,Statewide,3
13454,2020,T7,8,Diesel,2015,ICE,Not Applicable,1,Statewide,1287
13455,2020,T4,2,Diesel,2001,ICE,Not Applicable,3,Statewide,1287
13456,2020,MC,Not Applicable,Diesel,2009,ICE,Not Applicable,3,Statewide,3
13457,2020,T6,7,Diesel,1997,ICE,Not Applicable,≥4,Statewide,540
13458,2020,MH,Not Applicable,Gasoline,2012,ICE,Not Applicable,2,Statewide,540
13459,2020,T6,7,Diesel,1994,ICE,Not Applicable,≥4,Statewide,539
13460,2020,P,Not Applicable,Diesel,2007,ICE,Not Applicable,≥4,Statewide,647
13461,2020,T1,Unknown,Diesel,1983,ICE,Not Applicable,2,Statewide,3
13462,2020,T6,7,Diesel,1999,ICE,Not Applicable,≥4,Statewide,647
13463,2020,T1,Unknown,Diesel,1989,ICE,Not Applicable,1,Statewide,3
13464,2020,T3,2,Gasoline,2020,ICE,Not Applicable,≥4,Statewide,78777
13465,2020,T1,Unknown,Diesel,1989,ICE,Not Applicable,2,Statewide,3
13466,2020,P,Not Applicable,Diesel,2010,ICE,Not Applicable,≥4,Statewide,534
13467,2020,T2,Unknown,Gasoline,2010,ICE,Not Applicable,≥4,Statewide,534
13468,2020,T4,Unknown,Gasoline,1979,ICE,Not Applicable,2,Statewide,13
13469,2020,T7,8,Natural Gas,2018,ICE,Not Applicable,≥4,Statewide,649
13470,2020,T1,Unknown,Diesel,1987,ICE,Not Applicable,1,Statewide,3
13471,2020,T4,Unknown,Gasoline,1984,ICE,Not Applicable,1,Statewide,13
13472,2020,T4,Unknown,Gasoline,1994,ICE,Not Applicable,≥4,Statewide,13
13473,2020,T4,2,Diesel,1997,ICE,Not Applicable,2,Statewide,535
13474,2020,MH,Not Applicable,Gasoline,2003,ICE,Not Applicable,3,Statewide,648
13475,2020,P,Not Applicable,Gasoline,1998,ICE,Not Applicable,3,Statewide,17310
13476,2020,T3,2,Gasoline,2014,ICE,Not Applicable,2,Statewide,17300
13477,2020,T4,Unknown,Gasoline,1995,ICE,Not Applicable,≥4,Statewide,13
13478,2020,T7,8,Electric,2018,BEV,Unknown,2,Statewide,9
13479,2020,T1,Unknown,Diesel,1985,ICE,Not Applicable,1,Statewide,3
13480,2020,T1,Unknown,Diesel,1985,ICE,Not Applicable,3,Statewide,3
13481,2020,T1,Unknown,Diesel,1984,ICE,Not Applicable,≥4,Statewide,3
13482,2020,T3,2,Gasoline,2006,ICE,Not Applicable,≥4,Statewide,79278
13483,2020,T2,1,Gasoline,2019,ICE,Not Applicable,2,Statewide,79283
13484,2020,T4,Unknown,Gasoline,1996,ICE,Not Applicable,≥4,Statewide,13
13485,2020,T2,Unknown,Gasoline,2020,ICE,Not Applicable,2,Statewide,536
13486,2020,T3,2,Gasoline,2021,PHEV,0 to 50 miles,1,Statewide,536
13487,2020,B,Not Applicable,Gasoline,1987,ICE,Not Applicable,1,Statewide,9
13488,2020,B,Not Applicable,Gasoline,1990,ICE,Not Applicable,2,Statewide,9
13489,2020,T4,2,Gasoline,2006,ICE,Not Applicable,2,Statewide,5460
13490,2020,T5,3,Gasoline,2009,ICE,Not Applicable,1,Statewide,540
13491,2020,T5,3,Gasoline,1976,ICE,Not Applicable,3,Statewide,13
13492,2020,MC,Not Applicable,Diesel,2008,ICE,Not Applicable,1,Statewide,3
13493,2020,MC,Not Applicable,Diesel,2008,ICE,Not Applicable,3,Statewide,3
13494,2020,MH,Not Applicable,Gasoline,1998,ICE,Not Applicable,3,Statewide,544
13495,2020,BT,Not Applicable,Diesel,2015,ICE,Not Applicable,2,Statewide,3
13496,2020,T6,6,Gasoline,1987,ICE,Not Applicable,1,Statewide,13
13497,2020,T4,2,Diesel,2009,ICE,Not Applicable,1,Statewide,5529
13498,2020,BT,Not Applicable,Diesel,2014,ICE,Not Applicable,3,Statewide,3
13499,2020,BT,Not Applicable,Diesel,2013,ICE,Not Applicable,2,Statewide,3
13500,2020,T3,2,Gasoline,1977,ICE,Not Applicable,3,Statewide,546
13501,2020,BS,Not Applicable,Gasoline,2011,ICE,Not Applicable,3,Statewide,9
13502,2020,T3,Unknown,Gasoline,2008,ICE,Not Applicable,2,Statewide,5533
13503,2020,T6,6,Gasoline,1993,ICE,Not Applicable,1,Statewide,13
13504,2020,T6,5,Gasoline,1999,ICE,Not Applicable,1,Statewide,13
13505,2020,BS,Not Applicable,Gasoline,2014,ICE,Not Applicable,1,Statewide,9
13506,2020,T6,5,Gasoline,2000,ICE,Not Applicable,≥4,Statewide,13
13507,2020,BT,Not Applicable,Diesel,2005,ICE,Not Applicable,3,Statewide,3
13508,2020,T6,7,Diesel,2004,ICE,Not Applicable,≥4,Statewide,1283
13509,2020,T6,6,Gasoline,2007,ICE,Not Applicable,2,Statewide,13
13510,2020,BT,Not Applicable,Diesel,2001,ICE,Not Applicable,3,Statewide,3
13511,2020,BT,Not Applicable,Diesel,2000,ICE,Not Applicable,1,Statewide,3
13512,2020,BT,Not Applicable,Diesel,2000,ICE,Not Applicable,2,Statewide,3
13513,2020,BT,Not Applicable,Diesel,1993,ICE,Not Applicable,2,Statewide,3
13514,2020,T3,Unknown,Gasoline,1980,ICE,Not Applicable,≥4,Statewide,548
13515,2020,BT,Not Applicable,Gasoline,2016,ICE,Not Applicable,3,Statewide,9
13516,2020,T1,1,Gasoline,2018,ICE,Not Applicable,2,Statewide,17070
13517,2020,BT,Not Applicable,Diesel,1992,ICE,Not Applicable,1,Statewide,3
13518,2020,BT,Not Applicable,Diesel,1992,ICE,Not Applicable,2,Statewide,3
13519,2020,BT,Not Applicable,Diesel,1989,ICE,Not Applicable,2,Statewide,3
13520,2020,BT,Not Applicable,Diesel,1987,ICE,Not Applicable,1,Statewide,3
13521,2020,B,Not Applicable,Gasoline,2008,ICE,Not Applicable,≥4,Statewide,544
13522,2020,T1,Unknown,Diesel,1990,ICE,Not Applicable,3,Statewide,3
13523,2020,P,Not Applicable,Diesel,1989,ICE,Not Applicable,2,Statewide,544
13524,2020,BS,Not Applicable,Gasoline,2010,ICE,Not Applicable,1,Statewide,9
13525,2020,MC,Not Applicable,Diesel,2007,ICE,Not Applicable,1,Statewide,3
13526,2020,MC,Not Applicable,Diesel,2007,ICE,Not Applicable,2,Statewide,3
13527,2020,T6,7,Diesel,2022,ICE,Not Applicable,≥4,Statewide,541
13528,2020,T7,8,Diesel,2012,ICE,Not Applicable,1,Statewide,541
13529,2020,T3,2,Gasoline,1978,ICE,Not Applicable,1,Statewide,646
13530,2020,BS,Not Applicable,Gasoline,1993,ICE,Not Applicable,1,Statewide,9
13531,2020,T5,3,Gasoline,1986,ICE,Not Applicable,2,Statewide,13
13532,2020,MC,Not Applicable,Diesel,2004,ICE,Not Applicable,1,Statewide,3
13533,2020,MC,Not Applicable,Diesel,2004,ICE,Not Applicable,3,Statewide,3
13534,2020,T6,7,Gasoline,1976,ICE,Not Applicable,2,Statewide,13
13535,2020,MC,Not Applicable,Diesel,2002,ICE,Not Applicable,≥4,Statewide,3
13536,2020,T6,Unknown,Gasoline,1981,ICE,Not Applicable,≥4,Statewide,13
13537,2020,T4,2,Diesel,1999,ICE,Not Applicable,3,Statewide,644
13538,2020,MH,Not Applicable,Gasoline,1999,ICE,Not Applicable,1,Statewide,542
13539,2020,T2,1,Gasoline,1979,ICE,Not Applicable,2,Statewide,542
13540,2020,MC,Not Applicable,Diesel,2001,ICE,Not Applicable,≥4,Statewide,3
13541,2020,MC,Not Applicable,Diesel,2000,ICE,Not Applicable,≥4,Statewide,3
13542,2020,MC,Not Applicable,Diesel,1997,ICE,Not Applicable,≥4,Statewide,3
13543,2020,BT,Not Applicable,Diesel,2017,ICE,Not Applicable,1,Statewide,3
13544,2020,BT,Not Applicable,Diesel,2017,ICE,Not Applicable,3,Statewide,3
13545,2020,T1,1,Gasoline,2007,ICE,Not Applicable,2,Statewide,17107
13546,2020,P,Not Applicable,Gasoline,1996,ICE,Not Applicable,2,Statewide,17088
13547,2020,T3,Unknown,Gasoline,2021,ICE,Not Applicable,1,Statewide,5508
13548,2020,MC,Not Applicable,Gasoline,1993,ICE,Not Applicable,2,Statewide,543
13549,2020,T6,4,Gasoline,2017,ICE,Not Applicable,≥4,Statewide,543
13550,2020,T6,5,Gasoline,1984,ICE,Not Applicable,≥4,Statewide,13
13551,2020,BS,Not Applicable,Gasoline,2002,ICE,Not Applicable,≥4,Statewide,9
13552,2020,MH,Not Applicable,Diesel,2013,ICE,Not Applicable,3,Statewide,544
13553,2020,BT,Not Applicable,Diesel,1987,ICE,Not Applicable,3,Statewide,3
13554,2020,P,Not Applicable,Gasoline,2020,PHEV,0 to 50 miles,1,Statewide,5444
13555,2020,T3,Unknown,Electric,2008,BEV,Unknown,3,Statewide,9
13556,2020,BS,Not Applicable,Diesel,2001,ICE,Not Applicable,2,Statewide,14
13557,2020,MH,Not Applicable,Diesel,2020,ICE,Not Applicable,≥4,Statewide,523
13558,2020,T1,Unknown,Electric,2014,BEV,Unknown,1,Statewide,13
13559,2020,T3,Unknown,Electric,1997,BEV,Unknown,≥4,Statewide,13
13560,2020,P,Not Applicable,Diesel,1989,ICE,Not Applicable,1,Statewide,523
13561,2020,MH,Not Applicable,Gasoline,2010,ICE,Not Applicable,1,Statewide,523
13562,2020,T1,1,Gasoline,1986,ICE,Not Applicable,2,Statewide,523
13563,2020,BS,Not Applicable,Diesel,1996,ICE,Not Applicable,3,Statewide,14
13564,2020,B,Not Applicable,Diesel,2019,ICE,Not Applicable,2,Statewide,14
13565,2020,B,Not Applicable,Diesel,2017,ICE,Not Applicable,2,Statewide,14
13566,2020,T2,Unknown,Diesel,2015,ICE,Not Applicable,3,Statewide,3
13567,2020,T2,Unknown,Diesel,1996,ICE,Not Applicable,1,Statewide,3
13568,2020,T2,Unknown,Diesel,2015,ICE,Not Applicable,2,Statewide,3
13569,2020,T2,Unknown,Diesel,1995,ICE,Not Applicable,≥4,Statewide,3
13570,2020,T2,Unknown,Diesel,1992,ICE,Not Applicable,2,Statewide,3
13571,2020,T2,1,Gasoline,2012,ICE,Not Applicable,2,Statewide,77616
13572,2020,T5,3,Gasoline,2020,ICE,Not Applicable,1,Statewide,524
13573,2020,B,Not Applicable,Diesel,2012,ICE,Not Applicable,3,Statewide,14
13574,2020,B,Not Applicable,Diesel,2010,ICE,Not Applicable,2,Statewide,14
13575,2020,T2,1,Diesel,1992,ICE,Not Applicable,≥4,Statewide,3
13576,2020,T3,Unknown,Electric,2007,BEV,Unknown,3,Statewide,13
13577,2020,T2,Unknown,Diesel,1991,ICE,Not Applicable,1,Statewide,3
13578,2020,B,Not Applicable,Gasoline,2003,ICE,Not Applicable,3,Statewide,13
13579,2020,T2,Unknown,Diesel,1991,ICE,Not Applicable,3,Statewide,3
13580,2020,T2,1,Diesel,1991,ICE,Not Applicable,2,Statewide,3
13581,2020,T1,1,Gasoline,2021,ICE,Not Applicable,3,Statewide,17456
13582,2020,T2,Unknown,Diesel,1994,ICE,Not Applicable,1,Statewide,3
13583,2020,T7,8,Diesel,1990,ICE,Not Applicable,≥4,Statewide,655
13584,2020,P,Not Applicable,Electric,2011,BEV,Unknown,2,Statewide,13
13585,2020,T2,1,Gasoline,2011,ICE,Not Applicable,2,Statewide,76250
13586,2020,T2,1,Diesel,1983,ICE,Not Applicable,3,Statewide,14
13587,2020,P,Not Applicable,Diesel,1993,ICE,Not Applicable,1,Statewide,14
13588,2020,MH,Not Applicable,Diesel,1993,ICE,Not Applicable,2,Statewide,14
13589,2020,MH,Not Applicable,Diesel,2010,ICE,Not Applicable,3,Statewide,659
13590,2020,BS,Not Applicable,Diesel,1995,ICE,Not Applicable,≥4,Statewide,659
13591,2020,T3,Unknown,Gasoline,2022,ICE,Not Applicable,3,Statewide,658
13592,2020,T3,Unknown,Gasoline,1976,ICE,Not Applicable,3,Statewide,658
13593,2020,MH,Not Applicable,Diesel,1990,ICE,Not Applicable,3,Statewide,14
13594,2020,T3,2,Gasoline,2019,ICE,Not Applicable,≥4,Statewide,75479
13595,2020,T3,Unknown,Diesel,1979,ICE,Not Applicable,1,Statewide,3
13596,2020,BS,Not Applicable,Diesel,2008,ICE,Not Applicable,≥4,Statewide,521
13597,2020,MH,Not Applicable,Gasoline,2019,ICE,Not Applicable,1,Statewide,521
13598,2020,T4,2,Gasoline,2016,ICE,Not Applicable,3,Statewide,521
13599,2020,MH,Not Applicable,Diesel,1987,ICE,Not Applicable,3,Statewide,14
13600,2020,T1,1,Gasoline,1987,ICE,Not Applicable,2,Statewide,658
13601,2020,T2,Unknown,Diesel,2020,ICE,Not Applicable,≥4,Statewide,3
13602,2020,T6,Unknown,Diesel,2003,ICE,Not Applicable,≥4,Statewide,13
13603,2020,T5,3,Diesel,2013,ICE,Not Applicable,3,Statewide,1299
13604,2020,T6,Unknown,Diesel,2008,ICE,Not Applicable,≥4,Statewide,13
13605,2020,T6,Unknown,Diesel,2016,ICE,Not Applicable,1,Statewide,13
13606,2020,T4,2,Diesel,2003,ICE,Not Applicable,1,Statewide,656
13607,2020,P,Not Applicable,Gasoline,2009,ICE,Not Applicable,3,Statewide,107001
13608,2020,T6,Unknown,Diesel,2017,ICE,Not Applicable,1,Statewide,13
13609,2020,T1,1,Gasoline,1984,ICE,Not Applicable,≥4,Statewide,522
13610,2020,BT,Not Applicable,Natural Gas,2006,ICE,Not Applicable,≥4,Statewide,522
13611,2020,BT,Not Applicable,Diesel,1979,ICE,Not Applicable,≥4,Statewide,14
13612,2020,BS,Not Applicable,Diesel,2010,ICE,Not Applicable,2,Statewide,14
13613,2020,T2,1,Gasoline,2010,ICE,Not Applicable,1,Statewide,77692
13614,2020,T2,1,Diesel,1990,ICE,Not Applicable,1,Statewide,3
13615,2020,B,Not Applicable,Diesel,2001,ICE,Not Applicable,2,Statewide,14
13616,2020,B,Not Applicable,Diesel,1996,ICE,Not Applicable,3,Statewide,14
13617,2020,T1,Unknown,Diesel,1995,ICE,Not Applicable,1,Statewide,3
13618,2020,T2,1,Electric,2007,BEV,Unknown,3,Statewide,9
13619,2020,T2,1,Gasoline,2009,ICE,Not Applicable,2,Statewide,78607
13620,2020,T1,Unknown,Diesel,1992,ICE,Not Applicable,1,Statewide,3
13621,2020,T5,3,Diesel,2005,ICE,Not Applicable,1,Statewide,531
13622,2020,T1,Unknown,Diesel,1992,ICE,Not Applicable,2,Statewide,3
13623,2020,P,Not Applicable,Gasoline,2003,ICE,Not Applicable,1,Statewide,78762
13624,2020,T1,Unknown,Diesel,1991,ICE,Not Applicable,1,Statewide,3
13625,2020,T1,Unknown,Diesel,1991,ICE,Not Applicable,3,Statewide,3
13626,2020,T1,1,Gasoline,1996,ICE,Not Applicable,3,Statewide,5435
13627,2020,MC,Not Applicable,Gasoline,1985,ICE,Not Applicable,3,Statewide,532
13628,2020,T1,1,Diesel,1991,ICE,Not Applicable,3,Statewide,3
13629,2020,T3,2,Diesel,2018,ICE,Not Applicable,≥4,Statewide,533
13630,2020,T1,1,Gasoline,1985,ICE,Not Applicable,≥4,Statewide,533
13631,2020,BS,Not Applicable,Gasoline,1982,ICE,Not Applicable,1,Statewide,13
13632,2020,T5,3,Diesel,2018,ICE,Not Applicable,2,Statewide,652
13633,2020,P,Not Applicable,Diesel,1988,ICE,Not Applicable,2,Statewide,652
13634,2020,BS,Not Applicable,Gasoline,2001,ICE,Not Applicable,≥4,Statewide,13
13635,2020,T6,4,Diesel,2002,ICE,Not Applicable,≥4,Statewide,1225
13636,2020,BT,Not Applicable,Gasoline,1997,ICE,Not Applicable,≥4,Statewide,13
13637,2020,T1,Unknown,Gasoline,1999,ICE,Not Applicable,2,Statewide,13
13638,2020,T1,Unknown,Gasoline,2001,ICE,Not Applicable,3,Statewide,13
13639,2020,T3,2,Gasoline,1990,ICE,Not Applicable,3,Statewide,651
13640,2020,T2,Unknown,Gasoline,1988,ICE,Not Applicable,3,Statewide,13
13641,2020,MH,Not Applicable,Gasoline,2005,ICE,Not Applicable,1,Statewide,650
13642,2020,P,Not Applicable,Diesel,2008,ICE,Not Applicable,2,Statewide,650
13643,2020,T3,Unknown,Gasoline,1988,ICE,Not Applicable,3,Statewide,13
13644,2020,T1,1,Gasoline,1994,ICE,Not Applicable,2,Statewide,5425
13645,2020,T7,8,Diesel,2011,ICE,Not Applicable,≥4,Statewide,5441
13646,2020,P,Not Applicable,Gasoline,1992,ICE,Not Applicable,3,Statewide,5423
13647,2020,T6,7,Diesel,1992,ICE,Not Applicable,≥4,Statewide,530
13648,2020,T2,Unknown,Diesel,1989,ICE,Not Applicable,2,Statewide,3
13649,2020,T4,2,Gasoline,2009,ICE,Not Applicable,3,Statewide,5409
13650,2020,T2,1,Gasoline,2011,ICE,Not Applicable,≥4,Statewide,77857
13651,2020,T2,Unknown,Gasoline,2004,ICE,Not Applicable,2,Statewide,526
13652,2020,T1,Unknown,Electric,2009,BEV,Unknown,≥4,Statewide,9
13653,2020,T1,Unknown,Electric,2014,BEV,Unknown,≥4,Statewide,9
13654,2020,T2,Unknown,Diesel,1986,ICE,Not Applicable,≥4,Statewide,3
13655,2020,T2,Unknown,Diesel,1984,ICE,Not Applicable,3,Statewide,3
13656,2020,T2,Unknown,Diesel,1980,ICE,Not Applicable,1,Statewide,3
13657,2020,T2,1,Gasoline,1978,ICE,Not Applicable,≥4,Statewide,1298
13658,2020,MC,Not Applicable,Gasoline,1988,ICE,Not Applicable,2,Statewide,527
13659,2020,T3,Unknown,Gasoline,1984,ICE,Not Applicable,≥4,Statewide,527
13660,2020,T2,Unknown,Diesel,1976,ICE,Not Applicable,1,Statewide,3
13661,2020,T2,Unknown,Diesel,1976,ICE,Not Applicable,2,Statewide,3
13662,2020,T4,2,Gasoline,1994,ICE,Not Applicable,2,Statewide,1297
13663,2020,BS,Not Applicable,Diesel,2006,ICE,Not Applicable,≥4,Statewide,528
13664,2020,T6,6,Gasoline,2018,ICE,Not Applicable,≥4,Statewide,528
13665,2020,T4,2,Gasoline,2006,ICE,Not Applicable,3,Statewide,5417
13666,2020,T1,Unknown,Diesel,2014,ICE,Not Applicable,1,Statewide,3
13667,2020,T1,1,Diesel,2014,ICE,Not Applicable,1,Statewide,3
13668,2020,T1,Unknown,Electric,2017,BEV,Unknown,≥4,Statewide,9
13669,2020,T1,Unknown,Diesel,2012,ICE,Not Applicable,1,Statewide,3
13670,2020,T4,Unknown,Diesel,2021,ICE,Not Applicable,2,Statewide,529
13671,2020,MH,Not Applicable,Gasoline,1996,ICE,Not Applicable,3,Statewide,529
13672,2020,T1,Unknown,Diesel,2011,ICE,Not Applicable,1,Statewide,3
13673,2020,T1,Unknown,Diesel,2004,ICE,Not Applicable,3,Statewide,3
13674,2020,T3,2,Diesel,2021,ICE,Not Applicable,2,Statewide,1296
13675,2020,T2,1,Gasoline,1977,ICE,Not Applicable,1,Statewide,530
13676,2020,BT,Not Applicable,Gasoline,2016,ICE,Not Applicable,2,Statewide,9
13677,2020,BT,Not Applicable,Diesel,1981,ICE,Not Applicable,≥4,Statewide,3
13678,2020,T6,6,Gasoline,2012,ICE,Not Applicable,2,Statewide,13
13679,2020,MH,Not Applicable,Gasoline,2002,ICE,Not Applicable,1,Statewide,627
13680,2020,MH,Not Applicable,Gasoline,2021,ICE,Not Applicable,3,Statewide,581
13681,2020,T2,Unknown,Gasoline,2004,ICE,Not Applicable,1,Statewide,581
13682,2020,P,Not Applicable,Diesel,1992,ICE,Not Applicable,≥4,Statewide,582
13683,2020,T2,1,Diesel,2019,ICE,Not Applicable,3,Statewide,582
13684,2020,T7,8,Diesel,2018,ICE,Not Applicable,3,Statewide,582
13685,2020,T2,1,Gasoline,2010,ICE,Not Applicable,2,Statewide,86082
13686,2020,T2,1,Gasoline,1977,ICE,Not Applicable,2,Statewide,626
13687,2020,T5,3,Gasoline,2004,ICE,Not Applicable,1,Statewide,583
13688,2020,MC,Not Applicable,Gasoline,1987,ICE,Not Applicable,1,Statewide,626
13689,2020,T3,2,Gasoline,2008,ICE,Not Applicable,≥4,Statewide,96777
13690,2020,T1,1,Gasoline,2006,ICE,Not Applicable,1,Statewide,14937
13691,2020,MC,Not Applicable,Gasoline,2001,ICE,Not Applicable,2,Statewide,1264
13692,2020,T4,2,Gasoline,1991,ICE,Not Applicable,2,Statewide,584
13693,2020,BS,Not Applicable,Diesel,2005,ICE,Not Applicable,≥4,Statewide,625
13694,2020,T4,2,Gasoline,2009,ICE,Not Applicable,≥4,Statewide,16418
13695,2020,T7,8,Natural Gas,2015,ICE,Not Applicable,≥4,Statewide,624
13696,2020,T3,Unknown,Gasoline,2020,ICE,Not Applicable,1,Statewide,624
13697,2020,T1,1,Gasoline,2006,ICE,Not Applicable,2,Statewide,16354
13698,2020,T2,Unknown,Gasoline,2008,ICE,Not Applicable,1,Statewide,622
13699,2020,T3,2,Gasoline,1999,ICE,Not Applicable,≥4,Statewide,14946
13700,2020,P,Not Applicable,Diesel,2011,ICE,Not Applicable,≥4,Statewide,585
13701,2020,T7,8,Diesel,2021,ICE,Not Applicable,2,Statewide,619
13702,2020,T2,1,Gasoline,2001,ICE,Not Applicable,2,Statewide,15061
13703,2020,T1,1,Gasoline,2005,ICE,Not Applicable,2,Statewide,15100
13704,2020,P,Not Applicable,Gasoline,2014,ICE,Not Applicable,3,Statewide,96253
13705,2020,P,Not Applicable,Electric,2016,BEV,51 to 100 miles,1,Statewide,625
13706,2020,T3,2,Gasoline,1983,ICE,Not Applicable,2,Statewide,627
13707,2020,T6,4,Gasoline,2000,ICE,Not Applicable,≥4,Statewide,627
13708,2020,MH,Not Applicable,Gasoline,1999,ICE,Not Applicable,2,Statewide,580
13709,2020,T6,5,Diesel,2021,ICE,Not Applicable,1,Statewide,633
13710,2020,T1,1,Gasoline,1989,ICE,Not Applicable,1,Statewide,1268
13711,2020,BS,Not Applicable,Diesel,2003,ICE,Not Applicable,≥4,Statewide,575
13712,2020,T2,Unknown,Gasoline,2010,ICE,Not Applicable,2,Statewide,632
13713,2020,P,Not Applicable,Gasoline,1995,ICE,Not Applicable,1,Statewide,14778
13714,2020,T7,8,Diesel,2014,ICE,Not Applicable,2,Statewide,1267
13715,2020,T3,2,Diesel,2017,ICE,Not Applicable,2,Statewide,1267
13716,2020,T3,2,Gasoline,2009,ICE,Not Applicable,≥4,Statewide,97438
13717,2020,T1,1,Gasoline,2007,ICE,Not Applicable,1,Statewide,14837
13718,2020,T6,6,Diesel,2011,ICE,Not Applicable,1,Statewide,631
13719,2020,MH,Not Applicable,Diesel,2011,ICE,Not Applicable,3,Statewide,631
13720,2020,MH,Not Applicable,Gasoline,2007,ICE,Not Applicable,1,Statewide,577
13721,2020,T2,Unknown,Gasoline,2008,ICE,Not Applicable,2,Statewide,577
13722,2020,P,Not Applicable,Gasoline,1994,ICE,Not Applicable,≥4,Statewide,16646
13723,2020,P,Not Applicable,Gasoline,1987,ICE,Not Applicable,1,Statewide,1239
13724,2020,MC,Not Applicable,Gasoline,2022,ICE,Not Applicable,≥4,Statewide,629
13725,2020,T5,3,Diesel,2007,ICE,Not Applicable,3,Statewide,629
13726,2020,T2,Unknown,Gasoline,2011,ICE,Not Applicable,2,Statewide,1239
13727,2020,T3,2,Gasoline,2012,ICE,Not Applicable,≥4,Statewide,85376
13728,2020,P,Not Applicable,Gasoline,2007,ICE,Not Applicable,3,Statewide,97053
13729,2020,MC,Not Applicable,Gasoline,1989,ICE,Not Applicable,3,Statewide,578
13730,2020,MH,Not Applicable,Gasoline,1994,ICE,Not Applicable,2,Statewide,578
13731,2020,MH,Not Applicable,Gasoline,2013,ICE,Not Applicable,3,Statewide,578
13732,2020,MH,Not Applicable,Gasoline,2000,ICE,Not Applicable,2,Statewide,579
13733,2020,MH,Not Applicable,Gasoline,2021,ICE,Not Applicable,1,Statewide,579
13734,2020,P,Not Applicable,Gasoline,1986,ICE,Not Applicable,2,Statewide,1264
13735,2020,MH,Not Applicable,Diesel,2009,ICE,Not Applicable,3,Statewide,580
13736,2020,T2,1,Gasoline,2020,ICE,Not Applicable,≥4,Statewide,87120
13737,2020,T1,1,Gasoline,2019,ICE,Not Applicable,≥4,Statewide,15144
13738,2020,T3,2,Gasoline,2010,ICE,Not Applicable,≥4,Statewide,87655
13739,2020,T2,1,Gasoline,2021,ICE,Not Applicable,≥4,Statewide,87826
13740,2020,MC,Not Applicable,Gasoline,2018,ICE,Not Applicable,≥4,Statewide,15899
13741,2020,P,Not Applicable,Gasoline,2003,ICE,Not Applicable,≥4,Statewide,94871
13742,2020,T1,1,Gasoline,2003,ICE,Not Applicable,2,Statewide,15607
13743,2020,T4,2,Gasoline,1983,ICE,Not Applicable,≥4,Statewide,615
13744,2020,T2,Unknown,Gasoline,2005,ICE,Not Applicable,1,Statewide,602
13745,2020,T2,Unknown,Gasoline,2008,ICE,Not Applicable,≥4,Statewide,615
13746,2020,P,Not Applicable,Gasoline,2006,ICE,Not Applicable,3,Statewide,92099
13747,2020,T5,3,Diesel,2000,ICE,Not Applicable,≥4,Statewide,603
13748,2020,T2,1,Gasoline,2021,ICE,Not Applicable,1,Statewide,94832
13749,2020,T2,1,Gasoline,2019,ICE,Not Applicable,1,Statewide,92318
13750,2020,T3,2,Gasoline,1989,ICE,Not Applicable,≥4,Statewide,1249
13751,2020,T3,2,Diesel,2016,ICE,Not Applicable,3,Statewide,606
13752,2020,T5,3,Diesel,1995,ICE,Not Applicable,≥4,Statewide,606
13753,2020,T4,2,Gasoline,1991,ICE,Not Applicable,1,Statewide,606
13754,2020,MC,Not Applicable,Gasoline,1992,ICE,Not Applicable,2,Statewide,613
13755,2020,P,Not Applicable,Gasoline,2004,ICE,Not Applicable,1,Statewide,92353
13756,2020,MH,Not Applicable,Gasoline,1997,ICE,Not Applicable,3,Statewide,607
13757,2020,MH,Not Applicable,Gasoline,2010,ICE,Not Applicable,2,Statewide,607
13758,2020,T2,Unknown,Gasoline,2010,ICE,Not Applicable,1,Statewide,607
13759,2020,T2,1,Gasoline,1979,ICE,Not Applicable,3,Statewide,608
13760,2020,T6,6,Diesel,2010,ICE,Not Applicable,1,Statewide,612
13761,2020,T3,Unknown,Gasoline,2011,ICE,Not Applicable,1,Statewide,15733
13762,2020,T2,1,Gasoline,2020,ICE,Not Applicable,2,Statewide,93160
13763,2020,T1,1,Gasoline,2014,ICE,Not Applicable,1,Statewide,15762
13764,2020,T6,6,Gasoline,2020,ICE,Not Applicable,≥4,Statewide,1248
13765,2020,T7,8,Diesel,1991,ICE,Not Applicable,≥4,Statewide,610
13766,2020,P,Not Applicable,Diesel,2008,ICE,Not Applicable,1,Statewide,611
13767,2020,T5,3,Diesel,2007,ICE,Not Applicable,1,Statewide,616
13768,2020,MC,Not Applicable,Gasoline,1987,ICE,Not Applicable,2,Statewide,633
13769,2020,P,Not Applicable,Electric,2019,BEV,Unknown,1,Statewide,616
13770,2020,T1,1,Gasoline,2001,ICE,Not Applicable,≥4,Statewide,15545
13771,2020,P,Not Applicable,Diesel,1990,ICE,Not Applicable,2,Statewide,587
13772,2020,T7,8,Diesel,2021,ICE,Not Applicable,3,Statewide,587
13773,2020,MC,Not Applicable,Gasoline,2007,ICE,Not Applicable,≥4,Statewide,16118
13774,2020,P,Not Applicable,Gasoline,1987,ICE,Not Applicable,3,Statewide,1258
13775,2020,T6,4,Diesel,2001,ICE,Not Applicable,≥4,Statewide,588
13776,2020,MH,Not Applicable,Gasoline,2008,ICE,Not Applicable,1,Statewide,588
13777,2020,T2,Unknown,Gasoline,2007,ICE,Not Applicable,≥4,Statewide,588
13778,2020,P,Not Applicable,Gasoline,2022,PHEV,51 to 100 miles,≥4,Statewide,1257
13779,2020,T3,Unknown,Gasoline,2014,ICE,Not Applicable,≥4,Statewide,589
13780,2020,T1,1,Gasoline,1999,ICE,Not Applicable,≥4,Statewide,15168
13781,2020,T3,2,Gasoline,2003,ICE,Not Applicable,3,Statewide,15183
13782,2020,T3,2,Gasoline,2014,ICE,Not Applicable,1,Statewide,15300
13783,2020,T2,1,Gasoline,2010,ICE,Not Applicable,≥4,Statewide,88485
13784,2020,T7,8,Diesel,2018,ICE,Not Applicable,2,Statewide,591
13785,2020,MC,Not Applicable,Gasoline,1997,ICE,Not Applicable,1,Statewide,591
13786,2020,T5,3,Gasoline,1995,ICE,Not Applicable,≥4,Statewide,591
13787,2020,T3,Unknown,Gasoline,2014,ICE,Not Applicable,2,Statewide,618
13788,2020,B,Not Applicable,Gasoline,2018,ICE,Not Applicable,≥4,Statewide,592
13789,2020,MC,Not Applicable,Gasoline,2009,ICE,Not Applicable,≥4,Statewide,16007
13790,2020,T5,3,Diesel,2003,ICE,Not Applicable,≥4,Statewide,593
13791,2020,T1,1,Gasoline,1979,ICE,Not Applicable,≥4,Statewide,593
13792,2020,P,Not Applicable,Gasoline,1980,ICE,Not Applicable,3,Statewide,1246
13793,2020,P,Not Applicable,Electric,2019,BEV,Unknown,≥4,Statewide,595
13794,2020,T2,1,Gasoline,2001,ICE,Not Applicable,1,Statewide,15986
13795,2020,T2,1,Gasoline,1999,ICE,Not Applicable,≥4,Statewide,15950
13796,2020,T4,2,Gasoline,2006,ICE,Not Applicable,≥4,Statewide,15936
13797,2020,T2,Unknown,Gasoline,2005,ICE,Not Applicable,2,Statewide,596
13798,2020,T5,3,Gasoline,2010,ICE,Not Applicable,1,Statewide,597
13799,2020,T6,6,Gasoline,2021,ICE,Not Applicable,≥4,Statewide,633
13800,2020,T7,8,Natural Gas,2020,ICE,Not Applicable,2,Statewide,9
13801,2020,T7,8,Natural Gas,2011,ICE,Not Applicable,1,Statewide,9
13802,2020,P,Not Applicable,Diesel,1988,ICE,Not Applicable,1,Statewide,556
13803,2020,T2,1,Gasoline,1984,ICE,Not Applicable,≥4,Statewide,556
13804,2020,T1,Unknown,Gasoline,1991,ICE,Not Applicable,2,Statewide,9
13805,2020,B,Not Applicable,Diesel,1978,ICE,Not Applicable,≥4,Statewide,3
13806,2020,T1,Unknown,Gasoline,1994,ICE,Not Applicable,1,Statewide,9
13807,2020,T5,3,Gasoline,2011,ICE,Not Applicable,1,Statewide,558
13808,2020,T1,Unknown,Gasoline,1995,ICE,Not Applicable,1,Statewide,9
13809,2020,MC,Not Applicable,Gasoline,1993,ICE,Not Applicable,3,Statewide,639
13810,2020,MC,Not Applicable,Gasoline,1990,ICE,Not Applicable,1,Statewide,639
13811,2020,T1,Unknown,Gasoline,1996,ICE,Not Applicable,3,Statewide,9
13812,2020,T2,1,Gasoline,2009,ICE,Not Applicable,≥4,Statewide,82642
13813,2020,T3,2,Natural Gas,2000,ICE,Not Applicable,≥4,Statewide,13
13814,2020,T3,2,Natural Gas,2001,ICE,Not Applicable,1,Statewide,13
13815,2020,MC,Not Applicable,Gasoline,1988,ICE,Not Applicable,3,Statewide,638
13816,2020,T1,Unknown,Gasoline,2002,ICE,Not Applicable,2,Statewide,9
13817,2020,T3,2,Gasoline,1987,ICE,Not Applicable,≥4,Statewide,559
13818,2020,T4,2,Diesel,2003,ICE,Not Applicable,3,Statewide,638
13819,2020,T4,2,Natural Gas,2001,ICE,Not Applicable,≥4,Statewide,13
13820,2020,T4,2,Natural Gas,2018,ICE,Not Applicable,≥4,Statewide,13
13821,2020,T7,8,Natural Gas,2021,ICE,Not Applicable,3,Statewide,13
13822,2020,T1,1,Gasoline,1988,ICE,Not Applicable,1,Statewide,636
13823,2020,T3,2,Gasoline,2003,ICE,Not Applicable,2,Statewide,16735
13824,2020,T1,Unknown,Gasoline,2020,ICE,Not Applicable,≥4,Statewide,9
13825,2020,T2,Unknown,Gasoline,1987,ICE,Not Applicable,2,Statewide,9
13826,2020,T3,Unknown,Gasoline,1986,ICE,Not Applicable,2,Statewide,9
13827,2020,T4,2,Diesel,2001,ICE,Not Applicable,1,Statewide,1278
13828,2020,T3,Unknown,Gasoline,1987,ICE,Not Applicable,2,Statewide,9
13829,2020,B,Not Applicable,Diesel,1987,ICE,Not Applicable,3,Statewide,3
13830,2020,T3,Unknown,Gasoline,1987,ICE,Not Applicable,1,Statewide,9
13831,2020,B,Not Applicable,Diesel,1988,ICE,Not Applicable,3,Statewide,3
13832,2020,P,Not Applicable,Natural Gas,2001,ICE,Not Applicable,≥4,Statewide,13
13833,2020,T1,1,Gasoline,1986,ICE,Not Applicable,≥4,Statewide,1282
13834,2020,T6,4,Diesel,2016,ICE,Not Applicable,≥4,Statewide,551
13835,2020,T3,2,Gasoline,1986,ICE,Not Applicable,≥4,Statewide,551
13836,2020,BT,Not Applicable,Gasoline,2018,ICE,Not Applicable,3,Statewide,9
13837,2020,BT,Not Applicable,Gasoline,2021,ICE,Not Applicable,1,Statewide,9
13838,2020,BT,Not Applicable,Diesel,1980,ICE,Not Applicable,1,Statewide,3
13839,2020,MH,Not Applicable,Diesel,2003,ICE,Not Applicable,≥4,Statewide,552
13840,2020,P,Not Applicable,Diesel,1990,ICE,Not Applicable,1,Statewide,552
13841,2020,T6,7,Diesel,1998,ICE,Not Applicable,≥4,Statewide,552
13842,2020,B,Not Applicable,Gasoline,2009,ICE,Not Applicable,≥4,Statewide,552
13843,2020,BS,Not Applicable,Diesel,1990,ICE,Not Applicable,2,Statewide,3
13844,2020,T2,1,Diesel,2020,ICE,Not Applicable,2,Statewide,1282
13845,2020,BS,Not Applicable,Diesel,2000,ICE,Not Applicable,≥4,Statewide,554
13846,2020,T7,8,Diesel,2004,ICE,Not Applicable,1,Statewide,554
13847,2020,T1,Unknown,Gasoline,1989,ICE,Not Applicable,1,Statewide,9
13848,2020,BS,Not Applicable,Diesel,1986,ICE,Not Applicable,2,Statewide,3
13849,2020,T2,1,Gasoline,2018,ICE,Not Applicable,2,Statewide,82226
13850,2020,T5,3,Diesel,1998,ICE,Not Applicable,≥4,Statewide,555
13851,2020,T4,2,Gasoline,1991,ICE,Not Applicable,3,Statewide,555
13852,2020,T2,1,Gasoline,1996,ICE,Not Applicable,1,Statewide,5618
13853,2020,BS,Not Applicable,Diesel,1981,ICE,Not Applicable,1,Statewide,3
13854,2020,BS,Not Applicable,Diesel,1980,ICE,Not Applicable,≥4,Statewide,3
13855,2020,T6,4,Gasoline,2016,ICE,Not Applicable,2,Statewide,13
13856,2020,MC,Not Applicable,Gasoline,1996,ICE,Not Applicable,2,Statewide,640
13857,2020,BS,Not Applicable,Diesel,2007,ICE,Not Applicable,≥4,Statewide,640
13858,2020,BT,Not Applicable,Natural Gas,2016,ICE,Not Applicable,1,Statewide,13
13859,2020,T1,1,Gasoline,2014,ICE,Not Applicable,2,Statewide,16891
13860,2020,BS,Not Applicable,Diesel,1977,ICE,Not Applicable,3,Statewide,3
13861,2020,T2,1,Diesel,2013,ICE,Not Applicable,2,Statewide,14
13862,2020,T1,1,Gasoline,2014,ICE,Not Applicable,≥4,Statewide,14424
13863,2020,P,Not Applicable,Gasoline,1996,ICE,Not Applicable,3,Statewide,14459
13864,2020,T6,5,Gasoline,2015,ICE,Not Applicable,2,Statewide,9
13865,2020,T6,Unknown,Gasoline,2019,ICE,Not Applicable,1,Statewide,9
13866,2020,T2,1,Gasoline,2018,ICE,Not Applicable,1,Statewide,83866
13867,2020,T7,8,Gasoline,2006,ICE,Not Applicable,≥4,Statewide,9
13868,2020,MH,Not Applicable,Gasoline,2000,ICE,Not Applicable,1,Statewide,569
13869,2020,T1,1,Hydrogen,2020,FCEV,>150 miles,≥4,Statewide,9
13870,2020,T1,1,Gasoline,2000,ICE,Not Applicable,≥4,Statewide,14589
13871,2020,T4,2,Diesel,2011,ICE,Not Applicable,≥4,Statewide,14609
13872,2020,T1,1,Hydrogen,2020,FCEV,>150 miles,1,Statewide,9
13873,2020,MH,Not Applicable,Gasoline,2016,ICE,Not Applicable,3,Statewide,570
13874,2020,T5,3,Gasoline,2006,ICE,Not Applicable,1,Statewide,570
13875,2020,BS,Not Applicable,Natural Gas,2008,ICE,Not Applicable,2,Statewide,9
13876,2020,BS,Not Applicable,Natural Gas,2016,ICE,Not Applicable,1,Statewide,9
13877,2020,BT,Not Applicable,Natural Gas,2001,ICE,Not Applicable,1,Statewide,9
13878,2020,BT,Not Applicable,Natural Gas,2007,ICE,Not Applicable,1,Statewide,9
13879,2020,MC,Not Applicable,Gasoline,1992,ICE,Not Applicable,1,Statewide,571
13880,2020,MC,Not Applicable,Gasoline,1996,ICE,Not Applicable,1,Statewide,571
13881,2020,T3,2,Natural Gas,2004,ICE,Not Applicable,2,Statewide,9
13882,2020,T3,2,Natural Gas,2007,ICE,Not Applicable,2,Statewide,9
13883,2020,T4,2,Natural Gas,2005,ICE,Not Applicable,1,Statewide,9
13884,2020,T3,Unknown,Gasoline,2016,ICE,Not Applicable,1,Statewide,1269
13885,2020,T4,2,Gasoline,2016,ICE,Not Applicable,2,Statewide,572
13886,2020,T4,2,Natural Gas,2009,ICE,Not Applicable,≥4,Statewide,9
13887,2020,P,Not Applicable,Gasoline,2005,ICE,Not Applicable,3,Statewide,84367
13888,2020,T4,Unknown,Natural Gas,2019,ICE,Not Applicable,≥4,Statewide,9
13889,2020,T6,7,Natural Gas,2022,ICE,Not Applicable,≥4,Statewide,9
13890,2020,BT,Not Applicable,Diesel,2018,ICE,Not Applicable,≥4,Statewide,573
13891,2020,T6,6,Gasoline,2010,ICE,Not Applicable,2,Statewide,9
13892,2020,T4,Unknown,Gasoline,1981,ICE,Not Applicable,1,Statewide,9
13893,2020,T6,6,Gasoline,2008,ICE,Not Applicable,2,Statewide,9
13894,2020,T6,7,Gasoline,2000,ICE,Not Applicable,1,Statewide,9
13895,2020,MH,Not Applicable,Gasoline,1994,ICE,Not Applicable,1,Statewide,562
13896,2020,T4,Unknown,Gasoline,1982,ICE,Not Applicable,2,Statewide,9
13897,2020,T4,Unknown,Gasoline,1982,ICE,Not Applicable,1,Statewide,9
13898,2020,P,Not Applicable,Gasoline,2022,ICE,Not Applicable,1,Statewide,14470
13899,2020,T4,Unknown,Gasoline,1984,ICE,Not Applicable,2,Statewide,9
13900,2020,T4,Unknown,Gasoline,1995,ICE,Not Applicable,2,Statewide,9
13901,2020,T3,Unknown,Gasoline,2014,ICE,Not Applicable,1,Statewide,563
13902,2020,T4,Unknown,Gasoline,1999,ICE,Not Applicable,2,Statewide,9
13903,2020,T4,Unknown,Gasoline,2001,ICE,Not Applicable,≥4,Statewide,9
13904,2020,T4,Unknown,Gasoline,2007,ICE,Not Applicable,3,Statewide,9
13905,2020,T4,Unknown,Gasoline,2010,ICE,Not Applicable,≥4,Statewide,9
13906,2020,MH,Not Applicable,Diesel,2012,ICE,Not Applicable,3,Statewide,564
13907,2020,P,Not Applicable,Diesel,1987,ICE,Not Applicable,2,Statewide,564
13908,2020,T5,3,Gasoline,1976,ICE,Not Applicable,2,Statewide,9
13909,2020,T6,5,Gasoline,1978,ICE,Not Applicable,1,Statewide,9
13910,2020,T6,5,Gasoline,1979,ICE,Not Applicable,1,Statewide,9
13911,2020,T6,7,Gasoline,1980,ICE,Not Applicable,1,Statewide,9
13912,2020,T6,6,Gasoline,1986,ICE,Not Applicable,2,Statewide,9
13913,2020,T6,6,Gasoline,1989,ICE,Not Applicable,2,Statewide,9
13914,2020,T6,4,Gasoline,1990,ICE,Not Applicable,≥4,Statewide,9
13915,2020,T6,7,Gasoline,1993,ICE,Not Applicable,2,Statewide,9
13916,2020,T6,6,Gasoline,1994,ICE,Not Applicable,3,Statewide,9
13917,2020,T6,7,Gasoline,1996,ICE,Not Applicable,1,Statewide,9
13918,2020,P,Not Applicable,Gasoline,2004,ICE,Not Applicable,2,Statewide,83158
13919,2020,T3,2,Gasoline,2007,ICE,Not Applicable,≥4,Statewide,83458
13920,2020,P,Not Applicable,Diesel,1987,ICE,Not Applicable,1,Statewide,567
13921,2020,P,Not Applicable,Diesel,1988,ICE,Not Applicable,3,Statewide,567
13922,2020,T2,1,Gasoline,2000,ICE,Not Applicable,1,Statewide,14563
13923,2020,T3,2,Diesel,1982,ICE,Not Applicable,≥4,Statewide,3
13924,2020,T3,Unknown,Diesel,1984,ICE,Not Applicable,1,Statewide,3
13925,2020,T3,Unknown,Diesel,1987,ICE,Not Applicable,3,Statewide,3
13926,2020,T5,3,Diesel,2013,ICE,Not Applicable,1,Statewide,1326
13927,2020,P,Not Applicable,Diesel,2007,ICE,Not Applicable,1,Statewide,477
13928,2020,T3,Unknown,Gasoline,2019,ICE,Not Applicable,≥4,Statewide,477
13929,2020,T3,2,Gasoline,1984,ICE,Not Applicable,2,Statewide,679
13930,2020,MH,Not Applicable,Diesel,2004,ICE,Not Applicable,≥4,Statewide,679
13931,2020,T6,4,Gasoline,2012,ICE,Not Applicable,≥4,Statewide,1215
13932,2020,MH,Not Applicable,Gasoline,2018,ICE,Not Applicable,≥4,Statewide,1216
13933,2020,T4,2,Gasoline,2000,ICE,Not Applicable,≥4,Statewide,5764
13934,2020,P,Not Applicable,Gasoline,2013,ICE,Not Applicable,3,Statewide,118558
13935,2020,T4,Unknown,Electric,1992,BEV,Unknown,≥4,Statewide,3
13936,2020,T3,Unknown,Electric,2008,BEV,Unknown,1,Statewide,3
13937,2020,T2,Unknown,Gasoline,1977,ICE,Not Applicable,≥4,Statewide,1325
13938,2020,T4,Unknown,Electric,2012,BEV,Unknown,≥4,Statewide,3
13939,2020,T1,Unknown,Gasoline,2017,ICE,Not Applicable,3,Statewide,1325
13940,2020,T3,2,Gasoline,1983,ICE,Not Applicable,3,Statewide,678
13941,2020,T2,1,Gasoline,1996,ICE,Not Applicable,2,Statewide,5752
13942,2020,MC,Not Applicable,Gasoline,2017,ICE,Not Applicable,3,Statewide,5749
13943,2020,T4,2,Gasoline,2008,ICE,Not Applicable,≥4,Statewide,18462
13944,2020,MC,Not Applicable,Gasoline,2013,ICE,Not Applicable,1,Statewide,5746
13945,2020,P,Not Applicable,Gasoline,1993,ICE,Not Applicable,3,Statewide,5732
13946,2020,MC,Not Applicable,Gasoline,2010,ICE,Not Applicable,1,Statewide,5727
13947,2020,BS,Not Applicable,Diesel,2004,ICE,Not Applicable,≥4,Statewide,676
13948,2020,T6,5,Diesel,2006,ICE,Not Applicable,≥4,Statewide,1218
13949,2020,MC,Not Applicable,Gasoline,1999,ICE,Not Applicable,3,Statewide,1218
13950,2020,BT,Not Applicable,Diesel,1976,ICE,Not Applicable,≥4,Statewide,675
13951,2020,P,Not Applicable,Electric,2020,BEV,51 to 100 miles,3,Statewide,5684
13952,2020,T4,2,Diesel,1995,ICE,Not Applicable,1,Statewide,478
13953,2020,T4,2,Electric,2019,BEV,Unknown,≥4,Statewide,3
13954,2020,BT,Not Applicable,Natural Gas,2010,ICE,Not Applicable,≥4,Statewide,476
13955,2020,T2,1,Gasoline,1978,ICE,Not Applicable,1,Statewide,476
13956,2020,T3,2,Gasoline,1978,ICE,Not Applicable,2,Statewide,473
13957,2020,MC,Not Applicable,Gasoline,1991,ICE,Not Applicable,1,Statewide,682
13958,2020,MC,Not Applicable,Gasoline,1990,ICE,Not Applicable,2,Statewide,681
13959,2020,BS,Not Applicable,Gasoline,2004,ICE,Not Applicable,1,Statewide,3
13960,2020,BS,Not Applicable,Gasoline,2000,ICE,Not Applicable,3,Statewide,3
13961,2020,MC,Not Applicable,Gasoline,2008,ICE,Not Applicable,≥4,Statewide,18650
13962,2020,BS,Not Applicable,Gasoline,1994,ICE,Not Applicable,1,Statewide,3
13963,2020,T5,3,Gasoline,2004,ICE,Not Applicable,3,Statewide,474
13964,2020,T4,2,Gasoline,2018,ICE,Not Applicable,≥4,Statewide,5844
13965,2020,BS,Not Applicable,Gasoline,1991,ICE,Not Applicable,2,Statewide,3
13966,2020,BS,Not Applicable,Gasoline,1991,ICE,Not Applicable,3,Statewide,3
13967,2020,BS,Not Applicable,Gasoline,1988,ICE,Not Applicable,1,Statewide,3
13968,2020,BS,Not Applicable,Gasoline,1984,ICE,Not Applicable,1,Statewide,3
13969,2020,BS,Not Applicable,Gasoline,1981,ICE,Not Applicable,3,Statewide,3
13970,2020,T2,1,Gasoline,2017,ICE,Not Applicable,2,Statewide,65441
13971,2020,B,Not Applicable,Gasoline,1996,ICE,Not Applicable,3,Statewide,3
13972,2020,T6,6,Diesel,2005,ICE,Not Applicable,1,Statewide,475
13973,2020,T1,1,Gasoline,1977,ICE,Not Applicable,3,Statewide,475
13974,2020,T2,Unknown,Gasoline,2018,ICE,Not Applicable,3,Statewide,5841
13975,2020,MH,Not Applicable,Gasoline,2018,ICE,Not Applicable,3,Statewide,680
13976,2020,B,Not Applicable,Gasoline,1987,ICE,Not Applicable,2,Statewide,3
13977,2020,B,Not Applicable,Gasoline,1986,ICE,Not Applicable,2,Statewide,3
13978,2020,T2,1,Gasoline,2021,ICE,Not Applicable,2,Statewide,65474
13979,2020,B,Not Applicable,Gasoline,1981,ICE,Not Applicable,3,Statewide,3
13980,2020,T4,2,Gasoline,1995,ICE,Not Applicable,1,Statewide,1214
13981,2020,T4,2,Diesel,2003,ICE,Not Applicable,≥4,Statewide,1328
13982,2020,T5,3,Electric,2012,BEV,Unknown,≥4,Statewide,3
13983,2020,T2,1,Gasoline,1997,ICE,Not Applicable,1,Statewide,5671
13984,2020,MH,Not Applicable,Gasoline,2001,ICE,Not Applicable,3,Statewide,674
13985,2020,MC,Not Applicable,Gasoline,2003,ICE,Not Applicable,≥4,Statewide,5671
13986,2020,P,Not Applicable,Diesel,2019,ICE,Not Applicable,1,Statewide,5660
13987,2020,T5,3,Gasoline,2006,ICE,Not Applicable,2,Statewide,486
13988,2020,T6,4,Gasoline,2001,ICE,Not Applicable,≥4,Statewide,486
13989,2020,T2,1,Gasoline,2012,ICE,Not Applicable,1,Statewide,67380
13990,2020,T1,Unknown,Electric,1991,BEV,Unknown,≥4,Statewide,3
13991,2020,P,Not Applicable,Diesel,1989,ICE,Not Applicable,3,Statewide,487
13992,2020,P,Not Applicable,Electric,2022,BEV,Unknown,≥4,Statewide,3
13993,2020,MH,Not Applicable,Gasoline,2005,ICE,Not Applicable,3,Statewide,1318
13994,2020,T7,8,Diesel,2010,ICE,Not Applicable,1,Statewide,488
13995,2020,P,Not Applicable,Electric,2005,BEV,Unknown,3,Statewide,3
13996,2020,MC,Not Applicable,Gasoline,2008,ICE,Not Applicable,2,Statewide,5643
13997,2020,T4,2,Gasoline,2009,ICE,Not Applicable,2,Statewide,5633
13998,2020,P,Not Applicable,Electric,2003,BEV,Unknown,2,Statewide,3
13999,2020,P,Not Applicable,Electric,1997,BEV,Unknown,1,Statewide,3
14000,2020,P,Not Applicable,Electric,1996,BEV,Unknown,2,Statewide,3
14001,2020,P,Not Applicable,Electric,1993,BEV,Unknown,≥4,Statewide,3
14002,2020,P,Not Applicable,Electric,1989,BEV,Unknown,≥4,Statewide,3
14003,2020,BT,Not Applicable,Natural Gas,2018,ICE,Not Applicable,≥4,Statewide,672
14004,2020,T3,2,Gasoline,1984,ICE,Not Applicable,3,Statewide,672
14005,2020,P,Not Applicable,Electric,1976,BEV,Unknown,1,Statewide,3
14006,2020,B,Not Applicable,Diesel,2019,ICE,Not Applicable,≥4,Statewide,490
14007,2020,T2,Unknown,Diesel,2017,ICE,Not Applicable,2,Statewide,490
14008,2020,T4,2,Diesel,1995,ICE,Not Applicable,2,Statewide,490
14009,2020,P,Not Applicable,Electric,2019,BEV,Unknown,3,Statewide,490
14010,2020,T5,3,Diesel,2007,ICE,Not Applicable,2,Statewide,672
14011,2020,P,Not Applicable,Diesel,2008,ICE,Not Applicable,3,Statewide,491
14012,2020,MH,Not Applicable,Gasoline,1989,ICE,Not Applicable,3,Statewide,491
14013,2020,T4,2,Diesel,1998,ICE,Not Applicable,3,Statewide,672
14014,2020,T2,1,Gasoline,1988,ICE,Not Applicable,3,Statewide,486
14015,2020,T2,1,Gasoline,1978,ICE,Not Applicable,2,Statewide,473
14016,2020,T4,2,Diesel,1993,ICE,Not Applicable,≥4,Statewide,486
14017,2020,T1,Unknown,Electric,2001,BEV,Unknown,≥4,Statewide,3
14018,2020,T2,1,Gasoline,1997,ICE,Not Applicable,2,Statewide,5651
14019,2020,T3,Unknown,Gasoline,2019,ICE,Not Applicable,2,Statewide,673
14020,2020,T3,Unknown,Electric,2006,BEV,Unknown,≥4,Statewide,3
14021,2020,T3,Unknown,Electric,1994,BEV,Unknown,≥4,Statewide,3
14022,2020,T2,Unknown,Electric,2020,BEV,Unknown,1,Statewide,3
14023,2020,T2,Unknown,Electric,2020,BEV,Unknown,≥4,Statewide,3
14024,2020,T2,1,Electric,2018,BEV,101 to 150 miles,3,Statewide,3
14025,2020,T2,Unknown,Electric,2014,BEV,Unknown,1,Statewide,3
14026,2020,T2,1,Gasoline,2007,ICE,Not Applicable,≥4,Statewide,66179
14027,2020,T2,1,Gasoline,2016,ICE,Not Applicable,1,Statewide,66235
14028,2020,MH,Not Applicable,Gasoline,1993,ICE,Not Applicable,3,Statewide,482
14029,2020,T2,Unknown,Electric,2014,BEV,Unknown,2,Statewide,3
14030,2020,T2,1,Gasoline,2011,ICE,Not Applicable,1,Statewide,66307
14031,2020,T2,Unknown,Electric,2014,BEV,Unknown,3,Statewide,3
14032,2020,MC,Not Applicable,Gasoline,1986,ICE,Not Applicable,2,Statewide,483
14033,2020,T2,1,Gasoline,1978,ICE,Not Applicable,3,Statewide,483
14034,2020,T2,1,Electric,2004,BEV,Unknown,1,Statewide,3
14035,2020,T2,1,Electric,1998,BEV,Unknown,≥4,Statewide,3
14036,2020,T1,Unknown,Electric,2015,BEV,Unknown,≥4,Statewide,3
14037,2020,T1,Unknown,Electric,2013,BEV,Unknown,2,Statewide,3
14038,2020,T1,Unknown,Electric,2011,BEV,Unknown,2,Statewide,3
14039,2020,T1,Unknown,Electric,2010,BEV,Unknown,≥4,Statewide,3
14040,2020,T1,1,Electric,2006,BEV,Unknown,2,Statewide,3
14041,2020,T1,Unknown,Electric,2005,BEV,Unknown,1,Statewide,3
14042,2020,T6,7,Diesel,2016,ICE,Not Applicable,≥4,Statewide,1321
14043,2020,T1,Unknown,Gasoline,2017,ICE,Not Applicable,≥4,Statewide,1320
14044,2020,T1,1,Electric,2003,BEV,Unknown,2,Statewide,3
14045,2020,T1,Unknown,Electric,1999,BEV,Unknown,≥4,Statewide,3
14046,2020,MC,Not Applicable,Gasoline,1986,ICE,Not Applicable,1,Statewide,473
14047,2020,BS,Not Applicable,Gasoline,2008,ICE,Not Applicable,3,Statewide,3
14048,2020,T2,1,Gasoline,2008,ICE,Not Applicable,2,Statewide,65170
14049,2020,P,Not Applicable,Electric,2017,BEV,>150 miles,≥4,Statewide,464
14050,2020,MC,Not Applicable,Gasoline,1994,ICE,Not Applicable,3,Statewide,692
14051,2020,T3,2,Gasoline,1989,ICE,Not Applicable,2,Statewide,464
14052,2020,T3,2,Gasoline,2015,ICE,Not Applicable,≥4,Statewide,34154
14053,2020,MC,Not Applicable,Gasoline,2014,ICE,Not Applicable,≥4,Statewide,19158
14054,2020,T3,2,Gasoline,2021,PHEV,0 to 50 miles,2,Statewide,464
14055,2020,T5,3,Diesel,2008,ICE,Not Applicable,1,Statewide,690
14056,2020,T4,2,Diesel,1999,ICE,Not Applicable,1,Statewide,690
14057,2020,T3,2,Gasoline,1984,ICE,Not Applicable,1,Statewide,688
14058,2020,T3,2,Gasoline,2018,ICE,Not Applicable,2,Statewide,33053
14059,2020,T1,1,Gasoline,2021,ICE,Not Applicable,≥4,Statewide,33052
14060,2020,P,Not Applicable,Electric,2019,BEV,Unknown,2,Statewide,687
14061,2020,T6,7,Diesel,1996,ICE,Not Applicable,≥4,Statewide,687
14062,2020,T3,2,Gasoline,2018,ICE,Not Applicable,1,Statewide,32815
14063,2020,T2,Unknown,Gasoline,2019,ICE,Not Applicable,3,Statewide,686
14064,2020,T4,2,Gasoline,1992,ICE,Not Applicable,3,Statewide,464
14065,2020,T4,Unknown,Diesel,1994,ICE,Not Applicable,1,Statewide,9
14066,2020,T4,Unknown,Diesel,2012,ICE,Not Applicable,1,Statewide,9
14067,2020,T1,Unknown,Gasoline,2000,ICE,Not Applicable,2,Statewide,3
14068,2020,T1,Unknown,Gasoline,1998,ICE,Not Applicable,1,Statewide,3
14069,2020,T4,Unknown,Diesel,2019,ICE,Not Applicable,1,Statewide,9
14070,2020,T6,4,Diesel,2011,ICE,Not Applicable,1,Statewide,465
14071,2020,T7,8,Diesel,2006,ICE,Not Applicable,1,Statewide,465
14072,2020,T5,3,Diesel,1989,ICE,Not Applicable,2,Statewide,9
14073,2020,T1,Unknown,Gasoline,1993,ICE,Not Applicable,2,Statewide,3
14074,2020,T1,Unknown,Gasoline,1989,ICE,Not Applicable,2,Statewide,3
14075,2020,BT,Not Applicable,Gasoline,2020,ICE,Not Applicable,3,Statewide,3
14076,2020,T3,Unknown,Diesel,2010,ICE,Not Applicable,≥4,Statewide,9
14077,2020,T5,3,Diesel,1994,ICE,Not Applicable,≥4,Statewide,466
14078,2020,P,Not Applicable,Gasoline,1998,ICE,Not Applicable,≥4,Statewide,34382
14079,2020,T3,2,Diesel,1996,ICE,Not Applicable,1,Statewide,9
14080,2020,T2,1,Gasoline,2010,ICE,Not Applicable,3,Statewide,62566
14081,2020,MC,Not Applicable,Gasoline,1978,ICE,Not Applicable,≥4,Statewide,1344
14082,2020,T4,Unknown,Gasoline,1998,ICE,Not Applicable,1,Statewide,3
14083,2020,T3,2,Gasoline,1976,ICE,Not Applicable,2,Statewide,1343
14084,2020,T1,Unknown,Gasoline,1984,ICE,Not Applicable,≥4,Statewide,461
14085,2020,T3,Unknown,Diesel,1976,ICE,Not Applicable,3,Statewide,9
14086,2020,T3,Unknown,Diesel,1986,ICE,Not Applicable,1,Statewide,9
14087,2020,T4,Unknown,Gasoline,1996,ICE,Not Applicable,2,Statewide,3
14088,2020,T4,Unknown,Gasoline,1994,ICE,Not Applicable,3,Statewide,3
14089,2020,T5,3,Diesel,1999,ICE,Not Applicable,≥4,Statewide,697
14090,2020,T4,Unknown,Gasoline,1993,ICE,Not Applicable,1,Statewide,3
14091,2020,T4,Unknown,Gasoline,1986,ICE,Not Applicable,3,Statewide,3
14092,2020,MH,Not Applicable,Gasoline,2001,ICE,Not Applicable,2,Statewide,462
14093,2020,T4,2,Gasoline,2014,ICE,Not Applicable,1,Statewide,462
14094,2020,P,Not Applicable,Natural Gas,2017,ICE,Not Applicable,2,Statewide,462
14095,2020,T3,Unknown,Gasoline,2022,PHEV,0 to 50 miles,3,Statewide,3
14096,2020,T1,1,Gasoline,2022,PHEV,0 to 50 miles,2,Statewide,3
14097,2020,T1,Unknown,Gasoline,2019,ICE,Not Applicable,3,Statewide,3
14098,2020,T1,Unknown,Gasoline,2018,ICE,Not Applicable,1,Statewide,3
14099,2020,T4,2,Gasoline,2019,ICE,Not Applicable,1,Statewide,1341
14100,2020,T2,1,Gasoline,2015,ICE,Not Applicable,3,Statewide,35250
14101,2020,MC,Not Applicable,Gasoline,1997,ICE,Not Applicable,2,Statewide,696
14102,2020,T6,4,Diesel,2000,ICE,Not Applicable,≥4,Statewide,696
14103,2020,T4,Unknown,Gasoline,2021,ICE,Not Applicable,3,Statewide,1209
14104,2020,T3,2,Gasoline,2016,ICE,Not Applicable,2,Statewide,34964
14105,2020,T4,2,Gasoline,1984,ICE,Not Applicable,≥4,Statewide,695
14106,2020,B,Not Applicable,Gasoline,2017,ICE,Not Applicable,≥4,Statewide,463
14107,2020,T1,Unknown,Gasoline,2010,ICE,Not Applicable,3,Statewide,3
14108,2020,MC,Not Applicable,Electric,2014,BEV,Unknown,1,Statewide,3
14109,2020,T5,3,Gasoline,2011,ICE,Not Applicable,3,Statewide,466
14110,2020,T6,6,Diesel,1977,ICE,Not Applicable,≥4,Statewide,9
14111,2020,BT,Not Applicable,Gasoline,1980,ICE,Not Applicable,≥4,Statewide,3
14112,2020,P,Not Applicable,Gasoline,2002,ICE,Not Applicable,1,Statewide,64528
14113,2020,BS,Not Applicable,Gasoline,2023,ICE,Not Applicable,≥4,Statewide,3
14114,2020,B,Not Applicable,Diesel,2018,ICE,Not Applicable,≥4,Statewide,470
14115,2020,P,Not Applicable,Electric,2008,BEV,Unknown,1,Statewide,9
14116,2020,P,Not Applicable,Electric,2022,BEV,51 to 100 miles,3,Statewide,9
14117,2020,T3,2,Gasoline,2009,ICE,Not Applicable,2,Statewide,64564
14118,2020,BS,Not Applicable,Gasoline,2016,ICE,Not Applicable,2,Statewide,3
14119,2020,BS,Not Applicable,Gasoline,2012,ICE,Not Applicable,1,Statewide,3
14120,2020,T3,2,Gasoline,1990,ICE,Not Applicable,2,Statewide,685
14121,2020,T3,2,Gasoline,1989,ICE,Not Applicable,3,Statewide,471
14122,2020,P,Not Applicable,Gasoline,2005,ICE,Not Applicable,1,Statewide,121064
14123,2020,MC,Not Applicable,Gasoline,2013,ICE,Not Applicable,≥4,Statewide,18809
14124,2020,P,Not Applicable,Gasoline,2001,ICE,Not Applicable,3,Statewide,32597
14125,2020,P,Not Applicable,Gasoline,2006,ICE,Not Applicable,2,Statewide,119620
14126,2020,P,Not Applicable,Gasoline,1996,ICE,Not Applicable,1,Statewide,18779
14127,2020,T3,2,Gasoline,2005,ICE,Not Applicable,1,Statewide,32531
14128,2020,T4,2,Diesel,1989,ICE,Not Applicable,≥4,Statewide,683
14129,2020,BS,Not Applicable,Gasoline,2012,ICE,Not Applicable,2,Statewide,3
14130,2020,BS,Not Applicable,Gasoline,2012,ICE,Not Applicable,3,Statewide,3
14131,2020,P,Not Applicable,Gasoline,2004,ICE,Not Applicable,3,Statewide,64999
14132,2020,BT,Not Applicable,Diesel,2006,ICE,Not Applicable,≥4,Statewide,472
14133,2020,MC,Not Applicable,Gasoline,1984,ICE,Not Applicable,3,Statewide,472
14134,2020,MH,Not Applicable,Gasoline,1995,ICE,Not Applicable,1,Statewide,472
14135,2020,T6,4,Gasoline,2020,ICE,Not Applicable,≥4,Statewide,472
14136,2020,T3,2,Gasoline,2005,ICE,Not Applicable,3,Statewide,32375
14137,2020,BS,Not Applicable,Gasoline,2008,ICE,Not Applicable,2,Statewide,3
14138,2020,BT,Not Applicable,Gasoline,1985,ICE,Not Applicable,≥4,Statewide,3
14139,2020,T6,Unknown,Diesel,1976,ICE,Not Applicable,3,Statewide,9
14140,2020,BT,Not Applicable,Gasoline,1989,ICE,Not Applicable,2,Statewide,3
14141,2020,P,Not Applicable,Electric,2005,BEV,Unknown,1,Statewide,9
14142,2020,T6,6,Diesel,1983,ICE,Not Applicable,≥4,Statewide,9
14143,2020,BT,Not Applicable,Gasoline,2017,ICE,Not Applicable,3,Statewide,3
14144,2020,T6,7,Diesel,1984,ICE,Not Applicable,3,Statewide,9
14145,2020,T6,6,Diesel,1987,ICE,Not Applicable,1,Statewide,9
14146,2020,MC,Not Applicable,Gasoline,1993,ICE,Not Applicable,1,Statewide,467
14147,2020,T5,3,Gasoline,2010,ICE,Not Applicable,2,Statewide,467
14148,2020,T6,6,Diesel,1991,ICE,Not Applicable,3,Statewide,9
14149,2020,T6,5,Diesel,1995,ICE,Not Applicable,3,Statewide,9
14150,2020,T6,5,Diesel,1997,ICE,Not Applicable,3,Statewide,9
14151,2020,BT,Not Applicable,Gasoline,2011,ICE,Not Applicable,3,Statewide,3
14152,2020,BT,Not Applicable,Gasoline,2010,ICE,Not Applicable,2,Statewide,3
14153,2020,T6,Unknown,Diesel,2017,ICE,Not Applicable,2,Statewide,9
14154,2020,T3,2,Gasoline,1977,ICE,Not Applicable,1,Statewide,468
14155,2020,T6,Unknown,Diesel,2021,ICE,Not Applicable,1,Statewide,9
14156,2020,B,Not Applicable,Electric,2019,BEV,Unknown,≥4,Statewide,9
14157,2020,BT,Not Applicable,Electric,2019,BEV,Unknown,≥4,Statewide,9
14158,2020,BT,Not Applicable,Gasoline,2002,ICE,Not Applicable,1,Statewide,3
14159,2020,BT,Not Applicable,Gasoline,1996,ICE,Not Applicable,1,Statewide,3
14160,2020,BT,Not Applicable,Gasoline,1994,ICE,Not Applicable,1,Statewide,3
14161,2020,MC,Not Applicable,Electric,2011,BEV,Unknown,≥4,Statewide,9
14162,2020,P,Not Applicable,Diesel,1985,ICE,Not Applicable,≥4,Statewide,469
14163,2020,MH,Not Applicable,Gasoline,1989,ICE,Not Applicable,1,Statewide,469
14164,2020,MH,Not Applicable,Gasoline,1995,ICE,Not Applicable,2,Statewide,469
14165,2020,T3,Unknown,Gasoline,1976,ICE,Not Applicable,1,Statewide,469
14166,2020,T3,2,Gasoline,1980,ICE,Not Applicable,1,Statewide,469
14167,2020,MC,Not Applicable,Electric,2016,BEV,Unknown,2,Statewide,9
14168,2020,P,Not Applicable,Electric,2000,BEV,Unknown,≥4,Statewide,9
14169,2020,BT,Not Applicable,Gasoline,1989,ICE,Not Applicable,1,Statewide,3
14170,2020,T2,Unknown,Diesel,2014,ICE,Not Applicable,≥4,Statewide,9
14171,2020,MC,Not Applicable,Electric,2014,BEV,Unknown,3,Statewide,3
14172,2020,MC,Not Applicable,Electric,2007,BEV,Unknown,≥4,Statewide,3
14173,2020,BT,Not Applicable,Gasoline,2003,ICE,Not Applicable,≥4,Statewide,14
14174,2020,T6,7,Diesel,1993,ICE,Not Applicable,≥4,Statewide,509
14175,2020,T7,8,Diesel,1989,ICE,Not Applicable,≥4,Statewide,509
14176,2020,T3,2,Gasoline,1977,ICE,Not Applicable,2,Statewide,509
14177,2020,BT,Not Applicable,Gasoline,1988,ICE,Not Applicable,≥4,Statewide,14
14178,2020,B,Not Applicable,Gasoline,2002,ICE,Not Applicable,3,Statewide,14
14179,2020,B,Not Applicable,Gasoline,2000,ICE,Not Applicable,2,Statewide,14
14180,2020,T2,1,Gasoline,2005,ICE,Not Applicable,≥4,Statewide,71722
14181,2020,T4,2,Diesel,1996,ICE,Not Applicable,1,Statewide,510
14182,2020,T6,6,Diesel,1989,ICE,Not Applicable,3,Statewide,13
14183,2020,BS,Not Applicable,Gasoline,2014,ICE,Not Applicable,≥4,Statewide,510
14184,2020,T4,2,Gasoline,1980,ICE,Not Applicable,≥4,Statewide,510
14185,2020,T1,Unknown,Gasoline,1989,ICE,Not Applicable,3,Statewide,14
14186,2020,T4,2,Gasoline,1992,ICE,Not Applicable,2,Statewide,510
14187,2020,T4,Unknown,Diesel,2006,ICE,Not Applicable,1,Statewide,3
14188,2020,T6,4,Diesel,1992,ICE,Not Applicable,≥4,Statewide,13
14189,2020,T4,Unknown,Diesel,2006,ICE,Not Applicable,≥4,Statewide,3
14190,2020,T4,Unknown,Diesel,2005,ICE,Not Applicable,1,Statewide,3
14191,2020,B,Not Applicable,Gasoline,1996,ICE,Not Applicable,2,Statewide,14
14192,2020,T4,2,Gasoline,1999,ICE,Not Applicable,3,Statewide,1305
14193,2020,T7,8,Diesel,2020,ICE,Not Applicable,3,Statewide,511
14194,2020,T4,2,Gasoline,1990,ICE,Not Applicable,1,Statewide,511
14195,2020,T4,Unknown,Diesel,2004,ICE,Not Applicable,3,Statewide,3
14196,2020,T4,Unknown,Diesel,2002,ICE,Not Applicable,2,Statewide,3
14197,2020,T4,Unknown,Diesel,2000,ICE,Not Applicable,2,Statewide,3
14198,2020,T2,Unknown,Gasoline,1977,ICE,Not Applicable,3,Statewide,512
14199,2020,T6,5,Gasoline,2013,ICE,Not Applicable,≥4,Statewide,510
14200,2020,T4,Unknown,Diesel,2007,ICE,Not Applicable,2,Statewide,3
14201,2020,T4,Unknown,Diesel,2009,ICE,Not Applicable,2,Statewide,3
14202,2020,MC,Not Applicable,Gasoline,1979,ICE,Not Applicable,≥4,Statewide,1307
14203,2020,T2,1,Gasoline,2009,ICE,Not Applicable,1,Statewide,70937
14204,2020,T2,1,Gasoline,2012,ICE,Not Applicable,≥4,Statewide,71120
14205,2020,T3,2,Gasoline,2021,ICE,Not Applicable,≥4,Statewide,71155
14206,2020,B,Not Applicable,Gasoline,2014,ICE,Not Applicable,≥4,Statewide,505
14207,2020,T6,4,Gasoline,2003,ICE,Not Applicable,≥4,Statewide,505
14208,2020,T6,7,Gasoline,1982,ICE,Not Applicable,1,Statewide,14
14209,2020,T6,Unknown,Gasoline,1980,ICE,Not Applicable,≥4,Statewide,14
14210,2020,T4,2,Gasoline,2021,PHEV,0 to 50 miles,1,Statewide,14
14211,2020,T6,Unknown,Diesel,1977,ICE,Not Applicable,≥4,Statewide,3
14212,2020,T6,7,Diesel,1976,ICE,Not Applicable,2,Statewide,3
14213,2020,T5,3,Diesel,2022,ICE,Not Applicable,3,Statewide,3
14214,2020,T5,3,Diesel,1988,ICE,Not Applicable,2,Statewide,3
14215,2020,T4,Unknown,Gasoline,2014,ICE,Not Applicable,≥4,Statewide,14
14216,2020,T4,Unknown,Diesel,2018,ICE,Not Applicable,1,Statewide,3
14217,2020,MH,Not Applicable,Gasoline,2003,ICE,Not Applicable,≥4,Statewide,1309
14218,2020,T4,2,Diesel,1997,ICE,Not Applicable,1,Statewide,506
14219,2020,T6,Unknown,Gasoline,1976,ICE,Not Applicable,3,Statewide,506
14220,2020,T4,Unknown,Diesel,2018,ICE,Not Applicable,2,Statewide,3
14221,2020,T4,Unknown,Gasoline,1979,ICE,Not Applicable,3,Statewide,14
14222,2020,MH,Not Applicable,Gasoline,2007,ICE,Not Applicable,3,Statewide,1308
14223,2020,T6,4,Diesel,2013,ICE,Not Applicable,1,Statewide,507
14224,2020,T5,3,Gasoline,1998,ICE,Not Applicable,≥4,Statewide,507
14225,2020,T3,Unknown,Gasoline,1989,ICE,Not Applicable,3,Statewide,14
14226,2020,T4,Unknown,Diesel,2015,ICE,Not Applicable,3,Statewide,3
14227,2020,T3,Unknown,Gasoline,1988,ICE,Not Applicable,2,Statewide,14
14228,2020,T2,Unknown,Gasoline,1991,ICE,Not Applicable,1,Statewide,14
14229,2020,T4,Unknown,Diesel,2015,ICE,Not Applicable,≥4,Statewide,3
14230,2020,B,Not Applicable,Gasoline,1988,ICE,Not Applicable,≥4,Statewide,14
14231,2020,T4,Unknown,Diesel,1996,ICE,Not Applicable,1,Statewide,3
14232,2020,T4,Unknown,Diesel,1993,ICE,Not Applicable,1,Statewide,3
14233,2020,T3,2,Gasoline,2011,ICE,Not Applicable,≥4,Statewide,72229
14234,2020,BT,Not Applicable,Electric,1976,BEV,Unknown,1,Statewide,14
14235,2020,T4,2,Gasoline,1995,ICE,Not Applicable,3,Statewide,1301
14236,2020,T3,Unknown,Gasoline,2022,ICE,Not Applicable,≥4,Statewide,1301
14237,2020,T4,2,Diesel,1992,ICE,Not Applicable,≥4,Statewide,516
14238,2020,T7,8,Diesel,1985,ICE,Not Applicable,1,Statewide,14
14239,2020,T6,Unknown,Diesel,2020,ICE,Not Applicable,1,Statewide,14
14240,2020,MC,Not Applicable,Gasoline,1988,ICE,Not Applicable,1,Statewide,517
14241,2020,T5,3,Gasoline,2006,ICE,Not Applicable,3,Statewide,517
14242,2020,T6,5,Diesel,1995,ICE,Not Applicable,2,Statewide,14
14243,2020,T6,6,Diesel,1991,ICE,Not Applicable,1,Statewide,14
14244,2020,T3,Unknown,Diesel,1994,ICE,Not Applicable,≥4,Statewide,3
14245,2020,T3,2,Diesel,1994,ICE,Not Applicable,3,Statewide,3
14246,2020,T6,6,Diesel,1990,ICE,Not Applicable,3,Statewide,14
14247,2020,MC,Not Applicable,Gasoline,1995,ICE,Not Applicable,1,Statewide,518
14248,2020,T1,1,Gasoline,1986,ICE,Not Applicable,3,Statewide,518
14249,2020,T2,Unknown,Gasoline,2003,ICE,Not Applicable,≥4,Statewide,518
14250,2020,T6,7,Diesel,1985,ICE,Not Applicable,3,Statewide,14
14251,2020,T3,2,Diesel,1993,ICE,Not Applicable,1,Statewide,3
14252,2020,T3,2,Diesel,1993,ICE,Not Applicable,3,Statewide,3
14253,2020,T3,Unknown,Diesel,1992,ICE,Not Applicable,2,Statewide,3
14254,2020,T2,1,Gasoline,2016,ICE,Not Applicable,2,Statewide,74124
14255,2020,T3,Unknown,Diesel,1988,ICE,Not Applicable,2,Statewide,3
14256,2020,T6,6,Diesel,1981,ICE,Not Applicable,1,Statewide,14
14257,2020,T5,3,Diesel,2005,ICE,Not Applicable,3,Statewide,519
14258,2020,T2,Unknown,Gasoline,1980,ICE,Not Applicable,≥4,Statewide,519
14259,2020,T6,Unknown,Diesel,1976,ICE,Not Applicable,2,Statewide,14
14260,2020,T4,Unknown,Diesel,2009,ICE,Not Applicable,≥4,Statewide,14
14261,2020,T2,1,Gasoline,2008,ICE,Not Applicable,≥4,Statewide,73201
14262,2020,T6,6,Diesel,1978,ICE,Not Applicable,1,Statewide,3
14263,2020,MC,Not Applicable,Electric,2017,BEV,Unknown,2,Statewide,14
14264,2020,P,Not Applicable,Electric,2016,BEV,>150 miles,1,Statewide,14
14265,2020,T4,Unknown,Diesel,1992,ICE,Not Applicable,1,Statewide,3
14266,2020,T7,8,Diesel,2005,ICE,Not Applicable,1,Statewide,660
14267,2020,T4,Unknown,Diesel,1992,ICE,Not Applicable,2,Statewide,3
14268,2020,T7,8,Diesel,2011,ICE,Not Applicable,1,Statewide,513
14269,2020,T2,1,Gasoline,1983,ICE,Not Applicable,≥4,Statewide,513
14270,2020,B,Not Applicable,Gasoline,1978,ICE,Not Applicable,≥4,Statewide,14
14271,2020,T4,Unknown,Diesel,1991,ICE,Not Applicable,3,Statewide,3
14272,2020,T4,Unknown,Diesel,1990,ICE,Not Applicable,1,Statewide,3
14273,2020,T4,Unknown,Diesel,1983,ICE,Not Applicable,≥4,Statewide,3
14274,2020,T1,Unknown,Gasoline,1978,ICE,Not Applicable,≥4,Statewide,1302
14275,2020,B,Not Applicable,Diesel,2020,ICE,Not Applicable,≥4,Statewide,514
14276,2020,P,Not Applicable,Diesel,1987,ICE,Not Applicable,3,Statewide,514
14277,2020,MC,Not Applicable,Gasoline,1994,ICE,Not Applicable,1,Statewide,514
14278,2020,T6,5,Diesel,1999,ICE,Not Applicable,2,Statewide,13
14279,2020,T2,1,Electric,2007,BEV,Unknown,1,Statewide,14
14280,2020,T1,1,Electric,2004,BEV,Unknown,1,Statewide,14
14281,2020,T6,5,Diesel,2001,ICE,Not Applicable,2,Statewide,13
14282,2020,T3,Unknown,Diesel,2011,ICE,Not Applicable,3,Statewide,3
14283,2020,T3,Unknown,Diesel,2010,ICE,Not Applicable,1,Statewide,3
14284,2020,P,Not Applicable,Gasoline,2016,ICE,Not Applicable,3,Statewide,107414
14285,2020,T3,Unknown,Diesel,2009,ICE,Not Applicable,3,Statewide,3
14286,2020,T4,2,Gasoline,1993,ICE,Not Applicable,2,Statewide,659
14287,2020,T3,Unknown,Diesel,2008,ICE,Not Applicable,1,Statewide,3
14288,2020,P,Not Applicable,Electric,2022,BEV,101 to 150 miles,1,Statewide,14
14289,2020,T3,Unknown,Diesel,2008,ICE,Not Applicable,≥4,Statewide,3
14290,2020,P,Not Applicable,Gasoline,1981,ICE,Not Applicable,1,Statewide,1302
14291,2020,T6,5,Diesel,2020,ICE,Not Applicable,1,Statewide,515
14292,2020,P,Not Applicable,Electric,2010,BEV,Unknown,3,Statewide,14
14293,2020,T6,Unknown,Gasoline,1983,ICE,Not Applicable,≥4,Statewide,14
14294,2020,T6,6,Gasoline,1990,ICE,Not Applicable,3,Statewide,14
14295,2020,T6,7,Gasoline,1992,ICE,Not Applicable,1,Statewide,14
14296,2020,T2,1,Gasoline,1981,ICE,Not Applicable,≥4,Statewide,668
14297,2020,T2,1,Gasoline,2018,ICE,Not Applicable,≥4,Statewide,68826
14298,2020,MH,Not Applicable,Gasoline,1995,ICE,Not Applicable,3,Statewide,668
14299,2020,T7,8,Diesel,1983,ICE,Not Applicable,3,Statewide,3
14300,2020,T4,2,Diesel,2000,ICE,Not Applicable,2,Statewide,1221
14301,2020,T6,Unknown,Diesel,2021,ICE,Not Applicable,3,Statewide,3
14302,2020,T3,Unknown,Gasoline,2022,ICE,Not Applicable,1,Statewide,1221
14303,2020,P,Not Applicable,Gasoline,2015,ICE,Not Applicable,3,Statewide,110830
14304,2020,MH,Not Applicable,Gasoline,1998,ICE,Not Applicable,≥4,Statewide,1312
14305,2020,T5,3,Gasoline,2010,ICE,Not Applicable,3,Statewide,496
14306,2020,P,Not Applicable,Gasoline,2005,ICE,Not Applicable,2,Statewide,109818
14307,2020,T3,Unknown,Gasoline,2011,ICE,Not Applicable,≥4,Statewide,18082
14308,2020,T6,Unknown,Diesel,2010,ICE,Not Applicable,2,Statewide,3
14309,2020,T6,Unknown,Diesel,2009,ICE,Not Applicable,1,Statewide,3
14310,2020,T2,1,Gasoline,2019,ICE,Not Applicable,≥4,Statewide,69037
14311,2020,BS,Not Applicable,Diesel,2002,ICE,Not Applicable,≥4,Statewide,497
14312,2020,BS,Not Applicable,Diesel,2012,ICE,Not Applicable,≥4,Statewide,497
14313,2020,BT,Not Applicable,Diesel,2008,ICE,Not Applicable,≥4,Statewide,497
14314,2020,MC,Not Applicable,Diesel,2010,ICE,Not Applicable,≥4,Statewide,13
14315,2020,T1,Unknown,Diesel,1980,ICE,Not Applicable,1,Statewide,13
14316,2020,T6,Unknown,Diesel,2007,ICE,Not Applicable,1,Statewide,3
14317,2020,T2,1,Gasoline,2006,ICE,Not Applicable,≥4,Statewide,69071
14318,2020,T6,Unknown,Diesel,2002,ICE,Not Applicable,3,Statewide,3
14319,2020,T7,8,Diesel,2020,ICE,Not Applicable,2,Statewide,498
14320,2020,MH,Not Applicable,Gasoline,1992,ICE,Not Applicable,3,Statewide,498
14321,2020,T6,Unknown,Diesel,2000,ICE,Not Applicable,1,Statewide,3
14322,2020,MC,Not Applicable,Gasoline,2019,ICE,Not Applicable,≥4,Statewide,17987
14323,2020,B,Not Applicable,Electric,2003,BEV,Unknown,≥4,Statewide,3
14324,2020,T7,8,Natural Gas,2021,ICE,Not Applicable,2,Statewide,14
14325,2020,T7,8,Natural Gas,2021,ICE,Not Applicable,≥4,Statewide,668
14326,2020,MC,Not Applicable,Gasoline,1983,ICE,Not Applicable,3,Statewide,495
14327,2020,T1,Unknown,Gasoline,1978,ICE,Not Applicable,3,Statewide,492
14328,2020,T7,8,Natural Gas,2019,ICE,Not Applicable,≥4,Statewide,492
14329,2020,T1,1,Gasoline,1987,ICE,Not Applicable,3,Statewide,671
14330,2020,MC,Not Applicable,Electric,2005,BEV,Unknown,1,Statewide,3
14331,2020,MC,Not Applicable,Electric,2005,BEV,Unknown,3,Statewide,3
14332,2020,MC,Not Applicable,Electric,1992,BEV,Unknown,≥4,Statewide,3
14333,2020,BT,Not Applicable,Electric,2007,BEV,Unknown,≥4,Statewide,3
14334,2020,T6,4,Gasoline,2018,ICE,Not Applicable,≥4,Statewide,493
14335,2020,T3,2,Gasoline,2000,ICE,Not Applicable,≥4,Statewide,18196
14336,2020,BS,Not Applicable,Diesel,1990,ICE,Not Applicable,1,Statewide,13
14337,2020,BS,Not Applicable,Diesel,2009,ICE,Not Applicable,2,Statewide,13
14338,2020,B,Not Applicable,Electric,2018,BEV,Unknown,≥4,Statewide,3
14339,2020,MH,Not Applicable,Diesel,2019,ICE,Not Applicable,≥4,Statewide,494
14340,2020,B,Not Applicable,Gasoline,2016,ICE,Not Applicable,≥4,Statewide,494
14341,2020,T2,Unknown,Gasoline,2005,ICE,Not Applicable,3,Statewide,494
14342,2020,T3,2,Gasoline,1989,ICE,Not Applicable,1,Statewide,494
14343,2020,BS,Not Applicable,Diesel,2016,ICE,Not Applicable,3,Statewide,13
14344,2020,BS,Not Applicable,Diesel,2016,ICE,Not Applicable,2,Statewide,13
14345,2020,BS,Not Applicable,Diesel,2020,ICE,Not Applicable,2,Statewide,13
14346,2020,T5,3,Diesel,2018,ICE,Not Applicable,3,Statewide,669
14347,2020,B,Not Applicable,Electric,2014,BEV,Unknown,3,Statewide,3
14348,2020,B,Not Applicable,Electric,2008,BEV,Unknown,≥4,Statewide,3
14349,2020,B,Not Applicable,Electric,2006,BEV,Unknown,≥4,Statewide,3
14350,2020,P,Not Applicable,Diesel,2021,ICE,Not Applicable,≥4,Statewide,495
14351,2020,T4,2,Diesel,2003,ICE,Not Applicable,2,Statewide,669
14352,2020,T3,2,Gasoline,2001,ICE,Not Applicable,≥4,Statewide,18102
14353,2020,BT,Not Applicable,Diesel,2014,ICE,Not Applicable,1,Statewide,13
14354,2020,T2,Unknown,Gasoline,2004,ICE,Not Applicable,3,Statewide,495
14355,2020,MC,Not Applicable,Electric,2011,BEV,Unknown,3,Statewide,3
14356,2020,T6,Unknown,Diesel,1997,ICE,Not Applicable,3,Statewide,3
14357,2020,T3,2,Natural Gas,2008,ICE,Not Applicable,2,Statewide,14
14358,2020,T6,Unknown,Diesel,1984,ICE,Not Applicable,3,Statewide,3
14359,2020,T1,Unknown,Diesel,1996,ICE,Not Applicable,≥4,Statewide,13
14360,2020,T1,Unknown,Diesel,2000,ICE,Not Applicable,≥4,Statewide,13
14361,2020,BT,Not Applicable,Natural Gas,2013,ICE,Not Applicable,≥4,Statewide,666
14362,2020,T2,1,Diesel,1988,ICE,Not Applicable,1,Statewide,13
14363,2020,T2,1,Diesel,2015,ICE,Not Applicable,2,Statewide,13
14364,2020,T2,1,Diesel,2017,ICE,Not Applicable,≥4,Statewide,13
14365,2020,MC,Not Applicable,Gasoline,1986,ICE,Not Applicable,3,Statewide,665
14366,2020,T3,Unknown,Diesel,1979,ICE,Not Applicable,≥4,Statewide,13
14367,2020,T3,2,Gasoline,2015,ICE,Not Applicable,3,Statewide,17901
14368,2020,T5,3,Diesel,2004,ICE,Not Applicable,2,Statewide,664
14369,2020,T6,7,Diesel,1981,ICE,Not Applicable,2,Statewide,3
14370,2020,T3,Unknown,Diesel,1985,ICE,Not Applicable,2,Statewide,13
14371,2020,T3,Unknown,Diesel,1987,ICE,Not Applicable,≥4,Statewide,13
14372,2020,T2,1,Gasoline,2020,ICE,Not Applicable,1,Statewide,108620
14373,2020,T3,2,Diesel,1994,ICE,Not Applicable,≥4,Statewide,13
14374,2020,T4,Unknown,Diesel,2014,ICE,Not Applicable,1,Statewide,13
14375,2020,MH,Not Applicable,Gasoline,1988,ICE,Not Applicable,≥4,Statewide,504
14376,2020,P,Not Applicable,Gasoline,2008,ICE,Not Applicable,3,Statewide,108374
14377,2020,T4,Unknown,Diesel,2019,ICE,Not Applicable,≥4,Statewide,13
14378,2020,T5,3,Diesel,1990,ICE,Not Applicable,3,Statewide,13
14379,2020,T6,6,Diesel,1986,ICE,Not Applicable,1,Statewide,13
14380,2020,T6,4,Gasoline,2007,ICE,Not Applicable,≥4,Statewide,1222
14381,2020,P,Not Applicable,Gasoline,2004,ICE,Not Applicable,≥4,Statewide,108118
14382,2020,P,Not Applicable,Gasoline,1997,ICE,Not Applicable,2,Statewide,17718
14383,2020,T6,7,Diesel,1987,ICE,Not Applicable,2,Statewide,13
14384,2020,T6,6,Gasoline,1997,ICE,Not Applicable,3,Statewide,14
14385,2020,T6,6,Gasoline,2012,ICE,Not Applicable,3,Statewide,14
14386,2020,T6,5,Diesel,1993,ICE,Not Applicable,1,Statewide,3
14387,2020,T6,6,Gasoline,2013,ICE,Not Applicable,1,Statewide,14
14388,2020,T4,2,Gasoline,1979,ICE,Not Applicable,≥4,Statewide,503
14389,2020,T6,4,Diesel,1992,ICE,Not Applicable,1,Statewide,3
14390,2020,P,Not Applicable,Natural Gas,2003,ICE,Not Applicable,3,Statewide,14
14391,2020,T6,4,Diesel,1991,ICE,Not Applicable,2,Statewide,3
14392,2020,BT,Not Applicable,Natural Gas,1997,ICE,Not Applicable,≥4,Statewide,14
14393,2020,T1,1,Hydrogen,2021,FCEV,>150 miles,2,Statewide,14
14394,2020,T6,5,Diesel,1991,ICE,Not Applicable,2,Statewide,3
14395,2020,T3,Unknown,Gasoline,1976,ICE,Not Applicable,2,Statewide,501
14396,2020,T7,8,Gasoline,1990,ICE,Not Applicable,≥4,Statewide,14
14397,2020,T6,Unknown,Diesel,1990,ICE,Not Applicable,1,Statewide,3
14398,2020,T6,Unknown,Diesel,1990,ICE,Not Applicable,2,Statewide,3
14399,2020,T7,8,Gasoline,1986,ICE,Not Applicable,≥4,Statewide,14
14400,2020,T6,5,Diesel,1990,ICE,Not Applicable,1,Statewide,3
14401,2020,T7,8,Diesel,2019,ICE,Not Applicable,3,Statewide,502
14402,2020,T4,2,Gasoline,1990,ICE,Not Applicable,3,Statewide,502
14403,2020,T5,3,Gasoline,2005,ICE,Not Applicable,1,Statewide,502
14404,2020,T6,6,Gasoline,2017,ICE,Not Applicable,≥4,Statewide,502
14405,2020,T6,6,Gasoline,2022,ICE,Not Applicable,1,Statewide,14
14406,2020,T6,Unknown,Gasoline,2020,ICE,Not Applicable,1,Statewide,14
14407,2020,T6,5,Diesel,1990,ICE,Not Applicable,2,Statewide,3
14408,2020,T6,4,Diesel,1989,ICE,Not Applicable,≥4,Statewide,3
14409,2020,T6,Unknown,Diesel,1987,ICE,Not Applicable,1,Statewide,3
14410,2020,T6,5,Diesel,1987,ICE,Not Applicable,≥4,Statewide,3
14411,2020,P,Not Applicable,Gasoline,2003,ICE,Not Applicable,2,Statewide,70635
14412,2020,T1,1,Gasoline,1977,ICE,Not Applicable,≥4,Statewide,1310
14413,2020,B,Not Applicable,Gasoline,2011,ICE,Not Applicable,≥4,Statewide,1310
14414,2020,T2,Unknown,Electric,2021,BEV,>150 miles,≥4,Statewide,1310
14415,2020,T5,3,Diesel,2005,ICE,Not Applicable,2,Statewide,503
14416,2020,T6,5,Gasoline,2014,ICE,Not Applicable,2,Statewide,14
14417,2020,T5,3,Gasoline,2008,ICE,Not Applicable,2,Statewide,347
14418,2020,BS,Not Applicable,Diesel,2010,ICE,Not Applicable,3,Statewide,12
14419,2020,T4,2,Gasoline,1989,ICE,Not Applicable,1,Statewide,347
14420,2020,T7,8,Gasoline,1983,ICE,Not Applicable,≥4,Statewide,11
14421,2020,T6,6,Diesel,2000,ICE,Not Applicable,≥4,Statewide,1106
14422,2020,T3,2,Gasoline,2018,ICE,Not Applicable,3,Statewide,23610
14423,2020,BT,Not Applicable,Natural Gas,2012,ICE,Not Applicable,1,Statewide,11
14424,2020,T3,2,Natural Gas,2003,ICE,Not Applicable,3,Statewide,11
14425,2020,T3,2,Natural Gas,2005,ICE,Not Applicable,3,Statewide,11
14426,2020,T7,8,Natural Gas,2017,ICE,Not Applicable,2,Statewide,11
14427,2020,T4,2,Diesel,1985,ICE,Not Applicable,3,Statewide,1
14428,2020,P,Not Applicable,Gasoline,1995,ICE,Not Applicable,≥4,Statewide,23724
14429,2020,T2,Unknown,Gasoline,1982,ICE,Not Applicable,≥4,Statewide,277
14430,2020,P,Not Applicable,Hydrogen,2021,FCEV,>150 miles,≥4,Statewide,277
14431,2020,T3,2,Gasoline,1992,ICE,Not Applicable,3,Statewide,925
14432,2020,T4,2,Diesel,1985,ICE,Not Applicable,≥4,Statewide,1
14433,2020,T5,3,Diesel,2016,ICE,Not Applicable,1,Statewide,923
14434,2020,T2,1,Gasoline,1989,ICE,Not Applicable,3,Statewide,922
14435,2020,T2,Unknown,Gasoline,2009,ICE,Not Applicable,1,Statewide,1109
14436,2020,P,Not Applicable,Gasoline,2011,ICE,Not Applicable,≥4,Statewide,198622
14437,2020,T6,4,Gasoline,2009,ICE,Not Applicable,≥4,Statewide,920
14438,2020,T4,Unknown,Diesel,1984,ICE,Not Applicable,1,Statewide,1
14439,2020,T4,Unknown,Diesel,1983,ICE,Not Applicable,3,Statewide,1
14440,2020,T4,Unknown,Diesel,1982,ICE,Not Applicable,3,Statewide,1
14441,2020,T3,Unknown,Diesel,2019,ICE,Not Applicable,2,Statewide,278
14442,2020,T6,4,Diesel,2005,ICE,Not Applicable,3,Statewide,278
14443,2020,B,Not Applicable,Gasoline,2011,ICE,Not Applicable,2,Statewide,278
14444,2020,T7,8,Diesel,2016,ICE,Not Applicable,3,Statewide,918
14445,2020,T7,8,Diesel,1996,ICE,Not Applicable,≥4,Statewide,918
14446,2020,T4,2,Diesel,1982,ICE,Not Applicable,≥4,Statewide,1
14447,2020,T6,Unknown,Gasoline,2020,ICE,Not Applicable,2,Statewide,11
14448,2020,T1,1,Gasoline,2020,ICE,Not Applicable,3,Statewide,23267
14449,2020,BS,Not Applicable,Diesel,1999,ICE,Not Applicable,≥4,Statewide,276
14450,2020,T6,7,Gasoline,2017,ICE,Not Applicable,≥4,Statewide,11
14451,2020,T5,3,Gasoline,2016,ICE,Not Applicable,1,Statewide,275
14452,2020,T6,6,Gasoline,1979,ICE,Not Applicable,≥4,Statewide,275
14453,2020,T1,Unknown,Gasoline,1977,ICE,Not Applicable,≥4,Statewide,941
14454,2020,T6,5,Gasoline,2015,ICE,Not Applicable,≥4,Statewide,275
14455,2020,P,Not Applicable,Natural Gas,2012,ICE,Not Applicable,≥4,Statewide,275
14456,2020,T6,4,Diesel,2020,ICE,Not Applicable,≥4,Statewide,941
14457,2020,T6,7,Gasoline,1984,ICE,Not Applicable,1,Statewide,11
14458,2020,T2,1,Diesel,2019,ICE,Not Applicable,2,Statewide,937
14459,2020,T6,Unknown,Gasoline,1985,ICE,Not Applicable,≥4,Statewide,11
14460,2020,T4,2,Diesel,1986,ICE,Not Applicable,1,Statewide,1
14461,2020,T4,2,Diesel,1986,ICE,Not Applicable,2,Statewide,1
14462,2020,T4,2,Diesel,1986,ICE,Not Applicable,≥4,Statewide,1
14463,2020,T4,Unknown,Diesel,1985,ICE,Not Applicable,2,Statewide,1
14464,2020,T4,Unknown,Diesel,1981,ICE,Not Applicable,2,Statewide,1
14465,2020,T6,5,Gasoline,1988,ICE,Not Applicable,≥4,Statewide,11
14466,2020,T6,6,Gasoline,1994,ICE,Not Applicable,2,Statewide,11
14467,2020,T6,7,Gasoline,1995,ICE,Not Applicable,1,Statewide,11
14468,2020,T6,5,Gasoline,1995,ICE,Not Applicable,≥4,Statewide,11
14469,2020,T4,2,Diesel,2014,ICE,Not Applicable,3,Statewide,934
14470,2020,T6,6,Gasoline,1999,ICE,Not Applicable,2,Statewide,11
14471,2020,T6,6,Gasoline,2006,ICE,Not Applicable,2,Statewide,11
14472,2020,T6,5,Gasoline,2006,ICE,Not Applicable,2,Statewide,11
14473,2020,T6,6,Gasoline,2009,ICE,Not Applicable,1,Statewide,11
14474,2020,P,Not Applicable,Gasoline,2012,ICE,Not Applicable,1,Statewide,211249
14475,2020,T4,2,Diesel,1985,ICE,Not Applicable,1,Statewide,1
14476,2020,T1,1,Gasoline,2006,ICE,Not Applicable,≥4,Statewide,23146
14477,2020,T2,1,Gasoline,1991,ICE,Not Applicable,3,Statewide,1621
14478,2020,P,Not Applicable,Gasoline,2012,ICE,Not Applicable,≥4,Statewide,209658
14479,2020,T6,6,Gasoline,1992,ICE,Not Applicable,3,Statewide,11
14480,2020,T4,2,Diesel,1981,ICE,Not Applicable,1,Statewide,1
14481,2020,T6,7,Diesel,2014,ICE,Not Applicable,≥4,Statewide,1609
14482,2020,MC,Not Applicable,Gasoline,1978,ICE,Not Applicable,1,Statewide,279
14483,2020,T6,4,Diesel,2004,ICE,Not Applicable,3,Statewide,282
14484,2020,T7,8,Diesel,2010,ICE,Not Applicable,3,Statewide,282
14485,2020,P,Not Applicable,Natural Gas,2018,ICE,Not Applicable,3,Statewide,19
14486,2020,BT,Not Applicable,Natural Gas,2003,ICE,Not Applicable,≥4,Statewide,19
14487,2020,B,Not Applicable,Natural Gas,2011,ICE,Not Applicable,≥4,Statewide,19
14488,2020,T6,6,Gasoline,2019,ICE,Not Applicable,2,Statewide,19
14489,2020,T6,6,Gasoline,2005,ICE,Not Applicable,2,Statewide,19
14490,2020,T6,6,Gasoline,1997,ICE,Not Applicable,2,Statewide,19
14491,2020,T3,Unknown,Diesel,2007,ICE,Not Applicable,≥4,Statewide,1
14492,2020,T3,Unknown,Diesel,2006,ICE,Not Applicable,1,Statewide,1
14493,2020,T3,Unknown,Diesel,2006,ICE,Not Applicable,2,Statewide,1
14494,2020,T3,Unknown,Diesel,2005,ICE,Not Applicable,1,Statewide,1
14495,2020,T6,6,Gasoline,1996,ICE,Not Applicable,3,Statewide,19
14496,2020,T4,2,Diesel,1989,ICE,Not Applicable,2,Statewide,282
14497,2020,T6,6,Gasoline,1977,ICE,Not Applicable,2,Statewide,19
14498,2020,T6,4,Diesel,1999,ICE,Not Applicable,≥4,Statewide,283
14499,2020,T6,6,Diesel,2006,ICE,Not Applicable,3,Statewide,283
14500,2020,MH,Not Applicable,Gasoline,1991,ICE,Not Applicable,2,Statewide,283
14501,2020,T4,Unknown,Gasoline,2018,ICE,Not Applicable,≥4,Statewide,19
14502,2020,T4,Unknown,Gasoline,2007,ICE,Not Applicable,≥4,Statewide,19
14503,2020,T4,Unknown,Gasoline,2002,ICE,Not Applicable,≥4,Statewide,19
14504,2020,T4,Unknown,Gasoline,1985,ICE,Not Applicable,3,Statewide,19
14505,2020,T2,Unknown,Gasoline,1996,ICE,Not Applicable,1,Statewide,19
14506,2020,P,Not Applicable,Electric,2021,BEV,>150 miles,3,Statewide,1599
14507,2020,T1,Unknown,Gasoline,2010,ICE,Not Applicable,1,Statewide,19
14508,2020,BS,Not Applicable,Diesel,2009,ICE,Not Applicable,≥4,Statewide,284
14509,2020,MH,Not Applicable,Diesel,2006,ICE,Not Applicable,3,Statewide,284
14510,2020,T6,5,Diesel,2011,ICE,Not Applicable,3,Statewide,284
14511,2020,MH,Not Applicable,Diesel,2020,ICE,Not Applicable,3,Statewide,283
14512,2020,T5,3,Diesel,2014,ICE,Not Applicable,3,Statewide,275
14513,2020,P,Not Applicable,Diesel,2006,ICE,Not Applicable,≥4,Statewide,282
14514,2020,T3,Unknown,Diesel,2007,ICE,Not Applicable,3,Statewide,1
14515,2020,MC,Not Applicable,Gasoline,1998,ICE,Not Applicable,3,Statewide,1110
14516,2020,P,Not Applicable,Gasoline,2012,ICE,Not Applicable,2,Statewide,197911
14517,2020,T5,3,Diesel,2019,ICE,Not Applicable,2,Statewide,917
14518,2020,T2,Unknown,Gasoline,2005,ICE,Not Applicable,≥4,Statewide,916
14519,2020,T4,Unknown,Diesel,2021,ICE,Not Applicable,1,Statewide,916
14520,2020,T2,Unknown,Gasoline,2006,ICE,Not Applicable,2,Statewide,915
14521,2020,T4,2,Diesel,1981,ICE,Not Applicable,≥4,Statewide,1
14522,2020,T4,Unknown,Diesel,1980,ICE,Not Applicable,3,Statewide,1
14523,2020,T1,1,Gasoline,1976,ICE,Not Applicable,1,Statewide,1604
14524,2020,B,Not Applicable,Diesel,2006,ICE,Not Applicable,≥4,Statewide,280
14525,2020,P,Not Applicable,Gasoline,2011,ICE,Not Applicable,1,Statewide,193889
14526,2020,T3,2,Gasoline,1991,ICE,Not Applicable,2,Statewide,912
14527,2020,BS,Not Applicable,Diesel,2011,ICE,Not Applicable,≥4,Statewide,912
14528,2020,MH,Not Applicable,Diesel,2021,ICE,Not Applicable,≥4,Statewide,282
14529,2020,T4,Unknown,Diesel,1979,ICE,Not Applicable,1,Statewide,1
14530,2020,T4,2,Diesel,1976,ICE,Not Applicable,2,Statewide,1
14531,2020,P,Not Applicable,Diesel,2015,ICE,Not Applicable,≥4,Statewide,1603
14532,2020,T4,2,Gasoline,1998,ICE,Not Applicable,2,Statewide,1111
14533,2020,T2,Unknown,Gasoline,1979,ICE,Not Applicable,1,Statewide,281
14534,2020,T7,8,Natural Gas,2017,ICE,Not Applicable,3,Statewide,19
14535,2020,T7,8,Natural Gas,2016,ICE,Not Applicable,3,Statewide,19
14536,2020,T6,4,Natural Gas,2017,ICE,Not Applicable,≥4,Statewide,19
14537,2020,T3,Unknown,Diesel,2009,ICE,Not Applicable,2,Statewide,1
14538,2020,T3,Unknown,Diesel,2008,ICE,Not Applicable,2,Statewide,1
14539,2020,T3,Unknown,Diesel,2008,ICE,Not Applicable,3,Statewide,1
14540,2020,P,Not Applicable,Gasoline,2017,PHEV,0 to 50 miles,3,Statewide,1602
14541,2020,T3,2,Natural Gas,2006,ICE,Not Applicable,2,Statewide,19
14542,2020,T2,Unknown,Natural Gas,2019,ICE,Not Applicable,≥4,Statewide,19
14543,2020,T4,Unknown,Diesel,1979,ICE,Not Applicable,2,Statewide,1
14544,2020,T5,3,Gasoline,2020,ICE,Not Applicable,3,Statewide,284
14545,2020,T4,Unknown,Diesel,1986,ICE,Not Applicable,1,Statewide,1
14546,2020,P,Not Applicable,Gasoline,2017,ICE,Not Applicable,2,Statewide,214909
14547,2020,BT,Not Applicable,Diesel,1996,ICE,Not Applicable,2,Statewide,2
14548,2020,T6,6,Diesel,1978,ICE,Not Applicable,3,Statewide,1
14549,2020,T6,4,Gasoline,2005,ICE,Not Applicable,≥4,Statewide,1644
14550,2020,T6,7,Diesel,1978,ICE,Not Applicable,2,Statewide,1
14551,2020,BT,Not Applicable,Diesel,1996,ICE,Not Applicable,3,Statewide,2
14552,2020,T6,Unknown,Diesel,1977,ICE,Not Applicable,1,Statewide,1
14553,2020,B,Not Applicable,Diesel,2014,ICE,Not Applicable,≥4,Statewide,269
14554,2020,BT,Not Applicable,Diesel,1995,ICE,Not Applicable,2,Statewide,2
14555,2020,BT,Not Applicable,Diesel,1990,ICE,Not Applicable,3,Statewide,2
14556,2020,BT,Not Applicable,Diesel,1989,ICE,Not Applicable,3,Statewide,2
14557,2020,BT,Not Applicable,Diesel,1987,ICE,Not Applicable,2,Statewide,2
14558,2020,BT,Not Applicable,Diesel,1986,ICE,Not Applicable,2,Statewide,2
14559,2020,BT,Not Applicable,Diesel,1986,ICE,Not Applicable,3,Statewide,2
14560,2020,BT,Not Applicable,Diesel,1985,ICE,Not Applicable,3,Statewide,2
14561,2020,BT,Not Applicable,Diesel,1981,ICE,Not Applicable,1,Statewide,2
14562,2020,T6,Unknown,Diesel,1977,ICE,Not Applicable,3,Statewide,1
14563,2020,T6,6,Diesel,1977,ICE,Not Applicable,3,Statewide,1
14564,2020,T6,4,Diesel,1976,ICE,Not Applicable,≥4,Statewide,1
14565,2020,T4,2,Gasoline,1992,ICE,Not Applicable,≥4,Statewide,1639
14566,2020,BT,Not Applicable,Diesel,1980,ICE,Not Applicable,2,Statewide,2
14567,2020,T3,Unknown,Gasoline,2018,ICE,Not Applicable,2,Statewide,1635
14568,2020,T3,2,Diesel,2010,ICE,Not Applicable,≥4,Statewide,270
14569,2020,T6,4,Diesel,2011,ICE,Not Applicable,3,Statewide,270
14570,2020,T7,8,Diesel,2006,ICE,Not Applicable,2,Statewide,270
14571,2020,BS,Not Applicable,Diesel,1986,ICE,Not Applicable,3,Statewide,2
14572,2020,BS,Not Applicable,Diesel,1982,ICE,Not Applicable,2,Statewide,2
14573,2020,BS,Not Applicable,Diesel,1981,ICE,Not Applicable,2,Statewide,2
14574,2020,T6,6,Diesel,1978,ICE,Not Applicable,2,Statewide,1
14575,2020,T6,5,Diesel,1978,ICE,Not Applicable,2,Statewide,1
14576,2020,T1,Unknown,Gasoline,2010,ICE,Not Applicable,2,Statewide,11
14577,2020,T6,Unknown,Diesel,1978,ICE,Not Applicable,≥4,Statewide,1
14578,2020,BS,Not Applicable,Gasoline,1990,ICE,Not Applicable,1,Statewide,11
14579,2020,MC,Not Applicable,Gasoline,1983,ICE,Not Applicable,≥4,Statewide,1654
14580,2020,T6,4,Diesel,2010,ICE,Not Applicable,3,Statewide,267
14581,2020,T6,5,Gasoline,2009,ICE,Not Applicable,≥4,Statewide,267
14582,2020,BS,Not Applicable,Gasoline,2021,ICE,Not Applicable,1,Statewide,11
14583,2020,T3,Unknown,Gasoline,2013,ICE,Not Applicable,2,Statewide,4617
14584,2020,T2,Unknown,Gasoline,2015,ICE,Not Applicable,≥4,Statewide,4629
14585,2020,T3,Unknown,Gasoline,2008,ICE,Not Applicable,3,Statewide,4634
14586,2020,T3,Unknown,Gasoline,2008,ICE,Not Applicable,1,Statewide,4634
14587,2020,T6,7,Diesel,1981,ICE,Not Applicable,3,Statewide,1
14588,2020,P,Not Applicable,Electric,2019,BEV,>150 miles,≥4,Statewide,1654
14589,2020,T3,2,Diesel,2019,ICE,Not Applicable,1,Statewide,1654
14590,2020,T6,Unknown,Diesel,1979,ICE,Not Applicable,≥4,Statewide,1
14591,2020,BS,Not Applicable,Diesel,1978,ICE,Not Applicable,2,Statewide,2
14592,2020,T1,1,Gasoline,1987,ICE,Not Applicable,≥4,Statewide,1652
14593,2020,BT,Not Applicable,Gasoline,2001,ICE,Not Applicable,≥4,Statewide,11
14594,2020,T5,3,Diesel,2002,ICE,Not Applicable,1,Statewide,268
14595,2020,T2,Unknown,Gasoline,2019,ICE,Not Applicable,1,Statewide,950
14596,2020,BT,Not Applicable,Gasoline,2013,ICE,Not Applicable,1,Statewide,11
14597,2020,T1,1,Gasoline,1981,ICE,Not Applicable,≥4,Statewide,268
14598,2020,T3,2,Gasoline,1981,ICE,Not Applicable,≥4,Statewide,949
14599,2020,BT,Not Applicable,Gasoline,2014,ICE,Not Applicable,1,Statewide,11
14600,2020,MC,Not Applicable,Gasoline,2008,ICE,Not Applicable,1,Statewide,4652
14601,2020,T1,Unknown,Gasoline,1998,ICE,Not Applicable,3,Statewide,11
14602,2020,T6,6,Diesel,1979,ICE,Not Applicable,3,Statewide,1
14603,2020,T6,7,Diesel,1979,ICE,Not Applicable,2,Statewide,1
14604,2020,T6,Unknown,Diesel,1978,ICE,Not Applicable,1,Statewide,1
14605,2020,T6,Unknown,Diesel,1978,ICE,Not Applicable,3,Statewide,1
14606,2020,T5,3,Gasoline,2018,ICE,Not Applicable,≥4,Statewide,1649
14607,2020,BS,Not Applicable,Diesel,1977,ICE,Not Applicable,1,Statewide,2
14608,2020,B,Not Applicable,Diesel,1985,ICE,Not Applicable,≥4,Statewide,2
14609,2020,T5,3,Diesel,1988,ICE,Not Applicable,3,Statewide,1
14610,2020,T1,1,Gasoline,2007,ICE,Not Applicable,≥4,Statewide,22118
14611,2020,T4,Unknown,Diesel,1996,ICE,Not Applicable,3,Statewide,1
14612,2020,T2,1,Gasoline,2001,ICE,Not Applicable,≥4,Statewide,22306
14613,2020,T3,Unknown,Gasoline,2015,ICE,Not Applicable,1,Statewide,1624
14614,2020,P,Not Applicable,Diesel,1992,ICE,Not Applicable,1,Statewide,274
14615,2020,MC,Not Applicable,Gasoline,1979,ICE,Not Applicable,1,Statewide,274
14616,2020,P,Not Applicable,Gasoline,2016,PHEV,0 to 50 miles,2,Statewide,274
14617,2020,T3,Unknown,Gasoline,2002,ICE,Not Applicable,1,Statewide,274
14618,2020,T2,Unknown,Gasoline,1988,ICE,Not Applicable,2,Statewide,11
14619,2020,T3,2,Gasoline,2017,ICE,Not Applicable,3,Statewide,22433
14620,2020,T3,Unknown,Gasoline,1986,ICE,Not Applicable,1,Statewide,11
14621,2020,T3,Unknown,Gasoline,1988,ICE,Not Applicable,1,Statewide,11
14622,2020,T4,Unknown,Gasoline,1983,ICE,Not Applicable,2,Statewide,11
14623,2020,P,Not Applicable,Gasoline,1999,ICE,Not Applicable,3,Statewide,22105
14624,2020,T4,Unknown,Gasoline,1985,ICE,Not Applicable,1,Statewide,11
14625,2020,T4,Unknown,Diesel,1995,ICE,Not Applicable,1,Statewide,1
14626,2020,T4,Unknown,Diesel,1995,ICE,Not Applicable,2,Statewide,1
14627,2020,T4,Unknown,Diesel,1995,ICE,Not Applicable,3,Statewide,1
14628,2020,T4,Unknown,Diesel,1994,ICE,Not Applicable,3,Statewide,1
14629,2020,T4,Unknown,Diesel,1990,ICE,Not Applicable,3,Statewide,1
14630,2020,T4,Unknown,Diesel,1989,ICE,Not Applicable,1,Statewide,1
14631,2020,T4,Unknown,Diesel,1988,ICE,Not Applicable,3,Statewide,1
14632,2020,T2,Unknown,Gasoline,1979,ICE,Not Applicable,≥4,Statewide,944
14633,2020,T4,Unknown,Gasoline,1991,ICE,Not Applicable,≥4,Statewide,11
14634,2020,T4,Unknown,Gasoline,2009,ICE,Not Applicable,≥4,Statewide,11
14635,2020,T4,2,Gasoline,2022,ICE,Not Applicable,3,Statewide,11
14636,2020,T6,7,Gasoline,1976,ICE,Not Applicable,3,Statewide,11
14637,2020,T6,Unknown,Gasoline,1977,ICE,Not Applicable,1,Statewide,11
14638,2020,P,Not Applicable,Gasoline,2022,ICE,Not Applicable,≥4,Statewide,22630
14639,2020,T6,5,Gasoline,1981,ICE,Not Applicable,1,Statewide,11
14640,2020,T2,1,Gasoline,2000,ICE,Not Applicable,≥4,Statewide,21958
14641,2020,T6,5,Diesel,2020,ICE,Not Applicable,2,Statewide,273
14642,2020,T5,3,Diesel,1987,ICE,Not Applicable,1,Statewide,1
14643,2020,T5,3,Diesel,1987,ICE,Not Applicable,2,Statewide,1
14644,2020,P,Not Applicable,Diesel,1992,ICE,Not Applicable,3,Statewide,271
14645,2020,T3,2,Gasoline,1985,ICE,Not Applicable,1,Statewide,271
14646,2020,T3,2,Gasoline,1988,ICE,Not Applicable,3,Statewide,271
14647,2020,B,Not Applicable,Diesel,1983,ICE,Not Applicable,≥4,Statewide,2
14648,2020,B,Not Applicable,Diesel,1982,ICE,Not Applicable,1,Statewide,2
14649,2020,B,Not Applicable,Diesel,1980,ICE,Not Applicable,≥4,Statewide,2
14650,2020,P,Not Applicable,Gasoline,1998,ICE,Not Applicable,2,Statewide,21465
14651,2020,T5,3,Diesel,1981,ICE,Not Applicable,≥4,Statewide,1
14652,2020,T2,1,Gasoline,2002,ICE,Not Applicable,3,Statewide,21479
14653,2020,T5,3,Diesel,2001,ICE,Not Applicable,1,Statewide,272
14654,2020,T6,6,Diesel,2008,ICE,Not Applicable,1,Statewide,272
14655,2020,T1,1,Gasoline,2013,ICE,Not Applicable,2,Statewide,21929
14656,2020,MC,Not Applicable,Gasoline,1981,ICE,Not Applicable,2,Statewide,272
14657,2020,T5,3,Gasoline,2013,ICE,Not Applicable,2,Statewide,272
14658,2020,T1,1,Gasoline,2005,ICE,Not Applicable,≥4,Statewide,21659
14659,2020,T1,1,Gasoline,2013,ICE,Not Applicable,≥4,Statewide,21659
14660,2020,T1,1,Gasoline,2013,ICE,Not Applicable,1,Statewide,21737
14661,2020,T1,Unknown,Gasoline,2011,ICE,Not Applicable,3,Statewide,11
14662,2020,T5,3,Diesel,1979,ICE,Not Applicable,2,Statewide,1
14663,2020,T4,Unknown,Diesel,2016,ICE,Not Applicable,≥4,Statewide,1
14664,2020,T4,Unknown,Diesel,2010,ICE,Not Applicable,1,Statewide,1
14665,2020,T4,Unknown,Diesel,2006,ICE,Not Applicable,2,Statewide,1
14666,2020,T4,Unknown,Diesel,2000,ICE,Not Applicable,1,Statewide,1
14667,2020,T4,Unknown,Diesel,1998,ICE,Not Applicable,2,Statewide,1
14668,2020,T4,Unknown,Diesel,1997,ICE,Not Applicable,2,Statewide,1
14669,2020,T2,Unknown,Gasoline,2011,ICE,Not Applicable,3,Statewide,948
14670,2020,T3,Unknown,Gasoline,2002,ICE,Not Applicable,≥4,Statewide,272
14671,2020,T6,6,Diesel,1981,ICE,Not Applicable,2,Statewide,1
14672,2020,MH,Not Applicable,Gasoline,1985,ICE,Not Applicable,≥4,Statewide,19
14673,2020,T4,Unknown,Electric,1990,BEV,Unknown,≥4,Statewide,19
14674,2020,T1,Unknown,Gasoline,1977,ICE,Not Applicable,2,Statewide,297
14675,2020,T1,Unknown,Gasoline,1985,ICE,Not Applicable,≥4,Statewide,297
14676,2020,T3,2,Gasoline,1991,ICE,Not Applicable,3,Statewide,899
14677,2020,T7,8,Diesel,1993,ICE,Not Applicable,≥4,Statewide,899
14678,2020,MH,Not Applicable,Gasoline,1999,ICE,Not Applicable,3,Statewide,898
14679,2020,P,Not Applicable,Gasoline,1976,ICE,Not Applicable,≥4,Statewide,186828
14680,2020,MC,Not Applicable,Gasoline,2014,ICE,Not Applicable,3,Statewide,7748
14681,2020,T2,Unknown,Diesel,1988,ICE,Not Applicable,1,Statewide,1
14682,2020,T2,Unknown,Diesel,1988,ICE,Not Applicable,2,Statewide,1
14683,2020,T2,Unknown,Diesel,1987,ICE,Not Applicable,1,Statewide,1
14684,2020,T2,Unknown,Diesel,1987,ICE,Not Applicable,2,Statewide,1
14685,2020,T3,Unknown,Gasoline,2015,ICE,Not Applicable,≥4,Statewide,1572
14686,2020,T4,2,Diesel,2018,ICE,Not Applicable,3,Statewide,1571
14687,2020,T4,2,Diesel,1998,ICE,Not Applicable,≥4,Statewide,1571
14688,2020,MH,Not Applicable,Diesel,2005,ICE,Not Applicable,≥4,Statewide,896
14689,2020,T3,Unknown,Gasoline,2010,ICE,Not Applicable,1,Statewide,7733
14690,2020,P,Not Applicable,Gasoline,1984,ICE,Not Applicable,1,Statewide,1569
14691,2020,T5,3,Diesel,2010,ICE,Not Applicable,2,Statewide,1569
14692,2020,BT,Not Applicable,Diesel,2017,ICE,Not Applicable,≥4,Statewide,298
14693,2020,MC,Not Applicable,Gasoline,1982,ICE,Not Applicable,3,Statewide,298
14694,2020,T4,2,Gasoline,1989,ICE,Not Applicable,2,Statewide,298
14695,2020,T6,4,Gasoline,2005,ICE,Not Applicable,1,Statewide,298
14696,2020,T5,3,Gasoline,2001,ICE,Not Applicable,≥4,Statewide,895
14697,2020,P,Not Applicable,Diesel,2014,ICE,Not Applicable,2,Statewide,1114
14698,2020,T2,Unknown,Diesel,1987,ICE,Not Applicable,3,Statewide,1
14699,2020,T2,Unknown,Diesel,1985,ICE,Not Applicable,1,Statewide,1
14700,2020,T3,2,Gasoline,1982,ICE,Not Applicable,1,Statewide,893
14701,2020,P,Not Applicable,Diesel,2011,ICE,Not Applicable,3,Statewide,297
14702,2020,T2,Unknown,Diesel,1989,ICE,Not Applicable,1,Statewide,1
14703,2020,T2,Unknown,Diesel,1990,ICE,Not Applicable,2,Statewide,1
14704,2020,T2,Unknown,Diesel,1990,ICE,Not Applicable,1,Statewide,1
14705,2020,MC,Not Applicable,Gasoline,1984,ICE,Not Applicable,≥4,Statewide,1581
14706,2020,T2,Unknown,Diesel,2000,ICE,Not Applicable,≥4,Statewide,1
14707,2020,T3,Unknown,Diesel,2017,ICE,Not Applicable,≥4,Statewide,294
14708,2020,T1,Unknown,Gasoline,1981,ICE,Not Applicable,≥4,Statewide,294
14709,2020,T2,Unknown,Gasoline,2006,ICE,Not Applicable,1,Statewide,902
14710,2020,MC,Not Applicable,Gasoline,2017,ICE,Not Applicable,2,Statewide,4802
14711,2020,P,Not Applicable,Gasoline,1998,ICE,Not Applicable,1,Statewide,24511
14712,2020,MH,Not Applicable,Gasoline,1993,ICE,Not Applicable,≥4,Statewide,1113
14713,2020,P,Not Applicable,Gasoline,1991,ICE,Not Applicable,1,Statewide,4806
14714,2020,P,Not Applicable,Gasoline,1994,ICE,Not Applicable,3,Statewide,7896
14715,2020,T2,Unknown,Diesel,1999,ICE,Not Applicable,1,Statewide,1
14716,2020,T2,1,Diesel,1998,ICE,Not Applicable,3,Statewide,1
14717,2020,T3,2,Gasoline,1999,ICE,Not Applicable,2,Statewide,7892
14718,2020,T7,8,Diesel,2015,ICE,Not Applicable,2,Statewide,892
14719,2020,P,Not Applicable,Gasoline,2010,ICE,Not Applicable,≥4,Statewide,190111
14720,2020,MC,Not Applicable,Gasoline,2011,ICE,Not Applicable,2,Statewide,7859
14721,2020,T1,1,Gasoline,1999,ICE,Not Applicable,3,Statewide,7851
14722,2020,T2,Unknown,Diesel,1996,ICE,Not Applicable,≥4,Statewide,1
14723,2020,T2,Unknown,Diesel,1994,ICE,Not Applicable,2,Statewide,1
14724,2020,T3,Unknown,Gasoline,2018,ICE,Not Applicable,1,Statewide,1577
14725,2020,P,Not Applicable,Gasoline,2010,ICE,Not Applicable,1,Statewide,188754
14726,2020,T4,2,Diesel,1989,ICE,Not Applicable,1,Statewide,296
14727,2020,T5,3,Gasoline,2002,ICE,Not Applicable,2,Statewide,296
14728,2020,T3,2,Gasoline,2016,ICE,Not Applicable,3,Statewide,25027
14729,2020,T4,2,Gasoline,2011,ICE,Not Applicable,3,Statewide,7772
14730,2020,T3,2,Gasoline,2002,ICE,Not Applicable,≥4,Statewide,25050
14731,2020,T2,Unknown,Diesel,1994,ICE,Not Applicable,3,Statewide,1
14732,2020,T2,Unknown,Diesel,1992,ICE,Not Applicable,1,Statewide,1
14733,2020,T4,2,Diesel,1990,ICE,Not Applicable,3,Statewide,295
14734,2020,MH,Not Applicable,Diesel,2012,ICE,Not Applicable,1,Statewide,299
14735,2020,P,Not Applicable,Diesel,2005,ICE,Not Applicable,≥4,Statewide,299
14736,2020,T6,6,Diesel,2009,ICE,Not Applicable,2,Statewide,299
14737,2020,T1,1,Gasoline,2000,ICE,Not Applicable,3,Statewide,7522
14738,2020,T1,Unknown,Diesel,2015,ICE,Not Applicable,1,Statewide,1
14739,2020,P,Not Applicable,Gasoline,1984,ICE,Not Applicable,2,Statewide,1564
14740,2020,T3,2,Diesel,2015,ICE,Not Applicable,3,Statewide,301
14741,2020,P,Not Applicable,Electric,2017,BEV,>150 miles,1,Statewide,301
14742,2020,T2,1,Gasoline,1980,ICE,Not Applicable,1,Statewide,301
14743,2020,MC,Not Applicable,Gasoline,2004,ICE,Not Applicable,≥4,Statewide,7515
14744,2020,T3,Unknown,Gasoline,2007,ICE,Not Applicable,3,Statewide,7481
14745,2020,T1,1,Gasoline,2019,ICE,Not Applicable,1,Statewide,25625
14746,2020,T5,3,Diesel,2016,ICE,Not Applicable,2,Statewide,883
14747,2020,T1,1,Gasoline,2000,ICE,Not Applicable,1,Statewide,7454
14748,2020,T1,Unknown,Diesel,2015,ICE,Not Applicable,2,Statewide,1
14749,2020,T1,Unknown,Diesel,2014,ICE,Not Applicable,2,Statewide,1
14750,2020,T1,Unknown,Diesel,2017,ICE,Not Applicable,1,Statewide,1
14751,2020,T1,Unknown,Diesel,2013,ICE,Not Applicable,3,Statewide,1
14752,2020,T1,Unknown,Diesel,2008,ICE,Not Applicable,1,Statewide,1
14753,2020,T6,4,Diesel,2010,ICE,Not Applicable,2,Statewide,302
14754,2020,MC,Not Applicable,Gasoline,1980,ICE,Not Applicable,1,Statewide,302
14755,2020,T6,5,Gasoline,2011,ICE,Not Applicable,≥4,Statewide,302
14756,2020,MC,Not Applicable,Gasoline,2013,ICE,Not Applicable,3,Statewide,7450
14757,2020,T2,Unknown,Gasoline,1976,ICE,Not Applicable,≥4,Statewide,7449
14758,2020,T1,Unknown,Diesel,2007,ICE,Not Applicable,1,Statewide,1
14759,2020,T1,Unknown,Diesel,2007,ICE,Not Applicable,3,Statewide,1
14760,2020,T1,1,Diesel,2007,ICE,Not Applicable,2,Statewide,1
14761,2020,T1,Unknown,Diesel,2006,ICE,Not Applicable,1,Statewide,1
14762,2020,P,Not Applicable,Gasoline,1985,ICE,Not Applicable,3,Statewide,882
14763,2020,MH,Not Applicable,Gasoline,1997,ICE,Not Applicable,≥4,Statewide,1562
14764,2020,T1,Unknown,Diesel,2005,ICE,Not Applicable,2,Statewide,1
14765,2020,T1,Unknown,Diesel,2009,ICE,Not Applicable,1,Statewide,1
14766,2020,T2,Unknown,Diesel,2002,ICE,Not Applicable,2,Statewide,1
14767,2020,T1,1,Diesel,2021,ICE,Not Applicable,1,Statewide,1
14768,2020,T1,Unknown,Diesel,2021,ICE,Not Applicable,1,Statewide,1
14769,2020,T2,1,Gasoline,1981,ICE,Not Applicable,3,Statewide,299
14770,2020,T6,4,Gasoline,1999,ICE,Not Applicable,≥4,Statewide,299
14771,2020,T2,Unknown,Diesel,1985,ICE,Not Applicable,3,Statewide,1
14772,2020,T2,Unknown,Diesel,1983,ICE,Not Applicable,1,Statewide,1
14773,2020,T2,Unknown,Diesel,1981,ICE,Not Applicable,3,Statewide,1
14774,2020,B,Not Applicable,Gasoline,2013,ICE,Not Applicable,≥4,Statewide,891
14775,2020,T2,Unknown,Diesel,1979,ICE,Not Applicable,1,Statewide,1
14776,2020,P,Not Applicable,Electric,2016,BEV,51 to 100 miles,≥4,Statewide,891
14777,2020,T2,Unknown,Diesel,1977,ICE,Not Applicable,1,Statewide,1
14778,2020,T2,1,Diesel,1976,ICE,Not Applicable,3,Statewide,1
14779,2020,MC,Not Applicable,Gasoline,2019,ICE,Not Applicable,3,Statewide,7608
14780,2020,T4,2,Gasoline,2011,ICE,Not Applicable,1,Statewide,7599
14781,2020,MH,Not Applicable,Diesel,2013,ICE,Not Applicable,1,Statewide,300
14782,2020,P,Not Applicable,Gasoline,2021,ICE,Not Applicable,2,Statewide,180496
14783,2020,T2,1,Gasoline,1989,ICE,Not Applicable,1,Statewide,888
14784,2020,T2,1,Diesel,2021,ICE,Not Applicable,≥4,Statewide,300
14785,2020,T6,5,Diesel,2010,ICE,Not Applicable,1,Statewide,300
14786,2020,MH,Not Applicable,Gasoline,2016,ICE,Not Applicable,2,Statewide,300
14787,2020,T3,Unknown,Gasoline,1981,ICE,Not Applicable,≥4,Statewide,300
14788,2020,T5,3,Gasoline,1992,ICE,Not Applicable,≥4,Statewide,300
14789,2020,T5,3,Diesel,2016,ICE,Not Applicable,3,Statewide,887
14790,2020,P,Not Applicable,Gasoline,2011,ICE,Not Applicable,2,Statewide,181167
14791,2020,T3,Unknown,Gasoline,2021,ICE,Not Applicable,≥4,Statewide,7584
14792,2020,T1,1,Gasoline,1999,ICE,Not Applicable,1,Statewide,7570
14793,2020,T3,2,Gasoline,1982,ICE,Not Applicable,3,Statewide,886
14794,2020,T6,7,Diesel,2002,ICE,Not Applicable,≥4,Statewide,886
14795,2020,T3,Unknown,Gasoline,2010,ICE,Not Applicable,3,Statewide,7546
14796,2020,P,Not Applicable,Gasoline,2019,PHEV,0 to 50 miles,1,Statewide,7524
14797,2020,T7,8,Diesel,2018,ICE,Not Applicable,1,Statewide,888
14798,2020,BT,Not Applicable,Gasoline,2021,ICE,Not Applicable,3,Statewide,19
14799,2020,T2,Unknown,Diesel,2004,ICE,Not Applicable,≥4,Statewide,1
14800,2020,T1,1,Gasoline,1994,ICE,Not Applicable,1,Statewide,4784
14801,2020,T5,3,Diesel,1976,ICE,Not Applicable,≥4,Statewide,19
14802,2020,T3,Unknown,Diesel,2021,ICE,Not Applicable,3,Statewide,19
14803,2020,T3,Unknown,Diesel,1998,ICE,Not Applicable,2,Statewide,1
14804,2020,T3,Unknown,Diesel,1996,ICE,Not Applicable,≥4,Statewide,1
14805,2020,T3,Unknown,Diesel,1994,ICE,Not Applicable,1,Statewide,1
14806,2020,T3,2,Diesel,1994,ICE,Not Applicable,2,Statewide,1
14807,2020,T3,2,Diesel,2007,ICE,Not Applicable,3,Statewide,19
14808,2020,T3,Unknown,Diesel,2017,ICE,Not Applicable,1,Statewide,287
14809,2020,T3,2,Gasoline,1988,ICE,Not Applicable,2,Statewide,287
14810,2020,T3,2,Diesel,2003,ICE,Not Applicable,1,Statewide,19
14811,2020,T3,2,Diesel,1998,ICE,Not Applicable,1,Statewide,19
14812,2020,T3,2,Diesel,1991,ICE,Not Applicable,2,Statewide,19
14813,2020,P,Not Applicable,Diesel,1997,ICE,Not Applicable,1,Statewide,19
14814,2020,T3,Unknown,Diesel,1993,ICE,Not Applicable,3,Statewide,1
14815,2020,T3,Unknown,Diesel,1992,ICE,Not Applicable,1,Statewide,1
14816,2020,T3,Unknown,Diesel,1990,ICE,Not Applicable,2,Statewide,1
14817,2020,T3,Unknown,Diesel,1989,ICE,Not Applicable,1,Statewide,1
14818,2020,MH,Not Applicable,Diesel,1992,ICE,Not Applicable,3,Statewide,19
14819,2020,T5,3,Diesel,1993,ICE,Not Applicable,≥4,Statewide,288
14820,2020,MH,Not Applicable,Diesel,1986,ICE,Not Applicable,≥4,Statewide,19
14821,2020,BT,Not Applicable,Diesel,1991,ICE,Not Applicable,1,Statewide,19
14822,2020,BS,Not Applicable,Diesel,2003,ICE,Not Applicable,3,Statewide,19
14823,2020,BS,Not Applicable,Diesel,1993,ICE,Not Applicable,1,Statewide,19
14824,2020,BS,Not Applicable,Diesel,1982,ICE,Not Applicable,≥4,Statewide,19
14825,2020,B,Not Applicable,Diesel,2013,ICE,Not Applicable,2,Statewide,19
14826,2020,B,Not Applicable,Diesel,2007,ICE,Not Applicable,3,Statewide,19
14827,2020,T3,Unknown,Diesel,1986,ICE,Not Applicable,3,Statewide,1
14828,2020,T6,7,Diesel,1979,ICE,Not Applicable,1,Statewide,19
14829,2020,T6,6,Diesel,1981,ICE,Not Applicable,≥4,Statewide,19
14830,2020,T6,Unknown,Diesel,1990,ICE,Not Applicable,≥4,Statewide,19
14831,2020,T6,6,Diesel,1993,ICE,Not Applicable,2,Statewide,19
14832,2020,T2,Unknown,Electric,2015,BEV,Unknown,≥4,Statewide,19
14833,2020,P,Not Applicable,Electric,2016,BEV,>150 miles,2,Statewide,19
14834,2020,P,Not Applicable,Electric,2006,BEV,Unknown,1,Statewide,19
14835,2020,P,Not Applicable,Electric,2006,BEV,Unknown,2,Statewide,19
14836,2020,T3,Unknown,Diesel,2004,ICE,Not Applicable,1,Statewide,1
14837,2020,T3,Unknown,Diesel,2003,ICE,Not Applicable,3,Statewide,1
14838,2020,T3,Unknown,Diesel,2002,ICE,Not Applicable,1,Statewide,1
14839,2020,MC,Not Applicable,Electric,2018,BEV,Unknown,2,Statewide,19
14840,2020,MH,Not Applicable,Gasoline,2004,ICE,Not Applicable,3,Statewide,1597
14841,2020,T3,Unknown,Diesel,2001,ICE,Not Applicable,≥4,Statewide,1
14842,2020,P,Not Applicable,Diesel,1984,ICE,Not Applicable,1,Statewide,285
14843,2020,T7,8,Diesel,2022,ICE,Not Applicable,1,Statewide,285
14844,2020,T7,8,Diesel,1988,ICE,Not Applicable,2,Statewide,19
14845,2020,T3,2,Diesel,1983,ICE,Not Applicable,2,Statewide,1
14846,2020,T7,8,Diesel,1986,ICE,Not Applicable,3,Statewide,19
14847,2020,T6,Unknown,Diesel,2001,ICE,Not Applicable,≥4,Statewide,19
14848,2020,T3,Unknown,Diesel,2000,ICE,Not Applicable,≥4,Statewide,1
14849,2020,T3,Unknown,Diesel,1999,ICE,Not Applicable,2,Statewide,1
14850,2020,T3,Unknown,Diesel,1999,ICE,Not Applicable,3,Statewide,1
14851,2020,T6,5,Diesel,1999,ICE,Not Applicable,1,Statewide,19
14852,2020,P,Not Applicable,Gasoline,1984,ICE,Not Applicable,3,Statewide,1596
14853,2020,T3,Unknown,Diesel,1999,ICE,Not Applicable,≥4,Statewide,1
14854,2020,T3,2,Diesel,2013,ICE,Not Applicable,≥4,Statewide,286
14855,2020,T6,4,Diesel,2005,ICE,Not Applicable,2,Statewide,286
14856,2020,T7,8,Diesel,2009,ICE,Not Applicable,1,Statewide,286
14857,2020,T2,Unknown,Gasoline,1981,ICE,Not Applicable,≥4,Statewide,286
14858,2020,T3,2,Gasoline,2021,PHEV,0 to 50 miles,3,Statewide,286
14859,2020,T7,8,Gasoline,1976,ICE,Not Applicable,3,Statewide,286
14860,2020,T6,Unknown,Diesel,2015,ICE,Not Applicable,≥4,Statewide,19
14861,2020,T3,2,Diesel,1983,ICE,Not Applicable,≥4,Statewide,1
14862,2020,T3,Unknown,Diesel,1982,ICE,Not Applicable,3,Statewide,1
14863,2020,T3,2,Diesel,1982,ICE,Not Applicable,3,Statewide,1
14864,2020,T6,6,Diesel,2012,ICE,Not Applicable,≥4,Statewide,4717
14865,2020,T4,2,Gasoline,2005,ICE,Not Applicable,1,Statewide,4717
14866,2020,T5,3,Gasoline,2007,ICE,Not Applicable,3,Statewide,347
14867,2020,P,Not Applicable,Electric,2021,BEV,51 to 100 miles,2,Statewide,4722
14868,2020,T4,2,Diesel,2007,ICE,Not Applicable,2,Statewide,4728
14869,2020,T2,Unknown,Diesel,2010,ICE,Not Applicable,1,Statewide,1
14870,2020,T2,Unknown,Diesel,2010,ICE,Not Applicable,≥4,Statewide,1
14871,2020,T2,Unknown,Diesel,2009,ICE,Not Applicable,≥4,Statewide,1
14872,2020,T2,Unknown,Diesel,2008,ICE,Not Applicable,1,Statewide,1
14873,2020,T2,Unknown,Diesel,2008,ICE,Not Applicable,2,Statewide,1
14874,2020,T2,Unknown,Diesel,2008,ICE,Not Applicable,≥4,Statewide,1
14875,2020,T6,7,Diesel,1986,ICE,Not Applicable,≥4,Statewide,292
14876,2020,MC,Not Applicable,Gasoline,1977,ICE,Not Applicable,2,Statewide,292
14877,2020,MC,Not Applicable,Gasoline,2007,ICE,Not Applicable,2,Statewide,4716
14878,2020,MC,Not Applicable,Gasoline,1979,ICE,Not Applicable,2,Statewide,292
14879,2020,T6,6,Gasoline,1977,ICE,Not Applicable,≥4,Statewide,292
14880,2020,T1,1,Gasoline,2003,ICE,Not Applicable,≥4,Statewide,24009
14881,2020,T3,2,Gasoline,1985,ICE,Not Applicable,≥4,Statewide,904
14882,2020,T4,2,Diesel,1996,ICE,Not Applicable,≥4,Statewide,1113
14883,2020,T2,1,Diesel,2008,ICE,Not Applicable,1,Statewide,1
14884,2020,T2,Unknown,Diesel,2007,ICE,Not Applicable,≥4,Statewide,1
14885,2020,T2,1,Diesel,2007,ICE,Not Applicable,3,Statewide,1
14886,2020,T2,Unknown,Diesel,2006,ICE,Not Applicable,3,Statewide,1
14887,2020,T4,2,Gasoline,2019,ICE,Not Applicable,≥4,Statewide,4777
14888,2020,B,Not Applicable,Diesel,2004,ICE,Not Applicable,≥4,Statewide,293
14889,2020,T3,Unknown,Diesel,2019,ICE,Not Applicable,1,Statewide,293
14890,2020,T2,1,Gasoline,1986,ICE,Not Applicable,1,Statewide,293
14891,2020,T3,2,Gasoline,2015,ICE,Not Applicable,2,Statewide,24262
14892,2020,T2,Unknown,Gasoline,2003,ICE,Not Applicable,3,Statewide,292
14893,2020,T2,1,Diesel,2006,ICE,Not Applicable,1,Statewide,1
14894,2020,MC,Not Applicable,Gasoline,2011,ICE,Not Applicable,≥4,Statewide,23977
14895,2020,MH,Not Applicable,Gasoline,2013,ICE,Not Applicable,1,Statewide,291
14896,2020,B,Not Applicable,Diesel,2002,ICE,Not Applicable,2,Statewide,19
14897,2020,B,Not Applicable,Diesel,2005,ICE,Not Applicable,≥4,Statewide,289
14898,2020,BS,Not Applicable,Diesel,1994,ICE,Not Applicable,≥4,Statewide,289
14899,2020,T7,8,Diesel,1976,ICE,Not Applicable,1,Statewide,289
14900,2020,T7,8,Diesel,2006,ICE,Not Applicable,3,Statewide,289
14901,2020,B,Not Applicable,Diesel,2000,ICE,Not Applicable,3,Statewide,19
14902,2020,T4,2,Gasoline,2007,ICE,Not Applicable,3,Statewide,4677
14903,2020,T7,8,Diesel,1997,ICE,Not Applicable,≥4,Statewide,907
14904,2020,MH,Not Applicable,Gasoline,2020,ICE,Not Applicable,≥4,Statewide,906
14905,2020,T3,2,Diesel,1981,ICE,Not Applicable,1,Statewide,1
14906,2020,T3,Unknown,Diesel,1980,ICE,Not Applicable,≥4,Statewide,1
14907,2020,T6,7,Diesel,1995,ICE,Not Applicable,≥4,Statewide,906
14908,2020,T3,Unknown,Diesel,1979,ICE,Not Applicable,3,Statewide,1
14909,2020,T6,6,Gasoline,1978,ICE,Not Applicable,≥4,Statewide,291
14910,2020,T3,Unknown,Diesel,1977,ICE,Not Applicable,2,Statewide,1
14911,2020,T5,3,Diesel,2001,ICE,Not Applicable,2,Statewide,290
14912,2020,T2,Unknown,Gasoline,2020,ICE,Not Applicable,≥4,Statewide,290
14913,2020,T1,1,Gasoline,1997,ICE,Not Applicable,1,Statewide,4689
14914,2020,T5,3,Diesel,2001,ICE,Not Applicable,≥4,Statewide,905
14915,2020,T1,1,Gasoline,2022,ICE,Not Applicable,2,Statewide,4702
14916,2020,T3,2,Diesel,1976,ICE,Not Applicable,≥4,Statewide,1
14917,2020,T2,Unknown,Diesel,2019,ICE,Not Applicable,1,Statewide,1
14918,2020,T2,Unknown,Diesel,2012,ICE,Not Applicable,3,Statewide,1
14919,2020,T6,4,Gasoline,2013,ICE,Not Applicable,≥4,Statewide,1588
14920,2020,T2,Unknown,Diesel,2011,ICE,Not Applicable,≥4,Statewide,1
14921,2020,T6,5,Diesel,2011,ICE,Not Applicable,2,Statewide,291
14922,2020,T6,4,Diesel,2011,ICE,Not Applicable,2,Statewide,291
14923,2020,BT,Not Applicable,Gasoline,2020,ICE,Not Applicable,≥4,Statewide,291
14924,2020,B,Not Applicable,Diesel,2003,ICE,Not Applicable,≥4,Statewide,290
14925,2020,BT,Not Applicable,Diesel,2015,ICE,Not Applicable,≥4,Statewide,303
14926,2020,T6,7,Diesel,1982,ICE,Not Applicable,2,Statewide,1
14927,2020,BS,Not Applicable,Gasoline,1987,ICE,Not Applicable,1,Statewide,11
14928,2020,MC,Not Applicable,Electric,1996,BEV,Unknown,1,Statewide,1
14929,2020,T2,1,Diesel,2019,ICE,Not Applicable,1,Statewide,1007
14930,2020,MC,Not Applicable,Electric,1994,BEV,Unknown,1,Statewide,1
14931,2020,BT,Not Applicable,Diesel,1994,ICE,Not Applicable,1,Statewide,21
14932,2020,MC,Not Applicable,Electric,1992,BEV,Unknown,2,Statewide,1
14933,2020,MC,Not Applicable,Electric,1991,BEV,Unknown,≥4,Statewide,1
14934,2020,T4,Unknown,Gasoline,2021,ICE,Not Applicable,2,Statewide,1694
14935,2020,T4,2,Gasoline,2013,ICE,Not Applicable,3,Statewide,1694
14936,2020,P,Not Applicable,Gasoline,2022,PHEV,51 to 100 miles,1,Statewide,1694
14937,2020,T6,6,Diesel,2003,ICE,Not Applicable,≥4,Statewide,1694
14938,2020,T4,2,Gasoline,2018,ICE,Not Applicable,2,Statewide,1094
14939,2020,P,Not Applicable,Gasoline,2018,ICE,Not Applicable,≥4,Statewide,256698
14940,2020,BT,Not Applicable,Diesel,1993,ICE,Not Applicable,1,Statewide,21
14941,2020,BS,Not Applicable,Diesel,2014,ICE,Not Applicable,3,Statewide,21
14942,2020,MC,Not Applicable,Electric,1987,BEV,Unknown,≥4,Statewide,1
14943,2020,MC,Not Applicable,Gasoline,2003,ICE,Not Applicable,2,Statewide,1691
14944,2020,BT,Not Applicable,Diesel,1994,ICE,Not Applicable,≥4,Statewide,246
14945,2020,MH,Not Applicable,Diesel,2017,ICE,Not Applicable,≥4,Statewide,246
14946,2020,T3,Unknown,Gasoline,1978,ICE,Not Applicable,≥4,Statewide,246
14947,2020,BS,Not Applicable,Diesel,2012,ICE,Not Applicable,1,Statewide,21
14948,2020,BS,Not Applicable,Diesel,1976,ICE,Not Applicable,3,Statewide,21
14949,2020,B,Not Applicable,Diesel,2018,ICE,Not Applicable,2,Statewide,21
14950,2020,B,Not Applicable,Diesel,2008,ICE,Not Applicable,2,Statewide,21
14951,2020,B,Not Applicable,Diesel,2001,ICE,Not Applicable,3,Statewide,21
14952,2020,B,Not Applicable,Diesel,1976,ICE,Not Applicable,1,Statewide,21
14953,2020,T4,2,Gasoline,2008,ICE,Not Applicable,3,Statewide,6329
14954,2020,MC,Not Applicable,Electric,1986,BEV,Unknown,≥4,Statewide,1
14955,2020,MC,Not Applicable,Electric,1997,BEV,Unknown,2,Statewide,1
14956,2020,MC,Not Applicable,Electric,1997,BEV,Unknown,1,Statewide,1
14957,2020,MH,Not Applicable,Diesel,1990,ICE,Not Applicable,1,Statewide,21
14958,2020,T1,Unknown,Diesel,1995,ICE,Not Applicable,≥4,Statewide,21
14959,2020,T3,2,Gasoline,1992,ICE,Not Applicable,1,Statewide,1011
14960,2020,T4,Unknown,Gasoline,1978,ICE,Not Applicable,3,Statewide,21
14961,2020,T3,Unknown,Gasoline,1987,ICE,Not Applicable,≥4,Statewide,21
14962,2020,T1,Unknown,Gasoline,2011,ICE,Not Applicable,≥4,Statewide,21
14963,2020,T1,Unknown,Gasoline,2009,ICE,Not Applicable,3,Statewide,21
14964,2020,P,Not Applicable,Gasoline,2015,PHEV,0 to 50 miles,≥4,Statewide,21
14965,2020,BS,Not Applicable,Gasoline,2003,ICE,Not Applicable,≥4,Statewide,21
14966,2020,BS,Not Applicable,Gasoline,1985,ICE,Not Applicable,≥4,Statewide,21
14967,2020,T2,1,Gasoline,1990,ICE,Not Applicable,2,Statewide,1010
14968,2020,P,Not Applicable,Electric,2022,BEV,51 to 100 miles,≥4,Statewide,21
14969,2020,P,Not Applicable,Electric,2016,BEV,>150 miles,3,Statewide,21
14970,2020,P,Not Applicable,Electric,2006,BEV,Unknown,3,Statewide,21
14971,2020,MC,Not Applicable,Electric,2018,BEV,Unknown,3,Statewide,21
14972,2020,MC,Not Applicable,Electric,1978,BEV,Unknown,2,Statewide,1
14973,2020,T6,5,Diesel,2000,ICE,Not Applicable,3,Statewide,21
14974,2020,P,Not Applicable,Gasoline,2022,PHEV,51 to 100 miles,3,Statewide,1009
14975,2020,T6,7,Diesel,1989,ICE,Not Applicable,3,Statewide,21
14976,2020,T6,7,Diesel,1987,ICE,Not Applicable,3,Statewide,21
14977,2020,T6,7,Diesel,1977,ICE,Not Applicable,≥4,Statewide,21
14978,2020,T4,2,Diesel,2022,ICE,Not Applicable,1,Statewide,21
14979,2020,T4,Unknown,Diesel,2012,ICE,Not Applicable,≥4,Statewide,21
14980,2020,T4,Unknown,Diesel,2011,ICE,Not Applicable,3,Statewide,21
14981,2020,T4,Unknown,Diesel,1999,ICE,Not Applicable,≥4,Statewide,21
14982,2020,T3,2,Diesel,1991,ICE,Not Applicable,3,Statewide,21
14983,2020,T3,Unknown,Diesel,1989,ICE,Not Applicable,≥4,Statewide,21
14984,2020,T2,1,Diesel,2020,ICE,Not Applicable,≥4,Statewide,1008
14985,2020,T2,1,Diesel,1979,ICE,Not Applicable,1,Statewide,21
14986,2020,T2,Unknown,Diesel,1976,ICE,Not Applicable,≥4,Statewide,21
14987,2020,T5,3,Gasoline,2003,ICE,Not Applicable,3,Statewide,245
14988,2020,MC,Not Applicable,Electric,1976,BEV,Unknown,3,Statewide,1
14989,2020,T7,8,Diesel,2015,ICE,Not Applicable,3,Statewide,1005
14990,2020,T5,3,Diesel,1992,ICE,Not Applicable,≥4,Statewide,247
14991,2020,B,Not Applicable,Electric,2003,BEV,Unknown,2,Statewide,1
14992,2020,B,Not Applicable,Electric,2002,BEV,Unknown,≥4,Statewide,1
14993,2020,BS,Not Applicable,Diesel,1993,ICE,Not Applicable,≥4,Statewide,250
14994,2020,P,Not Applicable,Diesel,1991,ICE,Not Applicable,≥4,Statewide,250
14995,2020,T6,6,Diesel,2009,ICE,Not Applicable,3,Statewide,250
14996,2020,T7,8,Diesel,1988,ICE,Not Applicable,≥4,Statewide,250
14997,2020,BT,Not Applicable,Gasoline,2018,ICE,Not Applicable,≥4,Statewide,250
14998,2020,MC,Not Applicable,Gasoline,1977,ICE,Not Applicable,1,Statewide,250
14999,2020,T3,2,Gasoline,1985,ICE,Not Applicable,3,Statewide,250
15000,2020,T6,5,Diesel,2004,ICE,Not Applicable,≥4,Statewide,999
15001,2020,P,Not Applicable,Gasoline,2020,ICE,Not Applicable,2,Statewide,256175
15002,2020,T4,2,Gasoline,1996,ICE,Not Applicable,1,Statewide,998
15003,2020,T3,2,Diesel,2017,ICE,Not Applicable,3,Statewide,997
15004,2020,B,Not Applicable,Electric,2005,BEV,Unknown,≥4,Statewide,1
15005,2020,P,Not Applicable,Gasoline,2019,ICE,Not Applicable,≥4,Statewide,254795
15006,2020,B,Not Applicable,Electric,1999,BEV,Unknown,2,Statewide,1
15007,2020,T1,1,Gasoline,1976,ICE,Not Applicable,3,Statewide,1679
15008,2020,T4,2,Diesel,2016,ICE,Not Applicable,3,Statewide,1679
15009,2020,B,Not Applicable,Electric,1998,BEV,Unknown,1,Statewide,1
15010,2020,B,Not Applicable,Diesel,2012,ICE,Not Applicable,≥4,Statewide,252
15011,2020,MH,Not Applicable,Diesel,2004,ICE,Not Applicable,3,Statewide,252
15012,2020,T1,Unknown,Gasoline,2013,ICE,Not Applicable,3,Statewide,252
15013,2020,T5,3,Gasoline,2013,ICE,Not Applicable,3,Statewide,252
15014,2020,MH,Not Applicable,Gasoline,2012,ICE,Not Applicable,3,Statewide,993
15015,2020,T1,1,Gasoline,2010,ICE,Not Applicable,1,Statewide,6236
15016,2020,P,Not Applicable,Gasoline,1981,ICE,Not Applicable,3,Statewide,992
15017,2020,B,Not Applicable,Electric,1997,BEV,Unknown,≥4,Statewide,1
15018,2020,B,Not Applicable,Electric,1976,BEV,Unknown,1,Statewide,1
15019,2020,MC,Not Applicable,Gasoline,2009,ICE,Not Applicable,3,Statewide,6280
15020,2020,T1,1,Gasoline,2011,ICE,Not Applicable,3,Statewide,6387
15021,2020,T2,Unknown,Gasoline,2015,ICE,Not Applicable,1,Statewide,4556
15022,2020,T6,5,Diesel,2013,ICE,Not Applicable,2,Statewide,249
15023,2020,T5,3,Gasoline,2000,ICE,Not Applicable,≥4,Statewide,1094
15024,2020,T3,Unknown,Gasoline,2009,ICE,Not Applicable,3,Statewide,6327
15025,2020,P,Not Applicable,Gasoline,2018,PHEV,0 to 50 miles,1,Statewide,4492
15026,2020,BT,Not Applicable,Electric,2021,BEV,Unknown,≥4,Statewide,1
15027,2020,BT,Not Applicable,Electric,2009,BEV,Unknown,1,Statewide,1
15028,2020,BT,Not Applicable,Electric,2008,BEV,Unknown,≥4,Statewide,1
15029,2020,BT,Not Applicable,Electric,2007,BEV,Unknown,1,Statewide,1
15030,2020,BT,Not Applicable,Electric,2001,BEV,Unknown,1,Statewide,1
15031,2020,BT,Not Applicable,Electric,2000,BEV,Unknown,≥4,Statewide,1
15032,2020,BS,Not Applicable,Electric,2002,BEV,Unknown,1,Statewide,1
15033,2020,BS,Not Applicable,Electric,2002,BEV,Unknown,≥4,Statewide,1
15034,2020,BS,Not Applicable,Electric,2001,BEV,Unknown,≥4,Statewide,1
15035,2020,T3,Unknown,Gasoline,2008,ICE,Not Applicable,≥4,Statewide,6312
15036,2020,P,Not Applicable,Natural Gas,2007,ICE,Not Applicable,≥4,Statewide,249
15037,2020,T2,Unknown,Diesel,2021,ICE,Not Applicable,≥4,Statewide,248
15038,2020,T2,1,Gasoline,1981,ICE,Not Applicable,1,Statewide,248
15039,2020,T5,3,Gasoline,1999,ICE,Not Applicable,1,Statewide,248
15040,2020,T5,3,Diesel,2010,ICE,Not Applicable,≥4,Statewide,4534
15041,2020,T4,2,Diesel,1991,ICE,Not Applicable,≥4,Statewide,1001
15042,2020,T7,8,Diesel,2010,ICE,Not Applicable,≥4,Statewide,4540
15043,2020,T1,1,Gasoline,1976,ICE,Not Applicable,≥4,Statewide,4541
15044,2020,MC,Not Applicable,Gasoline,2007,ICE,Not Applicable,3,Statewide,6311
15045,2020,P,Not Applicable,Gasoline,1989,ICE,Not Applicable,≥4,Statewide,6307
15046,2020,MC,Not Applicable,Gasoline,2001,ICE,Not Applicable,≥4,Statewide,4551
15047,2020,BS,Not Applicable,Electric,1998,BEV,Unknown,≥4,Statewide,1
15048,2020,B,Not Applicable,Electric,2020,BEV,Unknown,≥4,Statewide,1
15049,2020,B,Not Applicable,Electric,2019,BEV,Unknown,1,Statewide,1
15050,2020,B,Not Applicable,Electric,2008,BEV,Unknown,1,Statewide,1
15051,2020,T4,2,Diesel,1989,ICE,Not Applicable,3,Statewide,248
15052,2020,P,Not Applicable,Gasoline,1988,ICE,Not Applicable,1,Statewide,1676
15053,2020,T6,6,Diesel,2004,ICE,Not Applicable,3,Statewide,244
15054,2020,T4,Unknown,Gasoline,2016,ICE,Not Applicable,2,Statewide,21
15055,2020,T7,8,Diesel,2013,ICE,Not Applicable,2,Statewide,1049
15056,2020,T3,2,Gasoline,2011,ICE,Not Applicable,3,Statewide,38391
15057,2020,T3,2,Diesel,2017,ICE,Not Applicable,1,Statewide,1088
15058,2020,MC,Not Applicable,Gasoline,1981,ICE,Not Applicable,≥4,Statewide,1088
15059,2020,P,Not Applicable,Diesel,1984,ICE,Not Applicable,2,Statewide,240
15060,2020,P,Not Applicable,Gasoline,2000,ICE,Not Applicable,2,Statewide,38452
15061,2020,P,Not Applicable,Diesel,1985,ICE,Not Applicable,3,Statewide,240
15062,2020,T6,5,Diesel,2019,ICE,Not Applicable,2,Statewide,240
15063,2020,P,Not Applicable,Gasoline,2021,ICE,Not Applicable,≥4,Statewide,324732
15064,2020,T2,Unknown,Gasoline,2009,ICE,Not Applicable,≥4,Statewide,1045
15065,2020,T3,2,Diesel,2019,ICE,Not Applicable,3,Statewide,1045
15066,2020,MH,Not Applicable,Gasoline,1990,ICE,Not Applicable,≥4,Statewide,1044
15067,2020,P,Not Applicable,Gasoline,2020,ICE,Not Applicable,≥4,Statewide,322706
15068,2020,P,Not Applicable,Gasoline,2019,ICE,Not Applicable,1,Statewide,320225
15069,2020,T2,1,Gasoline,1990,ICE,Not Applicable,1,Statewide,1043
15070,2020,T7,8,Diesel,1998,ICE,Not Applicable,≥4,Statewide,1042
15071,2020,T4,2,Gasoline,1997,ICE,Not Applicable,3,Statewide,1041
15072,2020,T6,6,Diesel,2002,ICE,Not Applicable,≥4,Statewide,1041
15073,2020,P,Not Applicable,Diesel,1988,ICE,Not Applicable,≥4,Statewide,1041
15074,2020,P,Not Applicable,Gasoline,2018,ICE,Not Applicable,1,Statewide,311441
15075,2020,T2,1,Gasoline,2002,ICE,Not Applicable,≥4,Statewide,38790
15076,2020,T5,3,Diesel,2017,ICE,Not Applicable,3,Statewide,1038
15077,2020,T2,Unknown,Gasoline,1978,ICE,Not Applicable,≥4,Statewide,1037
15078,2020,P,Not Applicable,Electric,1989,BEV,Unknown,1,Statewide,1
15079,2020,P,Not Applicable,Electric,1988,BEV,Unknown,2,Statewide,1
15080,2020,P,Not Applicable,Electric,1987,BEV,Unknown,2,Statewide,1
15081,2020,T3,Unknown,Gasoline,2006,ICE,Not Applicable,2,Statewide,1035
15082,2020,T4,2,Diesel,1995,ICE,Not Applicable,≥4,Statewide,1050
15083,2020,MC,Not Applicable,Gasoline,2000,ICE,Not Applicable,2,Statewide,1050
15084,2020,P,Not Applicable,Electric,1990,BEV,Unknown,≥4,Statewide,1
15085,2020,P,Not Applicable,Electric,1992,BEV,Unknown,≥4,Statewide,1
15086,2020,T3,Unknown,Gasoline,2004,ICE,Not Applicable,3,Statewide,238
15087,2020,T6,4,Gasoline,2006,ICE,Not Applicable,1,Statewide,238
15088,2020,P,Not Applicable,Gasoline,2020,ICE,Not Applicable,1,Statewide,370954
15089,2020,T3,Unknown,Gasoline,2018,ICE,Not Applicable,3,Statewide,1076
15090,2020,T4,Unknown,Gasoline,2020,ICE,Not Applicable,≥4,Statewide,1073
15091,2020,T3,2,Gasoline,1992,ICE,Not Applicable,2,Statewide,1073
15092,2020,MC,Not Applicable,Gasoline,1982,ICE,Not Applicable,≥4,Statewide,1080
15093,2020,T6,6,Diesel,2015,ICE,Not Applicable,≥4,Statewide,1067
15094,2020,BS,Not Applicable,Gasoline,1976,ICE,Not Applicable,≥4,Statewide,1063
15095,2020,P,Not Applicable,Electric,1997,BEV,Unknown,3,Statewide,1
15096,2020,P,Not Applicable,Electric,1996,BEV,Unknown,1,Statewide,1
15097,2020,P,Not Applicable,Electric,1995,BEV,Unknown,1,Statewide,1
15098,2020,P,Not Applicable,Electric,1995,BEV,Unknown,3,Statewide,1
15099,2020,MH,Not Applicable,Gasoline,2016,ICE,Not Applicable,≥4,Statewide,1034
15100,2020,P,Not Applicable,Electric,1994,BEV,Unknown,1,Statewide,1
15101,2020,P,Not Applicable,Electric,1994,BEV,Unknown,2,Statewide,1
15102,2020,T7,8,Diesel,2013,ICE,Not Applicable,1,Statewide,1717
15103,2020,T6,5,Diesel,2022,ICE,Not Applicable,≥4,Statewide,239
15104,2020,P,Not Applicable,Diesel,2014,ICE,Not Applicable,≥4,Statewide,1085
15105,2020,T6,6,Gasoline,2016,ICE,Not Applicable,≥4,Statewide,239
15106,2020,T7,8,Gasoline,1976,ICE,Not Applicable,1,Statewide,1058
15107,2020,MH,Not Applicable,Gasoline,2013,ICE,Not Applicable,≥4,Statewide,1057
15108,2020,MC,Not Applicable,Gasoline,1976,ICE,Not Applicable,2,Statewide,1057
15109,2020,T2,1,Gasoline,2013,ICE,Not Applicable,3,Statewide,37856
15110,2020,MH,Not Applicable,Gasoline,2009,ICE,Not Applicable,2,Statewide,1056
15111,2020,T2,1,Gasoline,2004,ICE,Not Applicable,2,Statewide,37965
15112,2020,T3,2,Gasoline,2020,ICE,Not Applicable,3,Statewide,38198
15113,2020,P,Not Applicable,Electric,1993,BEV,Unknown,3,Statewide,1
15114,2020,T3,2,Gasoline,1979,ICE,Not Applicable,≥4,Statewide,1084
15115,2020,P,Not Applicable,Electric,1987,BEV,Unknown,≥4,Statewide,1
15116,2020,MH,Not Applicable,Gasoline,2011,ICE,Not Applicable,2,Statewide,1034
15117,2020,P,Not Applicable,Gasoline,2021,ICE,Not Applicable,1,Statewide,301853
15118,2020,T2,1,Gasoline,2017,ICE,Not Applicable,3,Statewide,40927
15119,2020,T3,Unknown,Gasoline,2012,ICE,Not Applicable,3,Statewide,6407
15120,2020,P,Not Applicable,Gasoline,1981,ICE,Not Applicable,2,Statewide,1018
15121,2020,T4,2,Gasoline,2008,ICE,Not Applicable,2,Statewide,6401
15122,2020,T6,7,Natural Gas,2009,ICE,Not Applicable,≥4,Statewide,21
15123,2020,MH,Not Applicable,Gasoline,1994,ICE,Not Applicable,≥4,Statewide,1703
15124,2020,BS,Not Applicable,Diesel,1991,ICE,Not Applicable,≥4,Statewide,243
15125,2020,T6,5,Diesel,2020,ICE,Not Applicable,3,Statewide,243
15126,2020,P,Not Applicable,Gasoline,2016,PHEV,0 to 50 miles,1,Statewide,243
15127,2020,B,Not Applicable,Natural Gas,2019,ICE,Not Applicable,≥4,Statewide,21
15128,2020,T6,7,Diesel,2007,ICE,Not Applicable,≥4,Statewide,1016
15129,2020,B,Not Applicable,Natural Gas,2006,ICE,Not Applicable,≥4,Statewide,21
15130,2020,T5,3,Diesel,2014,ICE,Not Applicable,≥4,Statewide,1016
15131,2020,MC,Not Applicable,Electric,2007,BEV,Unknown,1,Statewide,1
15132,2020,T6,7,Gasoline,2021,ICE,Not Applicable,≥4,Statewide,21
15133,2020,T6,6,Gasoline,2005,ICE,Not Applicable,3,Statewide,21
15134,2020,T6,7,Gasoline,1999,ICE,Not Applicable,≥4,Statewide,21
15135,2020,T6,6,Gasoline,1992,ICE,Not Applicable,1,Statewide,21
15136,2020,P,Not Applicable,Diesel,1987,ICE,Not Applicable,≥4,Statewide,1016
15137,2020,MC,Not Applicable,Electric,2006,BEV,Unknown,≥4,Statewide,1
15138,2020,MC,Not Applicable,Electric,2003,BEV,Unknown,1,Statewide,1
15139,2020,MC,Not Applicable,Electric,2002,BEV,Unknown,2,Statewide,1
15140,2020,MC,Not Applicable,Electric,2000,BEV,Unknown,≥4,Statewide,1
15141,2020,MC,Not Applicable,Electric,1999,BEV,Unknown,≥4,Statewide,1
15142,2020,MC,Not Applicable,Electric,1998,BEV,Unknown,1,Statewide,1
15143,2020,T6,6,Gasoline,1990,ICE,Not Applicable,1,Statewide,21
15144,2020,T6,7,Gasoline,1985,ICE,Not Applicable,1,Statewide,21
15145,2020,T6,5,Gasoline,1980,ICE,Not Applicable,≥4,Statewide,21
15146,2020,T6,4,Gasoline,2015,ICE,Not Applicable,1,Statewide,21
15147,2020,P,Not Applicable,Diesel,2009,ICE,Not Applicable,1,Statewide,244
15148,2020,MC,Not Applicable,Electric,2008,BEV,Unknown,2,Statewide,1
15149,2020,MC,Not Applicable,Electric,2009,BEV,Unknown,1,Statewide,1
15150,2020,P,Not Applicable,Electric,1986,BEV,Unknown,1,Statewide,1
15151,2020,P,Not Applicable,Diesel,1985,ICE,Not Applicable,2,Statewide,241
15152,2020,T3,Unknown,Diesel,2016,ICE,Not Applicable,2,Statewide,241
15153,2020,T7,8,Diesel,2003,ICE,Not Applicable,3,Statewide,241
15154,2020,T4,2,Gasoline,1996,ICE,Not Applicable,2,Statewide,1033
15155,2020,T3,Unknown,Gasoline,1991,ICE,Not Applicable,≥4,Statewide,241
15156,2020,T6,7,Diesel,2000,ICE,Not Applicable,≥4,Statewide,1090
15157,2020,T2,Unknown,Electric,2021,BEV,>150 miles,3,Statewide,1029
15158,2020,P,Not Applicable,Electric,1985,BEV,Unknown,1,Statewide,1
15159,2020,P,Not Applicable,Electric,1985,BEV,Unknown,2,Statewide,1
15160,2020,P,Not Applicable,Electric,1985,BEV,Unknown,3,Statewide,1
15161,2020,T6,4,Diesel,2003,ICE,Not Applicable,≥4,Statewide,1029
15162,2020,P,Not Applicable,Electric,1984,BEV,Unknown,≥4,Statewide,1
15163,2020,MC,Not Applicable,Electric,2009,BEV,Unknown,2,Statewide,1
15164,2020,MH,Not Applicable,Electric,2015,BEV,Unknown,≥4,Statewide,1
15165,2020,T1,Unknown,Gasoline,1976,ICE,Not Applicable,≥4,Statewide,39983
15166,2020,T3,2,Diesel,2021,ICE,Not Applicable,3,Statewide,1028
15167,2020,T3,2,Gasoline,2021,ICE,Not Applicable,2,Statewide,40157
15168,2020,T6,4,Diesel,2009,ICE,Not Applicable,2,Statewide,242
15169,2020,T2,Unknown,Gasoline,2020,ICE,Not Applicable,3,Statewide,242
15170,2020,T6,6,Gasoline,2000,ICE,Not Applicable,≥4,Statewide,242
15171,2020,T4,2,Gasoline,1977,ICE,Not Applicable,≥4,Statewide,1024
15172,2020,T2,Unknown,Gasoline,2011,ICE,Not Applicable,1,Statewide,1024
15173,2020,T3,2,Gasoline,2011,ICE,Not Applicable,1,Statewide,40278
15174,2020,T7,8,Diesel,2017,ICE,Not Applicable,3,Statewide,1023
15175,2020,T3,2,Gasoline,2013,ICE,Not Applicable,2,Statewide,40701
15176,2020,P,Not Applicable,Gasoline,2001,ICE,Not Applicable,2,Statewide,40722
15177,2020,MC,Not Applicable,Electric,2010,BEV,Unknown,≥4,Statewide,1
15178,2020,MC,Not Applicable,Electric,2010,BEV,Unknown,1,Statewide,1
15179,2020,BS,Not Applicable,Gasoline,1988,ICE,Not Applicable,≥4,Statewide,11
15180,2020,B,Not Applicable,Diesel,2016,ICE,Not Applicable,≥4,Statewide,253
15181,2020,T3,Unknown,Gasoline,2003,ICE,Not Applicable,2,Statewide,253
15182,2020,T5,3,Diesel,2002,ICE,Not Applicable,2,Statewide,260
15183,2020,T1,Unknown,Gasoline,1979,ICE,Not Applicable,2,Statewide,260
15184,2020,T2,1,Gasoline,1981,ICE,Not Applicable,2,Statewide,260
15185,2020,T6,4,Gasoline,2004,ICE,Not Applicable,1,Statewide,260
15186,2020,T6,6,Gasoline,1984,ICE,Not Applicable,2,Statewide,20
15187,2020,T6,5,Gasoline,1983,ICE,Not Applicable,≥4,Statewide,20
15188,2020,T6,5,Gasoline,1982,ICE,Not Applicable,≥4,Statewide,20
15189,2020,T6,5,Gasoline,1977,ICE,Not Applicable,1,Statewide,20
15190,2020,T6,4,Diesel,1990,ICE,Not Applicable,1,Statewide,1
15191,2020,T6,4,Diesel,1990,ICE,Not Applicable,3,Statewide,1
15192,2020,T5,3,Gasoline,1989,ICE,Not Applicable,3,Statewide,20
15193,2020,T4,2,Gasoline,2021,PHEV,0 to 50 miles,2,Statewide,20
15194,2020,T3,Unknown,Diesel,2016,ICE,Not Applicable,≥4,Statewide,261
15195,2020,P,Not Applicable,Natural Gas,2016,ICE,Not Applicable,≥4,Statewide,261
15196,2020,T3,Unknown,Gasoline,1989,ICE,Not Applicable,2,Statewide,20
15197,2020,T2,Unknown,Gasoline,1996,ICE,Not Applicable,3,Statewide,20
15198,2020,T2,Unknown,Gasoline,1992,ICE,Not Applicable,1,Statewide,20
15199,2020,T1,Unknown,Gasoline,2007,ICE,Not Applicable,2,Statewide,20
15200,2020,T6,Unknown,Diesel,1988,ICE,Not Applicable,1,Statewide,1
15201,2020,T6,Unknown,Diesel,1987,ICE,Not Applicable,3,Statewide,1
15202,2020,P,Not Applicable,Electric,2011,BEV,Unknown,1,Statewide,20
15203,2020,T6,4,Diesel,2004,ICE,Not Applicable,2,Statewide,262
15204,2020,T1,1,Gasoline,1979,ICE,Not Applicable,1,Statewide,262
15205,2020,T3,Unknown,Gasoline,2005,ICE,Not Applicable,3,Statewide,262
15206,2020,P,Not Applicable,Electric,2004,BEV,Unknown,≥4,Statewide,20
15207,2020,MC,Not Applicable,Electric,2020,BEV,Unknown,2,Statewide,20
15208,2020,MC,Not Applicable,Electric,2019,BEV,Unknown,3,Statewide,20
15209,2020,T2,Unknown,Diesel,2021,ICE,Not Applicable,1,Statewide,260
15210,2020,T6,6,Gasoline,1989,ICE,Not Applicable,1,Statewide,20
15211,2020,T6,4,Diesel,1991,ICE,Not Applicable,3,Statewide,1
15212,2020,T6,4,Diesel,1991,ICE,Not Applicable,1,Statewide,1
15213,2020,T6,4,Diesel,2012,ICE,Not Applicable,3,Statewide,258
15214,2020,T6,5,Diesel,2018,ICE,Not Applicable,1,Statewide,258
15215,2020,BS,Not Applicable,Gasoline,2011,ICE,Not Applicable,≥4,Statewide,258
15216,2020,MH,Not Applicable,Gasoline,2016,ICE,Not Applicable,1,Statewide,258
15217,2020,T3,2,Natural Gas,2009,ICE,Not Applicable,2,Statewide,20
15218,2020,P,Not Applicable,Natural Gas,2005,ICE,Not Applicable,2,Statewide,20
15219,2020,P,Not Applicable,Natural Gas,1976,ICE,Not Applicable,3,Statewide,20
15220,2020,T7,8,Gasoline,1981,ICE,Not Applicable,≥4,Statewide,20
15221,2020,T6,5,Gasoline,2018,ICE,Not Applicable,3,Statewide,20
15222,2020,T6,Unknown,Diesel,1993,ICE,Not Applicable,1,Statewide,1
15223,2020,T6,Unknown,Diesel,1993,ICE,Not Applicable,2,Statewide,1
15224,2020,T6,Unknown,Diesel,1993,ICE,Not Applicable,3,Statewide,1
15225,2020,T6,Unknown,Diesel,1992,ICE,Not Applicable,1,Statewide,1
15226,2020,T6,7,Diesel,2022,ICE,Not Applicable,3,Statewide,20
15227,2020,T6,Unknown,Diesel,1992,ICE,Not Applicable,3,Statewide,1
15228,2020,T6,4,Diesel,1992,ICE,Not Applicable,2,Statewide,1
15229,2020,T6,4,Diesel,1992,ICE,Not Applicable,3,Statewide,1
15230,2020,T2,1,Gasoline,1991,ICE,Not Applicable,2,Statewide,1666
15231,2020,T6,6,Diesel,2006,ICE,Not Applicable,2,Statewide,259
15232,2020,T6,5,Diesel,2016,ICE,Not Applicable,1,Statewide,259
15233,2020,T3,2,Gasoline,1988,ICE,Not Applicable,1,Statewide,259
15234,2020,T5,3,Gasoline,2017,ICE,Not Applicable,1,Statewide,259
15235,2020,T6,6,Gasoline,2018,ICE,Not Applicable,1,Statewide,259
15236,2020,T6,5,Gasoline,2017,ICE,Not Applicable,3,Statewide,20
15237,2020,T6,5,Gasoline,2013,ICE,Not Applicable,3,Statewide,20
15238,2020,T6,5,Gasoline,2005,ICE,Not Applicable,3,Statewide,20
15239,2020,T6,6,Gasoline,2002,ICE,Not Applicable,2,Statewide,20
15240,2020,T6,Unknown,Diesel,1991,ICE,Not Applicable,2,Statewide,1
15241,2020,P,Not Applicable,Electric,2021,BEV,>150 miles,≥4,Statewide,1667
15242,2020,T6,Unknown,Diesel,2018,ICE,Not Applicable,3,Statewide,20
15243,2020,T6,Unknown,Diesel,2007,ICE,Not Applicable,≥4,Statewide,20
15244,2020,T6,Unknown,Diesel,2006,ICE,Not Applicable,≥4,Statewide,20
15245,2020,MH,Not Applicable,Diesel,1988,ICE,Not Applicable,2,Statewide,20
15246,2020,BS,Not Applicable,Diesel,2007,ICE,Not Applicable,2,Statewide,20
15247,2020,BT,Not Applicable,Electric,2006,BEV,Unknown,1,Statewide,265
15248,2020,T1,1,Electric,2019,BEV,101 to 150 miles,2,Statewide,265
15249,2020,T3,Unknown,Gasoline,2020,ICE,Not Applicable,3,Statewide,265
15250,2020,T6,5,Gasoline,2012,ICE,Not Applicable,≥4,Statewide,265
15251,2020,BS,Not Applicable,Diesel,1999,ICE,Not Applicable,3,Statewide,20
15252,2020,B,Not Applicable,Diesel,2019,ICE,Not Applicable,1,Statewide,20
15253,2020,B,Not Applicable,Gasoline,2022,ICE,Not Applicable,≥4,Statewide,11
15254,2020,BS,Not Applicable,Gasoline,1978,ICE,Not Applicable,1,Statewide,11
15255,2020,B,Not Applicable,Diesel,2017,ICE,Not Applicable,1,Statewide,20
15256,2020,B,Not Applicable,Diesel,2012,ICE,Not Applicable,2,Statewide,20
15257,2020,B,Not Applicable,Diesel,2009,ICE,Not Applicable,1,Statewide,20
15258,2020,T6,Unknown,Diesel,1983,ICE,Not Applicable,1,Statewide,1
15259,2020,B,Not Applicable,Diesel,1998,ICE,Not Applicable,1,Statewide,20
15260,2020,T6,Unknown,Diesel,1983,ICE,Not Applicable,2,Statewide,1
15261,2020,T4,2,Gasoline,2018,ICE,Not Applicable,3,Statewide,953
15262,2020,T4,Unknown,Gasoline,2020,ICE,Not Applicable,1,Statewide,1656
15263,2020,T2,1,Gasoline,1991,ICE,Not Applicable,1,Statewide,1656
15264,2020,T6,6,Diesel,1982,ICE,Not Applicable,1,Statewide,1
15265,2020,MH,Not Applicable,Diesel,1997,ICE,Not Applicable,≥4,Statewide,266
15266,2020,P,Not Applicable,Diesel,2021,ICE,Not Applicable,3,Statewide,266
15267,2020,T2,1,Diesel,2021,ICE,Not Applicable,2,Statewide,266
15268,2020,B,Not Applicable,Gasoline,2005,ICE,Not Applicable,≥4,Statewide,266
15269,2020,T1,Unknown,Gasoline,1977,ICE,Not Applicable,1,Statewide,266
15270,2020,T1,1,Gasoline,1982,ICE,Not Applicable,≥4,Statewide,266
15271,2020,P,Not Applicable,Gasoline,2017,ICE,Not Applicable,≥4,Statewide,220032
15272,2020,T7,8,Diesel,2005,ICE,Not Applicable,≥4,Statewide,4595
15273,2020,T1,1,Gasoline,1995,ICE,Not Applicable,2,Statewide,4579
15274,2020,T6,6,Natural Gas,2014,ICE,Not Applicable,1,Statewide,20
15275,2020,MH,Not Applicable,Diesel,1994,ICE,Not Applicable,2,Statewide,20
15276,2020,T1,Unknown,Diesel,2005,ICE,Not Applicable,≥4,Statewide,20
15277,2020,T6,5,Diesel,1995,ICE,Not Applicable,1,Statewide,20
15278,2020,T6,Unknown,Diesel,1986,ICE,Not Applicable,1,Statewide,1
15279,2020,T6,Unknown,Diesel,1986,ICE,Not Applicable,3,Statewide,1
15280,2020,T6,5,Diesel,1986,ICE,Not Applicable,≥4,Statewide,1
15281,2020,T6,Unknown,Diesel,1985,ICE,Not Applicable,3,Statewide,1
15282,2020,T6,5,Diesel,1993,ICE,Not Applicable,≥4,Statewide,20
15283,2020,T6,6,Diesel,1991,ICE,Not Applicable,2,Statewide,20
15284,2020,T6,7,Diesel,1988,ICE,Not Applicable,1,Statewide,20
15285,2020,T6,4,Diesel,2002,ICE,Not Applicable,1,Statewide,263
15286,2020,T6,5,Diesel,2009,ICE,Not Applicable,1,Statewide,263
15287,2020,T5,3,Gasoline,2018,ICE,Not Applicable,1,Statewide,263
15288,2020,T6,7,Diesel,1984,ICE,Not Applicable,1,Statewide,20
15289,2020,T3,2,Diesel,2005,ICE,Not Applicable,≥4,Statewide,20
15290,2020,P,Not Applicable,Diesel,1995,ICE,Not Applicable,1,Statewide,20
15291,2020,T3,2,Diesel,2004,ICE,Not Applicable,2,Statewide,20
15292,2020,T3,2,Diesel,1997,ICE,Not Applicable,2,Statewide,20
15293,2020,T6,6,Diesel,1985,ICE,Not Applicable,1,Statewide,1
15294,2020,T6,6,Diesel,1985,ICE,Not Applicable,2,Statewide,1
15295,2020,T6,Unknown,Diesel,1984,ICE,Not Applicable,1,Statewide,1
15296,2020,T6,6,Diesel,1984,ICE,Not Applicable,2,Statewide,1
15297,2020,T3,Unknown,Diesel,1986,ICE,Not Applicable,≥4,Statewide,20
15298,2020,T2,1,Diesel,1984,ICE,Not Applicable,1,Statewide,20
15299,2020,P,Not Applicable,Diesel,2000,ICE,Not Applicable,≥4,Statewide,264
15300,2020,P,Not Applicable,Diesel,2009,ICE,Not Applicable,≥4,Statewide,264
15301,2020,T6,5,Diesel,2003,ICE,Not Applicable,≥4,Statewide,264
15302,2020,T7,8,Diesel,1999,ICE,Not Applicable,1,Statewide,264
15303,2020,MH,Not Applicable,Gasoline,1976,ICE,Not Applicable,1,Statewide,264
15304,2020,T1,Unknown,Diesel,2011,ICE,Not Applicable,≥4,Statewide,20
15305,2020,T3,2,Diesel,1999,ICE,Not Applicable,3,Statewide,20
15306,2020,T7,8,Diesel,2003,ICE,Not Applicable,2,Statewide,253
15307,2020,T7,8,Natural Gas,2017,ICE,Not Applicable,1,Statewide,20
15308,2020,T6,Unknown,Diesel,1995,ICE,Not Applicable,3,Statewide,1
15309,2020,T4,2,Gasoline,2019,ICE,Not Applicable,2,Statewide,982
15310,2020,T4,2,Diesel,2010,ICE,Not Applicable,2,Statewide,6177
15311,2020,T6,Unknown,Diesel,2007,ICE,Not Applicable,3,Statewide,1
15312,2020,T6,Unknown,Diesel,2006,ICE,Not Applicable,2,Statewide,1
15313,2020,BS,Not Applicable,Diesel,2019,ICE,Not Applicable,≥4,Statewide,255
15314,2020,BT,Not Applicable,Diesel,2009,ICE,Not Applicable,≥4,Statewide,255
15315,2020,T6,4,Diesel,2007,ICE,Not Applicable,1,Statewide,255
15316,2020,T5,3,Gasoline,2012,ICE,Not Applicable,2,Statewide,255
15317,2020,P,Not Applicable,Gasoline,1992,ICE,Not Applicable,2,Statewide,6170
15318,2020,MC,Not Applicable,Gasoline,1976,ICE,Not Applicable,1,Statewide,980
15319,2020,T4,2,Diesel,2004,ICE,Not Applicable,≥4,Statewide,6134
15320,2020,T2,Unknown,Gasoline,2019,ICE,Not Applicable,≥4,Statewide,978
15321,2020,P,Not Applicable,Electric,2017,BEV,51 to 100 miles,2,Statewide,978
15322,2020,T4,2,Gasoline,1998,ICE,Not Applicable,3,Statewide,1098
15323,2020,B,Not Applicable,Diesel,1993,ICE,Not Applicable,2,Statewide,11
15324,2020,B,Not Applicable,Diesel,1997,ICE,Not Applicable,3,Statewide,11
15325,2020,T3,Unknown,Gasoline,2022,ICE,Not Applicable,2,Statewide,976
15326,2020,MH,Not Applicable,Gasoline,2004,ICE,Not Applicable,2,Statewide,976
15327,2020,T6,4,Gasoline,2011,ICE,Not Applicable,≥4,Statewide,1098
15328,2020,BS,Not Applicable,Diesel,1992,ICE,Not Applicable,2,Statewide,11
15329,2020,T4,2,Gasoline,1978,ICE,Not Applicable,≥4,Statewide,975
15330,2020,T6,Unknown,Diesel,2005,ICE,Not Applicable,3,Statewide,1
15331,2020,T6,Unknown,Diesel,2004,ICE,Not Applicable,3,Statewide,1
15332,2020,BS,Not Applicable,Diesel,1993,ICE,Not Applicable,3,Statewide,11
15333,2020,BS,Not Applicable,Diesel,1995,ICE,Not Applicable,3,Statewide,11
15334,2020,T6,7,Diesel,2003,ICE,Not Applicable,≥4,Statewide,973
15335,2020,BS,Not Applicable,Diesel,1997,ICE,Not Applicable,2,Statewide,11
15336,2020,MH,Not Applicable,Gasoline,1992,ICE,Not Applicable,≥4,Statewide,1097
15337,2020,T4,2,Gasoline,1997,ICE,Not Applicable,1,Statewide,983
15338,2020,MC,Not Applicable,Gasoline,2014,ICE,Not Applicable,1,Statewide,6195
15339,2020,P,Not Applicable,Gasoline,2018,ICE,Not Applicable,2,Statewide,243955
15340,2020,T6,4,Gasoline,1976,ICE,Not Applicable,≥4,Statewide,253
15341,2020,T6,4,Gasoline,1998,ICE,Not Applicable,≥4,Statewide,253
15342,2020,MH,Not Applicable,Diesel,2008,ICE,Not Applicable,≥4,Statewide,992
15343,2020,T5,3,Diesel,2011,ICE,Not Applicable,≥4,Statewide,6234
15344,2020,P,Not Applicable,Gasoline,1992,ICE,Not Applicable,1,Statewide,6232
15345,2020,MC,Not Applicable,Gasoline,2018,ICE,Not Applicable,2,Statewide,6231
15346,2020,P,Not Applicable,Electric,2020,BEV,51 to 100 miles,≥4,Statewide,6228
15347,2020,T4,2,Gasoline,1996,ICE,Not Applicable,3,Statewide,991
15348,2020,T7,8,Diesel,1979,ICE,Not Applicable,3,Statewide,1
15349,2020,T7,8,Diesel,1978,ICE,Not Applicable,3,Statewide,1
15350,2020,T6,Unknown,Diesel,2015,ICE,Not Applicable,3,Statewide,1
15351,2020,T6,Unknown,Diesel,2011,ICE,Not Applicable,2,Statewide,1
15352,2020,T6,Unknown,Diesel,2010,ICE,Not Applicable,3,Statewide,1
15353,2020,T6,Unknown,Diesel,2003,ICE,Not Applicable,2,Statewide,1
15354,2020,P,Not Applicable,Gasoline,2019,PHEV,0 to 50 miles,≥4,Statewide,6213
15355,2020,T6,5,Diesel,2007,ICE,Not Applicable,≥4,Statewide,989
15356,2020,T6,Unknown,Diesel,2008,ICE,Not Applicable,3,Statewide,1
15357,2020,T6,Unknown,Diesel,2007,ICE,Not Applicable,2,Statewide,1
15358,2020,T2,1,Gasoline,1990,ICE,Not Applicable,3,Statewide,988
15359,2020,P,Not Applicable,Gasoline,2017,ICE,Not Applicable,1,Statewide,245689
15360,2020,T5,3,Diesel,2002,ICE,Not Applicable,3,Statewide,254
15361,2020,T6,4,Diesel,1995,ICE,Not Applicable,≥4,Statewide,254
15362,2020,T6,5,Diesel,2021,ICE,Not Applicable,3,Statewide,254
15363,2020,T2,1,Gasoline,1988,ICE,Not Applicable,≥4,Statewide,986
15364,2020,T1,Unknown,Gasoline,1979,ICE,Not Applicable,≥4,Statewide,986
15365,2020,MC,Not Applicable,Gasoline,1999,ICE,Not Applicable,2,Statewide,984
15366,2020,T7,8,Diesel,2017,ICE,Not Applicable,2,Statewide,984
15367,2020,T6,7,Diesel,2009,ICE,Not Applicable,≥4,Statewide,1097
15368,2020,T1,1,Gasoline,2010,ICE,Not Applicable,2,Statewide,6207
15369,2020,P,Not Applicable,Diesel,2015,ICE,Not Applicable,1,Statewide,1671
15370,2020,T6,6,Diesel,2004,ICE,Not Applicable,2,Statewide,256
15371,2020,T3,Unknown,Gasoline,1977,ICE,Not Applicable,≥4,Statewide,256
15372,2020,BT,Not Applicable,Diesel,1989,ICE,Not Applicable,≥4,Statewide,257
15373,2020,T6,4,Diesel,2006,ICE,Not Applicable,2,Statewide,257
15374,2020,T4,Unknown,Diesel,2010,ICE,Not Applicable,≥4,Statewide,11
15375,2020,T4,Unknown,Diesel,2017,ICE,Not Applicable,≥4,Statewide,11
15376,2020,T5,3,Diesel,1990,ICE,Not Applicable,1,Statewide,11
15377,2020,T5,3,Diesel,2022,ICE,Not Applicable,1,Statewide,11
15378,2020,T6,7,Diesel,1977,ICE,Not Applicable,1,Statewide,11
15379,2020,T6,7,Diesel,1978,ICE,Not Applicable,1,Statewide,11
15380,2020,T6,7,Diesel,1984,ICE,Not Applicable,2,Statewide,11
15381,2020,T6,5,Diesel,1996,ICE,Not Applicable,3,Statewide,11
15382,2020,T7,8,Diesel,1984,ICE,Not Applicable,1,Statewide,11
15383,2020,BT,Not Applicable,Electric,1998,BEV,Unknown,≥4,Statewide,11
15384,2020,BT,Not Applicable,Electric,2005,BEV,Unknown,≥4,Statewide,11
15385,2020,T4,Unknown,Diesel,2008,ICE,Not Applicable,2,Statewide,11
15386,2020,MC,Not Applicable,Electric,2013,BEV,Unknown,1,Statewide,11
15387,2020,P,Not Applicable,Electric,2016,BEV,51 to 100 miles,3,Statewide,958
15388,2020,T6,Unknown,Gasoline,1976,ICE,Not Applicable,1,Statewide,957
15389,2020,MC,Not Applicable,Electric,2014,BEV,Unknown,≥4,Statewide,11
15390,2020,T3,Unknown,Gasoline,2016,ICE,Not Applicable,3,Statewide,1101
15391,2020,P,Not Applicable,Electric,2001,BEV,Unknown,≥4,Statewide,11
15392,2020,T2,1,Gasoline,1980,ICE,Not Applicable,≥4,Statewide,956
15393,2020,P,Not Applicable,Electric,2022,BEV,101 to 150 miles,2,Statewide,11
15394,2020,P,Not Applicable,Electric,2022,BEV,51 to 100 miles,2,Statewide,11
15395,2020,T2,1,Electric,2016,BEV,51 to 100 miles,≥4,Statewide,11
15396,2020,T3,Unknown,Electric,2005,BEV,Unknown,≥4,Statewide,11
15397,2020,B,Not Applicable,Gasoline,1981,ICE,Not Applicable,≥4,Statewide,11
15398,2020,B,Not Applicable,Gasoline,1985,ICE,Not Applicable,≥4,Statewide,11
15399,2020,T6,Unknown,Diesel,1996,ICE,Not Applicable,2,Statewide,1
15400,2020,MC,Not Applicable,Gasoline,1991,ICE,Not Applicable,3,Statewide,958
15401,2020,T7,8,Natural Gas,2021,ICE,Not Applicable,1,Statewide,20
15402,2020,T4,2,Gasoline,1990,ICE,Not Applicable,≥4,Statewide,1668
15403,2020,T5,3,Gasoline,2021,ICE,Not Applicable,≥4,Statewide,966
15404,2020,T3,2,Diesel,2016,ICE,Not Applicable,≥4,Statewide,972
15405,2020,P,Not Applicable,Diesel,2014,ICE,Not Applicable,1,Statewide,972
15406,2020,BS,Not Applicable,Diesel,2018,ICE,Not Applicable,3,Statewide,11
15407,2020,BS,Not Applicable,Diesel,2018,ICE,Not Applicable,2,Statewide,11
15408,2020,MH,Not Applicable,Gasoline,2000,ICE,Not Applicable,3,Statewide,971
15409,2020,BS,Not Applicable,Diesel,2021,ICE,Not Applicable,3,Statewide,11
15410,2020,BT,Not Applicable,Diesel,1997,ICE,Not Applicable,3,Statewide,11
15411,2020,BT,Not Applicable,Diesel,2002,ICE,Not Applicable,1,Statewide,11
15412,2020,MH,Not Applicable,Diesel,1976,ICE,Not Applicable,3,Statewide,11
15413,2020,MC,Not Applicable,Gasoline,2000,ICE,Not Applicable,1,Statewide,970
15414,2020,MH,Not Applicable,Diesel,1993,ICE,Not Applicable,3,Statewide,11
15415,2020,P,Not Applicable,Gasoline,2019,ICE,Not Applicable,2,Statewide,233550
15416,2020,T4,2,Diesel,2014,ICE,Not Applicable,2,Statewide,969
15417,2020,T6,Unknown,Diesel,1997,ICE,Not Applicable,2,Statewide,1
15418,2020,P,Not Applicable,Diesel,1998,ICE,Not Applicable,3,Statewide,11
15419,2020,T6,Unknown,Diesel,2001,ICE,Not Applicable,1,Statewide,1
15420,2020,T1,Unknown,Diesel,1988,ICE,Not Applicable,≥4,Statewide,11
15421,2020,T6,Unknown,Diesel,2001,ICE,Not Applicable,2,Statewide,1
15422,2020,T6,Unknown,Diesel,1999,ICE,Not Applicable,3,Statewide,1
15423,2020,T6,Unknown,Diesel,1997,ICE,Not Applicable,1,Statewide,1
15424,2020,T1,Unknown,Diesel,2018,ICE,Not Applicable,≥4,Statewide,11
15425,2020,T2,Unknown,Diesel,1990,ICE,Not Applicable,≥4,Statewide,11
15426,2020,T2,Unknown,Diesel,1991,ICE,Not Applicable,≥4,Statewide,11
15427,2020,T2,Unknown,Diesel,1993,ICE,Not Applicable,≥4,Statewide,11
15428,2020,T2,1,Diesel,2014,ICE,Not Applicable,3,Statewide,11
15429,2020,T2,1,Diesel,2015,ICE,Not Applicable,3,Statewide,11
15430,2020,T3,Unknown,Diesel,1992,ICE,Not Applicable,≥4,Statewide,11
15431,2020,T3,Unknown,Diesel,2020,ICE,Not Applicable,≥4,Statewide,11
15432,2020,T6,Unknown,Diesel,2003,ICE,Not Applicable,3,Statewide,1
15433,2020,MC,Not Applicable,Gasoline,2015,ICE,Not Applicable,≥4,Statewide,7418
15434,2020,T3,2,Gasoline,2003,ICE,Not Applicable,1,Statewide,15825
15435,2020,MH,Not Applicable,Gasoline,2013,ICE,Not Applicable,2,Statewide,323
15436,2020,T6,5,Gasoline,1990,ICE,Not Applicable,1,Statewide,8
15437,2020,T6,Unknown,Diesel,1996,ICE,Not Applicable,≥4,Statewide,18
15438,2020,MH,Not Applicable,Diesel,1998,ICE,Not Applicable,≥4,Statewide,317
15439,2020,T6,7,Gasoline,1989,ICE,Not Applicable,1,Statewide,8
15440,2020,T4,2,Gasoline,2015,ICE,Not Applicable,3,Statewide,335
15441,2020,P,Not Applicable,Diesel,2010,ICE,Not Applicable,3,Statewide,317
15442,2020,MH,Not Applicable,Gasoline,1991,ICE,Not Applicable,1,Statewide,335
15443,2020,T4,2,Gasoline,1976,ICE,Not Applicable,1,Statewide,1499
15444,2020,T6,6,Gasoline,1986,ICE,Not Applicable,1,Statewide,8
15445,2020,T6,5,Gasoline,1980,ICE,Not Applicable,1,Statewide,8
15446,2020,T6,Unknown,Diesel,2020,ICE,Not Applicable,3,Statewide,10
15447,2020,P,Not Applicable,Gasoline,1980,ICE,Not Applicable,2,Statewide,1137
15448,2020,T6,4,Gasoline,1978,ICE,Not Applicable,≥4,Statewide,8
15449,2020,T6,5,Gasoline,1977,ICE,Not Applicable,2,Statewide,8
15450,2020,T5,3,Gasoline,1987,ICE,Not Applicable,2,Statewide,8
15451,2020,B,Not Applicable,Diesel,1991,ICE,Not Applicable,3,Statewide,10
15452,2020,T7,8,Diesel,2011,ICE,Not Applicable,3,Statewide,317
15453,2020,T4,Unknown,Gasoline,1976,ICE,Not Applicable,2,Statewide,317
15454,2020,T6,4,Gasoline,1996,ICE,Not Applicable,≥4,Statewide,334
15455,2020,BS,Not Applicable,Gasoline,2013,ICE,Not Applicable,≥4,Statewide,334
15456,2020,B,Not Applicable,Gasoline,2019,ICE,Not Applicable,≥4,Statewide,334
15457,2020,T6,4,Diesel,2009,ICE,Not Applicable,1,Statewide,334
15458,2020,T6,7,Gasoline,1979,ICE,Not Applicable,1,Statewide,8
15459,2020,B,Not Applicable,Diesel,1990,ICE,Not Applicable,1,Statewide,10
15460,2020,T6,6,Gasoline,1992,ICE,Not Applicable,2,Statewide,8
15461,2020,T6,4,Gasoline,1992,ICE,Not Applicable,1,Statewide,8
15462,2020,BS,Not Applicable,Diesel,2022,ICE,Not Applicable,≥4,Statewide,316
15463,2020,T6,4,Diesel,2008,ICE,Not Applicable,1,Statewide,316
15464,2020,MH,Not Applicable,Gasoline,1990,ICE,Not Applicable,2,Statewide,316
15465,2020,T2,1,Gasoline,1987,ICE,Not Applicable,1,Statewide,316
15466,2020,T6,7,Gasoline,2002,ICE,Not Applicable,2,Statewide,8
15467,2020,T5,3,Gasoline,2012,ICE,Not Applicable,1,Statewide,316
15468,2020,MH,Not Applicable,Gasoline,2010,ICE,Not Applicable,3,Statewide,1127
15469,2020,T6,7,Gasoline,2000,ICE,Not Applicable,2,Statewide,8
15470,2020,T6,6,Gasoline,1999,ICE,Not Applicable,3,Statewide,8
15471,2020,BT,Not Applicable,Natural Gas,2012,ICE,Not Applicable,≥4,Statewide,316
15472,2020,T6,5,Diesel,2022,ICE,Not Applicable,3,Statewide,18
15473,2020,T6,5,Diesel,2003,ICE,Not Applicable,2,Statewide,18
15474,2020,T6,Unknown,Diesel,2000,ICE,Not Applicable,≥4,Statewide,18
15475,2020,T6,5,Diesel,2000,ICE,Not Applicable,2,Statewide,18
15476,2020,T6,5,Diesel,1997,ICE,Not Applicable,2,Statewide,18
15477,2020,MC,Not Applicable,Electric,1996,BEV,Unknown,≥4,Statewide,10
15478,2020,MC,Not Applicable,Diesel,2001,ICE,Not Applicable,1,Statewide,1
15479,2020,T6,7,Gasoline,1997,ICE,Not Applicable,1,Statewide,8
15480,2020,MC,Not Applicable,Diesel,2001,ICE,Not Applicable,3,Statewide,1
15481,2020,T2,Unknown,Gasoline,1978,ICE,Not Applicable,2,Statewide,336
15482,2020,T5,3,Diesel,2015,ICE,Not Applicable,3,Statewide,336
15483,2020,T6,7,Gasoline,1994,ICE,Not Applicable,3,Statewide,8
15484,2020,MH,Not Applicable,Gasoline,2006,ICE,Not Applicable,≥4,Statewide,1499
15485,2020,T6,6,Diesel,1993,ICE,Not Applicable,3,Statewide,18
15486,2020,T6,7,Gasoline,2002,ICE,Not Applicable,1,Statewide,8
15487,2020,T6,6,Diesel,1992,ICE,Not Applicable,2,Statewide,18
15488,2020,T5,3,Diesel,2015,ICE,Not Applicable,1,Statewide,334
15489,2020,BS,Not Applicable,Diesel,2016,ICE,Not Applicable,1,Statewide,18
15490,2020,T4,Unknown,Diesel,2021,ICE,Not Applicable,≥4,Statewide,1524
15491,2020,T6,5,Diesel,1994,ICE,Not Applicable,3,Statewide,10
15492,2020,T6,6,Diesel,1989,ICE,Not Applicable,2,Statewide,10
15493,2020,T6,6,Diesel,1988,ICE,Not Applicable,2,Statewide,10
15494,2020,T6,6,Diesel,2007,ICE,Not Applicable,1,Statewide,319
15495,2020,T6,Unknown,Diesel,1985,ICE,Not Applicable,≥4,Statewide,10
15496,2020,P,Not Applicable,Electric,2020,BEV,Unknown,≥4,Statewide,319
15497,2020,MH,Not Applicable,Gasoline,2003,ICE,Not Applicable,1,Statewide,319
15498,2020,T2,Unknown,Gasoline,1983,ICE,Not Applicable,≥4,Statewide,319
15499,2020,MC,Not Applicable,Diesel,1985,ICE,Not Applicable,≥4,Statewide,1
15500,2020,BS,Not Applicable,Diesel,2006,ICE,Not Applicable,2,Statewide,18
15501,2020,BS,Not Applicable,Diesel,1993,ICE,Not Applicable,2,Statewide,18
15502,2020,B,Not Applicable,Diesel,2009,ICE,Not Applicable,3,Statewide,18
15503,2020,B,Not Applicable,Diesel,2008,ICE,Not Applicable,3,Statewide,18
15504,2020,B,Not Applicable,Diesel,1995,ICE,Not Applicable,3,Statewide,18
15505,2020,MC,Not Applicable,Diesel,1980,ICE,Not Applicable,3,Statewide,1
15506,2020,MC,Not Applicable,Diesel,1979,ICE,Not Applicable,1,Statewide,1
15507,2020,T4,Unknown,Gasoline,1994,ICE,Not Applicable,1,Statewide,8
15508,2020,P,Not Applicable,Gasoline,2015,ICE,Not Applicable,1,Statewide,172019
15509,2020,MH,Not Applicable,Diesel,2016,ICE,Not Applicable,≥4,Statewide,320
15510,2020,P,Not Applicable,Gasoline,1985,ICE,Not Applicable,2,Statewide,853
15511,2020,BS,Not Applicable,Diesel,2005,ICE,Not Applicable,3,Statewide,18
15512,2020,MC,Not Applicable,Diesel,1985,ICE,Not Applicable,1,Statewide,1
15513,2020,MC,Not Applicable,Diesel,1989,ICE,Not Applicable,1,Statewide,1
15514,2020,BS,Not Applicable,Diesel,2020,ICE,Not Applicable,3,Statewide,18
15515,2020,T3,2,Diesel,2015,ICE,Not Applicable,1,Statewide,334
15516,2020,P,Not Applicable,Gasoline,2000,ICE,Not Applicable,1,Statewide,43060
15517,2020,T5,3,Diesel,2022,ICE,Not Applicable,≥4,Statewide,18
15518,2020,MC,Not Applicable,Diesel,1998,ICE,Not Applicable,3,Statewide,1
15519,2020,MC,Not Applicable,Diesel,1997,ICE,Not Applicable,3,Statewide,1
15520,2020,T2,1,Gasoline,2006,ICE,Not Applicable,3,Statewide,43037
15521,2020,T6,5,Gasoline,2017,ICE,Not Applicable,≥4,Statewide,1504
15522,2020,MC,Not Applicable,Diesel,1996,ICE,Not Applicable,1,Statewide,1
15523,2020,T6,Unknown,Diesel,1998,ICE,Not Applicable,≥4,Statewide,10
15524,2020,T5,3,Gasoline,1978,ICE,Not Applicable,≥4,Statewide,8
15525,2020,MC,Not Applicable,Diesel,1994,ICE,Not Applicable,≥4,Statewide,1
15526,2020,T2,1,Diesel,1985,ICE,Not Applicable,1,Statewide,18
15527,2020,T4,Unknown,Gasoline,1999,ICE,Not Applicable,3,Statewide,8
15528,2020,T2,1,Diesel,2020,ICE,Not Applicable,1,Statewide,1506
15529,2020,T2,1,Diesel,1984,ICE,Not Applicable,2,Statewide,18
15530,2020,P,Not Applicable,Diesel,1998,ICE,Not Applicable,2,Statewide,18
15531,2020,P,Not Applicable,Electric,2017,BEV,>150 miles,3,Statewide,318
15532,2020,T2,1,Gasoline,1986,ICE,Not Applicable,2,Statewide,318
15533,2020,T6,6,Gasoline,1984,ICE,Not Applicable,≥4,Statewide,318
15534,2020,MH,Not Applicable,Diesel,1994,ICE,Not Applicable,1,Statewide,18
15535,2020,MH,Not Applicable,Diesel,1988,ICE,Not Applicable,3,Statewide,18
15536,2020,MH,Not Applicable,Diesel,1976,ICE,Not Applicable,2,Statewide,18
15537,2020,BT,Not Applicable,Diesel,1985,ICE,Not Applicable,≥4,Statewide,18
15538,2020,T6,5,Diesel,1991,ICE,Not Applicable,≥4,Statewide,18
15539,2020,B,Not Applicable,Diesel,2016,ICE,Not Applicable,3,Statewide,8
15540,2020,T6,7,Gasoline,2005,ICE,Not Applicable,1,Statewide,8
15541,2020,MC,Not Applicable,Diesel,2002,ICE,Not Applicable,2,Statewide,1
15542,2020,MC,Not Applicable,Diesel,2016,ICE,Not Applicable,2,Statewide,1
15543,2020,T6,4,Gasoline,2022,ICE,Not Applicable,3,Statewide,18
15544,2020,T7,8,Diesel,2007,ICE,Not Applicable,1,Statewide,313
15545,2020,P,Not Applicable,Gasoline,1976,ICE,Not Applicable,1,Statewide,37449
15546,2020,T1,1,Gasoline,2020,ICE,Not Applicable,≥4,Statewide,37619
15547,2020,T2,1,Gasoline,2004,ICE,Not Applicable,1,Statewide,37673
15548,2020,T4,2,Gasoline,1986,ICE,Not Applicable,≥4,Statewide,834
15549,2020,T5,3,Gasoline,2000,ICE,Not Applicable,1,Statewide,313
15550,2020,T4,2,Diesel,2009,ICE,Not Applicable,3,Statewide,6476
15551,2020,BS,Not Applicable,Natural Gas,2008,ICE,Not Applicable,≥4,Statewide,313
15552,2020,T6,4,Diesel,2021,ICE,Not Applicable,≥4,Statewide,833
15553,2020,MC,Not Applicable,Gasoline,1998,ICE,Not Applicable,2,Statewide,835
15554,2020,P,Not Applicable,Electric,2017,BEV,>150 miles,2,Statewide,338
15555,2020,T6,5,Diesel,2017,ICE,Not Applicable,1,Statewide,338
15556,2020,BT,Not Applicable,Diesel,1997,ICE,Not Applicable,≥4,Statewide,338
15557,2020,MC,Not Applicable,Gasoline,2010,ICE,Not Applicable,2,Statewide,6458
15558,2020,T2,1,Gasoline,2005,ICE,Not Applicable,3,Statewide,43468
15559,2020,T6,Unknown,Gasoline,2019,ICE,Not Applicable,≥4,Statewide,18
15560,2020,T5,3,Diesel,2019,ICE,Not Applicable,3,Statewide,858
15561,2020,P,Not Applicable,Gasoline,1999,ICE,Not Applicable,≥4,Statewide,43347
15562,2020,B,Not Applicable,Diesel,1987,ICE,Not Applicable,1,Statewide,10
15563,2020,T6,6,Natural Gas,2011,ICE,Not Applicable,≥4,Statewide,8
15564,2020,MH,Not Applicable,Gasoline,1991,ICE,Not Applicable,≥4,Statewide,835
15565,2020,T3,2,Gasoline,2012,ICE,Not Applicable,3,Statewide,43845
15566,2020,P,Not Applicable,Diesel,1986,ICE,Not Applicable,≥4,Statewide,833
15567,2020,T3,2,Gasoline,1991,ICE,Not Applicable,1,Statewide,832
15568,2020,MC,Not Applicable,Diesel,2019,ICE,Not Applicable,2,Statewide,1
15569,2020,MC,Not Applicable,Diesel,2017,ICE,Not Applicable,2,Statewide,1
15570,2020,T5,3,Diesel,2014,ICE,Not Applicable,2,Statewide,340
15571,2020,P,Not Applicable,Diesel,2007,ICE,Not Applicable,3,Statewide,340
15572,2020,P,Not Applicable,Gasoline,1988,ICE,Not Applicable,3,Statewide,1544
15573,2020,T2,Unknown,Diesel,2017,ICE,Not Applicable,3,Statewide,312
15574,2020,T6,6,Diesel,1997,ICE,Not Applicable,≥4,Statewide,312
15575,2020,BT,Not Applicable,Natural Gas,2014,ICE,Not Applicable,≥4,Statewide,312
15576,2020,T4,2,Natural Gas,2017,ICE,Not Applicable,≥4,Statewide,18
15577,2020,P,Not Applicable,Natural Gas,2020,ICE,Not Applicable,2,Statewide,18
15578,2020,P,Not Applicable,Natural Gas,2020,ICE,Not Applicable,3,Statewide,18
15579,2020,BS,Not Applicable,Natural Gas,2008,ICE,Not Applicable,1,Statewide,18
15580,2020,MC,Not Applicable,Diesel,2017,ICE,Not Applicable,≥4,Statewide,1
15581,2020,T6,5,Gasoline,2016,ICE,Not Applicable,≥4,Statewide,1141
15582,2020,MC,Not Applicable,Gasoline,2018,ICE,Not Applicable,1,Statewide,6596
15583,2020,T1,1,Hydrogen,2020,FCEV,>150 miles,2,Statewide,18
15584,2020,T1,1,Gasoline,2017,ICE,Not Applicable,3,Statewide,6594
15585,2020,T3,Unknown,Gasoline,2009,ICE,Not Applicable,1,Statewide,6593
15586,2020,MC,Not Applicable,Gasoline,1981,ICE,Not Applicable,3,Statewide,339
15587,2020,T6,7,Diesel,1989,ICE,Not Applicable,≥4,Statewide,339
15588,2020,T1,1,Gasoline,1998,ICE,Not Applicable,3,Statewide,6571
15589,2020,P,Not Applicable,Electric,2017,BEV,51 to 100 miles,≥4,Statewide,832
15590,2020,MH,Not Applicable,Gasoline,1976,ICE,Not Applicable,≥4,Statewide,832
15591,2020,T6,5,Gasoline,2010,ICE,Not Applicable,2,Statewide,18
15592,2020,T7,8,Diesel,1983,ICE,Not Applicable,1,Statewide,18
15593,2020,T4,2,Natural Gas,2004,ICE,Not Applicable,1,Statewide,8
15594,2020,T3,2,Natural Gas,1999,ICE,Not Applicable,1,Statewide,8
15595,2020,T2,Unknown,Gasoline,1990,ICE,Not Applicable,3,Statewide,18
15596,2020,MC,Not Applicable,Electric,2012,BEV,Unknown,≥4,Statewide,10
15597,2020,MC,Not Applicable,Diesel,2006,ICE,Not Applicable,1,Statewide,1
15598,2020,MC,Not Applicable,Diesel,2005,ICE,Not Applicable,1,Statewide,1
15599,2020,MC,Not Applicable,Diesel,2004,ICE,Not Applicable,≥4,Statewide,1
15600,2020,MC,Not Applicable,Diesel,2003,ICE,Not Applicable,3,Statewide,1
15601,2020,BT,Not Applicable,Gasoline,1996,ICE,Not Applicable,≥4,Statewide,18
15602,2020,T3,Unknown,Gasoline,2004,ICE,Not Applicable,2,Statewide,315
15603,2020,B,Not Applicable,Gasoline,2019,ICE,Not Applicable,3,Statewide,18
15604,2020,T6,6,Gasoline,2016,ICE,Not Applicable,1,Statewide,8
15605,2020,MC,Not Applicable,Electric,2012,BEV,Unknown,3,Statewide,10
15606,2020,T6,5,Gasoline,2015,ICE,Not Applicable,3,Statewide,8
15607,2020,T6,5,Gasoline,2014,ICE,Not Applicable,3,Statewide,8
15608,2020,B,Not Applicable,Gasoline,2000,ICE,Not Applicable,1,Statewide,18
15609,2020,B,Not Applicable,Gasoline,1999,ICE,Not Applicable,2,Statewide,18
15610,2020,B,Not Applicable,Gasoline,1998,ICE,Not Applicable,1,Statewide,18
15611,2020,B,Not Applicable,Gasoline,1979,ICE,Not Applicable,≥4,Statewide,18
15612,2020,T2,Unknown,Electric,2013,BEV,Unknown,≥4,Statewide,18
15613,2020,MC,Not Applicable,Electric,2016,BEV,Unknown,≥4,Statewide,18
15614,2020,MC,Not Applicable,Electric,2015,BEV,Unknown,≥4,Statewide,18
15615,2020,B,Not Applicable,Electric,1976,BEV,Unknown,≥4,Statewide,18
15616,2020,MC,Not Applicable,Diesel,2002,ICE,Not Applicable,1,Statewide,1
15617,2020,T6,4,Gasoline,2014,ICE,Not Applicable,2,Statewide,8
15618,2020,B,Not Applicable,Natural Gas,2007,ICE,Not Applicable,1,Statewide,8
15619,2020,T3,Unknown,Gasoline,1989,ICE,Not Applicable,1,Statewide,18
15620,2020,T4,Unknown,Gasoline,1979,ICE,Not Applicable,1,Statewide,18
15621,2020,T6,6,Gasoline,1998,ICE,Not Applicable,1,Statewide,18
15622,2020,MC,Not Applicable,Diesel,2016,ICE,Not Applicable,3,Statewide,1
15623,2020,MC,Not Applicable,Diesel,2015,ICE,Not Applicable,1,Statewide,1
15624,2020,MC,Not Applicable,Diesel,2015,ICE,Not Applicable,3,Statewide,1
15625,2020,MC,Not Applicable,Diesel,2012,ICE,Not Applicable,1,Statewide,1
15626,2020,BT,Not Applicable,Natural Gas,2006,ICE,Not Applicable,1,Statewide,8
15627,2020,MC,Not Applicable,Diesel,2011,ICE,Not Applicable,1,Statewide,1
15628,2020,MH,Not Applicable,Diesel,2010,ICE,Not Applicable,≥4,Statewide,1540
15629,2020,MC,Not Applicable,Diesel,2011,ICE,Not Applicable,2,Statewide,1
15630,2020,MC,Not Applicable,Diesel,2008,ICE,Not Applicable,2,Statewide,1
15631,2020,BS,Not Applicable,Natural Gas,2002,ICE,Not Applicable,1,Statewide,8
15632,2020,T6,5,Gasoline,1994,ICE,Not Applicable,≥4,Statewide,18
15633,2020,T6,Unknown,Gasoline,1979,ICE,Not Applicable,≥4,Statewide,18
15634,2020,T3,2,Diesel,2018,ICE,Not Applicable,3,Statewide,314
15635,2020,MH,Not Applicable,Gasoline,2021,ICE,Not Applicable,2,Statewide,314
15636,2020,T2,Unknown,Gasoline,1979,ICE,Not Applicable,2,Statewide,314
15637,2020,T4,Unknown,Gasoline,2015,ICE,Not Applicable,≥4,Statewide,18
15638,2020,T4,Unknown,Gasoline,2014,ICE,Not Applicable,2,Statewide,18
15639,2020,P,Not Applicable,Natural Gas,2017,ICE,Not Applicable,1,Statewide,337
15640,2020,BS,Not Applicable,Natural Gas,2016,ICE,Not Applicable,≥4,Statewide,337
15641,2020,MC,Not Applicable,Gasoline,1980,ICE,Not Applicable,2,Statewide,337
15642,2020,P,Not Applicable,Electric,2020,BEV,Unknown,2,Statewide,337
15643,2020,BS,Not Applicable,Natural Gas,2002,ICE,Not Applicable,2,Statewide,8
15644,2020,T3,2,Natural Gas,2002,ICE,Not Applicable,1,Statewide,8
15645,2020,MH,Not Applicable,Diesel,1977,ICE,Not Applicable,1,Statewide,1
15646,2020,T6,6,Diesel,1985,ICE,Not Applicable,≥4,Statewide,10
15647,2020,MC,Not Applicable,Gasoline,2002,ICE,Not Applicable,≥4,Statewide,4829
15648,2020,T3,2,Gasoline,1982,ICE,Not Applicable,2,Statewide,845
15649,2020,T5,3,Diesel,2002,ICE,Not Applicable,≥4,Statewide,845
15650,2020,T1,1,Diesel,1992,ICE,Not Applicable,≥4,Statewide,10
15651,2020,B,Not Applicable,Diesel,1999,ICE,Not Applicable,1,Statewide,10
15652,2020,T5,3,Gasoline,2003,ICE,Not Applicable,≥4,Statewide,1131
15653,2020,P,Not Applicable,Diesel,1994,ICE,Not Applicable,1,Statewide,10
15654,2020,T6,6,Diesel,1987,ICE,Not Applicable,3,Statewide,8
15655,2020,T6,6,Diesel,1987,ICE,Not Applicable,2,Statewide,8
15656,2020,T6,5,Diesel,1994,ICE,Not Applicable,2,Statewide,8
15657,2020,T6,Unknown,Diesel,1994,ICE,Not Applicable,1,Statewide,8
15658,2020,T2,1,Diesel,1983,ICE,Not Applicable,2,Statewide,10
15659,2020,T6,5,Diesel,1996,ICE,Not Applicable,2,Statewide,8
15660,2020,T6,Unknown,Diesel,2016,ICE,Not Applicable,2,Statewide,8
15661,2020,T6,5,Diesel,2021,ICE,Not Applicable,2,Statewide,330
15662,2020,T7,8,Diesel,2010,ICE,Not Applicable,2,Statewide,330
15663,2020,T3,2,Gasoline,1979,ICE,Not Applicable,2,Statewide,330
15664,2020,T6,Unknown,Diesel,2017,ICE,Not Applicable,3,Statewide,8
15665,2020,T6,Unknown,Diesel,2018,ICE,Not Applicable,2,Statewide,8
15666,2020,T6,4,Diesel,2022,ICE,Not Applicable,2,Statewide,8
15667,2020,T7,8,Diesel,1984,ICE,Not Applicable,2,Statewide,8
15668,2020,MC,Not Applicable,Electric,2016,BEV,Unknown,1,Statewide,8
15669,2020,T2,Unknown,Electric,2021,BEV,>150 miles,1,Statewide,1136
15670,2020,T6,5,Diesel,1996,ICE,Not Applicable,1,Statewide,8
15671,2020,T2,1,Diesel,1983,ICE,Not Applicable,1,Statewide,10
15672,2020,T2,1,Diesel,1989,ICE,Not Applicable,3,Statewide,10
15673,2020,T2,1,Diesel,2012,ICE,Not Applicable,≥4,Statewide,10
15674,2020,B,Not Applicable,Diesel,1977,ICE,Not Applicable,1,Statewide,1
15675,2020,T3,2,Diesel,1992,ICE,Not Applicable,≥4,Statewide,8
15676,2020,T3,2,Diesel,1993,ICE,Not Applicable,≥4,Statewide,8
15677,2020,T3,2,Diesel,1996,ICE,Not Applicable,3,Statewide,10
15678,2020,T3,2,Gasoline,1980,ICE,Not Applicable,≥4,Statewide,1129
15679,2020,T4,2,Diesel,1994,ICE,Not Applicable,3,Statewide,329
15680,2020,P,Not Applicable,Gasoline,2016,ICE,Not Applicable,1,Statewide,171118
15681,2020,B,Not Applicable,Gasoline,2015,ICE,Not Applicable,≥4,Statewide,329
15682,2020,T2,1,Gasoline,1985,ICE,Not Applicable,≥4,Statewide,329
15683,2020,T4,2,Gasoline,1997,ICE,Not Applicable,2,Statewide,1130
15684,2020,T4,2,Gasoline,1989,ICE,Not Applicable,3,Statewide,329
15685,2020,T7,8,Gasoline,1976,ICE,Not Applicable,2,Statewide,329
15686,2020,T3,2,Diesel,1994,ICE,Not Applicable,1,Statewide,8
15687,2020,T3,Unknown,Diesel,2020,ICE,Not Applicable,3,Statewide,8
15688,2020,T3,Unknown,Diesel,2020,ICE,Not Applicable,1,Statewide,8
15689,2020,T4,Unknown,Diesel,1985,ICE,Not Applicable,≥4,Statewide,8
15690,2020,T4,Unknown,Diesel,1998,ICE,Not Applicable,≥4,Statewide,8
15691,2020,T4,Unknown,Diesel,2001,ICE,Not Applicable,2,Statewide,8
15692,2020,T4,Unknown,Diesel,2004,ICE,Not Applicable,≥4,Statewide,8
15693,2020,T3,Unknown,Diesel,1983,ICE,Not Applicable,≥4,Statewide,10
15694,2020,T6,6,Diesel,1978,ICE,Not Applicable,≥4,Statewide,8
15695,2020,T2,1,Diesel,2013,ICE,Not Applicable,3,Statewide,10
15696,2020,MH,Not Applicable,Gasoline,1989,ICE,Not Applicable,≥4,Statewide,1131
15697,2020,P,Not Applicable,Electric,2004,BEV,Unknown,1,Statewide,8
15698,2020,B,Not Applicable,Diesel,1980,ICE,Not Applicable,3,Statewide,1
15699,2020,T3,2,Gasoline,2006,ICE,Not Applicable,1,Statewide,42178
15700,2020,T2,Unknown,Electric,2015,BEV,Unknown,1,Statewide,8
15701,2020,T4,2,Gasoline,1998,ICE,Not Applicable,1,Statewide,1135
15702,2020,B,Not Applicable,Diesel,2011,ICE,Not Applicable,3,Statewide,10
15703,2020,T1,Unknown,Gasoline,1992,ICE,Not Applicable,2,Statewide,8
15704,2020,B,Not Applicable,Diesel,2016,ICE,Not Applicable,2,Statewide,10
15705,2020,P,Not Applicable,Gasoline,2013,ICE,Not Applicable,2,Statewide,166066
15706,2020,T3,2,Gasoline,1981,ICE,Not Applicable,2,Statewide,332
15707,2020,T4,2,Gasoline,2014,ICE,Not Applicable,3,Statewide,332
15708,2020,BS,Not Applicable,Gasoline,1989,ICE,Not Applicable,2,Statewide,8
15709,2020,MC,Not Applicable,Gasoline,1999,ICE,Not Applicable,1,Statewide,841
15710,2020,T1,Unknown,Gasoline,1986,ICE,Not Applicable,2,Statewide,8
15711,2020,B,Not Applicable,Diesel,2009,ICE,Not Applicable,2,Statewide,10
15712,2020,MH,Not Applicable,Gasoline,1985,ICE,Not Applicable,2,Statewide,8
15713,2020,BS,Not Applicable,Gasoline,2009,ICE,Not Applicable,2,Statewide,8
15714,2020,T5,3,Diesel,2021,ICE,Not Applicable,3,Statewide,841
15715,2020,BS,Not Applicable,Gasoline,2011,ICE,Not Applicable,2,Statewide,8
15716,2020,BS,Not Applicable,Gasoline,2020,ICE,Not Applicable,2,Statewide,8
15717,2020,BS,Not Applicable,Gasoline,2021,ICE,Not Applicable,2,Statewide,8
15718,2020,BT,Not Applicable,Gasoline,2006,ICE,Not Applicable,1,Statewide,8
15719,2020,T1,1,Gasoline,1976,ICE,Not Applicable,2,Statewide,1506
15720,2020,T6,7,Diesel,2011,ICE,Not Applicable,≥4,Statewide,1506
15721,2020,MH,Not Applicable,Diesel,2010,ICE,Not Applicable,2,Statewide,333
15722,2020,MH,Not Applicable,Gasoline,1986,ICE,Not Applicable,≥4,Statewide,333
15723,2020,BT,Not Applicable,Gasoline,2021,ICE,Not Applicable,2,Statewide,8
15724,2020,T3,2,Gasoline,1979,ICE,Not Applicable,3,Statewide,332
15725,2020,MH,Not Applicable,Gasoline,1976,ICE,Not Applicable,2,Statewide,332
15726,2020,BS,Not Applicable,Gasoline,1986,ICE,Not Applicable,1,Statewide,8
15727,2020,T3,Unknown,Gasoline,2016,ICE,Not Applicable,2,Statewide,1508
15728,2020,T6,6,Diesel,2005,ICE,Not Applicable,2,Statewide,331
15729,2020,T4,2,Gasoline,1978,ICE,Not Applicable,1,Statewide,331
15730,2020,T2,1,Electric,2018,BEV,101 to 150 miles,2,Statewide,8
15731,2020,T2,Unknown,Electric,2019,BEV,Unknown,≥4,Statewide,8
15732,2020,B,Not Applicable,Gasoline,1977,ICE,Not Applicable,3,Statewide,8
15733,2020,B,Not Applicable,Gasoline,1980,ICE,Not Applicable,≥4,Statewide,8
15734,2020,B,Not Applicable,Gasoline,1991,ICE,Not Applicable,1,Statewide,8
15735,2020,B,Not Applicable,Gasoline,1992,ICE,Not Applicable,1,Statewide,8
15736,2020,P,Not Applicable,Diesel,1979,ICE,Not Applicable,3,Statewide,10
15737,2020,BS,Not Applicable,Gasoline,1979,ICE,Not Applicable,2,Statewide,8
15738,2020,BS,Not Applicable,Gasoline,1980,ICE,Not Applicable,3,Statewide,8
15739,2020,T5,3,Diesel,2020,ICE,Not Applicable,2,Statewide,1508
15740,2020,T4,2,Diesel,1999,ICE,Not Applicable,≥4,Statewide,1507
15741,2020,MH,Not Applicable,Diesel,1989,ICE,Not Applicable,1,Statewide,10
15742,2020,P,Not Applicable,Natural Gas,2017,ICE,Not Applicable,≥4,Statewide,843
15743,2020,MC,Not Applicable,Gasoline,1996,ICE,Not Applicable,3,Statewide,843
15744,2020,MC,Not Applicable,Diesel,2012,ICE,Not Applicable,≥4,Statewide,10
15745,2020,P,Not Applicable,Gasoline,2008,ICE,Not Applicable,≥4,Statewide,166857
15746,2020,BS,Not Applicable,Diesel,2022,ICE,Not Applicable,3,Statewide,10
15747,2020,BS,Not Applicable,Diesel,2019,ICE,Not Applicable,3,Statewide,10
15748,2020,BS,Not Applicable,Diesel,2015,ICE,Not Applicable,3,Statewide,10
15749,2020,T7,8,Natural Gas,2017,ICE,Not Applicable,≥4,Statewide,841
15750,2020,T1,1,Electric,2005,BEV,Unknown,1,Statewide,8
15751,2020,B,Not Applicable,Diesel,2019,ICE,Not Applicable,3,Statewide,8
15752,2020,B,Not Applicable,Diesel,1980,ICE,Not Applicable,1,Statewide,1
15753,2020,T3,Unknown,Diesel,1990,ICE,Not Applicable,≥4,Statewide,8
15754,2020,BT,Not Applicable,Diesel,1992,ICE,Not Applicable,3,Statewide,1
15755,2020,BT,Not Applicable,Diesel,1990,ICE,Not Applicable,1,Statewide,1
15756,2020,BT,Not Applicable,Diesel,1990,ICE,Not Applicable,2,Statewide,1
15757,2020,MH,Not Applicable,Diesel,2012,ICE,Not Applicable,2,Statewide,323
15758,2020,T4,2,Diesel,1990,ICE,Not Applicable,1,Statewide,323
15759,2020,T2,1,Gasoline,2007,ICE,Not Applicable,3,Statewide,42895
15760,2020,BS,Not Applicable,Diesel,2001,ICE,Not Applicable,3,Statewide,8
15761,2020,T3,2,Gasoline,1996,ICE,Not Applicable,≥4,Statewide,4865
15762,2020,T4,2,Gasoline,2007,ICE,Not Applicable,2,Statewide,4865
15763,2020,T4,2,Diesel,2022,ICE,Not Applicable,3,Statewide,10
15764,2020,T5,3,Diesel,1987,ICE,Not Applicable,≥4,Statewide,10
15765,2020,T2,Unknown,Gasoline,2019,ICE,Not Applicable,2,Statewide,1129
15766,2020,T3,2,Gasoline,2006,ICE,Not Applicable,3,Statewide,42850
15767,2020,MC,Not Applicable,Gasoline,2009,ICE,Not Applicable,2,Statewide,4882
15768,2020,BS,Not Applicable,Diesel,2012,ICE,Not Applicable,3,Statewide,8
15769,2020,BT,Not Applicable,Diesel,1988,ICE,Not Applicable,2,Statewide,1
15770,2020,BT,Not Applicable,Diesel,1985,ICE,Not Applicable,1,Statewide,1
15771,2020,BT,Not Applicable,Diesel,1979,ICE,Not Applicable,1,Statewide,1
15772,2020,T4,Unknown,Gasoline,1982,ICE,Not Applicable,3,Statewide,8
15773,2020,T6,6,Diesel,2014,ICE,Not Applicable,≥4,Statewide,1519
15774,2020,T6,4,Diesel,2012,ICE,Not Applicable,2,Statewide,324
15775,2020,T5,3,Gasoline,2002,ICE,Not Applicable,3,Statewide,324
15776,2020,T4,Unknown,Diesel,2002,ICE,Not Applicable,1,Statewide,10
15777,2020,T4,2,Diesel,2010,ICE,Not Applicable,1,Statewide,4861
15778,2020,BS,Not Applicable,Gasoline,1976,ICE,Not Applicable,1,Statewide,322
15779,2020,T6,7,Diesel,2006,ICE,Not Applicable,≥4,Statewide,1521
15780,2020,T6,Unknown,Diesel,1983,ICE,Not Applicable,≥4,Statewide,10
15781,2020,P,Not Applicable,Gasoline,1991,ICE,Not Applicable,2,Statewide,4838
15782,2020,T6,6,Diesel,1980,ICE,Not Applicable,1,Statewide,10
15783,2020,MC,Not Applicable,Diesel,1978,ICE,Not Applicable,≥4,Statewide,1
15784,2020,MC,Not Applicable,Diesel,1977,ICE,Not Applicable,2,Statewide,1
15785,2020,BT,Not Applicable,Diesel,2016,ICE,Not Applicable,3,Statewide,1
15786,2020,BT,Not Applicable,Diesel,2011,ICE,Not Applicable,2,Statewide,1
15787,2020,T4,2,Gasoline,2005,ICE,Not Applicable,3,Statewide,4842
15788,2020,BT,Not Applicable,Diesel,2010,ICE,Not Applicable,3,Statewide,1
15789,2020,BT,Not Applicable,Diesel,2009,ICE,Not Applicable,2,Statewide,1
15790,2020,MH,Not Applicable,Diesel,2009,ICE,Not Applicable,1,Statewide,321
15791,2020,P,Not Applicable,Gasoline,2016,PHEV,0 to 50 miles,≥4,Statewide,321
15792,2020,BS,Not Applicable,Diesel,1983,ICE,Not Applicable,≥4,Statewide,8
15793,2020,T5,3,Diesel,1989,ICE,Not Applicable,1,Statewide,10
15794,2020,BS,Not Applicable,Diesel,1990,ICE,Not Applicable,3,Statewide,8
15795,2020,BS,Not Applicable,Diesel,1997,ICE,Not Applicable,3,Statewide,8
15796,2020,T5,3,Diesel,1989,ICE,Not Applicable,3,Statewide,10
15797,2020,BT,Not Applicable,Diesel,2008,ICE,Not Applicable,3,Statewide,1
15798,2020,BT,Not Applicable,Diesel,2004,ICE,Not Applicable,2,Statewide,1
15799,2020,BT,Not Applicable,Diesel,2003,ICE,Not Applicable,2,Statewide,1
15800,2020,BT,Not Applicable,Diesel,2003,ICE,Not Applicable,3,Statewide,1
15801,2020,BT,Not Applicable,Diesel,1998,ICE,Not Applicable,3,Statewide,1
15802,2020,BT,Not Applicable,Diesel,1994,ICE,Not Applicable,2,Statewide,1
15803,2020,T3,Unknown,Diesel,2011,ICE,Not Applicable,2,Statewide,10
15804,2020,B,Not Applicable,Diesel,1981,ICE,Not Applicable,1,Statewide,1
15805,2020,T4,Unknown,Gasoline,1981,ICE,Not Applicable,2,Statewide,8
15806,2020,P,Not Applicable,Diesel,2019,ICE,Not Applicable,2,Statewide,4905
15807,2020,T2,1,Diesel,1976,ICE,Not Applicable,≥4,Statewide,8
15808,2020,BS,Not Applicable,Diesel,1980,ICE,Not Applicable,3,Statewide,1
15809,2020,BS,Not Applicable,Diesel,1979,ICE,Not Applicable,2,Statewide,1
15810,2020,BS,Not Applicable,Diesel,1977,ICE,Not Applicable,2,Statewide,1
15811,2020,B,Not Applicable,Diesel,2022,ICE,Not Applicable,1,Statewide,1
15812,2020,B,Not Applicable,Diesel,2022,ICE,Not Applicable,2,Statewide,1
15813,2020,T6,6,Diesel,2003,ICE,Not Applicable,1,Statewide,327
15814,2020,MC,Not Applicable,Gasoline,1978,ICE,Not Applicable,2,Statewide,327
15815,2020,T5,3,Gasoline,1994,ICE,Not Applicable,≥4,Statewide,327
15816,2020,B,Not Applicable,Diesel,1998,ICE,Not Applicable,3,Statewide,10
15817,2020,P,Not Applicable,Diesel,1994,ICE,Not Applicable,2,Statewide,8
15818,2020,T2,1,Diesel,1980,ICE,Not Applicable,3,Statewide,8
15819,2020,P,Not Applicable,Gasoline,2019,ICE,Not Applicable,3,Statewide,164032
15820,2020,T3,Unknown,Diesel,1985,ICE,Not Applicable,1,Statewide,8
15821,2020,B,Not Applicable,Diesel,2022,ICE,Not Applicable,3,Statewide,1
15822,2020,B,Not Applicable,Diesel,1983,ICE,Not Applicable,1,Statewide,1
15823,2020,B,Not Applicable,Diesel,1982,ICE,Not Applicable,≥4,Statewide,1
15824,2020,T3,2,Diesel,1997,ICE,Not Applicable,3,Statewide,10
15825,2020,P,Not Applicable,Diesel,2014,ICE,Not Applicable,3,Statewide,850
15826,2020,MH,Not Applicable,Diesel,2007,ICE,Not Applicable,≥4,Statewide,850
15827,2020,MH,Not Applicable,Diesel,2010,ICE,Not Applicable,1,Statewide,328
15828,2020,P,Not Applicable,Diesel,2003,ICE,Not Applicable,≥4,Statewide,328
15829,2020,B,Not Applicable,Diesel,1999,ICE,Not Applicable,3,Statewide,10
15830,2020,P,Not Applicable,Diesel,1979,ICE,Not Applicable,1,Statewide,8
15831,2020,T4,2,Gasoline,1981,ICE,Not Applicable,≥4,Statewide,326
15832,2020,T3,Unknown,Gasoline,2003,ICE,Not Applicable,1,Statewide,326
15833,2020,BT,Not Applicable,Diesel,2006,ICE,Not Applicable,2,Statewide,8
15834,2020,BT,Not Applicable,Diesel,1978,ICE,Not Applicable,≥4,Statewide,1
15835,2020,BS,Not Applicable,Diesel,1989,ICE,Not Applicable,2,Statewide,1
15836,2020,BS,Not Applicable,Diesel,1988,ICE,Not Applicable,3,Statewide,1
15837,2020,BS,Not Applicable,Diesel,1984,ICE,Not Applicable,3,Statewide,1
15838,2020,T2,1,Gasoline,1986,ICE,Not Applicable,3,Statewide,325
15839,2020,T5,3,Gasoline,2007,ICE,Not Applicable,2,Statewide,325
15840,2020,BT,Not Applicable,Diesel,2016,ICE,Not Applicable,1,Statewide,8
15841,2020,BT,Not Applicable,Diesel,2018,ICE,Not Applicable,3,Statewide,8
15842,2020,T3,2,Diesel,2005,ICE,Not Applicable,1,Statewide,10
15843,2020,T3,2,Diesel,2003,ICE,Not Applicable,3,Statewide,10
15844,2020,BT,Not Applicable,Diesel,2019,ICE,Not Applicable,1,Statewide,8
15845,2020,BT,Not Applicable,Diesel,2021,ICE,Not Applicable,3,Statewide,8
15846,2020,T1,1,Gasoline,2022,PHEV,0 to 50 miles,1,Statewide,8
15847,2020,BS,Not Applicable,Diesel,1984,ICE,Not Applicable,≥4,Statewide,1
15848,2020,BS,Not Applicable,Diesel,1983,ICE,Not Applicable,3,Statewide,1
15849,2020,BS,Not Applicable,Diesel,1982,ICE,Not Applicable,1,Statewide,1
15850,2020,B,Not Applicable,Diesel,1996,ICE,Not Applicable,2,Statewide,10
15851,2020,BS,Not Applicable,Diesel,1980,ICE,Not Applicable,1,Statewide,1
15852,2020,P,Not Applicable,Diesel,1978,ICE,Not Applicable,2,Statewide,8
15853,2020,BT,Not Applicable,Diesel,2003,ICE,Not Applicable,≥4,Statewide,326
15854,2020,T6,6,Diesel,2021,ICE,Not Applicable,1,Statewide,326
15855,2020,T7,8,Diesel,1987,ICE,Not Applicable,≥4,Statewide,326
15856,2020,BS,Not Applicable,Diesel,2022,ICE,Not Applicable,2,Statewide,8
15857,2020,P,Not Applicable,Electric,2018,BEV,Unknown,≥4,Statewide,340
15858,2020,T3,2,Natural Gas,2004,ICE,Not Applicable,3,Statewide,8
15859,2020,T6,4,Natural Gas,2020,ICE,Not Applicable,≥4,Statewide,10
15860,2020,T4,2,Gasoline,2020,ICE,Not Applicable,3,Statewide,1483
15861,2020,T2,Unknown,Gasoline,1999,ICE,Not Applicable,≥4,Statewide,343
15862,2020,T4,2,Gasoline,1977,ICE,Not Applicable,1,Statewide,343
15863,2020,P,Not Applicable,Gasoline,2016,ICE,Not Applicable,≥4,Statewide,159429
15864,2020,T4,2,Gasoline,2017,ICE,Not Applicable,2,Statewide,880
15865,2020,T1,Unknown,Gasoline,2002,ICE,Not Applicable,3,Statewide,10
15866,2020,BT,Not Applicable,Diesel,2002,ICE,Not Applicable,≥4,Statewide,309
15867,2020,T1,Unknown,Gasoline,2002,ICE,Not Applicable,1,Statewide,10
15868,2020,T2,Unknown,Gasoline,1986,ICE,Not Applicable,3,Statewide,10
15869,2020,T6,5,Gasoline,2019,ICE,Not Applicable,≥4,Statewide,865
15870,2020,T2,Unknown,Gasoline,1987,ICE,Not Applicable,1,Statewide,10
15871,2020,T2,Unknown,Gasoline,1988,ICE,Not Applicable,1,Statewide,10
15872,2020,T3,Unknown,Gasoline,1987,ICE,Not Applicable,3,Statewide,10
15873,2020,T6,4,Gasoline,2008,ICE,Not Applicable,≥4,Statewide,866
15874,2020,T6,5,Diesel,2014,ICE,Not Applicable,≥4,Statewide,1116
15875,2020,T6,6,Natural Gas,2009,ICE,Not Applicable,≥4,Statewide,10
15876,2020,T3,Unknown,Gasoline,2022,PHEV,0 to 50 miles,1,Statewide,10
15877,2020,P,Not Applicable,Diesel,1990,ICE,Not Applicable,≥4,Statewide,867
15878,2020,T4,Unknown,Gasoline,2014,ICE,Not Applicable,3,Statewide,10
15879,2020,T4,Unknown,Gasoline,1999,ICE,Not Applicable,≥4,Statewide,10
15880,2020,T4,Unknown,Gasoline,1981,ICE,Not Applicable,3,Statewide,10
15881,2020,P,Not Applicable,Diesel,1977,ICE,Not Applicable,3,Statewide,1
15882,2020,P,Not Applicable,Gasoline,1976,ICE,Not Applicable,2,Statewide,44314
15883,2020,T1,Unknown,Gasoline,2013,ICE,Not Applicable,1,Statewide,343
15884,2020,MH,Not Applicable,Diesel,2022,ICE,Not Applicable,2,Statewide,1
15885,2020,MH,Not Applicable,Diesel,1985,ICE,Not Applicable,1,Statewide,1
15886,2020,T1,Unknown,Diesel,2000,ICE,Not Applicable,2,Statewide,1
15887,2020,T5,3,Natural Gas,2020,ICE,Not Applicable,≥4,Statewide,10
15888,2020,MH,Not Applicable,Diesel,1985,ICE,Not Applicable,≥4,Statewide,1
15889,2020,T4,2,Diesel,1997,ICE,Not Applicable,≥4,Statewide,1117
15890,2020,T6,7,Natural Gas,2007,ICE,Not Applicable,≥4,Statewide,10
15891,2020,T1,Unknown,Diesel,1998,ICE,Not Applicable,1,Statewide,1
15892,2020,T4,2,Diesel,1994,ICE,Not Applicable,≥4,Statewide,867
15893,2020,T6,6,Diesel,2013,ICE,Not Applicable,1,Statewide,343
15894,2020,T4,2,Diesel,1988,ICE,Not Applicable,≥4,Statewide,343
15895,2020,T5,3,Diesel,2014,ICE,Not Applicable,1,Statewide,310
15896,2020,T3,Unknown,Diesel,2018,ICE,Not Applicable,3,Statewide,310
15897,2020,BS,Not Applicable,Gasoline,2013,ICE,Not Applicable,3,Statewide,10
15898,2020,T2,Unknown,Gasoline,2012,ICE,Not Applicable,3,Statewide,1546
15899,2020,MH,Not Applicable,Diesel,1982,ICE,Not Applicable,2,Statewide,1
15900,2020,BS,Not Applicable,Gasoline,2018,ICE,Not Applicable,≥4,Statewide,10
15901,2020,T4,Unknown,Gasoline,1976,ICE,Not Applicable,≥4,Statewide,1548
15902,2020,T1,Unknown,Diesel,2001,ICE,Not Applicable,2,Statewide,1
15903,2020,MH,Not Applicable,Diesel,1983,ICE,Not Applicable,≥4,Statewide,1
15904,2020,MH,Not Applicable,Diesel,1983,ICE,Not Applicable,2,Statewide,1
15905,2020,B,Not Applicable,Diesel,1991,ICE,Not Applicable,2,Statewide,8
15906,2020,MH,Not Applicable,Diesel,1984,ICE,Not Applicable,3,Statewide,1
15907,2020,MH,Not Applicable,Diesel,1984,ICE,Not Applicable,1,Statewide,1
15908,2020,P,Not Applicable,Diesel,1989,ICE,Not Applicable,≥4,Statewide,864
15909,2020,P,Not Applicable,Diesel,1992,ICE,Not Applicable,2,Statewide,304
15910,2020,MC,Not Applicable,Gasoline,1997,ICE,Not Applicable,3,Statewide,864
15911,2020,BT,Not Applicable,Gasoline,1993,ICE,Not Applicable,≥4,Statewide,10
15912,2020,B,Not Applicable,Diesel,1994,ICE,Not Applicable,2,Statewide,8
15913,2020,B,Not Applicable,Diesel,1992,ICE,Not Applicable,1,Statewide,8
15914,2020,MH,Not Applicable,Diesel,2013,ICE,Not Applicable,2,Statewide,343
15915,2020,T5,3,Diesel,2010,ICE,Not Applicable,3,Statewide,1491
15916,2020,T2,Unknown,Gasoline,2012,ICE,Not Applicable,1,Statewide,1491
15917,2020,MH,Not Applicable,Diesel,2009,ICE,Not Applicable,2,Statewide,309
15918,2020,T6,6,Diesel,1996,ICE,Not Applicable,≥4,Statewide,343
15919,2020,MC,Not Applicable,Gasoline,1990,ICE,Not Applicable,3,Statewide,819
15920,2020,T6,6,Gasoline,1980,ICE,Not Applicable,≥4,Statewide,309
15921,2020,T6,4,Gasoline,1994,ICE,Not Applicable,≥4,Statewide,304
15922,2020,T1,Unknown,Gasoline,1993,ICE,Not Applicable,1,Statewide,10
15923,2020,T5,3,Gasoline,2003,ICE,Not Applicable,1,Statewide,304
15924,2020,BT,Not Applicable,Gasoline,2018,ICE,Not Applicable,1,Statewide,10
15925,2020,T2,1,Gasoline,1980,ICE,Not Applicable,2,Statewide,346
15926,2020,B,Not Applicable,Gasoline,2011,ICE,Not Applicable,1,Statewide,309
15927,2020,MH,Not Applicable,Gasoline,2008,ICE,Not Applicable,2,Statewide,821
15928,2020,T5,3,Gasoline,1976,ICE,Not Applicable,1,Statewide,10
15929,2020,T5,3,Diesel,2015,ICE,Not Applicable,2,Statewide,308
15930,2020,P,Not Applicable,Gasoline,2010,ICE,Not Applicable,2,Statewide,175257
15931,2020,MH,Not Applicable,Diesel,2000,ICE,Not Applicable,≥4,Statewide,305
15932,2020,T4,2,Gasoline,1978,ICE,Not Applicable,2,Statewide,344
15933,2020,T6,6,Gasoline,2018,ICE,Not Applicable,3,Statewide,10
15934,2020,P,Not Applicable,Gasoline,2020,ICE,Not Applicable,3,Statewide,177770
15935,2020,T6,6,Gasoline,2018,ICE,Not Applicable,2,Statewide,10
15936,2020,T6,6,Gasoline,2021,ICE,Not Applicable,2,Statewide,10
15937,2020,T7,8,Diesel,2011,ICE,Not Applicable,2,Statewide,345
15938,2020,MC,Not Applicable,Gasoline,2002,ICE,Not Applicable,1,Statewide,1120
15939,2020,T7,8,Gasoline,1995,ICE,Not Applicable,≥4,Statewide,10
15940,2020,T3,2,Natural Gas,2005,ICE,Not Applicable,2,Statewide,10
15941,2020,T7,8,Diesel,2014,ICE,Not Applicable,3,Statewide,1486
15942,2020,T5,3,Diesel,2015,ICE,Not Applicable,≥4,Statewide,875
15943,2020,T7,8,Gasoline,2010,ICE,Not Applicable,≥4,Statewide,10
15944,2020,P,Not Applicable,Gasoline,2013,ICE,Not Applicable,1,Statewide,178179
15945,2020,T4,2,Diesel,2015,ICE,Not Applicable,2,Statewide,876
15946,2020,P,Not Applicable,Hydrogen,2016,FCEV,Unknown,1,Statewide,10
15947,2020,T1,1,Diesel,1985,ICE,Not Applicable,1,Statewide,1
15948,2020,T1,Unknown,Diesel,1984,ICE,Not Applicable,1,Statewide,1
15949,2020,T1,Unknown,Diesel,1988,ICE,Not Applicable,3,Statewide,1
15950,2020,P,Not Applicable,Gasoline,2013,ICE,Not Applicable,≥4,Statewide,178389
15951,2020,T2,Unknown,Gasoline,2004,ICE,Not Applicable,≥4,Statewide,877
15952,2020,T1,1,Gasoline,2021,ICE,Not Applicable,1,Statewide,44786
15953,2020,T6,5,Gasoline,2015,ICE,Not Applicable,1,Statewide,10
15954,2020,T4,2,Gasoline,2021,ICE,Not Applicable,3,Statewide,1487
15955,2020,P,Not Applicable,Natural Gas,2003,ICE,Not Applicable,1,Statewide,10
15956,2020,T6,6,Diesel,2022,ICE,Not Applicable,≥4,Statewide,1487
15957,2020,BT,Not Applicable,Diesel,2014,ICE,Not Applicable,≥4,Statewide,306
15958,2020,T1,1,Hydrogen,2020,FCEV,>150 miles,3,Statewide,10
15959,2020,T6,6,Diesel,2020,ICE,Not Applicable,1,Statewide,306
15960,2020,BT,Not Applicable,Gasoline,2017,ICE,Not Applicable,≥4,Statewide,306
15961,2020,T1,Unknown,Diesel,1984,ICE,Not Applicable,3,Statewide,1
15962,2020,T5,3,Gasoline,1991,ICE,Not Applicable,≥4,Statewide,308
15963,2020,T6,5,Gasoline,2012,ICE,Not Applicable,3,Statewide,10
15964,2020,T1,1,Diesel,1984,ICE,Not Applicable,1,Statewide,1
15965,2020,T5,3,Gasoline,1986,ICE,Not Applicable,1,Statewide,10
15966,2020,T6,Unknown,Gasoline,1977,ICE,Not Applicable,≥4,Statewide,10
15967,2020,T1,1,Diesel,1976,ICE,Not Applicable,3,Statewide,1
15968,2020,T1,Unknown,Diesel,1977,ICE,Not Applicable,≥4,Statewide,1
15969,2020,T6,Unknown,Gasoline,1984,ICE,Not Applicable,1,Statewide,10
15970,2020,T1,Unknown,Diesel,1998,ICE,Not Applicable,2,Statewide,1
15971,2020,T1,Unknown,Diesel,1993,ICE,Not Applicable,1,Statewide,1
15972,2020,T3,2,Gasoline,2007,ICE,Not Applicable,1,Statewide,44397
15973,2020,T3,2,Natural Gas,2007,ICE,Not Applicable,3,Statewide,10
15974,2020,BT,Not Applicable,Gasoline,2021,ICE,Not Applicable,≥4,Statewide,340
15975,2020,MH,Not Applicable,Diesel,2011,ICE,Not Applicable,≥4,Statewide,1555
15976,2020,BS,Not Applicable,Diesel,2016,ICE,Not Applicable,≥4,Statewide,344
15977,2020,MH,Not Applicable,Diesel,2007,ICE,Not Applicable,3,Statewide,344
15978,2020,T6,7,Gasoline,1985,ICE,Not Applicable,2,Statewide,10
15979,2020,T6,5,Gasoline,1985,ICE,Not Applicable,≥4,Statewide,10
15980,2020,T2,1,Gasoline,1989,ICE,Not Applicable,2,Statewide,869
15981,2020,T6,7,Gasoline,1989,ICE,Not Applicable,2,Statewide,10
15982,2020,P,Not Applicable,Electric,2020,BEV,Unknown,1,Statewide,345
15983,2020,T1,Unknown,Diesel,1980,ICE,Not Applicable,2,Statewide,1
15984,2020,T1,Unknown,Diesel,1980,ICE,Not Applicable,3,Statewide,1
15985,2020,T2,Unknown,Gasoline,2003,ICE,Not Applicable,1,Statewide,344
15986,2020,T1,1,Diesel,1980,ICE,Not Applicable,≥4,Statewide,1
15987,2020,T1,Unknown,Diesel,1990,ICE,Not Applicable,1,Statewide,1
15988,2020,T1,Unknown,Diesel,1988,ICE,Not Applicable,1,Statewide,1
15989,2020,T1,Unknown,Diesel,1978,ICE,Not Applicable,≥4,Statewide,1
15990,2020,T6,7,Gasoline,1991,ICE,Not Applicable,1,Statewide,10
15991,2020,MC,Not Applicable,Gasoline,1985,ICE,Not Applicable,≥4,Statewide,1552
15992,2020,T6,7,Gasoline,1991,ICE,Not Applicable,3,Statewide,10
15993,2020,MC,Not Applicable,Gasoline,1983,ICE,Not Applicable,1,Statewide,344
15994,2020,T6,7,Gasoline,1990,ICE,Not Applicable,2,Statewide,10
15995,2020,T6,6,Gasoline,1989,ICE,Not Applicable,3,Statewide,10
15996,2020,T6,7,Gasoline,1994,ICE,Not Applicable,1,Statewide,10
15997,2020,T6,5,Gasoline,2010,ICE,Not Applicable,≥4,Statewide,310
15998,2020,T1,Unknown,Diesel,1986,ICE,Not Applicable,3,Statewide,1
15999,2020,T5,3,Gasoline,1997,ICE,Not Applicable,≥4,Statewide,341
16000,2020,T1,1,Diesel,2005,ICE,Not Applicable,1,Statewide,1
16001,2020,T4,2,Gasoline,2019,ICE,Not Applicable,3,Statewide,861
16002,2020,B,Not Applicable,Gasoline,1997,ICE,Not Applicable,3,Statewide,10
16003,2020,T7,8,Natural Gas,2015,ICE,Not Applicable,2,Statewide,10
16004,2020,B,Not Applicable,Gasoline,1997,ICE,Not Applicable,2,Statewide,10
16005,2020,MH,Not Applicable,Diesel,1980,ICE,Not Applicable,3,Statewide,1
16006,2020,T2,1,Gasoline,2021,ICE,Not Applicable,3,Statewide,44933
16007,2020,MH,Not Applicable,Diesel,1981,ICE,Not Applicable,1,Statewide,1
16008,2020,T3,Unknown,Diesel,2017,ICE,Not Applicable,2,Statewide,342
16009,2020,T2,Unknown,Gasoline,2003,ICE,Not Applicable,2,Statewide,341
16010,2020,MH,Not Applicable,Diesel,1980,ICE,Not Applicable,≥4,Statewide,1
16011,2020,T6,6,Diesel,2017,ICE,Not Applicable,1,Statewide,311
16012,2020,P,Not Applicable,Gasoline,2009,ICE,Not Applicable,≥4,Statewide,160600
16013,2020,T7,8,Diesel,2004,ICE,Not Applicable,3,Statewide,342
16014,2020,T4,2,Diesel,2017,ICE,Not Applicable,2,Statewide,1545
16015,2020,T6,6,Diesel,2001,ICE,Not Applicable,≥4,Statewide,825
16016,2020,B,Not Applicable,Gasoline,1996,ICE,Not Applicable,1,Statewide,10
16017,2020,B,Not Applicable,Gasoline,1995,ICE,Not Applicable,3,Statewide,10
16018,2020,MH,Not Applicable,Diesel,1981,ICE,Not Applicable,≥4,Statewide,1
16019,2020,T4,2,Diesel,2011,ICE,Not Applicable,2,Statewide,7359
16020,2020,T6,4,Diesel,2019,ICE,Not Applicable,≥4,Statewide,824
16021,2020,T1,Unknown,Diesel,2003,ICE,Not Applicable,3,Statewide,1
16022,2020,T4,2,Diesel,2014,ICE,Not Applicable,1,Statewide,863
16023,2020,B,Not Applicable,Diesel,1987,ICE,Not Applicable,2,Statewide,8
16024,2020,T1,Unknown,Diesel,2003,ICE,Not Applicable,1,Statewide,1
16025,2020,T1,1,Diesel,2004,ICE,Not Applicable,1,Statewide,1
16026,2020,MH,Not Applicable,Diesel,1980,ICE,Not Applicable,1,Statewide,1
16027,2020,T1,1,Diesel,2005,ICE,Not Applicable,2,Statewide,1
16028,2020,T1,Unknown,Diesel,2002,ICE,Not Applicable,3,Statewide,1
16029,2020,B,Not Applicable,Gasoline,1977,ICE,Not Applicable,1,Statewide,10
16030,2020,MH,Not Applicable,Gasoline,2011,ICE,Not Applicable,1,Statewide,824
16031,2020,T2,1,Gasoline,1977,ICE,Not Applicable,3,Statewide,824
16032,2020,B,Not Applicable,Gasoline,1986,ICE,Not Applicable,1,Statewide,10
16033,2020,T5,3,Gasoline,2020,ICE,Not Applicable,2,Statewide,342
16034,2020,P,Not Applicable,Gasoline,1993,ICE,Not Applicable,2,Statewide,6686
16035,2020,T2,Unknown,Electric,2017,BEV,Unknown,≥4,Statewide,10
16036,2020,MH,Not Applicable,Diesel,1978,ICE,Not Applicable,1,Statewide,1
16037,2020,T7,8,Natural Gas,2016,ICE,Not Applicable,2,Statewide,18
16038,2020,T2,1,Gasoline,1987,ICE,Not Applicable,3,Statewide,347
16039,2020,T2,1,Electric,2017,BEV,101 to 150 miles,≥4,Statewide,10
16040,2020,MH,Not Applicable,Diesel,1979,ICE,Not Applicable,2,Statewide,1
16041,2020,MC,Not Applicable,Gasoline,2014,ICE,Not Applicable,2,Statewide,6635
16042,2020,MH,Not Applicable,Gasoline,2004,ICE,Not Applicable,1,Statewide,823
16043,2020,T6,4,Natural Gas,2012,ICE,Not Applicable,1,Statewide,18
16044,2020,B,Not Applicable,Gasoline,2001,ICE,Not Applicable,1,Statewide,10
16045,2020,T6,4,Natural Gas,2018,ICE,Not Applicable,1,Statewide,18
16046,2020,T1,1,Gasoline,1978,ICE,Not Applicable,≥4,Statewide,1142
16047,2020,T2,1,Gasoline,1987,ICE,Not Applicable,2,Statewide,347
16048,2020,B,Not Applicable,Diesel,1990,ICE,Not Applicable,2,Statewide,8
16049,2020,BS,Not Applicable,Gasoline,1983,ICE,Not Applicable,≥4,Statewide,10
16050,2020,T3,Unknown,Gasoline,2003,ICE,Not Applicable,≥4,Statewide,311
16051,2020,T2,Unknown,Gasoline,2000,ICE,Not Applicable,≥4,Statewide,347
16052,2020,MH,Not Applicable,Diesel,2001,ICE,Not Applicable,≥4,Statewide,347
16053,2020,T3,2,Diesel,2016,ICE,Not Applicable,2,Statewide,863
16054,2020,T4,Unknown,Gasoline,2020,ICE,Not Applicable,3,Statewide,817
16055,2020,P,Not Applicable,Gasoline,2018,ICE,Not Applicable,3,Statewide,172849
16056,2020,T5,3,Gasoline,1999,ICE,Not Applicable,≥4,Statewide,827
16057,2021,T5,3,Gasoline,1993,ICE,Not Applicable,2,Statewide,38
16058,2021,T6,5,Gasoline,1978,ICE,Not Applicable,≥4,Statewide,38
16059,2021,T6,6,Gasoline,1995,ICE,Not Applicable,3,Statewide,13
16060,2021,T6,4,Gasoline,2015,ICE,Not Applicable,1,Statewide,10
16061,2021,B,Not Applicable,Gasoline,2000,ICE,Not Applicable,3,Statewide,13
16062,2021,T7,8,Natural Gas,2015,ICE,Not Applicable,2,Statewide,10
16063,2021,T6,5,Gasoline,1994,ICE,Not Applicable,≥4,Statewide,13
16064,2021,T3,Unknown,Gasoline,2012,ICE,Not Applicable,3,Statewide,6125
16065,2021,B,Not Applicable,Natural Gas,2020,ICE,Not Applicable,≥4,Statewide,38
16066,2021,T6,Unknown,Gasoline,1978,ICE,Not Applicable,≥4,Statewide,38
16067,2021,T5,3,Gasoline,1990,ICE,Not Applicable,3,Statewide,38
16068,2021,P,Not Applicable,Natural Gas,2002,ICE,Not Applicable,1,Statewide,10
16069,2021,B,Not Applicable,Gasoline,2000,ICE,Not Applicable,2,Statewide,13
16070,2021,T6,Unknown,Gasoline,1983,ICE,Not Applicable,≥4,Statewide,13
16071,2021,BT,Not Applicable,Gasoline,2008,ICE,Not Applicable,≥4,Statewide,47
16072,2021,BS,Not Applicable,Gasoline,2010,ICE,Not Applicable,2,Statewide,13
16073,2021,T3,2,Diesel,1985,ICE,Not Applicable,≥4,Statewide,46
16074,2021,BS,Not Applicable,Gasoline,2001,ICE,Not Applicable,≥4,Statewide,13
16075,2021,T6,4,Gasoline,2017,ICE,Not Applicable,2,Statewide,47
16076,2021,T6,Unknown,Diesel,1996,ICE,Not Applicable,1,Statewide,5
16077,2021,MC,Not Applicable,Gasoline,2018,ICE,Not Applicable,3,Statewide,6131
16078,2021,T6,5,Diesel,1992,ICE,Not Applicable,1,Statewide,5
16079,2021,T1,1,Hydrogen,2021,FCEV,>150 miles,2,Statewide,13
16080,2021,T6,6,Gasoline,1992,ICE,Not Applicable,2,Statewide,13
16081,2021,T2,1,Electric,2007,BEV,Unknown,1,Statewide,13
16082,2021,T6,6,Diesel,1989,ICE,Not Applicable,3,Statewide,5
16083,2021,T1,Unknown,Gasoline,2004,ICE,Not Applicable,1,Statewide,47
16084,2021,BS,Not Applicable,Gasoline,1982,ICE,Not Applicable,≥4,Statewide,13
16085,2021,T2,Unknown,Gasoline,2020,PHEV,0 to 50 miles,3,Statewide,38
16086,2021,T4,2,Diesel,2005,ICE,Not Applicable,≥4,Statewide,6124
16087,2021,T6,6,Natural Gas,2011,ICE,Not Applicable,≥4,Statewide,10
16088,2021,P,Not Applicable,Electric,2011,BEV,Unknown,2,Statewide,13
16089,2021,T6,6,Gasoline,2003,ICE,Not Applicable,3,Statewide,13
16090,2021,T6,Unknown,Diesel,2018,ICE,Not Applicable,3,Statewide,13
16091,2021,T3,Unknown,Gasoline,1996,ICE,Not Applicable,1,Statewide,47
16092,2021,T7,8,Gasoline,1982,ICE,Not Applicable,≥4,Statewide,10
16093,2021,T6,5,Gasoline,2006,ICE,Not Applicable,3,Statewide,13
16094,2021,T6,6,Gasoline,2007,ICE,Not Applicable,1,Statewide,13
16095,2021,T7,8,Gasoline,1995,ICE,Not Applicable,≥4,Statewide,10
16096,2021,T7,8,Gasoline,2006,ICE,Not Applicable,≥4,Statewide,10
16097,2021,B,Not Applicable,Natural Gas,2007,ICE,Not Applicable,3,Statewide,10
16098,2021,T4,Unknown,Gasoline,1983,ICE,Not Applicable,≥4,Statewide,10
16099,2021,B,Not Applicable,Natural Gas,2007,ICE,Not Applicable,2,Statewide,10
16100,2021,T6,4,Gasoline,2016,ICE,Not Applicable,2,Statewide,13
16101,2021,T6,Unknown,Diesel,2020,ICE,Not Applicable,3,Statewide,13
16102,2021,T1,1,Gasoline,2015,ICE,Not Applicable,≥4,Statewide,6093
16103,2021,T7,8,Gasoline,1990,ICE,Not Applicable,≥4,Statewide,13
16104,2021,T4,Unknown,Gasoline,1990,ICE,Not Applicable,≥4,Statewide,10
16105,2021,B,Not Applicable,Natural Gas,2007,ICE,Not Applicable,1,Statewide,10
16106,2021,T7,8,Diesel,1979,ICE,Not Applicable,2,Statewide,13
16107,2021,T2,1,Diesel,2010,ICE,Not Applicable,2,Statewide,46
16108,2021,T1,1,Gasoline,1992,ICE,Not Applicable,2,Statewide,3053
16109,2021,T7,8,Gasoline,1980,ICE,Not Applicable,1,Statewide,10
16110,2021,P,Not Applicable,Gasoline,1990,ICE,Not Applicable,3,Statewide,3062
16111,2021,T1,1,Hydrogen,2020,FCEV,>150 miles,2,Statewide,13
16112,2021,P,Not Applicable,Electric,2009,BEV,Unknown,2,Statewide,13
16113,2021,T4,2,Natural Gas,2009,ICE,Not Applicable,≥4,Statewide,10
16114,2021,MH,Not Applicable,Diesel,1996,ICE,Not Applicable,1,Statewide,46
16115,2021,T3,2,Natural Gas,2003,ICE,Not Applicable,2,Statewide,10
16116,2021,MC,Not Applicable,Electric,2013,BEV,Unknown,2,Statewide,13
16117,2021,T1,Unknown,Gasoline,2005,ICE,Not Applicable,1,Statewide,47
16118,2021,T7,8,Gasoline,1991,ICE,Not Applicable,≥4,Statewide,13
16119,2021,T1,1,Gasoline,2000,ICE,Not Applicable,3,Statewide,6720
16120,2021,T1,Unknown,Gasoline,2012,ICE,Not Applicable,3,Statewide,47
16121,2021,T5,3,Gasoline,1997,ICE,Not Applicable,2,Statewide,47
16122,2021,T6,7,Gasoline,2017,ICE,Not Applicable,≥4,Statewide,10
16123,2021,T6,Unknown,Diesel,2017,ICE,Not Applicable,3,Statewide,13
16124,2021,T5,3,Gasoline,1991,ICE,Not Applicable,2,Statewide,47
16125,2021,MH,Not Applicable,Diesel,1988,ICE,Not Applicable,≥4,Statewide,46
16126,2021,MC,Not Applicable,Gasoline,2011,ICE,Not Applicable,1,Statewide,5895
16127,2021,T6,5,Gasoline,2000,ICE,Not Applicable,≥4,Statewide,13
16128,2021,T3,Unknown,Gasoline,2022,ICE,Not Applicable,1,Statewide,6189
16129,2021,T6,6,Diesel,1995,ICE,Not Applicable,3,Statewide,39
16130,2021,T4,Unknown,Gasoline,1994,ICE,Not Applicable,≥4,Statewide,10
16131,2021,P,Not Applicable,Electric,2015,BEV,>150 miles,1,Statewide,39
16132,2021,B,Not Applicable,Gasoline,2020,ICE,Not Applicable,2,Statewide,46
16133,2021,T2,Unknown,Electric,2014,BEV,Unknown,≥4,Statewide,46
16134,2021,P,Not Applicable,Diesel,2012,ICE,Not Applicable,1,Statewide,47
16135,2021,T6,6,Gasoline,1991,ICE,Not Applicable,2,Statewide,10
16136,2021,T3,2,Gasoline,1999,ICE,Not Applicable,1,Statewide,6067
16137,2021,T6,7,Gasoline,1991,ICE,Not Applicable,1,Statewide,10
16138,2021,BS,Not Applicable,Diesel,2000,ICE,Not Applicable,1,Statewide,38
16139,2021,T7,8,Diesel,1977,ICE,Not Applicable,3,Statewide,46
16140,2021,T6,6,Gasoline,1990,ICE,Not Applicable,2,Statewide,10
16141,2021,T6,5,Diesel,2015,ICE,Not Applicable,2,Statewide,46
16142,2021,B,Not Applicable,Diesel,2004,ICE,Not Applicable,1,Statewide,51
16143,2021,BT,Not Applicable,Diesel,2013,ICE,Not Applicable,1,Statewide,38
16144,2021,T1,1,Diesel,1989,ICE,Not Applicable,2,Statewide,38
16145,2021,B,Not Applicable,Natural Gas,2013,ICE,Not Applicable,≥4,Statewide,47
16146,2021,BT,Not Applicable,Diesel,2000,ICE,Not Applicable,≥4,Statewide,51
16147,2021,T1,Unknown,Diesel,1998,ICE,Not Applicable,≥4,Statewide,38
16148,2021,T6,6,Gasoline,1988,ICE,Not Applicable,1,Statewide,10
16149,2021,T3,2,Diesel,2008,ICE,Not Applicable,1,Statewide,38
16150,2021,T4,2,Gasoline,2003,ICE,Not Applicable,≥4,Statewide,6067
16151,2021,T4,Unknown,Diesel,1993,ICE,Not Applicable,≥4,Statewide,38
16152,2021,T6,Unknown,Diesel,2005,ICE,Not Applicable,≥4,Statewide,46
16153,2021,T6,6,Gasoline,1986,ICE,Not Applicable,2,Statewide,10
16154,2021,T6,7,Diesel,1996,ICE,Not Applicable,3,Statewide,46
16155,2021,T6,6,Gasoline,1989,ICE,Not Applicable,3,Statewide,10
16156,2021,T5,3,Diesel,2023,ICE,Not Applicable,≥4,Statewide,38
16157,2021,BT,Not Applicable,Diesel,2013,ICE,Not Applicable,2,Statewide,10
16158,2021,T3,Unknown,Gasoline,2010,ICE,Not Applicable,3,Statewide,6703
16159,2021,T4,Unknown,Gasoline,2017,ICE,Not Applicable,2,Statewide,46
16160,2021,T6,6,Gasoline,1992,ICE,Not Applicable,3,Statewide,10
16161,2021,B,Not Applicable,Gasoline,2002,ICE,Not Applicable,1,Statewide,39
16162,2021,BS,Not Applicable,Gasoline,1997,ICE,Not Applicable,≥4,Statewide,39
16163,2021,MC,Not Applicable,Diesel,2010,ICE,Not Applicable,≥4,Statewide,10
16164,2021,T2,Unknown,Gasoline,1981,ICE,Not Applicable,1,Statewide,13
16165,2021,T3,Unknown,Gasoline,1994,ICE,Not Applicable,3,Statewide,46
16166,2021,T1,Unknown,Gasoline,2014,ICE,Not Applicable,2,Statewide,46
16167,2021,BS,Not Applicable,Gasoline,1979,ICE,Not Applicable,≥4,Statewide,46
16168,2021,T6,7,Gasoline,1993,ICE,Not Applicable,2,Statewide,10
16169,2021,T2,Unknown,Gasoline,1986,ICE,Not Applicable,3,Statewide,13
16170,2021,T3,Unknown,Gasoline,1987,ICE,Not Applicable,3,Statewide,13
16171,2021,T2,Unknown,Gasoline,1990,ICE,Not Applicable,1,Statewide,13
16172,2021,BS,Not Applicable,Diesel,2001,ICE,Not Applicable,1,Statewide,47
16173,2021,BS,Not Applicable,Diesel,2022,ICE,Not Applicable,1,Statewide,47
16174,2021,T3,Unknown,Gasoline,1983,ICE,Not Applicable,2,Statewide,13
16175,2021,B,Not Applicable,Diesel,2003,ICE,Not Applicable,1,Statewide,38
16176,2021,BT,Not Applicable,Gasoline,2006,ICE,Not Applicable,≥4,Statewide,39
16177,2021,B,Not Applicable,Diesel,2005,ICE,Not Applicable,1,Statewide,38
16178,2021,BS,Not Applicable,Diesel,1996,ICE,Not Applicable,1,Statewide,47
16179,2021,T6,7,Gasoline,1996,ICE,Not Applicable,1,Statewide,10
16180,2021,B,Not Applicable,Diesel,1988,ICE,Not Applicable,≥4,Statewide,47
16181,2021,T3,Unknown,Gasoline,1985,ICE,Not Applicable,1,Statewide,13
16182,2021,T6,5,Diesel,2021,ICE,Not Applicable,≥4,Statewide,6099
16183,2021,T6,6,Gasoline,1993,ICE,Not Applicable,1,Statewide,10
16184,2021,T6,7,Diesel,1992,ICE,Not Applicable,2,Statewide,38
16185,2021,BT,Not Applicable,Diesel,1977,ICE,Not Applicable,2,Statewide,10
16186,2021,T5,3,Diesel,1991,ICE,Not Applicable,1,Statewide,46
16187,2021,BT,Not Applicable,Gasoline,2000,ICE,Not Applicable,≥4,Statewide,51
16188,2021,T5,3,Gasoline,1979,ICE,Not Applicable,≥4,Statewide,10
16189,2021,MH,Not Applicable,Gasoline,1985,ICE,Not Applicable,1,Statewide,51
16190,2021,MH,Not Applicable,Diesel,1992,ICE,Not Applicable,2,Statewide,10
16191,2021,T1,Unknown,Diesel,2016,ICE,Not Applicable,≥4,Statewide,10
16192,2021,T2,1,Diesel,1980,ICE,Not Applicable,3,Statewide,10
16193,2021,MH,Not Applicable,Gasoline,2014,ICE,Not Applicable,2,Statewide,51
16194,2021,T6,5,Diesel,1995,ICE,Not Applicable,≥4,Statewide,47
16195,2021,T1,Unknown,Gasoline,1986,ICE,Not Applicable,3,Statewide,13
16196,2021,T6,5,Diesel,2015,ICE,Not Applicable,3,Statewide,47
16197,2021,T1,1,Electric,2017,BEV,101 to 150 miles,1,Statewide,47
16198,2021,BS,Not Applicable,Gasoline,2019,ICE,Not Applicable,≥4,Statewide,51
16199,2021,T6,7,Gasoline,2010,ICE,Not Applicable,1,Statewide,10
16200,2021,T2,Unknown,Diesel,1996,ICE,Not Applicable,1,Statewide,10
16201,2021,T6,4,Gasoline,2014,ICE,Not Applicable,2,Statewide,10
16202,2021,T6,4,Gasoline,1996,ICE,Not Applicable,3,Statewide,46
16203,2021,T5,3,Gasoline,1978,ICE,Not Applicable,≥4,Statewide,10
16204,2021,T4,Unknown,Gasoline,1996,ICE,Not Applicable,≥4,Statewide,10
16205,2021,B,Not Applicable,Gasoline,2015,ICE,Not Applicable,3,Statewide,47
16206,2021,BT,Not Applicable,Gasoline,1989,ICE,Not Applicable,≥4,Statewide,13
16207,2021,B,Not Applicable,Natural Gas,2007,ICE,Not Applicable,≥4,Statewide,46
16208,2021,T2,Unknown,Gasoline,1979,ICE,Not Applicable,1,Statewide,51
16209,2021,T5,3,Diesel,2011,ICE,Not Applicable,≥4,Statewide,6206
16210,2021,T3,2,Gasoline,2011,ICE,Not Applicable,3,Statewide,37988
16211,2021,T2,1,Electric,2019,BEV,101 to 150 miles,≥4,Statewide,47
16212,2021,B,Not Applicable,Gasoline,2016,ICE,Not Applicable,3,Statewide,51
16213,2021,T6,6,Gasoline,1980,ICE,Not Applicable,3,Statewide,46
16214,2021,T6,7,Diesel,2009,ICE,Not Applicable,3,Statewide,51
16215,2021,T6,4,Diesel,1994,ICE,Not Applicable,2,Statewide,38
16216,2021,T6,5,Gasoline,1985,ICE,Not Applicable,≥4,Statewide,10
16217,2021,T6,7,Gasoline,1985,ICE,Not Applicable,2,Statewide,10
16218,2021,T1,Unknown,Diesel,2007,ICE,Not Applicable,≥4,Statewide,47
16219,2021,P,Not Applicable,Gasoline,2019,PHEV,0 to 50 miles,≥4,Statewide,6154
16220,2021,T2,1,Gasoline,1994,ICE,Not Applicable,2,Statewide,3150
16221,2021,T6,4,Diesel,1999,ICE,Not Applicable,3,Statewide,38
16222,2021,T6,4,Diesel,2014,ICE,Not Applicable,3,Statewide,38
16223,2021,T6,Unknown,Diesel,2014,ICE,Not Applicable,1,Statewide,38
16224,2021,B,Not Applicable,Diesel,2009,ICE,Not Applicable,2,Statewide,10
16225,2021,T6,5,Gasoline,1999,ICE,Not Applicable,1,Statewide,10
16226,2021,T3,Unknown,Gasoline,1988,ICE,Not Applicable,1,Statewide,13
16227,2021,T6,7,Gasoline,1984,ICE,Not Applicable,1,Statewide,10
16228,2021,B,Not Applicable,Gasoline,1994,ICE,Not Applicable,≥4,Statewide,38
16229,2021,T2,Unknown,Gasoline,2015,ICE,Not Applicable,2,Statewide,6190
16230,2021,MH,Not Applicable,Diesel,1978,ICE,Not Applicable,≥4,Statewide,10
16231,2021,T2,1,Diesel,2011,ICE,Not Applicable,3,Statewide,51
16232,2021,T1,Unknown,Gasoline,2002,ICE,Not Applicable,≥4,Statewide,38
16233,2021,T2,Unknown,Gasoline,1981,ICE,Not Applicable,3,Statewide,13
16234,2021,T5,3,Gasoline,1986,ICE,Not Applicable,2,Statewide,10
16235,2021,T6,6,Gasoline,2006,ICE,Not Applicable,3,Statewide,10
16236,2021,T6,6,Gasoline,2009,ICE,Not Applicable,1,Statewide,10
16237,2021,MC,Not Applicable,Gasoline,2012,ICE,Not Applicable,1,Statewide,6706
16238,2021,T5,3,Gasoline,1991,ICE,Not Applicable,3,Statewide,46
16239,2021,T1,Unknown,Gasoline,1986,ICE,Not Applicable,2,Statewide,13
16240,2021,T5,3,Gasoline,1988,ICE,Not Applicable,2,Statewide,13
16241,2021,T4,2,Gasoline,2001,ICE,Not Applicable,≥4,Statewide,6048
16242,2021,BT,Not Applicable,Diesel,1989,ICE,Not Applicable,1,Statewide,39
16243,2021,T6,5,Diesel,1997,ICE,Not Applicable,3,Statewide,13
16244,2021,BT,Not Applicable,Diesel,2014,ICE,Not Applicable,3,Statewide,5
16245,2021,T4,2,Diesel,2022,ICE,Not Applicable,≥4,Statewide,6758
16246,2021,T3,2,Gasoline,2020,ICE,Not Applicable,3,Statewide,40075
16247,2021,T3,2,Gasoline,2021,ICE,Not Applicable,3,Statewide,40147
16248,2021,BT,Not Applicable,Diesel,2013,ICE,Not Applicable,3,Statewide,5
16249,2021,BT,Not Applicable,Diesel,2012,ICE,Not Applicable,2,Statewide,5
16250,2021,T6,5,Diesel,2019,ICE,Not Applicable,≥4,Statewide,3199
16251,2021,T6,6,Diesel,1989,ICE,Not Applicable,2,Statewide,10
16252,2021,BS,Not Applicable,Gasoline,1990,ICE,Not Applicable,1,Statewide,10
16253,2021,B,Not Applicable,Gasoline,1995,ICE,Not Applicable,2,Statewide,10
16254,2021,T6,5,Diesel,1994,ICE,Not Applicable,1,Statewide,10
16255,2021,BT,Not Applicable,Diesel,2011,ICE,Not Applicable,1,Statewide,5
16256,2021,T7,8,Diesel,2012,ICE,Not Applicable,≥4,Statewide,5977
16257,2021,T4,2,Diesel,2004,ICE,Not Applicable,≥4,Statewide,6342
16258,2021,T1,1,Gasoline,2021,ICE,Not Applicable,1,Statewide,41274
16259,2021,T7,8,Diesel,2004,ICE,Not Applicable,≥4,Statewide,3194
16260,2021,T2,1,Gasoline,2013,ICE,Not Applicable,3,Statewide,37309
16261,2021,BT,Not Applicable,Diesel,2010,ICE,Not Applicable,1,Statewide,5
16262,2021,B,Not Applicable,Gasoline,1980,ICE,Not Applicable,≥4,Statewide,10
16263,2021,T1,1,Gasoline,2010,ICE,Not Applicable,≥4,Statewide,6801
16264,2021,T3,2,Gasoline,2006,ICE,Not Applicable,3,Statewide,40229
16265,2021,T3,2,Gasoline,2012,ICE,Not Applicable,1,Statewide,40249
16266,2021,T6,Unknown,Diesel,1994,ICE,Not Applicable,1,Statewide,10
16267,2021,P,Not Applicable,Gasoline,1994,ICE,Not Applicable,3,Statewide,6418
16268,2021,T3,2,Gasoline,1997,ICE,Not Applicable,≥4,Statewide,6441
16269,2021,BT,Not Applicable,Diesel,2014,ICE,Not Applicable,2,Statewide,5
16270,2021,BS,Not Applicable,Gasoline,2000,ICE,Not Applicable,1,Statewide,10
16271,2021,BS,Not Applicable,Gasoline,2009,ICE,Not Applicable,2,Statewide,10
16272,2021,BT,Not Applicable,Diesel,2015,ICE,Not Applicable,2,Statewide,5
16273,2021,T2,1,Diesel,1990,ICE,Not Applicable,2,Statewide,5
16274,2021,T2,1,Diesel,1981,ICE,Not Applicable,3,Statewide,5
16275,2021,T1,Unknown,Diesel,1992,ICE,Not Applicable,2,Statewide,5
16276,2021,T1,1,Gasoline,2011,ICE,Not Applicable,3,Statewide,6102
16277,2021,T6,Unknown,Diesel,1984,ICE,Not Applicable,2,Statewide,10
16278,2021,T1,1,Diesel,1992,ICE,Not Applicable,2,Statewide,5
16279,2021,T1,1,Diesel,1991,ICE,Not Applicable,1,Statewide,5
16280,2021,T1,Unknown,Diesel,1990,ICE,Not Applicable,2,Statewide,5
16281,2021,T1,Unknown,Diesel,1989,ICE,Not Applicable,2,Statewide,5
16282,2021,T4,2,Diesel,2021,ICE,Not Applicable,1,Statewide,6107
16283,2021,T1,Unknown,Diesel,1987,ICE,Not Applicable,1,Statewide,5
16284,2021,P,Not Applicable,Gasoline,2022,PHEV,0 to 50 miles,≥4,Statewide,6111
16285,2021,P,Not Applicable,Gasoline,2021,PHEV,0 to 50 miles,≥4,Statewide,3190
16286,2021,T6,6,Diesel,1987,ICE,Not Applicable,1,Statewide,10
16287,2021,BS,Not Applicable,Gasoline,2020,ICE,Not Applicable,2,Statewide,10
16288,2021,T1,Unknown,Diesel,1981,ICE,Not Applicable,≥4,Statewide,5
16289,2021,T1,1,Gasoline,2000,ICE,Not Applicable,1,Statewide,6114
16290,2021,T4,2,Diesel,2009,ICE,Not Applicable,3,Statewide,6118
16291,2021,T1,Unknown,Diesel,1980,ICE,Not Applicable,1,Statewide,5
16292,2021,MH,Not Applicable,Diesel,1983,ICE,Not Applicable,1,Statewide,5
16293,2021,P,Not Applicable,Gasoline,2002,ICE,Not Applicable,3,Statewide,37260
16294,2021,P,Not Applicable,Electric,2021,BEV,51 to 100 miles,1,Statewide,6691
16295,2021,MC,Not Applicable,Diesel,2005,ICE,Not Applicable,≥4,Statewide,5
16296,2021,MC,Not Applicable,Diesel,2004,ICE,Not Applicable,2,Statewide,5
16297,2021,BT,Not Applicable,Diesel,2021,ICE,Not Applicable,3,Statewide,5
16298,2021,BT,Not Applicable,Diesel,2017,ICE,Not Applicable,2,Statewide,5
16299,2021,T1,1,Diesel,1984,ICE,Not Applicable,≥4,Statewide,5
16300,2021,T5,3,Gasoline,2013,ICE,Not Applicable,≥4,Statewide,3088
16301,2021,T3,2,Gasoline,1999,ICE,Not Applicable,3,Statewide,6750
16302,2021,T6,5,Diesel,2022,ICE,Not Applicable,≥4,Statewide,3188
16303,2021,T6,7,Diesel,2023,ICE,Not Applicable,3,Statewide,10
16304,2021,T3,Unknown,Gasoline,2009,ICE,Not Applicable,2,Statewide,6651
16305,2021,P,Not Applicable,Electric,2020,BEV,51 to 100 miles,1,Statewide,6408
16306,2021,T2,1,Gasoline,2017,ICE,Not Applicable,3,Statewide,41175
16307,2021,T7,8,Diesel,1979,ICE,Not Applicable,3,Statewide,10
16308,2021,B,Not Applicable,Electric,2019,BEV,Unknown,≥4,Statewide,10
16309,2021,BS,Not Applicable,Diesel,1982,ICE,Not Applicable,2,Statewide,5
16310,2021,T2,1,Gasoline,1998,ICE,Not Applicable,1,Statewide,6404
16311,2021,T4,2,Gasoline,2011,ICE,Not Applicable,1,Statewide,6644
16312,2021,T2,1,Gasoline,1994,ICE,Not Applicable,≥4,Statewide,6597
16313,2021,MC,Not Applicable,Electric,2005,BEV,Unknown,≥4,Statewide,10
16314,2021,B,Not Applicable,Diesel,1990,ICE,Not Applicable,1,Statewide,13
16315,2021,B,Not Applicable,Diesel,2014,ICE,Not Applicable,2,Statewide,13
16316,2021,MC,Not Applicable,Gasoline,2008,ICE,Not Applicable,3,Statewide,6641
16317,2021,T4,2,Diesel,2011,ICE,Not Applicable,3,Statewide,6632
16318,2021,B,Not Applicable,Diesel,2015,ICE,Not Applicable,3,Statewide,13
16319,2021,T1,1,Gasoline,2016,ICE,Not Applicable,2,Statewide,6618
16320,2021,B,Not Applicable,Diesel,2017,ICE,Not Applicable,2,Statewide,13
16321,2021,B,Not Applicable,Diesel,2022,ICE,Not Applicable,3,Statewide,13
16322,2021,B,Not Applicable,Diesel,2022,ICE,Not Applicable,2,Statewide,13
16323,2021,BS,Not Applicable,Diesel,1994,ICE,Not Applicable,2,Statewide,13
16324,2021,BS,Not Applicable,Diesel,1996,ICE,Not Applicable,3,Statewide,13
16325,2021,BS,Not Applicable,Diesel,2018,ICE,Not Applicable,2,Statewide,13
16326,2021,BS,Not Applicable,Diesel,2019,ICE,Not Applicable,2,Statewide,13
16327,2021,BT,Not Applicable,Diesel,2008,ICE,Not Applicable,1,Statewide,13
16328,2021,T2,Unknown,Gasoline,2018,ICE,Not Applicable,3,Statewide,6030
16329,2021,MC,Not Applicable,Electric,2014,BEV,Unknown,≥4,Statewide,10
16330,2021,P,Not Applicable,Gasoline,1979,ICE,Not Applicable,≥4,Statewide,6562
16331,2021,T4,2,Gasoline,2008,ICE,Not Applicable,3,Statewide,6023
16332,2021,BT,Not Applicable,Diesel,2001,ICE,Not Applicable,2,Statewide,5
16333,2021,T2,1,Gasoline,1998,ICE,Not Applicable,3,Statewide,5991
16334,2021,BS,Not Applicable,Diesel,1987,ICE,Not Applicable,1,Statewide,5
16335,2021,T1,1,Gasoline,2017,ICE,Not Applicable,3,Statewide,6676
16336,2021,T6,5,Diesel,1999,ICE,Not Applicable,1,Statewide,10
16337,2021,T6,Unknown,Diesel,2017,ICE,Not Applicable,2,Statewide,10
16338,2021,T1,1,Gasoline,1999,ICE,Not Applicable,1,Statewide,6373
16339,2021,T2,1,Electric,2007,BEV,Unknown,2,Statewide,10
16340,2021,T3,Unknown,Gasoline,2010,ICE,Not Applicable,1,Statewide,6459
16341,2021,T1,Unknown,Electric,2009,BEV,Unknown,≥4,Statewide,10
16342,2021,T1,1,Electric,2005,BEV,Unknown,1,Statewide,10
16343,2021,T4,2,Diesel,2020,ICE,Not Applicable,2,Statewide,3469
16344,2021,BT,Not Applicable,Diesel,2006,ICE,Not Applicable,3,Statewide,5
16345,2021,P,Not Applicable,Electric,2008,BEV,Unknown,1,Statewide,10
16346,2021,P,Not Applicable,Electric,1985,BEV,Unknown,≥4,Statewide,10
16347,2021,T6,Unknown,Diesel,2017,ICE,Not Applicable,1,Statewide,10
16348,2021,T4,2,Gasoline,1994,ICE,Not Applicable,≥4,Statewide,3479
16349,2021,MC,Not Applicable,Gasoline,2007,ICE,Not Applicable,1,Statewide,3481
16350,2021,T6,6,Diesel,2022,ICE,Not Applicable,≥4,Statewide,3482
16351,2021,MC,Not Applicable,Electric,2016,BEV,Unknown,3,Statewide,10
16352,2021,T2,1,Gasoline,1998,ICE,Not Applicable,2,Statewide,6654
16353,2021,T4,2,Diesel,2013,ICE,Not Applicable,3,Statewide,3486
16354,2021,T4,2,Diesel,2020,ICE,Not Applicable,1,Statewide,3487
16355,2021,T2,Unknown,Gasoline,2014,ICE,Not Applicable,3,Statewide,3489
16356,2021,MC,Not Applicable,Gasoline,2019,ICE,Not Applicable,1,Statewide,6654
16357,2021,T4,2,Diesel,2011,ICE,Not Applicable,2,Statewide,6734
16358,2021,P,Not Applicable,Electric,2021,BEV,>150 miles,1,Statewide,3471
16359,2021,T6,5,Diesel,1999,ICE,Not Applicable,2,Statewide,13
16360,2021,T2,Unknown,Diesel,1990,ICE,Not Applicable,3,Statewide,5
16361,2021,T2,1,Gasoline,2007,ICE,Not Applicable,3,Statewide,39824
16362,2021,B,Not Applicable,Diesel,2012,ICE,Not Applicable,1,Statewide,39
16363,2021,T4,Unknown,Diesel,2009,ICE,Not Applicable,≥4,Statewide,13
16364,2021,T7,8,Natural Gas,2006,ICE,Not Applicable,≥4,Statewide,51
16365,2021,T4,Unknown,Diesel,2008,ICE,Not Applicable,1,Statewide,13
16366,2021,T2,Unknown,Diesel,2023,ICE,Not Applicable,3,Statewide,10
16367,2021,T3,Unknown,Diesel,1979,ICE,Not Applicable,≥4,Statewide,10
16368,2021,T3,Unknown,Diesel,2020,ICE,Not Applicable,1,Statewide,13
16369,2021,B,Not Applicable,Diesel,1994,ICE,Not Applicable,3,Statewide,5
16370,2021,T3,2,Gasoline,2013,ICE,Not Applicable,2,Statewide,38834
16371,2021,T3,2,Gasoline,1977,ICE,Not Applicable,≥4,Statewide,5917
16372,2021,T3,2,Diesel,1983,ICE,Not Applicable,≥4,Statewide,10
16373,2021,T3,Unknown,Gasoline,2012,ICE,Not Applicable,1,Statewide,6224
16374,2021,T3,Unknown,Gasoline,2008,ICE,Not Applicable,≥4,Statewide,6226
16375,2021,T1,Unknown,Gasoline,2010,ICE,Not Applicable,2,Statewide,10
16376,2021,T4,2,Gasoline,2008,ICE,Not Applicable,2,Statewide,5918
16377,2021,T3,2,Diesel,1998,ICE,Not Applicable,3,Statewide,13
16378,2021,T3,2,Diesel,1996,ICE,Not Applicable,2,Statewide,13
16379,2021,T3,Unknown,Diesel,1977,ICE,Not Applicable,1,Statewide,13
16380,2021,B,Not Applicable,Diesel,1993,ICE,Not Applicable,3,Statewide,5
16381,2021,B,Not Applicable,Diesel,1989,ICE,Not Applicable,1,Statewide,5
16382,2021,T3,Unknown,Gasoline,2022,ICE,Not Applicable,≥4,Statewide,5954
16383,2021,T6,Unknown,Diesel,1983,ICE,Not Applicable,2,Statewide,5
16384,2021,B,Not Applicable,Diesel,1987,ICE,Not Applicable,1,Statewide,5
16385,2021,T3,Unknown,Diesel,1985,ICE,Not Applicable,≥4,Statewide,10
16386,2021,T6,Unknown,Diesel,1983,ICE,Not Applicable,3,Statewide,5
16387,2021,BS,Not Applicable,Diesel,1989,ICE,Not Applicable,≥4,Statewide,39
16388,2021,T3,2,Gasoline,2007,ICE,Not Applicable,1,Statewide,38714
16389,2021,BS,Not Applicable,Diesel,2011,ICE,Not Applicable,2,Statewide,39
16390,2021,T4,Unknown,Diesel,2019,ICE,Not Applicable,≥4,Statewide,13
16391,2021,T6,5,Diesel,1995,ICE,Not Applicable,2,Statewide,13
16392,2021,T6,6,Diesel,1991,ICE,Not Applicable,1,Statewide,13
16393,2021,T4,Unknown,Gasoline,1981,ICE,Not Applicable,≥4,Statewide,10
16394,2021,BT,Not Applicable,Natural Gas,2004,ICE,Not Applicable,≥4,Statewide,47
16395,2021,T6,7,Diesel,1988,ICE,Not Applicable,3,Statewide,13
16396,2021,P,Not Applicable,Natural Gas,2009,ICE,Not Applicable,3,Statewide,47
16397,2021,P,Not Applicable,Natural Gas,2010,ICE,Not Applicable,2,Statewide,47
16398,2021,T6,7,Diesel,1987,ICE,Not Applicable,2,Statewide,13
16399,2021,T6,Unknown,Diesel,1984,ICE,Not Applicable,3,Statewide,13
16400,2021,BS,Not Applicable,Diesel,1981,ICE,Not Applicable,3,Statewide,5
16401,2021,BS,Not Applicable,Diesel,1978,ICE,Not Applicable,2,Statewide,5
16402,2021,B,Not Applicable,Diesel,1997,ICE,Not Applicable,2,Statewide,5
16403,2021,T4,2,Diesel,2009,ICE,Not Applicable,2,Statewide,6253
16404,2021,T2,Unknown,Gasoline,1991,ICE,Not Applicable,3,Statewide,10
16405,2021,T6,4,Gasoline,1995,ICE,Not Applicable,2,Statewide,51
16406,2021,T2,Unknown,Gasoline,2013,ICE,Not Applicable,3,Statewide,3076
16407,2021,T7,8,Gasoline,1978,ICE,Not Applicable,≥4,Statewide,51
16408,2021,T6,7,Natural Gas,2020,ICE,Not Applicable,≥4,Statewide,51
16409,2021,T6,7,Diesel,1984,ICE,Not Applicable,3,Statewide,13
16410,2021,T6,7,Diesel,1991,ICE,Not Applicable,2,Statewide,39
16411,2021,T1,Unknown,Diesel,2002,ICE,Not Applicable,≥4,Statewide,39
16412,2021,P,Not Applicable,Diesel,1996,ICE,Not Applicable,1,Statewide,39
16413,2021,T6,6,Diesel,1983,ICE,Not Applicable,≥4,Statewide,13
16414,2021,T5,3,Diesel,1990,ICE,Not Applicable,1,Statewide,13
16415,2021,T2,Unknown,Gasoline,1986,ICE,Not Applicable,1,Statewide,10
16416,2021,MH,Not Applicable,Diesel,1995,ICE,Not Applicable,3,Statewide,39
16417,2021,T2,Unknown,Gasoline,1988,ICE,Not Applicable,3,Statewide,10
16418,2021,BT,Not Applicable,Gasoline,1993,ICE,Not Applicable,≥4,Statewide,10
16419,2021,MC,Not Applicable,Gasoline,2019,ICE,Not Applicable,2,Statewide,6256
16420,2021,T6,7,Diesel,1982,ICE,Not Applicable,2,Statewide,5
16421,2021,T3,2,Diesel,1995,ICE,Not Applicable,2,Statewide,5
16422,2021,P,Not Applicable,Diesel,1994,ICE,Not Applicable,1,Statewide,13
16423,2021,T1,Unknown,Gasoline,1991,ICE,Not Applicable,1,Statewide,10
16424,2021,T1,1,Gasoline,1998,ICE,Not Applicable,2,Statewide,6056
16425,2021,P,Not Applicable,Gasoline,2023,ICE,Not Applicable,2,Statewide,6050
16426,2021,T3,2,Diesel,1993,ICE,Not Applicable,2,Statewide,5
16427,2021,P,Not Applicable,Diesel,1993,ICE,Not Applicable,2,Statewide,13
16428,2021,MH,Not Applicable,Diesel,2023,ICE,Not Applicable,2,Statewide,13
16429,2021,T3,Unknown,Diesel,1992,ICE,Not Applicable,3,Statewide,5
16430,2021,T3,2,Diesel,1992,ICE,Not Applicable,2,Statewide,5
16431,2021,T3,Unknown,Diesel,1991,ICE,Not Applicable,1,Statewide,5
16432,2021,T3,2,Diesel,1986,ICE,Not Applicable,2,Statewide,5
16433,2021,T3,2,Diesel,1986,ICE,Not Applicable,3,Statewide,5
16434,2021,T2,1,Gasoline,2005,ICE,Not Applicable,3,Statewide,39508
16435,2021,T1,Unknown,Gasoline,1989,ICE,Not Applicable,3,Statewide,10
16436,2021,T3,Unknown,Diesel,1984,ICE,Not Applicable,1,Statewide,5
16437,2021,T3,Unknown,Diesel,1979,ICE,Not Applicable,3,Statewide,5
16438,2021,T2,Unknown,Diesel,1997,ICE,Not Applicable,1,Statewide,5
16439,2021,T2,Unknown,Diesel,1994,ICE,Not Applicable,3,Statewide,5
16440,2021,P,Not Applicable,Gasoline,2023,PHEV,51 to 100 miles,2,Statewide,10
16441,2021,T2,Unknown,Diesel,1991,ICE,Not Applicable,2,Statewide,5
16442,2021,T2,1,Diesel,1991,ICE,Not Applicable,3,Statewide,5
16443,2021,T2,Unknown,Diesel,1990,ICE,Not Applicable,1,Statewide,5
16444,2021,T5,3,Diesel,2023,ICE,Not Applicable,3,Statewide,10
16445,2021,BT,Not Applicable,Gasoline,2018,ICE,Not Applicable,1,Statewide,10
16446,2021,T3,2,Diesel,1996,ICE,Not Applicable,3,Statewide,5
16447,2021,T5,3,Diesel,1990,ICE,Not Applicable,2,Statewide,10
16448,2021,T4,Unknown,Diesel,2017,ICE,Not Applicable,≥4,Statewide,10
16449,2021,T3,2,Diesel,2005,ICE,Not Applicable,3,Statewide,5
16450,2021,T6,Unknown,Diesel,1980,ICE,Not Applicable,2,Statewide,5
16451,2021,T2,Unknown,Diesel,1995,ICE,Not Applicable,≥4,Statewide,13
16452,2021,T1,Unknown,Gasoline,2002,ICE,Not Applicable,2,Statewide,10
16453,2021,T1,1,Gasoline,1992,ICE,Not Applicable,3,Statewide,3173
16454,2021,T6,7,Diesel,1980,ICE,Not Applicable,3,Statewide,5
16455,2021,T3,Unknown,Diesel,1986,ICE,Not Applicable,≥4,Statewide,10
16456,2021,P,Not Applicable,Gasoline,2019,PHEV,0 to 50 miles,1,Statewide,6275
16457,2021,T4,Unknown,Diesel,2009,ICE,Not Applicable,3,Statewide,5
16458,2021,T1,Unknown,Gasoline,2001,ICE,Not Applicable,3,Statewide,10
16459,2021,T2,1,Diesel,1986,ICE,Not Applicable,≥4,Statewide,13
16460,2021,T2,1,Gasoline,2006,ICE,Not Applicable,3,Statewide,39249
16461,2021,T3,Unknown,Diesel,1989,ICE,Not Applicable,≥4,Statewide,10
16462,2021,T6,6,Diesel,1982,ICE,Not Applicable,≥4,Statewide,5
16463,2021,T3,Unknown,Diesel,2010,ICE,Not Applicable,≥4,Statewide,10
16464,2021,T4,Unknown,Diesel,1979,ICE,Not Applicable,≥4,Statewide,10
16465,2021,T4,Unknown,Diesel,2006,ICE,Not Applicable,≥4,Statewide,5
16466,2021,T2,Unknown,Diesel,1985,ICE,Not Applicable,≥4,Statewide,13
16467,2021,T4,Unknown,Diesel,2008,ICE,Not Applicable,3,Statewide,10
16468,2021,T1,Unknown,Diesel,1996,ICE,Not Applicable,≥4,Statewide,13
16469,2021,T4,Unknown,Diesel,2005,ICE,Not Applicable,≥4,Statewide,5
16470,2021,T1,Unknown,Diesel,1977,ICE,Not Applicable,3,Statewide,13
16471,2021,T1,Unknown,Gasoline,1977,ICE,Not Applicable,≥4,Statewide,39382
16472,2021,T1,Unknown,Gasoline,1993,ICE,Not Applicable,1,Statewide,10
16473,2021,T4,Unknown,Diesel,2002,ICE,Not Applicable,3,Statewide,5
16474,2021,T4,Unknown,Diesel,1992,ICE,Not Applicable,1,Statewide,5
16475,2021,T4,Unknown,Diesel,1982,ICE,Not Applicable,1,Statewide,5
16476,2021,B,Not Applicable,Diesel,1978,ICE,Not Applicable,≥4,Statewide,5
16477,2021,MC,Not Applicable,Gasoline,2009,ICE,Not Applicable,3,Statewide,5880
16478,2021,T6,7,Gasoline,2011,ICE,Not Applicable,2,Statewide,5
16479,2021,T4,2,Gasoline,2018,ICE,Not Applicable,≥4,Statewide,5870
16480,2021,T1,1,Gasoline,1993,ICE,Not Applicable,2,Statewide,3327
16481,2021,T6,7,Gasoline,2002,ICE,Not Applicable,1,Statewide,12
16482,2021,T7,8,Natural Gas,2007,ICE,Not Applicable,1,Statewide,5
16483,2021,T6,6,Natural Gas,2020,ICE,Not Applicable,≥4,Statewide,5
16484,2021,T6,6,Natural Gas,2018,ICE,Not Applicable,≥4,Statewide,5
16485,2021,T1,1,Gasoline,1977,ICE,Not Applicable,3,Statewide,3315
16486,2021,T2,Unknown,Gasoline,2014,ICE,Not Applicable,1,Statewide,3329
16487,2021,T6,4,Natural Gas,2009,ICE,Not Applicable,≥4,Statewide,5
16488,2021,T6,7,Gasoline,2000,ICE,Not Applicable,1,Statewide,12
16489,2021,T6,6,Gasoline,1998,ICE,Not Applicable,2,Statewide,12
16490,2021,T6,7,Gasoline,1990,ICE,Not Applicable,2,Statewide,12
16491,2021,T5,3,Gasoline,1988,ICE,Not Applicable,3,Statewide,12
16492,2021,T4,Unknown,Gasoline,1999,ICE,Not Applicable,≥4,Statewide,12
16493,2021,T4,Unknown,Gasoline,1997,ICE,Not Applicable,≥4,Statewide,12
16494,2021,T6,6,Gasoline,2001,ICE,Not Applicable,2,Statewide,12
16495,2021,T4,Unknown,Gasoline,1979,ICE,Not Applicable,2,Statewide,12
16496,2021,T6,7,Gasoline,2007,ICE,Not Applicable,2,Statewide,12
16497,2021,T7,8,Natural Gas,2016,ICE,Not Applicable,1,Statewide,42
16498,2021,T3,2,Diesel,2008,ICE,Not Applicable,3,Statewide,42
16499,2021,T6,Unknown,Diesel,1979,ICE,Not Applicable,≥4,Statewide,42
16500,2021,T6,4,Diesel,1995,ICE,Not Applicable,2,Statewide,42
16501,2021,T6,7,Diesel,1997,ICE,Not Applicable,3,Statewide,42
16502,2021,T6,Unknown,Diesel,2013,ICE,Not Applicable,≥4,Statewide,42
16503,2021,T6,4,Diesel,2015,ICE,Not Applicable,3,Statewide,42
16504,2021,MC,Not Applicable,Electric,2016,BEV,Unknown,≥4,Statewide,11
16505,2021,T7,8,Diesel,1989,ICE,Not Applicable,2,Statewide,42
16506,2021,P,Not Applicable,Electric,2016,BEV,>150 miles,≥4,Statewide,42
16507,2021,T6,7,Gasoline,1988,ICE,Not Applicable,≥4,Statewide,42
16508,2021,B,Not Applicable,Natural Gas,2008,ICE,Not Applicable,≥4,Statewide,42
16509,2021,B,Not Applicable,Natural Gas,2018,ICE,Not Applicable,≥4,Statewide,42
16510,2021,BS,Not Applicable,Natural Gas,2006,ICE,Not Applicable,≥4,Statewide,42
16511,2021,T3,Unknown,Natural Gas,2017,ICE,Not Applicable,≥4,Statewide,42
16512,2021,P,Not Applicable,Electric,2011,BEV,Unknown,≥4,Statewide,42
16513,2021,T2,1,Diesel,2011,ICE,Not Applicable,2,Statewide,42
16514,2021,T3,Unknown,Gasoline,1986,ICE,Not Applicable,1,Statewide,12
16515,2021,T2,Unknown,Gasoline,2021,PHEV,0 to 50 miles,1,Statewide,12
16516,2021,P,Not Applicable,Electric,2010,BEV,Unknown,1,Statewide,12
16517,2021,P,Not Applicable,Electric,2010,BEV,Unknown,2,Statewide,12
16518,2021,B,Not Applicable,Diesel,1990,ICE,Not Applicable,3,Statewide,12
16519,2021,MC,Not Applicable,Electric,2017,BEV,Unknown,2,Statewide,12
16520,2021,B,Not Applicable,Diesel,1992,ICE,Not Applicable,1,Statewide,12
16521,2021,BS,Not Applicable,Gasoline,2006,ICE,Not Applicable,1,Statewide,11
16522,2021,B,Not Applicable,Gasoline,1996,ICE,Not Applicable,2,Statewide,11
16523,2021,B,Not Applicable,Diesel,1993,ICE,Not Applicable,2,Statewide,12
16524,2021,BS,Not Applicable,Gasoline,2010,ICE,Not Applicable,1,Statewide,11
16525,2021,BT,Not Applicable,Electric,2018,BEV,Unknown,≥4,Statewide,12
16526,2021,B,Not Applicable,Diesel,1996,ICE,Not Applicable,3,Statewide,12
16527,2021,BS,Not Applicable,Gasoline,2014,ICE,Not Applicable,1,Statewide,11
16528,2021,BT,Not Applicable,Gasoline,2016,ICE,Not Applicable,2,Statewide,11
16529,2021,T7,8,Diesel,1983,ICE,Not Applicable,2,Statewide,12
16530,2021,B,Not Applicable,Diesel,1994,ICE,Not Applicable,2,Statewide,12
16531,2021,P,Not Applicable,Electric,1977,BEV,Unknown,≥4,Statewide,11
16532,2021,B,Not Applicable,Gasoline,1982,ICE,Not Applicable,≥4,Statewide,11
16533,2021,B,Not Applicable,Gasoline,1978,ICE,Not Applicable,1,Statewide,11
16534,2021,T2,Unknown,Gasoline,1981,ICE,Not Applicable,2,Statewide,12
16535,2021,T1,Unknown,Gasoline,2011,ICE,Not Applicable,3,Statewide,12
16536,2021,T1,Unknown,Gasoline,2010,ICE,Not Applicable,3,Statewide,12
16537,2021,BT,Not Applicable,Gasoline,2021,ICE,Not Applicable,1,Statewide,12
16538,2021,T1,1,Electric,2002,BEV,Unknown,≥4,Statewide,11
16539,2021,T1,Unknown,Electric,2011,BEV,Unknown,≥4,Statewide,11
16540,2021,T1,Unknown,Electric,2014,BEV,Unknown,1,Statewide,12
16541,2021,BT,Not Applicable,Gasoline,1988,ICE,Not Applicable,≥4,Statewide,12
16542,2021,BS,Not Applicable,Gasoline,1978,ICE,Not Applicable,2,Statewide,12
16543,2021,B,Not Applicable,Gasoline,1999,ICE,Not Applicable,2,Statewide,12
16544,2021,B,Not Applicable,Gasoline,1987,ICE,Not Applicable,≥4,Statewide,12
16545,2021,T3,Unknown,Electric,1998,BEV,Unknown,≥4,Statewide,12
16546,2021,T3,Unknown,Electric,2007,BEV,Unknown,3,Statewide,11
16547,2021,T3,Unknown,Electric,1997,BEV,Unknown,≥4,Statewide,12
16548,2021,BS,Not Applicable,Gasoline,1983,ICE,Not Applicable,≥4,Statewide,12
16549,2021,T1,Unknown,Gasoline,2002,ICE,Not Applicable,3,Statewide,11
16550,2021,T1,1,Diesel,1988,ICE,Not Applicable,2,Statewide,42
16551,2021,BS,Not Applicable,Diesel,2020,ICE,Not Applicable,1,Statewide,42
16552,2021,T2,Unknown,Gasoline,1996,ICE,Not Applicable,≥4,Statewide,44
16553,2021,T6,Unknown,Diesel,2018,ICE,Not Applicable,1,Statewide,11
16554,2021,T2,Unknown,Gasoline,1989,ICE,Not Applicable,3,Statewide,44
16555,2021,T5,3,Diesel,1993,ICE,Not Applicable,2,Statewide,49
16556,2021,T6,Unknown,Diesel,2020,ICE,Not Applicable,1,Statewide,11
16557,2021,T6,5,Diesel,2023,ICE,Not Applicable,2,Statewide,11
16558,2021,T2,Unknown,Gasoline,1998,ICE,Not Applicable,3,Statewide,44
16559,2021,T1,Unknown,Gasoline,1981,ICE,Not Applicable,2,Statewide,44
16560,2021,P,Not Applicable,Electric,2016,BEV,Unknown,3,Statewide,44
16561,2021,T2,1,Gasoline,2002,ICE,Not Applicable,≥4,Statewide,35764
16562,2021,T6,Unknown,Diesel,2023,ICE,Not Applicable,3,Statewide,11
16563,2021,P,Not Applicable,Electric,2007,BEV,Unknown,2,Statewide,44
16564,2021,T4,2,Gasoline,2012,ICE,Not Applicable,1,Statewide,3352
16565,2021,T3,2,Gasoline,2006,ICE,Not Applicable,1,Statewide,36223
16566,2021,T2,Unknown,Diesel,2016,ICE,Not Applicable,2,Statewide,49
16567,2021,T3,2,Gasoline,2011,ICE,Not Applicable,1,Statewide,36355
16568,2021,T3,Unknown,Gasoline,1989,ICE,Not Applicable,≥4,Statewide,44
16569,2021,T3,Unknown,Gasoline,1999,ICE,Not Applicable,3,Statewide,44
16570,2021,T2,1,Gasoline,1995,ICE,Not Applicable,1,Statewide,3369
16571,2021,P,Not Applicable,Gasoline,1990,ICE,Not Applicable,2,Statewide,3369
16572,2021,T3,2,Gasoline,2015,ICE,Not Applicable,≥4,Statewide,35250
16573,2021,T4,2,Gasoline,2004,ICE,Not Applicable,1,Statewide,3364
16574,2021,T1,1,Gasoline,2020,ICE,Not Applicable,≥4,Statewide,35383
16575,2021,P,Not Applicable,Gasoline,2001,ICE,Not Applicable,1,Statewide,35731
16576,2021,T3,Unknown,Gasoline,1995,ICE,Not Applicable,3,Statewide,44
16577,2021,T6,5,Diesel,2001,ICE,Not Applicable,3,Statewide,11
16578,2021,T6,Unknown,Diesel,2018,ICE,Not Applicable,2,Statewide,11
16579,2021,T6,6,Gasoline,2000,ICE,Not Applicable,1,Statewide,44
16580,2021,T6,4,Gasoline,1996,ICE,Not Applicable,2,Statewide,44
16581,2021,T6,7,Gasoline,1993,ICE,Not Applicable,≥4,Statewide,44
16582,2021,T6,7,Gasoline,1984,ICE,Not Applicable,≥4,Statewide,44
16583,2021,T5,3,Gasoline,1990,ICE,Not Applicable,1,Statewide,44
16584,2021,T6,7,Diesel,1983,ICE,Not Applicable,1,Statewide,49
16585,2021,P,Not Applicable,Diesel,1982,ICE,Not Applicable,1,Statewide,42
16586,2021,MC,Not Applicable,Electric,2022,BEV,Unknown,1,Statewide,44
16587,2021,T7,8,Diesel,1982,ICE,Not Applicable,1,Statewide,44
16588,2021,T4,2,Natural Gas,2005,ICE,Not Applicable,3,Statewide,12
16589,2021,T2,1,Diesel,2011,ICE,Not Applicable,1,Statewide,44
16590,2021,T2,Unknown,Natural Gas,2017,ICE,Not Applicable,≥4,Statewide,12
16591,2021,P,Not Applicable,Natural Gas,2018,ICE,Not Applicable,3,Statewide,12
16592,2021,P,Not Applicable,Diesel,1981,ICE,Not Applicable,1,Statewide,44
16593,2021,BT,Not Applicable,Electric,2005,BEV,Unknown,≥4,Statewide,11
16594,2021,T3,Unknown,Diesel,1977,ICE,Not Applicable,≥4,Statewide,44
16595,2021,BS,Not Applicable,Natural Gas,2008,ICE,Not Applicable,3,Statewide,12
16596,2021,T1,1,Hydrogen,2021,FCEV,>150 miles,≥4,Statewide,12
16597,2021,T6,6,Gasoline,2021,ICE,Not Applicable,2,Statewide,12
16598,2021,T6,5,Gasoline,2012,ICE,Not Applicable,3,Statewide,12
16599,2021,T6,6,Gasoline,2012,ICE,Not Applicable,3,Statewide,12
16600,2021,BS,Not Applicable,Diesel,1977,ICE,Not Applicable,3,Statewide,42
16601,2021,BS,Not Applicable,Diesel,2004,ICE,Not Applicable,2,Statewide,42
16602,2021,MC,Not Applicable,Electric,1996,BEV,Unknown,≥4,Statewide,11
16603,2021,T7,8,Diesel,1991,ICE,Not Applicable,2,Statewide,44
16604,2021,T7,8,Natural Gas,2021,ICE,Not Applicable,2,Statewide,12
16605,2021,P,Not Applicable,Gasoline,2019,PHEV,0 to 50 miles,2,Statewide,6820
16606,2021,P,Not Applicable,Gasoline,1999,ICE,Not Applicable,≥4,Statewide,36598
16607,2021,T7,8,Diesel,1981,ICE,Not Applicable,3,Statewide,11
16608,2021,T7,8,Diesel,1987,ICE,Not Applicable,3,Statewide,11
16609,2021,T6,7,Diesel,1994,ICE,Not Applicable,3,Statewide,44
16610,2021,T6,Unknown,Diesel,1989,ICE,Not Applicable,≥4,Statewide,44
16611,2021,T1,1,Gasoline,2020,ICE,Not Applicable,2,Statewide,36727
16612,2021,T2,Unknown,Gasoline,2017,ICE,Not Applicable,2,Statewide,6812
16613,2021,T7,8,Diesel,1988,ICE,Not Applicable,3,Statewide,11
16614,2021,T5,3,Diesel,1992,ICE,Not Applicable,2,Statewide,44
16615,2021,T4,Unknown,Diesel,2020,ICE,Not Applicable,1,Statewide,44
16616,2021,MC,Not Applicable,Gasoline,2013,ICE,Not Applicable,3,Statewide,6825
16617,2021,T1,Unknown,Diesel,2017,ICE,Not Applicable,≥4,Statewide,49
16618,2021,P,Not Applicable,Diesel,1996,ICE,Not Applicable,2,Statewide,49
16619,2021,BT,Not Applicable,Electric,1998,BEV,Unknown,≥4,Statewide,11
16620,2021,T1,1,Gasoline,2009,ICE,Not Applicable,3,Statewide,6840
16621,2021,T1,Unknown,Gasoline,2002,ICE,Not Applicable,1,Statewide,11
16622,2021,T2,Unknown,Gasoline,1988,ICE,Not Applicable,2,Statewide,11
16623,2021,B,Not Applicable,Diesel,2016,ICE,Not Applicable,2,Statewide,12
16624,2021,T7,8,Natural Gas,2021,ICE,Not Applicable,3,Statewide,11
16625,2021,T6,Unknown,Gasoline,1991,ICE,Not Applicable,≥4,Statewide,5
16626,2021,T6,5,Gasoline,1993,ICE,Not Applicable,3,Statewide,5
16627,2021,T6,Unknown,Diesel,1982,ICE,Not Applicable,1,Statewide,12
16628,2021,P,Not Applicable,Natural Gas,1977,ICE,Not Applicable,2,Statewide,5
16629,2021,T7,8,Natural Gas,2022,ICE,Not Applicable,3,Statewide,11
16630,2021,T7,8,Natural Gas,2015,ICE,Not Applicable,3,Statewide,11
16631,2021,T5,3,Diesel,2022,ICE,Not Applicable,≥4,Statewide,3276
16632,2021,T6,7,Gasoline,1996,ICE,Not Applicable,3,Statewide,5
16633,2021,BT,Not Applicable,Natural Gas,2017,ICE,Not Applicable,1,Statewide,5
16634,2021,T6,7,Gasoline,1996,ICE,Not Applicable,2,Statewide,5
16635,2021,T1,1,Gasoline,1993,ICE,Not Applicable,3,Statewide,3287
16636,2021,T7,8,Natural Gas,2023,ICE,Not Applicable,1,Statewide,11
16637,2021,B,Not Applicable,Diesel,1991,ICE,Not Applicable,2,Statewide,10
16638,2021,T6,7,Gasoline,1994,ICE,Not Applicable,3,Statewide,5
16639,2021,T3,2,Diesel,2007,ICE,Not Applicable,1,Statewide,12
16640,2021,T6,7,Natural Gas,2007,ICE,Not Applicable,≥4,Statewide,11
16641,2021,T4,2,Natural Gas,2006,ICE,Not Applicable,3,Statewide,11
16642,2021,T3,2,Gasoline,1997,ICE,Not Applicable,2,Statewide,3111
16643,2021,T3,2,Natural Gas,2004,ICE,Not Applicable,3,Statewide,11
16644,2021,T6,Unknown,Diesel,2023,ICE,Not Applicable,2,Statewide,12
16645,2021,T6,4,Diesel,2023,ICE,Not Applicable,2,Statewide,12
16646,2021,T6,Unknown,Diesel,2022,ICE,Not Applicable,2,Statewide,12
16647,2021,T6,Unknown,Diesel,1999,ICE,Not Applicable,≥4,Statewide,12
16648,2021,T4,2,Natural Gas,2006,ICE,Not Applicable,2,Statewide,11
16649,2021,T6,6,Diesel,1991,ICE,Not Applicable,3,Statewide,12
16650,2021,T4,2,Gasoline,2016,ICE,Not Applicable,≥4,Statewide,3268
16651,2021,T5,3,Gasoline,2011,ICE,Not Applicable,≥4,Statewide,3269
16652,2021,T6,4,Gasoline,1989,ICE,Not Applicable,≥4,Statewide,5
16653,2021,T4,2,Gasoline,2012,ICE,Not Applicable,3,Statewide,3270
16654,2021,T4,2,Natural Gas,2004,ICE,Not Applicable,1,Statewide,11
16655,2021,T4,2,Natural Gas,2005,ICE,Not Applicable,1,Statewide,11
16656,2021,T6,6,Diesel,1989,ICE,Not Applicable,1,Statewide,12
16657,2021,T3,Unknown,Diesel,1990,ICE,Not Applicable,≥4,Statewide,12
16658,2021,T6,5,Gasoline,1996,ICE,Not Applicable,1,Statewide,5
16659,2021,BS,Not Applicable,Natural Gas,2023,ICE,Not Applicable,2,Statewide,5
16660,2021,T6,7,Gasoline,2000,ICE,Not Applicable,3,Statewide,5
16661,2021,T6,7,Gasoline,2001,ICE,Not Applicable,1,Statewide,5
16662,2021,T7,8,Gasoline,2003,ICE,Not Applicable,≥4,Statewide,5
16663,2021,T7,8,Gasoline,1996,ICE,Not Applicable,≥4,Statewide,5
16664,2021,T6,5,Gasoline,2001,ICE,Not Applicable,1,Statewide,5
16665,2021,B,Not Applicable,Diesel,1990,ICE,Not Applicable,2,Statewide,10
16666,2021,T6,5,Gasoline,1998,ICE,Not Applicable,1,Statewide,5
16667,2021,T6,7,Gasoline,2002,ICE,Not Applicable,2,Statewide,5
16668,2021,T7,8,Gasoline,1988,ICE,Not Applicable,≥4,Statewide,5
16669,2021,T6,Unknown,Gasoline,2020,ICE,Not Applicable,2,Statewide,5
16670,2021,T6,6,Gasoline,2008,ICE,Not Applicable,3,Statewide,5
16671,2021,T6,6,Gasoline,2009,ICE,Not Applicable,2,Statewide,5
16672,2021,T6,6,Gasoline,2016,ICE,Not Applicable,3,Statewide,5
16673,2021,B,Not Applicable,Diesel,1986,ICE,Not Applicable,3,Statewide,10
16674,2021,T6,7,Gasoline,2003,ICE,Not Applicable,1,Statewide,5
16675,2021,BT,Not Applicable,Natural Gas,2013,ICE,Not Applicable,2,Statewide,5
16676,2021,T6,7,Gasoline,1997,ICE,Not Applicable,2,Statewide,5
16677,2021,T7,8,Gasoline,2007,ICE,Not Applicable,≥4,Statewide,5
16678,2021,BS,Not Applicable,Natural Gas,2022,ICE,Not Applicable,2,Statewide,5
16679,2021,BS,Not Applicable,Natural Gas,2021,ICE,Not Applicable,1,Statewide,5
16680,2021,T4,Unknown,Diesel,1977,ICE,Not Applicable,1,Statewide,12
16681,2021,T3,Unknown,Gasoline,2022,ICE,Not Applicable,3,Statewide,3296
16682,2021,B,Not Applicable,Diesel,1979,ICE,Not Applicable,1,Statewide,10
16683,2021,T2,Unknown,Gasoline,2016,ICE,Not Applicable,≥4,Statewide,3297
16684,2021,T4,Unknown,Diesel,1984,ICE,Not Applicable,≥4,Statewide,12
16685,2021,BS,Not Applicable,Natural Gas,2007,ICE,Not Applicable,2,Statewide,5
16686,2021,B,Not Applicable,Natural Gas,2008,ICE,Not Applicable,1,Statewide,5
16687,2021,B,Not Applicable,Natural Gas,2005,ICE,Not Applicable,1,Statewide,5
16688,2021,T1,1,Hydrogen,2021,FCEV,>150 miles,3,Statewide,5
16689,2021,T4,2,Diesel,1985,ICE,Not Applicable,≥4,Statewide,12
16690,2021,P,Not Applicable,Hydrogen,2017,FCEV,Unknown,2,Statewide,5
16691,2021,T7,8,Gasoline,2013,ICE,Not Applicable,≥4,Statewide,5
16692,2021,B,Not Applicable,Natural Gas,2009,ICE,Not Applicable,1,Statewide,5
16693,2021,T6,5,Gasoline,1989,ICE,Not Applicable,1,Statewide,5
16694,2021,T3,2,Diesel,1985,ICE,Not Applicable,2,Statewide,12
16695,2021,T3,2,Natural Gas,2002,ICE,Not Applicable,3,Statewide,11
16696,2021,T6,Unknown,Diesel,1980,ICE,Not Applicable,≥4,Statewide,43
16697,2021,T6,7,Diesel,1992,ICE,Not Applicable,3,Statewide,43
16698,2021,T4,Unknown,Gasoline,2001,ICE,Not Applicable,≥4,Statewide,11
16699,2021,T4,Unknown,Gasoline,2014,ICE,Not Applicable,3,Statewide,11
16700,2021,T6,5,Gasoline,1978,ICE,Not Applicable,1,Statewide,11
16701,2021,T6,4,Diesel,1995,ICE,Not Applicable,3,Statewide,43
16702,2021,T6,5,Gasoline,1987,ICE,Not Applicable,1,Statewide,5
16703,2021,T6,7,Diesel,1996,ICE,Not Applicable,2,Statewide,43
16704,2021,T6,5,Gasoline,1981,ICE,Not Applicable,1,Statewide,11
16705,2021,T6,7,Gasoline,1992,ICE,Not Applicable,1,Statewide,11
16706,2021,T6,5,Gasoline,1995,ICE,Not Applicable,≥4,Statewide,11
16707,2021,T7,8,Diesel,1986,ICE,Not Applicable,1,Statewide,43
16708,2021,T6,6,Gasoline,1999,ICE,Not Applicable,1,Statewide,11
16709,2021,MH,Not Applicable,Diesel,1983,ICE,Not Applicable,≥4,Statewide,12
16710,2021,T3,Unknown,Gasoline,2021,ICE,Not Applicable,3,Statewide,3262
16711,2021,BT,Not Applicable,Electric,1998,BEV,Unknown,1,Statewide,43
16712,2021,T6,6,Diesel,1977,ICE,Not Applicable,1,Statewide,43
16713,2021,T3,Unknown,Diesel,2012,ICE,Not Applicable,≥4,Statewide,43
16714,2021,BS,Not Applicable,Diesel,1980,ICE,Not Applicable,≥4,Statewide,12
16715,2021,B,Not Applicable,Diesel,1990,ICE,Not Applicable,≥4,Statewide,43
16716,2021,T2,Unknown,Gasoline,1988,ICE,Not Applicable,1,Statewide,11
16717,2021,BS,Not Applicable,Diesel,1990,ICE,Not Applicable,1,Statewide,12
16718,2021,T2,Unknown,Gasoline,2021,PHEV,0 to 50 miles,2,Statewide,11
16719,2021,T3,Unknown,Gasoline,1989,ICE,Not Applicable,3,Statewide,11
16720,2021,BS,Not Applicable,Diesel,2018,ICE,Not Applicable,3,Statewide,12
16721,2021,BS,Not Applicable,Diesel,2012,ICE,Not Applicable,3,Statewide,12
16722,2021,BS,Not Applicable,Diesel,2018,ICE,Not Applicable,1,Statewide,43
16723,2021,T1,1,Diesel,1988,ICE,Not Applicable,1,Statewide,43
16724,2021,T2,1,Diesel,1987,ICE,Not Applicable,2,Statewide,43
16725,2021,T4,Unknown,Gasoline,1982,ICE,Not Applicable,≥4,Statewide,11
16726,2021,T3,2,Diesel,2001,ICE,Not Applicable,3,Statewide,43
16727,2021,BS,Not Applicable,Diesel,2016,ICE,Not Applicable,3,Statewide,12
16728,2021,T4,Unknown,Gasoline,1979,ICE,Not Applicable,1,Statewide,11
16729,2021,T6,6,Gasoline,2004,ICE,Not Applicable,3,Statewide,11
16730,2021,P,Not Applicable,Electric,2013,BEV,>150 miles,2,Statewide,43
16731,2021,P,Not Applicable,Electric,2022,BEV,Unknown,≥4,Statewide,43
16732,2021,T2,1,Diesel,1985,ICE,Not Applicable,1,Statewide,12
16733,2021,T6,Unknown,Gasoline,2020,ICE,Not Applicable,1,Statewide,11
16734,2021,T4,2,Natural Gas,2004,ICE,Not Applicable,2,Statewide,5
16735,2021,T4,2,Natural Gas,2003,ICE,Not Applicable,1,Statewide,5
16736,2021,T4,2,Natural Gas,2003,ICE,Not Applicable,2,Statewide,5
16737,2021,T4,2,Natural Gas,2002,ICE,Not Applicable,1,Statewide,5
16738,2021,T2,1,Diesel,1981,ICE,Not Applicable,≥4,Statewide,12
16739,2021,T3,2,Natural Gas,2018,ICE,Not Applicable,2,Statewide,5
16740,2021,T7,8,Gasoline,2012,ICE,Not Applicable,≥4,Statewide,11
16741,2021,T7,8,Diesel,1978,ICE,Not Applicable,2,Statewide,12
16742,2021,BT,Not Applicable,Natural Gas,2012,ICE,Not Applicable,1,Statewide,11
16743,2021,T3,Unknown,Diesel,1977,ICE,Not Applicable,3,Statewide,12
16744,2021,P,Not Applicable,Natural Gas,2018,ICE,Not Applicable,1,Statewide,11
16745,2021,T3,2,Natural Gas,2001,ICE,Not Applicable,1,Statewide,11
16746,2021,P,Not Applicable,Natural Gas,2002,ICE,Not Applicable,3,Statewide,5
16747,2021,T2,Unknown,Diesel,1977,ICE,Not Applicable,1,Statewide,12
16748,2021,T4,2,Natural Gas,2007,ICE,Not Applicable,2,Statewide,5
16749,2021,T4,2,Natural Gas,2008,ICE,Not Applicable,2,Statewide,5
16750,2021,B,Not Applicable,Gasoline,1995,ICE,Not Applicable,≥4,Statewide,43
16751,2021,T6,7,Gasoline,1989,ICE,Not Applicable,3,Statewide,5
16752,2021,BS,Not Applicable,Gasoline,1986,ICE,Not Applicable,≥4,Statewide,43
16753,2021,T1,1,Gasoline,1991,ICE,Not Applicable,3,Statewide,3265
16754,2021,T2,Unknown,Gasoline,2023,ICE,Not Applicable,≥4,Statewide,43
16755,2021,T3,Unknown,Gasoline,1982,ICE,Not Applicable,≥4,Statewide,43
16756,2021,T6,6,Gasoline,2013,ICE,Not Applicable,1,Statewide,11
16757,2021,MH,Not Applicable,Diesel,1987,ICE,Not Applicable,2,Statewide,12
16758,2021,P,Not Applicable,Diesel,1994,ICE,Not Applicable,2,Statewide,12
16759,2021,T6,5,Gasoline,1986,ICE,Not Applicable,≥4,Statewide,43
16760,2021,T6,7,Gasoline,1997,ICE,Not Applicable,≥4,Statewide,43
16761,2021,T6,6,Natural Gas,2007,ICE,Not Applicable,≥4,Statewide,5
16762,2021,T1,1,Diesel,1991,ICE,Not Applicable,≥4,Statewide,12
16763,2021,T6,5,Gasoline,2013,ICE,Not Applicable,2,Statewide,11
16764,2021,T6,6,Natural Gas,2005,ICE,Not Applicable,≥4,Statewide,5
16765,2021,T6,7,Gasoline,2005,ICE,Not Applicable,≥4,Statewide,44
16766,2021,T2,1,Gasoline,1992,ICE,Not Applicable,≥4,Statewide,3384
16767,2021,T6,7,Natural Gas,2021,ICE,Not Applicable,≥4,Statewide,41
16768,2021,T6,6,Natural Gas,2012,ICE,Not Applicable,≥4,Statewide,41
16769,2021,BS,Not Applicable,Gasoline,2004,ICE,Not Applicable,3,Statewide,5
16770,2021,T2,1,Diesel,1987,ICE,Not Applicable,1,Statewide,40
16771,2021,T3,2,Diesel,1998,ICE,Not Applicable,≥4,Statewide,40
16772,2021,T6,7,Diesel,1986,ICE,Not Applicable,1,Statewide,40
16773,2021,T6,6,Diesel,1996,ICE,Not Applicable,2,Statewide,40
16774,2021,T6,Unknown,Diesel,2004,ICE,Not Applicable,≥4,Statewide,40
16775,2021,BS,Not Applicable,Gasoline,1992,ICE,Not Applicable,3,Statewide,5
16776,2021,T6,Unknown,Diesel,2022,ICE,Not Applicable,1,Statewide,40
16777,2021,BS,Not Applicable,Gasoline,2005,ICE,Not Applicable,1,Statewide,5
16778,2021,T7,8,Diesel,1990,ICE,Not Applicable,3,Statewide,40
16779,2021,BS,Not Applicable,Gasoline,2007,ICE,Not Applicable,2,Statewide,5
16780,2021,BS,Not Applicable,Gasoline,2012,ICE,Not Applicable,3,Statewide,5
16781,2021,T6,6,Gasoline,2022,ICE,Not Applicable,1,Statewide,45
16782,2021,T6,6,Gasoline,2002,ICE,Not Applicable,1,Statewide,45
16783,2021,T7,8,Diesel,1989,ICE,Not Applicable,3,Statewide,40
16784,2021,T6,4,Gasoline,1995,ICE,Not Applicable,3,Statewide,45
16785,2021,BS,Not Applicable,Diesel,2019,ICE,Not Applicable,1,Statewide,40
16786,2021,BS,Not Applicable,Gasoline,1989,ICE,Not Applicable,1,Statewide,5
16787,2021,B,Not Applicable,Gasoline,1979,ICE,Not Applicable,3,Statewide,5
16788,2021,B,Not Applicable,Gasoline,1983,ICE,Not Applicable,3,Statewide,5
16789,2021,T6,6,Gasoline,2014,ICE,Not Applicable,3,Statewide,5
16790,2021,B,Not Applicable,Gasoline,1985,ICE,Not Applicable,1,Statewide,5
16791,2021,B,Not Applicable,Gasoline,1990,ICE,Not Applicable,3,Statewide,5
16792,2021,B,Not Applicable,Gasoline,1992,ICE,Not Applicable,3,Statewide,5
16793,2021,BS,Not Applicable,Diesel,2005,ICE,Not Applicable,2,Statewide,40
16794,2021,B,Not Applicable,Gasoline,1992,ICE,Not Applicable,2,Statewide,5
16795,2021,B,Not Applicable,Gasoline,1993,ICE,Not Applicable,3,Statewide,5
16796,2021,B,Not Applicable,Gasoline,1993,ICE,Not Applicable,2,Statewide,5
16797,2021,B,Not Applicable,Gasoline,2001,ICE,Not Applicable,3,Statewide,5
16798,2021,BS,Not Applicable,Gasoline,1981,ICE,Not Applicable,3,Statewide,5
16799,2021,BS,Not Applicable,Gasoline,1981,ICE,Not Applicable,1,Statewide,5
16800,2021,BS,Not Applicable,Diesel,2002,ICE,Not Applicable,1,Statewide,40
16801,2021,T2,Unknown,Gasoline,1977,ICE,Not Applicable,≥4,Statewide,5625
16802,2021,T7,8,Electric,2018,BEV,Unknown,2,Statewide,5
16803,2021,T7,8,Diesel,1992,ICE,Not Applicable,3,Statewide,40
16804,2021,T6,4,Gasoline,1994,ICE,Not Applicable,3,Statewide,45
16805,2021,T6,4,Diesel,2022,ICE,Not Applicable,2,Statewide,45
16806,2021,T6,4,Gasoline,1998,ICE,Not Applicable,3,Statewide,40
16807,2021,T6,7,Gasoline,2009,ICE,Not Applicable,≥4,Statewide,40
16808,2021,T7,8,Gasoline,1980,ICE,Not Applicable,≥4,Statewide,40
16809,2021,T6,7,Diesel,2019,ICE,Not Applicable,3,Statewide,45
16810,2021,T6,4,Diesel,2018,ICE,Not Applicable,2,Statewide,45
16811,2021,T6,5,Gasoline,1990,ICE,Not Applicable,≥4,Statewide,40
16812,2021,T6,Unknown,Diesel,1995,ICE,Not Applicable,≥4,Statewide,45
16813,2021,T7,8,Natural Gas,2015,ICE,Not Applicable,1,Statewide,40
16814,2021,T4,2,Gasoline,1995,ICE,Not Applicable,≥4,Statewide,3424
16815,2021,T4,2,Gasoline,2022,ICE,Not Applicable,2,Statewide,3420
16816,2021,T6,4,Diesel,1995,ICE,Not Applicable,1,Statewide,45
16817,2021,P,Not Applicable,Gasoline,2022,PHEV,0 to 50 miles,2,Statewide,5653
16818,2021,T6,6,Diesel,1995,ICE,Not Applicable,2,Statewide,45
16819,2021,BS,Not Applicable,Natural Gas,2010,ICE,Not Applicable,≥4,Statewide,40
16820,2021,T7,8,Diesel,1997,ICE,Not Applicable,2,Statewide,40
16821,2021,B,Not Applicable,Gasoline,2021,ICE,Not Applicable,2,Statewide,45
16822,2021,BS,Not Applicable,Gasoline,1991,ICE,Not Applicable,≥4,Statewide,45
16823,2021,T4,2,Gasoline,2022,PHEV,0 to 50 miles,≥4,Statewide,45
16824,2021,T3,Unknown,Gasoline,1999,ICE,Not Applicable,2,Statewide,45
16825,2021,BS,Not Applicable,Gasoline,2018,ICE,Not Applicable,≥4,Statewide,40
16826,2021,BT,Not Applicable,Gasoline,2019,ICE,Not Applicable,1,Statewide,40
16827,2021,T1,Unknown,Gasoline,1987,ICE,Not Applicable,≥4,Statewide,40
16828,2021,T3,Unknown,Gasoline,1997,ICE,Not Applicable,2,Statewide,45
16829,2021,BS,Not Applicable,Gasoline,1978,ICE,Not Applicable,≥4,Statewide,45
16830,2021,T3,Unknown,Gasoline,1993,ICE,Not Applicable,3,Statewide,45
16831,2021,MH,Not Applicable,Gasoline,2014,ICE,Not Applicable,1,Statewide,45
16832,2021,MH,Not Applicable,Gasoline,1985,ICE,Not Applicable,3,Statewide,45
16833,2021,T3,Unknown,Gasoline,1981,ICE,Not Applicable,2,Statewide,40
16834,2021,T3,Unknown,Gasoline,1996,ICE,Not Applicable,2,Statewide,40
16835,2021,T6,5,Gasoline,1977,ICE,Not Applicable,3,Statewide,40
16836,2021,BT,Not Applicable,Gasoline,1994,ICE,Not Applicable,≥4,Statewide,45
16837,2021,T2,Unknown,Gasoline,1980,ICE,Not Applicable,1,Statewide,45
16838,2021,T6,Unknown,Electric,2019,BEV,Unknown,≥4,Statewide,5
16839,2021,T5,3,Electric,2015,BEV,Unknown,≥4,Statewide,5
16840,2021,T4,2,Electric,2019,BEV,Unknown,≥4,Statewide,5
16841,2021,BS,Not Applicable,Diesel,2008,ICE,Not Applicable,1,Statewide,48
16842,2021,P,Not Applicable,Diesel,1999,ICE,Not Applicable,≥4,Statewide,48
16843,2021,T6,7,Diesel,1978,ICE,Not Applicable,≥4,Statewide,48
16844,2021,T6,7,Diesel,1993,ICE,Not Applicable,2,Statewide,48
16845,2021,T6,6,Diesel,1998,ICE,Not Applicable,2,Statewide,48
16846,2021,T6,Unknown,Diesel,2021,ICE,Not Applicable,2,Statewide,5
16847,2021,BS,Not Applicable,Diesel,1977,ICE,Not Applicable,2,Statewide,48
16848,2021,T6,Unknown,Diesel,2009,ICE,Not Applicable,≥4,Statewide,48
16849,2021,MC,Not Applicable,Electric,2021,BEV,Unknown,2,Statewide,48
16850,2021,MC,Not Applicable,Electric,2021,BEV,Unknown,1,Statewide,48
16851,2021,P,Not Applicable,Electric,2016,BEV,Unknown,1,Statewide,48
16852,2021,BS,Not Applicable,Gasoline,2004,ICE,Not Applicable,≥4,Statewide,48
16853,2021,T3,Unknown,Gasoline,1997,ICE,Not Applicable,1,Statewide,48
16854,2021,T6,7,Gasoline,1979,ICE,Not Applicable,≥4,Statewide,48
16855,2021,T6,7,Diesel,2015,ICE,Not Applicable,3,Statewide,48
16856,2021,T6,7,Gasoline,1987,ICE,Not Applicable,≥4,Statewide,48
16857,2021,T4,2,Diesel,2006,ICE,Not Applicable,1,Statewide,3210
16858,2021,T1,1,Gasoline,1989,ICE,Not Applicable,≥4,Statewide,3102
16859,2021,T1,Unknown,Gasoline,1992,ICE,Not Applicable,≥4,Statewide,39
16860,2021,T1,Unknown,Gasoline,2009,ICE,Not Applicable,2,Statewide,39
16861,2021,T1,Unknown,Gasoline,2010,ICE,Not Applicable,≥4,Statewide,39
16862,2021,T2,Unknown,Gasoline,1985,ICE,Not Applicable,3,Statewide,39
16863,2021,T2,Unknown,Gasoline,1986,ICE,Not Applicable,≥4,Statewide,39
16864,2021,T2,Unknown,Gasoline,1990,ICE,Not Applicable,≥4,Statewide,39
16865,2021,T6,Unknown,Diesel,2004,ICE,Not Applicable,1,Statewide,5
16866,2021,T3,Unknown,Gasoline,1996,ICE,Not Applicable,3,Statewide,39
16867,2021,T6,5,Gasoline,2018,ICE,Not Applicable,1,Statewide,39
16868,2021,BT,Not Applicable,Natural Gas,2016,ICE,Not Applicable,1,Statewide,13
16869,2021,B,Not Applicable,Natural Gas,2009,ICE,Not Applicable,≥4,Statewide,39
16870,2021,P,Not Applicable,Natural Gas,2004,ICE,Not Applicable,1,Statewide,39
16871,2021,T6,6,Diesel,2017,ICE,Not Applicable,≥4,Statewide,3202
16872,2021,T1,1,Gasoline,1991,ICE,Not Applicable,2,Statewide,3205
16873,2021,T6,7,Gasoline,1981,ICE,Not Applicable,≥4,Statewide,39
16874,2021,T6,4,Gasoline,1994,ICE,Not Applicable,2,Statewide,48
16875,2021,T6,4,Gasoline,1997,ICE,Not Applicable,1,Statewide,48
16876,2021,T6,4,Gasoline,1998,ICE,Not Applicable,1,Statewide,48
16877,2021,P,Not Applicable,Electric,2005,BEV,Unknown,2,Statewide,5
16878,2021,T1,1,Electric,2005,BEV,Unknown,2,Statewide,5
16879,2021,T1,Unknown,Electric,2013,BEV,Unknown,2,Statewide,5
16880,2021,T2,1,Electric,2005,BEV,Unknown,≥4,Statewide,5
16881,2021,T2,Unknown,Electric,2015,BEV,Unknown,2,Statewide,5
16882,2021,T2,Unknown,Electric,2020,BEV,Unknown,≥4,Statewide,5
16883,2021,P,Not Applicable,Electric,2004,BEV,Unknown,2,Statewide,5
16884,2021,P,Not Applicable,Gasoline,1980,ICE,Not Applicable,≥4,Statewide,3450
16885,2021,MH,Not Applicable,Gasoline,2004,ICE,Not Applicable,≥4,Statewide,3435
16886,2021,T3,Unknown,Electric,2008,BEV,Unknown,3,Statewide,5
16887,2021,T3,Unknown,Electric,2008,BEV,Unknown,2,Statewide,5
16888,2021,T3,Unknown,Electric,2008,BEV,Unknown,1,Statewide,5
16889,2021,T3,Unknown,Electric,2010,BEV,Unknown,≥4,Statewide,5
16890,2021,T3,Unknown,Electric,2013,BEV,Unknown,≥4,Statewide,5
16891,2021,P,Not Applicable,Gasoline,1983,ICE,Not Applicable,≥4,Statewide,3449
16892,2021,P,Not Applicable,Electric,2002,BEV,Unknown,1,Statewide,5
16893,2021,P,Not Applicable,Electric,2000,BEV,Unknown,2,Statewide,5
16894,2021,P,Not Applicable,Electric,1993,BEV,Unknown,≥4,Statewide,5
16895,2021,T6,Unknown,Gasoline,2020,ICE,Not Applicable,≥4,Statewide,48
16896,2021,P,Not Applicable,Natural Gas,2008,ICE,Not Applicable,1,Statewide,48
16897,2021,BT,Not Applicable,Electric,2006,BEV,Unknown,≥4,Statewide,5
16898,2021,T7,8,Diesel,2006,ICE,Not Applicable,≥4,Statewide,3221
16899,2021,BT,Not Applicable,Electric,2015,BEV,Unknown,≥4,Statewide,5
16900,2021,MC,Not Applicable,Gasoline,2016,ICE,Not Applicable,3,Statewide,3224
16901,2021,MC,Not Applicable,Electric,1977,BEV,Unknown,≥4,Statewide,5
16902,2021,T2,1,Gasoline,1991,ICE,Not Applicable,≥4,Statewide,3227
16903,2021,MC,Not Applicable,Electric,2007,BEV,Unknown,≥4,Statewide,5
16904,2021,MC,Not Applicable,Electric,2012,BEV,Unknown,3,Statewide,5
16905,2021,MC,Not Applicable,Electric,2012,BEV,Unknown,2,Statewide,5
16906,2021,MC,Not Applicable,Electric,2013,BEV,Unknown,1,Statewide,5
16907,2021,MC,Not Applicable,Electric,2015,BEV,Unknown,1,Statewide,5
16908,2021,MC,Not Applicable,Electric,2016,BEV,Unknown,1,Statewide,5
16909,2021,P,Not Applicable,Electric,1991,BEV,Unknown,≥4,Statewide,5
16910,2021,T3,2,Diesel,2002,ICE,Not Applicable,1,Statewide,45
16911,2021,T3,2,Gasoline,2019,ICE,Not Applicable,3,Statewide,36749
16912,2021,MC,Not Applicable,Gasoline,2007,ICE,Not Applicable,3,Statewide,5683
16913,2021,T1,1,Diesel,1988,ICE,Not Applicable,3,Statewide,45
16914,2021,T3,2,Gasoline,2005,ICE,Not Applicable,2,Statewide,32652
16915,2021,T4,Unknown,Gasoline,1986,ICE,Not Applicable,1,Statewide,5
16916,2021,T4,Unknown,Gasoline,1990,ICE,Not Applicable,1,Statewide,5
16917,2021,P,Not Applicable,Gasoline,1977,ICE,Not Applicable,1,Statewide,33041
16918,2021,T4,Unknown,Gasoline,1996,ICE,Not Applicable,3,Statewide,5
16919,2021,T4,Unknown,Gasoline,1996,ICE,Not Applicable,1,Statewide,5
16920,2021,T2,1,Gasoline,2004,ICE,Not Applicable,2,Statewide,32625
16921,2021,T4,Unknown,Gasoline,1997,ICE,Not Applicable,3,Statewide,5
16922,2021,T4,Unknown,Gasoline,2023,PHEV,0 to 50 miles,3,Statewide,5
16923,2021,T3,2,Gasoline,2018,ICE,Not Applicable,2,Statewide,33274
16924,2021,T3,2,Gasoline,2016,ICE,Not Applicable,2,Statewide,33394
16925,2021,T5,3,Gasoline,1982,ICE,Not Applicable,3,Statewide,5
16926,2021,T5,3,Gasoline,1984,ICE,Not Applicable,1,Statewide,5
16927,2021,T3,2,Gasoline,2022,ICE,Not Applicable,3,Statewide,33831
16928,2021,T4,Unknown,Gasoline,2010,ICE,Not Applicable,1,Statewide,5
16929,2021,T5,3,Gasoline,2023,ICE,Not Applicable,≥4,Statewide,5
16930,2021,T4,Unknown,Gasoline,1984,ICE,Not Applicable,3,Statewide,5
16931,2021,T2,Unknown,Gasoline,2023,ICE,Not Applicable,1,Statewide,5
16932,2021,BT,Not Applicable,Gasoline,2004,ICE,Not Applicable,3,Statewide,5
16933,2021,BT,Not Applicable,Gasoline,2009,ICE,Not Applicable,1,Statewide,5
16934,2021,P,Not Applicable,Gasoline,2022,PHEV,51 to 100 miles,3,Statewide,3252
16935,2021,BT,Not Applicable,Gasoline,2013,ICE,Not Applicable,3,Statewide,5
16936,2021,BT,Not Applicable,Gasoline,2015,ICE,Not Applicable,3,Statewide,5
16937,2021,BT,Not Applicable,Gasoline,2015,ICE,Not Applicable,2,Statewide,5
16938,2021,T4,Unknown,Gasoline,1978,ICE,Not Applicable,1,Statewide,5
16939,2021,BT,Not Applicable,Gasoline,2018,ICE,Not Applicable,2,Statewide,5
16940,2021,T1,Unknown,Gasoline,1993,ICE,Not Applicable,3,Statewide,5
16941,2021,T1,Unknown,Gasoline,1994,ICE,Not Applicable,2,Statewide,5
16942,2021,T1,Unknown,Gasoline,1995,ICE,Not Applicable,2,Statewide,5
16943,2021,T1,Unknown,Gasoline,2011,ICE,Not Applicable,1,Statewide,5
16944,2021,T1,Unknown,Gasoline,2015,ICE,Not Applicable,1,Statewide,5
16945,2021,T2,1,Gasoline,2023,PHEV,0 to 50 miles,1,Statewide,5
16946,2021,BT,Not Applicable,Gasoline,2022,ICE,Not Applicable,2,Statewide,5
16947,2021,P,Not Applicable,Gasoline,2020,PHEV,0 to 50 miles,3,Statewide,3250
16948,2021,T6,7,Gasoline,1978,ICE,Not Applicable,2,Statewide,5
16949,2021,T6,4,Gasoline,1978,ICE,Not Applicable,1,Statewide,5
16950,2021,T6,4,Diesel,1994,ICE,Not Applicable,3,Statewide,41
16951,2021,T6,5,Diesel,1996,ICE,Not Applicable,≥4,Statewide,41
16952,2021,T6,7,Diesel,1999,ICE,Not Applicable,2,Statewide,41
16953,2021,T6,4,Diesel,2015,ICE,Not Applicable,2,Statewide,41
16954,2021,P,Not Applicable,Electric,2017,BEV,Unknown,1,Statewide,41
16955,2021,T1,Unknown,Gasoline,1981,ICE,Not Applicable,3,Statewide,41
16956,2021,T6,Unknown,Diesel,1982,ICE,Not Applicable,≥4,Statewide,41
16957,2021,T2,Unknown,Gasoline,2020,PHEV,0 to 50 miles,2,Statewide,41
16958,2021,T4,Unknown,Gasoline,2013,ICE,Not Applicable,3,Statewide,41
16959,2021,T5,3,Gasoline,1993,ICE,Not Applicable,3,Statewide,41
16960,2021,T6,4,Gasoline,1998,ICE,Not Applicable,2,Statewide,41
16961,2021,T6,4,Gasoline,1999,ICE,Not Applicable,2,Statewide,41
16962,2021,T6,5,Gasoline,2021,ICE,Not Applicable,2,Statewide,41
16963,2021,BS,Not Applicable,Natural Gas,2015,ICE,Not Applicable,≥4,Statewide,41
16964,2021,T3,Unknown,Gasoline,1993,ICE,Not Applicable,1,Statewide,41
16965,2021,T6,4,Gasoline,1978,ICE,Not Applicable,≥4,Statewide,5
16966,2021,T6,Unknown,Diesel,1981,ICE,Not Applicable,≥4,Statewide,41
16967,2021,T4,Unknown,Diesel,1994,ICE,Not Applicable,≥4,Statewide,41
16968,2021,T6,Unknown,Gasoline,1978,ICE,Not Applicable,1,Statewide,5
16969,2021,T6,Unknown,Gasoline,1979,ICE,Not Applicable,2,Statewide,5
16970,2021,T6,5,Gasoline,1982,ICE,Not Applicable,1,Statewide,5
16971,2021,T6,7,Gasoline,1984,ICE,Not Applicable,3,Statewide,5
16972,2021,T6,7,Gasoline,1985,ICE,Not Applicable,3,Statewide,5
16973,2021,T6,6,Gasoline,1985,ICE,Not Applicable,3,Statewide,5
16974,2021,T4,Unknown,Diesel,2020,ICE,Not Applicable,2,Statewide,41
16975,2021,T6,7,Gasoline,1986,ICE,Not Applicable,1,Statewide,5
16976,2021,BT,Not Applicable,Natural Gas,2009,ICE,Not Applicable,1,Statewide,44
16977,2021,B,Not Applicable,Diesel,2006,ICE,Not Applicable,1,Statewide,41
16978,2021,BS,Not Applicable,Diesel,2003,ICE,Not Applicable,1,Statewide,41
16979,2021,P,Not Applicable,Diesel,2012,ICE,Not Applicable,3,Statewide,41
16980,2021,T1,Unknown,Diesel,2018,ICE,Not Applicable,≥4,Statewide,41
16981,2021,T4,Unknown,Diesel,1992,ICE,Not Applicable,≥4,Statewide,41
16982,2021,T2,1,Gasoline,2015,ICE,Not Applicable,3,Statewide,35136
16983,2021,T7,8,Diesel,2023,ICE,Not Applicable,≥4,Statewide,3250
16984,2021,BT,Not Applicable,Gasoline,1999,ICE,Not Applicable,1,Statewide,5
16985,2021,BT,Not Applicable,Gasoline,1995,ICE,Not Applicable,1,Statewide,5
16986,2021,T4,2,Gasoline,2000,ICE,Not Applicable,≥4,Statewide,5786
16987,2021,BS,Not Applicable,Diesel,1997,ICE,Not Applicable,2,Statewide,11
16988,2021,BS,Not Applicable,Diesel,2008,ICE,Not Applicable,3,Statewide,11
16989,2021,T1,1,Gasoline,1998,ICE,Not Applicable,3,Statewide,5812
16990,2021,BS,Not Applicable,Diesel,2010,ICE,Not Applicable,3,Statewide,11
16991,2021,BS,Not Applicable,Diesel,2019,ICE,Not Applicable,3,Statewide,11
16992,2021,BS,Not Applicable,Diesel,1994,ICE,Not Applicable,3,Statewide,11
16993,2021,BT,Not Applicable,Diesel,2018,ICE,Not Applicable,3,Statewide,11
16994,2021,MH,Not Applicable,Diesel,1977,ICE,Not Applicable,2,Statewide,11
16995,2021,MH,Not Applicable,Diesel,1989,ICE,Not Applicable,1,Statewide,11
16996,2021,MH,Not Applicable,Diesel,1990,ICE,Not Applicable,2,Statewide,11
16997,2021,MH,Not Applicable,Diesel,1991,ICE,Not Applicable,1,Statewide,11
16998,2021,P,Not Applicable,Diesel,1979,ICE,Not Applicable,2,Statewide,11
16999,2021,T2,1,Diesel,1980,ICE,Not Applicable,2,Statewide,11
17000,2021,MC,Not Applicable,Diesel,2012,ICE,Not Applicable,≥4,Statewide,11
17001,2021,T2,1,Diesel,1983,ICE,Not Applicable,2,Statewide,11
17002,2021,BS,Not Applicable,Diesel,1978,ICE,Not Applicable,1,Statewide,11
17003,2021,B,Not Applicable,Diesel,1992,ICE,Not Applicable,3,Statewide,11
17004,2021,P,Not Applicable,Diesel,1996,ICE,Not Applicable,3,Statewide,45
17005,2021,P,Not Applicable,Diesel,1981,ICE,Not Applicable,3,Statewide,45
17006,2021,T1,1,Gasoline,2010,ICE,Not Applicable,2,Statewide,5722
17007,2021,MH,Not Applicable,Diesel,2014,ICE,Not Applicable,1,Statewide,45
17008,2021,T4,2,Diesel,2010,ICE,Not Applicable,2,Statewide,5724
17009,2021,MH,Not Applicable,Diesel,1989,ICE,Not Applicable,≥4,Statewide,45
17010,2021,B,Not Applicable,Diesel,2015,ICE,Not Applicable,2,Statewide,11
17011,2021,BT,Not Applicable,Diesel,1980,ICE,Not Applicable,1,Statewide,45
17012,2021,T4,2,Diesel,2021,ICE,Not Applicable,2,Statewide,5739
17013,2021,B,Not Applicable,Diesel,2007,ICE,Not Applicable,1,Statewide,45
17014,2021,B,Not Applicable,Diesel,1991,ICE,Not Applicable,≥4,Statewide,45
17015,2021,P,Not Applicable,Gasoline,1978,ICE,Not Applicable,3,Statewide,3414
17016,2021,MC,Not Applicable,Gasoline,2010,ICE,Not Applicable,2,Statewide,5761
17017,2021,B,Not Applicable,Diesel,1991,ICE,Not Applicable,1,Statewide,11
17018,2021,T3,2,Gasoline,1998,ICE,Not Applicable,1,Statewide,3418
17019,2021,T2,Unknown,Diesel,1992,ICE,Not Applicable,1,Statewide,11
17020,2021,T1,1,Gasoline,1995,ICE,Not Applicable,1,Statewide,3396
17021,2021,T2,1,Diesel,2015,ICE,Not Applicable,3,Statewide,11
17022,2021,T6,6,Diesel,1991,ICE,Not Applicable,2,Statewide,11
17023,2021,P,Not Applicable,Natural Gas,2015,ICE,Not Applicable,1,Statewide,49
17024,2021,P,Not Applicable,Natural Gas,2005,ICE,Not Applicable,3,Statewide,49
17025,2021,BT,Not Applicable,Natural Gas,2001,ICE,Not Applicable,≥4,Statewide,49
17026,2021,BS,Not Applicable,Natural Gas,2012,ICE,Not Applicable,≥4,Statewide,49
17027,2021,B,Not Applicable,Natural Gas,2014,ICE,Not Applicable,≥4,Statewide,49
17028,2021,T6,6,Diesel,1990,ICE,Not Applicable,2,Statewide,11
17029,2021,MC,Not Applicable,Gasoline,1999,ICE,Not Applicable,≥4,Statewide,3243
17030,2021,BT,Not Applicable,Gasoline,2004,ICE,Not Applicable,≥4,Statewide,49
17031,2021,T4,2,Diesel,2007,ICE,Not Applicable,1,Statewide,3244
17032,2021,T6,7,Diesel,2023,ICE,Not Applicable,1,Statewide,49
17033,2021,T6,5,Diesel,1997,ICE,Not Applicable,2,Statewide,11
17034,2021,T6,4,Diesel,2014,ICE,Not Applicable,2,Statewide,49
17035,2021,T6,4,Diesel,1998,ICE,Not Applicable,1,Statewide,49
17036,2021,T1,Unknown,Gasoline,1993,ICE,Not Applicable,≥4,Statewide,49
17037,2021,T6,Unknown,Diesel,1988,ICE,Not Applicable,≥4,Statewide,11
17038,2021,T4,2,Gasoline,2021,ICE,Not Applicable,2,Statewide,3235
17039,2021,BT,Not Applicable,Gasoline,1990,ICE,Not Applicable,1,Statewide,5
17040,2021,MC,Not Applicable,Gasoline,2014,ICE,Not Applicable,2,Statewide,5858
17041,2021,T2,1,Diesel,2015,ICE,Not Applicable,2,Statewide,11
17042,2021,T2,Unknown,Diesel,2023,ICE,Not Applicable,1,Statewide,11
17043,2021,T3,Unknown,Diesel,1992,ICE,Not Applicable,≥4,Statewide,11
17044,2021,T3,2,Diesel,1994,ICE,Not Applicable,1,Statewide,11
17045,2021,T4,Unknown,Diesel,2009,ICE,Not Applicable,1,Statewide,11
17046,2021,T5,3,Diesel,1987,ICE,Not Applicable,≥4,Statewide,11
17047,2021,P,Not Applicable,Gasoline,2001,ICE,Not Applicable,2,Statewide,32340
17048,2021,T5,3,Gasoline,2020,ICE,Not Applicable,≥4,Statewide,3384
17049,2021,P,Not Applicable,Gasoline,2000,ICE,Not Applicable,1,Statewide,32438
17050,2021,T5,3,Diesel,1989,ICE,Not Applicable,2,Statewide,11
17051,2021,T3,2,Gasoline,2013,ICE,Not Applicable,1,Statewide,32543
17052,2021,T6,7,Diesel,1978,ICE,Not Applicable,1,Statewide,11
17053,2021,BS,Not Applicable,Gasoline,2022,ICE,Not Applicable,2,Statewide,5
17054,2021,T6,6,Diesel,1988,ICE,Not Applicable,2,Statewide,11
17055,2021,T2,1,Diesel,1987,ICE,Not Applicable,3,Statewide,45
17056,2021,T3,2,Natural Gas,2006,ICE,Not Applicable,1,Statewide,42
17057,2021,T4,2,Natural Gas,2007,ICE,Not Applicable,≥4,Statewide,30
17058,2021,T4,Unknown,Natural Gas,2019,ICE,Not Applicable,≥4,Statewide,9
17059,2021,B,Not Applicable,Diesel,2000,ICE,Not Applicable,3,Statewide,25
17060,2021,B,Not Applicable,Diesel,2002,ICE,Not Applicable,2,Statewide,25
17061,2021,B,Not Applicable,Diesel,2007,ICE,Not Applicable,3,Statewide,25
17062,2021,B,Not Applicable,Diesel,2009,ICE,Not Applicable,1,Statewide,25
17063,2021,BS,Not Applicable,Diesel,1984,ICE,Not Applicable,≥4,Statewide,25
17064,2021,BS,Not Applicable,Diesel,1993,ICE,Not Applicable,2,Statewide,25
17065,2021,BS,Not Applicable,Diesel,2013,ICE,Not Applicable,2,Statewide,25
17066,2021,BS,Not Applicable,Diesel,2016,ICE,Not Applicable,1,Statewide,25
17067,2021,BS,Not Applicable,Diesel,2021,ICE,Not Applicable,3,Statewide,25
17068,2021,MH,Not Applicable,Diesel,1977,ICE,Not Applicable,3,Statewide,25
17069,2021,MH,Not Applicable,Diesel,1995,ICE,Not Applicable,2,Statewide,25
17070,2021,P,Not Applicable,Diesel,1978,ICE,Not Applicable,≥4,Statewide,25
17071,2021,B,Not Applicable,Diesel,1980,ICE,Not Applicable,1,Statewide,25
17072,2021,T1,Unknown,Diesel,1985,ICE,Not Applicable,≥4,Statewide,25
17073,2021,T1,Unknown,Diesel,2011,ICE,Not Applicable,≥4,Statewide,25
17074,2021,T2,1,Diesel,1979,ICE,Not Applicable,2,Statewide,25
17075,2021,T2,1,Diesel,1989,ICE,Not Applicable,≥4,Statewide,25
17076,2021,T2,Unknown,Diesel,2015,ICE,Not Applicable,≥4,Statewide,25
17077,2021,T3,2,Diesel,1999,ICE,Not Applicable,1,Statewide,25
17078,2021,T3,2,Diesel,2003,ICE,Not Applicable,≥4,Statewide,25
17079,2021,T4,Unknown,Diesel,2011,ICE,Not Applicable,1,Statewide,25
17080,2021,T6,Unknown,Diesel,1983,ICE,Not Applicable,1,Statewide,25
17081,2021,T6,7,Diesel,1985,ICE,Not Applicable,1,Statewide,25
17082,2021,T6,7,Diesel,1987,ICE,Not Applicable,1,Statewide,25
17083,2021,T6,7,Diesel,1988,ICE,Not Applicable,1,Statewide,25
17084,2021,T6,7,Diesel,1989,ICE,Not Applicable,2,Statewide,25
17085,2021,T1,1,Diesel,1989,ICE,Not Applicable,1,Statewide,25
17086,2021,T6,Unknown,Diesel,1990,ICE,Not Applicable,≥4,Statewide,25
17087,2021,B,Not Applicable,Diesel,1979,ICE,Not Applicable,≥4,Statewide,25
17088,2021,P,Not Applicable,Gasoline,2020,PHEV,0 to 50 miles,1,Statewide,4911
17089,2021,B,Not Applicable,Diesel,1996,ICE,Not Applicable,1,Statewide,18
17090,2021,B,Not Applicable,Diesel,1995,ICE,Not Applicable,2,Statewide,18
17091,2021,B,Not Applicable,Diesel,1981,ICE,Not Applicable,≥4,Statewide,18
17092,2021,MC,Not Applicable,Gasoline,2007,ICE,Not Applicable,2,Statewide,4195
17093,2021,P,Not Applicable,Electric,2021,BEV,>150 miles,2,Statewide,4187
17094,2021,T4,2,Diesel,2013,ICE,Not Applicable,≥4,Statewide,8563
17095,2021,T2,Unknown,Gasoline,2015,ICE,Not Applicable,1,Statewide,4165
17096,2021,T3,Unknown,Gasoline,2012,ICE,Not Applicable,≥4,Statewide,8586
17097,2021,T4,2,Gasoline,2005,ICE,Not Applicable,1,Statewide,4148
17098,2021,T6,5,Diesel,2020,ICE,Not Applicable,≥4,Statewide,4140
17099,2021,T4,2,Diesel,2010,ICE,Not Applicable,1,Statewide,4136
17100,2021,T4,2,Diesel,2006,ICE,Not Applicable,2,Statewide,4136
17101,2021,T2,1,Gasoline,1996,ICE,Not Applicable,2,Statewide,4915
17102,2021,T2,1,Gasoline,1977,ICE,Not Applicable,2,Statewide,4133
17103,2021,T7,8,Diesel,2011,ICE,Not Applicable,≥4,Statewide,4817
17104,2021,MC,Not Applicable,Gasoline,2010,ICE,Not Applicable,1,Statewide,4822
17105,2021,MC,Not Applicable,Gasoline,2020,ICE,Not Applicable,1,Statewide,8619
17106,2021,T1,1,Gasoline,1990,ICE,Not Applicable,≥4,Statewide,4835
17107,2021,T4,2,Gasoline,2019,ICE,Not Applicable,≥4,Statewide,4841
17108,2021,P,Not Applicable,Electric,2020,BEV,51 to 100 miles,≥4,Statewide,4848
17109,2021,T3,Unknown,Gasoline,2008,ICE,Not Applicable,2,Statewide,4858
17110,2021,MC,Not Applicable,Gasoline,2008,ICE,Not Applicable,2,Statewide,4862
17111,2021,T2,Unknown,Gasoline,2015,ICE,Not Applicable,≥4,Statewide,4868
17112,2021,P,Not Applicable,Gasoline,1992,ICE,Not Applicable,1,Statewide,4879
17113,2021,P,Not Applicable,Gasoline,1992,ICE,Not Applicable,2,Statewide,4881
17114,2021,P,Not Applicable,Gasoline,2023,ICE,Not Applicable,3,Statewide,4902
17115,2021,T3,2,Diesel,2020,ICE,Not Applicable,≥4,Statewide,4130
17116,2021,T6,6,Diesel,1993,ICE,Not Applicable,1,Statewide,25
17117,2021,T6,4,Diesel,1993,ICE,Not Applicable,3,Statewide,25
17118,2021,T6,4,Diesel,1993,ICE,Not Applicable,1,Statewide,25
17119,2021,T3,2,Gasoline,2000,ICE,Not Applicable,2,Statewide,8625
17120,2021,T4,2,Diesel,2006,ICE,Not Applicable,≥4,Statewide,8628
17121,2021,T4,2,Diesel,2012,ICE,Not Applicable,≥4,Statewide,8647
17122,2021,T1,1,Gasoline,1995,ICE,Not Applicable,≥4,Statewide,8725
17123,2021,B,Not Applicable,Diesel,1983,ICE,Not Applicable,1,Statewide,8
17124,2021,B,Not Applicable,Diesel,1992,ICE,Not Applicable,2,Statewide,8
17125,2021,B,Not Applicable,Diesel,2014,ICE,Not Applicable,3,Statewide,8
17126,2021,BS,Not Applicable,Diesel,2001,ICE,Not Applicable,3,Statewide,8
17127,2021,BS,Not Applicable,Diesel,2009,ICE,Not Applicable,3,Statewide,8
17128,2021,BS,Not Applicable,Diesel,2020,ICE,Not Applicable,2,Statewide,8
17129,2021,BS,Not Applicable,Diesel,2023,ICE,Not Applicable,3,Statewide,8
17130,2021,BT,Not Applicable,Diesel,1981,ICE,Not Applicable,≥4,Statewide,8
17131,2021,T7,8,Natural Gas,2019,ICE,Not Applicable,1,Statewide,25
17132,2021,BT,Not Applicable,Diesel,1984,ICE,Not Applicable,≥4,Statewide,8
17133,2021,BT,Not Applicable,Diesel,2006,ICE,Not Applicable,2,Statewide,8
17134,2021,BT,Not Applicable,Diesel,2015,ICE,Not Applicable,1,Statewide,8
17135,2021,BT,Not Applicable,Diesel,2019,ICE,Not Applicable,2,Statewide,8
17136,2021,BT,Not Applicable,Diesel,2020,ICE,Not Applicable,3,Statewide,8
17137,2021,P,Not Applicable,Diesel,1978,ICE,Not Applicable,2,Statewide,8
17138,2021,P,Not Applicable,Diesel,1993,ICE,Not Applicable,1,Statewide,8
17139,2021,P,Not Applicable,Diesel,1998,ICE,Not Applicable,3,Statewide,8
17140,2021,P,Not Applicable,Diesel,1999,ICE,Not Applicable,3,Statewide,8
17141,2021,T1,Unknown,Diesel,1977,ICE,Not Applicable,2,Statewide,8
17142,2021,T2,1,Diesel,1977,ICE,Not Applicable,≥4,Statewide,8
17143,2021,T2,Unknown,Diesel,1982,ICE,Not Applicable,≥4,Statewide,8
17144,2021,T2,Unknown,Diesel,1987,ICE,Not Applicable,≥4,Statewide,8
17145,2021,BT,Not Applicable,Diesel,1997,ICE,Not Applicable,3,Statewide,8
17146,2021,T7,8,Natural Gas,2018,ICE,Not Applicable,1,Statewide,25
17147,2021,T4,2,Natural Gas,2007,ICE,Not Applicable,1,Statewide,25
17148,2021,T3,2,Natural Gas,2009,ICE,Not Applicable,3,Statewide,25
17149,2021,T6,5,Diesel,2003,ICE,Not Applicable,3,Statewide,25
17150,2021,T6,Unknown,Diesel,2006,ICE,Not Applicable,≥4,Statewide,25
17151,2021,T6,Unknown,Diesel,2014,ICE,Not Applicable,2,Statewide,25
17152,2021,P,Not Applicable,Electric,2003,BEV,Unknown,≥4,Statewide,25
17153,2021,P,Not Applicable,Electric,2004,BEV,Unknown,≥4,Statewide,25
17154,2021,T1,1,Electric,2006,BEV,Unknown,≥4,Statewide,25
17155,2021,T2,1,Electric,2007,BEV,Unknown,≥4,Statewide,25
17156,2021,B,Not Applicable,Gasoline,1979,ICE,Not Applicable,≥4,Statewide,25
17157,2021,B,Not Applicable,Gasoline,2002,ICE,Not Applicable,2,Statewide,25
17158,2021,B,Not Applicable,Gasoline,2003,ICE,Not Applicable,3,Statewide,25
17159,2021,BS,Not Applicable,Gasoline,1985,ICE,Not Applicable,≥4,Statewide,25
17160,2021,BS,Not Applicable,Gasoline,1989,ICE,Not Applicable,≥4,Statewide,25
17161,2021,BS,Not Applicable,Gasoline,1999,ICE,Not Applicable,≥4,Statewide,25
17162,2021,BS,Not Applicable,Gasoline,2021,ICE,Not Applicable,1,Statewide,25
17163,2021,BT,Not Applicable,Gasoline,1985,ICE,Not Applicable,≥4,Statewide,25
17164,2021,MH,Not Applicable,Gasoline,2023,ICE,Not Applicable,1,Statewide,25
17165,2021,T1,Unknown,Gasoline,2007,ICE,Not Applicable,1,Statewide,25
17166,2021,T1,Unknown,Gasoline,2011,ICE,Not Applicable,≥4,Statewide,25
17167,2021,T2,Unknown,Gasoline,1995,ICE,Not Applicable,2,Statewide,25
17168,2021,T5,3,Gasoline,1988,ICE,Not Applicable,1,Statewide,25
17169,2021,T6,7,Gasoline,1982,ICE,Not Applicable,≥4,Statewide,25
17170,2021,T6,7,Gasoline,2004,ICE,Not Applicable,≥4,Statewide,25
17171,2021,T6,5,Gasoline,2005,ICE,Not Applicable,3,Statewide,25
17172,2021,T6,5,Gasoline,2008,ICE,Not Applicable,2,Statewide,25
17173,2021,T6,4,Gasoline,2018,ICE,Not Applicable,3,Statewide,25
17174,2021,T6,6,Gasoline,2021,ICE,Not Applicable,1,Statewide,25
17175,2021,P,Not Applicable,Natural Gas,2018,ICE,Not Applicable,2,Statewide,25
17176,2021,B,Not Applicable,Diesel,1998,ICE,Not Applicable,2,Statewide,18
17177,2021,B,Not Applicable,Diesel,2008,ICE,Not Applicable,3,Statewide,18
17178,2021,B,Not Applicable,Diesel,2012,ICE,Not Applicable,3,Statewide,18
17179,2021,BS,Not Applicable,Diesel,1983,ICE,Not Applicable,≥4,Statewide,18
17180,2021,T7,8,Diesel,2022,ICE,Not Applicable,≥4,Statewide,7569
17181,2021,T4,2,Diesel,2020,ICE,Not Applicable,≥4,Statewide,7552
17182,2021,T6,5,Gasoline,2004,ICE,Not Applicable,2,Statewide,24
17183,2021,T6,5,Gasoline,2005,ICE,Not Applicable,2,Statewide,24
17184,2021,T6,5,Gasoline,2009,ICE,Not Applicable,2,Statewide,24
17185,2021,T6,5,Gasoline,2010,ICE,Not Applicable,3,Statewide,24
17186,2021,B,Not Applicable,Natural Gas,2011,ICE,Not Applicable,≥4,Statewide,24
17187,2021,P,Not Applicable,Natural Gas,2011,ICE,Not Applicable,1,Statewide,24
17188,2021,T4,2,Natural Gas,2008,ICE,Not Applicable,1,Statewide,24
17189,2021,T6,7,Natural Gas,2009,ICE,Not Applicable,≥4,Statewide,24
17190,2021,T3,2,Gasoline,2001,ICE,Not Applicable,3,Statewide,8131
17191,2021,MC,Not Applicable,Gasoline,2021,ICE,Not Applicable,3,Statewide,7513
17192,2021,T6,5,Gasoline,1992,ICE,Not Applicable,≥4,Statewide,24
17193,2021,T1,1,Gasoline,1999,ICE,Not Applicable,2,Statewide,7512
17194,2021,T3,2,Gasoline,2001,ICE,Not Applicable,1,Statewide,7443
17195,2021,T1,1,Gasoline,2008,ICE,Not Applicable,3,Statewide,8218
17196,2021,P,Not Applicable,Gasoline,1994,ICE,Not Applicable,2,Statewide,7428
17197,2021,MC,Not Applicable,Gasoline,2020,ICE,Not Applicable,2,Statewide,7402
17198,2021,MC,Not Applicable,Gasoline,2015,ICE,Not Applicable,≥4,Statewide,7376
17199,2021,T7,8,Natural Gas,2017,ICE,Not Applicable,2,Statewide,18
17200,2021,T6,6,Natural Gas,2014,ICE,Not Applicable,1,Statewide,18
17201,2021,T6,4,Natural Gas,2012,ICE,Not Applicable,1,Statewide,18
17202,2021,MC,Not Applicable,Gasoline,2022,ICE,Not Applicable,1,Statewide,8282
17203,2021,T1,1,Gasoline,2001,ICE,Not Applicable,2,Statewide,8289
17204,2021,T3,2,Natural Gas,2007,ICE,Not Applicable,2,Statewide,18
17205,2021,T3,2,Natural Gas,2007,ICE,Not Applicable,3,Statewide,18
17206,2021,T2,Unknown,Gasoline,2018,ICE,Not Applicable,1,Statewide,7456
17207,2021,T3,2,Gasoline,2016,ICE,Not Applicable,3,Statewide,25226
17208,2021,T6,6,Gasoline,1983,ICE,Not Applicable,2,Statewide,24
17209,2021,T6,7,Gasoline,1983,ICE,Not Applicable,1,Statewide,24
17210,2021,T2,1,Diesel,2014,ICE,Not Applicable,≥4,Statewide,24
17211,2021,T3,2,Diesel,1991,ICE,Not Applicable,1,Statewide,24
17212,2021,T1,1,Gasoline,1992,ICE,Not Applicable,≥4,Statewide,7728
17213,2021,T4,Unknown,Diesel,2013,ICE,Not Applicable,1,Statewide,24
17214,2021,MC,Not Applicable,Gasoline,2010,ICE,Not Applicable,3,Statewide,7715
17215,2021,T1,1,Gasoline,2001,ICE,Not Applicable,3,Statewide,7666
17216,2021,T1,1,Gasoline,1993,ICE,Not Applicable,≥4,Statewide,7652
17217,2021,T5,3,Diesel,1977,ICE,Not Applicable,≥4,Statewide,24
17218,2021,T6,Unknown,Diesel,2007,ICE,Not Applicable,≥4,Statewide,24
17219,2021,BT,Not Applicable,Electric,2021,BEV,Unknown,≥4,Statewide,24
17220,2021,MC,Not Applicable,Electric,2019,BEV,Unknown,1,Statewide,24
17221,2021,MC,Not Applicable,Electric,2020,BEV,Unknown,2,Statewide,24
17222,2021,P,Not Applicable,Electric,2011,BEV,Unknown,1,Statewide,24
17223,2021,P,Not Applicable,Electric,2022,BEV,Unknown,2,Statewide,24
17224,2021,T2,1,Electric,2017,BEV,Unknown,≥4,Statewide,24
17225,2021,T3,2,Gasoline,2000,ICE,Not Applicable,1,Statewide,7609
17226,2021,T1,Unknown,Gasoline,2006,ICE,Not Applicable,1,Statewide,24
17227,2021,T1,Unknown,Gasoline,2016,ICE,Not Applicable,3,Statewide,24
17228,2021,T2,Unknown,Gasoline,1988,ICE,Not Applicable,≥4,Statewide,24
17229,2021,T2,Unknown,Gasoline,1989,ICE,Not Applicable,2,Statewide,24
17230,2021,T2,Unknown,Gasoline,1992,ICE,Not Applicable,1,Statewide,24
17231,2021,T2,Unknown,Gasoline,1997,ICE,Not Applicable,1,Statewide,24
17232,2021,T4,Unknown,Gasoline,2015,ICE,Not Applicable,≥4,Statewide,24
17233,2021,T4,Unknown,Gasoline,2016,ICE,Not Applicable,3,Statewide,24
17234,2021,T4,Unknown,Gasoline,2018,ICE,Not Applicable,≥4,Statewide,24
17235,2021,T4,Unknown,Gasoline,2018,ICE,Not Applicable,1,Statewide,24
17236,2021,T6,5,Gasoline,1979,ICE,Not Applicable,≥4,Statewide,24
17237,2021,T7,8,Gasoline,1987,ICE,Not Applicable,≥4,Statewide,18
17238,2021,T2,1,Diesel,1989,ICE,Not Applicable,2,Statewide,8
17239,2021,T6,5,Gasoline,2013,ICE,Not Applicable,3,Statewide,18
17240,2021,T6,6,Gasoline,1997,ICE,Not Applicable,2,Statewide,18
17241,2021,T6,Unknown,Diesel,1993,ICE,Not Applicable,≥4,Statewide,18
17242,2021,T6,5,Diesel,1991,ICE,Not Applicable,≥4,Statewide,18
17243,2021,T6,Unknown,Diesel,1984,ICE,Not Applicable,1,Statewide,18
17244,2021,T5,3,Diesel,2023,ICE,Not Applicable,1,Statewide,18
17245,2021,T3,2,Gasoline,2001,ICE,Not Applicable,2,Statewide,8420
17246,2021,T1,1,Gasoline,2017,ICE,Not Applicable,≥4,Statewide,8430
17247,2021,T4,Unknown,Diesel,2001,ICE,Not Applicable,≥4,Statewide,18
17248,2021,T1,1,Gasoline,2012,ICE,Not Applicable,3,Statewide,8443
17249,2021,T4,2,Gasoline,2011,ICE,Not Applicable,2,Statewide,8444
17250,2021,T3,2,Diesel,2003,ICE,Not Applicable,1,Statewide,18
17251,2021,T1,1,Gasoline,2009,ICE,Not Applicable,1,Statewide,8458
17252,2021,T1,1,Gasoline,2015,ICE,Not Applicable,2,Statewide,8473
17253,2021,T6,5,Diesel,2002,ICE,Not Applicable,3,Statewide,18
17254,2021,T3,2,Diesel,1997,ICE,Not Applicable,2,Statewide,18
17255,2021,T2,1,Diesel,2017,ICE,Not Applicable,3,Statewide,18
17256,2021,T2,1,Diesel,1979,ICE,Not Applicable,1,Statewide,18
17257,2021,T2,1,Diesel,1979,ICE,Not Applicable,3,Statewide,18
17258,2021,T1,1,Diesel,1990,ICE,Not Applicable,1,Statewide,18
17259,2021,T1,Unknown,Diesel,1986,ICE,Not Applicable,≥4,Statewide,18
17260,2021,T1,1,Gasoline,2022,ICE,Not Applicable,3,Statewide,8501
17261,2021,MH,Not Applicable,Diesel,1990,ICE,Not Applicable,1,Statewide,18
17262,2021,BT,Not Applicable,Diesel,1985,ICE,Not Applicable,1,Statewide,18
17263,2021,BS,Not Applicable,Diesel,2015,ICE,Not Applicable,2,Statewide,18
17264,2021,BS,Not Applicable,Diesel,1995,ICE,Not Applicable,3,Statewide,18
17265,2021,BS,Not Applicable,Diesel,1993,ICE,Not Applicable,1,Statewide,18
17266,2021,BS,Not Applicable,Diesel,1986,ICE,Not Applicable,≥4,Statewide,18
17267,2021,T3,2,Diesel,1995,ICE,Not Applicable,≥4,Statewide,18
17268,2021,T6,Unknown,Diesel,2019,ICE,Not Applicable,1,Statewide,18
17269,2021,T6,Unknown,Diesel,2023,ICE,Not Applicable,1,Statewide,18
17270,2021,MC,Not Applicable,Electric,2015,BEV,Unknown,≥4,Statewide,18
17271,2021,MC,Not Applicable,Gasoline,2016,ICE,Not Applicable,≥4,Statewide,8347
17272,2021,T3,Unknown,Gasoline,2010,ICE,Not Applicable,2,Statewide,8360
17273,2021,T6,6,Gasoline,1991,ICE,Not Applicable,1,Statewide,18
17274,2021,T6,7,Gasoline,1985,ICE,Not Applicable,1,Statewide,18
17275,2021,T6,7,Gasoline,1977,ICE,Not Applicable,2,Statewide,18
17276,2021,T4,Unknown,Gasoline,1989,ICE,Not Applicable,≥4,Statewide,18
17277,2021,T4,Unknown,Gasoline,1984,ICE,Not Applicable,≥4,Statewide,18
17278,2021,T3,Unknown,Gasoline,1989,ICE,Not Applicable,1,Statewide,18
17279,2021,T3,Unknown,Gasoline,1985,ICE,Not Applicable,≥4,Statewide,18
17280,2021,T3,Unknown,Gasoline,1984,ICE,Not Applicable,1,Statewide,18
17281,2021,P,Not Applicable,Gasoline,1991,ICE,Not Applicable,≥4,Statewide,8376
17282,2021,T1,Unknown,Gasoline,2016,ICE,Not Applicable,1,Statewide,18
17283,2021,T1,Unknown,Gasoline,2001,ICE,Not Applicable,1,Statewide,18
17284,2021,T1,Unknown,Gasoline,2000,ICE,Not Applicable,≥4,Statewide,18
17285,2021,BS,Not Applicable,Gasoline,2023,ICE,Not Applicable,≥4,Statewide,18
17286,2021,BS,Not Applicable,Gasoline,2013,ICE,Not Applicable,1,Statewide,18
17287,2021,BS,Not Applicable,Gasoline,1980,ICE,Not Applicable,≥4,Statewide,18
17288,2021,B,Not Applicable,Gasoline,1998,ICE,Not Applicable,1,Statewide,18
17289,2021,T2,Unknown,Electric,2022,BEV,Unknown,≥4,Statewide,18
17290,2021,T3,Unknown,Gasoline,2009,ICE,Not Applicable,≥4,Statewide,8401
17291,2021,T2,Unknown,Electric,2013,BEV,Unknown,≥4,Statewide,18
17292,2021,P,Not Applicable,Electric,2022,BEV,Unknown,3,Statewide,18
17293,2021,P,Not Applicable,Electric,2019,BEV,Unknown,2,Statewide,18
17294,2021,P,Not Applicable,Electric,2019,BEV,Unknown,3,Statewide,18
17295,2021,P,Not Applicable,Electric,2016,BEV,>150 miles,3,Statewide,18
17296,2021,MC,Not Applicable,Electric,2020,BEV,Unknown,3,Statewide,18
17297,2021,MC,Not Applicable,Electric,2019,BEV,Unknown,3,Statewide,18
17298,2021,T6,5,Gasoline,2006,ICE,Not Applicable,2,Statewide,18
17299,2021,T2,Unknown,Diesel,1989,ICE,Not Applicable,≥4,Statewide,8
17300,2021,T2,Unknown,Diesel,1992,ICE,Not Applicable,2,Statewide,8
17301,2021,T2,Unknown,Diesel,1993,ICE,Not Applicable,3,Statewide,8
17302,2021,T4,Unknown,Gasoline,1978,ICE,Not Applicable,2,Statewide,8
17303,2021,T4,Unknown,Gasoline,1988,ICE,Not Applicable,≥4,Statewide,8
17304,2021,T4,Unknown,Gasoline,2000,ICE,Not Applicable,≥4,Statewide,8
17305,2021,T4,Unknown,Gasoline,2001,ICE,Not Applicable,3,Statewide,8
17306,2021,T4,Unknown,Gasoline,2003,ICE,Not Applicable,≥4,Statewide,8
17307,2021,T6,7,Gasoline,1979,ICE,Not Applicable,1,Statewide,8
17308,2021,T6,5,Gasoline,1979,ICE,Not Applicable,1,Statewide,8
17309,2021,T6,7,Gasoline,1980,ICE,Not Applicable,1,Statewide,8
17310,2021,T6,5,Gasoline,1984,ICE,Not Applicable,≥4,Statewide,8
17311,2021,T6,Unknown,Gasoline,1984,ICE,Not Applicable,1,Statewide,8
17312,2021,T6,6,Gasoline,1985,ICE,Not Applicable,2,Statewide,8
17313,2021,T6,7,Gasoline,1988,ICE,Not Applicable,1,Statewide,8
17314,2021,T4,Unknown,Gasoline,1978,ICE,Not Applicable,3,Statewide,8
17315,2021,T6,6,Gasoline,1988,ICE,Not Applicable,2,Statewide,8
17316,2021,T6,Unknown,Gasoline,1990,ICE,Not Applicable,≥4,Statewide,8
17317,2021,T6,7,Gasoline,1991,ICE,Not Applicable,3,Statewide,8
17318,2021,T6,7,Gasoline,1992,ICE,Not Applicable,3,Statewide,8
17319,2021,T6,4,Gasoline,1992,ICE,Not Applicable,1,Statewide,8
17320,2021,T6,7,Gasoline,1995,ICE,Not Applicable,1,Statewide,8
17321,2021,T6,6,Gasoline,1999,ICE,Not Applicable,3,Statewide,8
17322,2021,T6,7,Gasoline,2001,ICE,Not Applicable,3,Statewide,8
17323,2021,T6,6,Gasoline,2004,ICE,Not Applicable,2,Statewide,8
17324,2021,T6,5,Gasoline,2007,ICE,Not Applicable,3,Statewide,8
17325,2021,T6,7,Gasoline,2011,ICE,Not Applicable,1,Statewide,8
17326,2021,T6,5,Gasoline,2014,ICE,Not Applicable,3,Statewide,8
17327,2021,T7,8,Gasoline,1982,ICE,Not Applicable,1,Statewide,8
17328,2021,T6,7,Gasoline,1989,ICE,Not Applicable,1,Statewide,8
17329,2021,T3,Unknown,Gasoline,1986,ICE,Not Applicable,3,Statewide,8
17330,2021,T1,Unknown,Gasoline,2015,ICE,Not Applicable,≥4,Statewide,8
17331,2021,T1,Unknown,Gasoline,2000,ICE,Not Applicable,1,Statewide,8
17332,2021,T2,Unknown,Natural Gas,2019,ICE,Not Applicable,≥4,Statewide,26
17333,2021,T7,8,Natural Gas,2020,ICE,Not Applicable,1,Statewide,26
17334,2021,T1,Unknown,Electric,2013,BEV,Unknown,1,Statewide,8
17335,2021,T2,Unknown,Gasoline,2014,ICE,Not Applicable,2,Statewide,5006
17336,2021,T2,Unknown,Electric,2015,BEV,Unknown,1,Statewide,8
17337,2021,T1,1,Gasoline,2016,ICE,Not Applicable,≥4,Statewide,5017
17338,2021,T2,1,Electric,2017,BEV,101 to 150 miles,3,Statewide,8
17339,2021,T2,Unknown,Electric,2017,BEV,Unknown,≥4,Statewide,8
17340,2021,T4,Unknown,Electric,1982,BEV,Unknown,≥4,Statewide,8
17341,2021,B,Not Applicable,Gasoline,1993,ICE,Not Applicable,1,Statewide,8
17342,2021,T4,2,Diesel,2008,ICE,Not Applicable,3,Statewide,5042
17343,2021,B,Not Applicable,Gasoline,1994,ICE,Not Applicable,2,Statewide,8
17344,2021,BS,Not Applicable,Gasoline,1987,ICE,Not Applicable,1,Statewide,8
17345,2021,BS,Not Applicable,Gasoline,1990,ICE,Not Applicable,2,Statewide,8
17346,2021,BS,Not Applicable,Gasoline,1993,ICE,Not Applicable,1,Statewide,8
17347,2021,BS,Not Applicable,Gasoline,2002,ICE,Not Applicable,≥4,Statewide,8
17348,2021,BS,Not Applicable,Gasoline,2013,ICE,Not Applicable,3,Statewide,8
17349,2021,BT,Not Applicable,Gasoline,1980,ICE,Not Applicable,≥4,Statewide,8
17350,2021,BT,Not Applicable,Gasoline,2012,ICE,Not Applicable,2,Statewide,8
17351,2021,BT,Not Applicable,Gasoline,2013,ICE,Not Applicable,2,Statewide,8
17352,2021,BT,Not Applicable,Gasoline,2016,ICE,Not Applicable,3,Statewide,8
17353,2021,BT,Not Applicable,Gasoline,2021,ICE,Not Applicable,2,Statewide,8
17354,2021,MH,Not Applicable,Gasoline,2023,ICE,Not Applicable,2,Statewide,8
17355,2021,T1,Unknown,Gasoline,1988,ICE,Not Applicable,3,Statewide,8
17356,2021,T1,Unknown,Gasoline,1990,ICE,Not Applicable,1,Statewide,8
17357,2021,T1,Unknown,Gasoline,1992,ICE,Not Applicable,1,Statewide,8
17358,2021,T1,Unknown,Gasoline,1998,ICE,Not Applicable,2,Statewide,8
17359,2021,T7,8,Gasoline,1993,ICE,Not Applicable,≥4,Statewide,8
17360,2021,T7,8,Gasoline,1985,ICE,Not Applicable,≥4,Statewide,26
17361,2021,BS,Not Applicable,Natural Gas,2002,ICE,Not Applicable,2,Statewide,8
17362,2021,BT,Not Applicable,Natural Gas,2006,ICE,Not Applicable,1,Statewide,8
17363,2021,T1,Unknown,Gasoline,2003,ICE,Not Applicable,2,Statewide,16
17364,2021,BT,Not Applicable,Gasoline,2017,ICE,Not Applicable,1,Statewide,16
17365,2021,BT,Not Applicable,Gasoline,2003,ICE,Not Applicable,≥4,Statewide,16
17366,2021,B,Not Applicable,Gasoline,1998,ICE,Not Applicable,2,Statewide,16
17367,2021,T4,2,Diesel,2006,ICE,Not Applicable,3,Statewide,4032
17368,2021,B,Not Applicable,Gasoline,1986,ICE,Not Applicable,≥4,Statewide,16
17369,2021,B,Not Applicable,Gasoline,1981,ICE,Not Applicable,≥4,Statewide,16
17370,2021,T3,Unknown,Electric,2008,BEV,Unknown,≥4,Statewide,16
17371,2021,T2,1,Electric,2007,BEV,Unknown,3,Statewide,16
17372,2021,P,Not Applicable,Electric,2011,BEV,Unknown,3,Statewide,16
17373,2021,P,Not Applicable,Electric,2006,BEV,Unknown,1,Statewide,16
17374,2021,P,Not Applicable,Gasoline,1991,ICE,Not Applicable,2,Statewide,4026
17375,2021,T2,Unknown,Gasoline,1990,ICE,Not Applicable,3,Statewide,16
17376,2021,P,Not Applicable,Electric,2005,BEV,Unknown,≥4,Statewide,16
17377,2021,MC,Not Applicable,Electric,2018,BEV,Unknown,2,Statewide,16
17378,2021,MC,Not Applicable,Electric,2018,BEV,Unknown,3,Statewide,16
17379,2021,T7,8,Diesel,1986,ICE,Not Applicable,3,Statewide,16
17380,2021,T6,Unknown,Diesel,2019,ICE,Not Applicable,3,Statewide,16
17381,2021,T6,Unknown,Diesel,2003,ICE,Not Applicable,≥4,Statewide,16
17382,2021,T7,8,Diesel,2010,ICE,Not Applicable,≥4,Statewide,4007
17383,2021,T1,1,Gasoline,2010,ICE,Not Applicable,3,Statewide,4006
17384,2021,T6,Unknown,Diesel,2001,ICE,Not Applicable,≥4,Statewide,16
17385,2021,T6,Unknown,Diesel,2000,ICE,Not Applicable,≥4,Statewide,16
17386,2021,T6,5,Diesel,2000,ICE,Not Applicable,2,Statewide,16
17387,2021,T6,5,Diesel,1999,ICE,Not Applicable,3,Statewide,16
17388,2021,T6,5,Diesel,1995,ICE,Not Applicable,1,Statewide,16
17389,2021,T2,Unknown,Gasoline,2015,ICE,Not Applicable,3,Statewide,4022
17390,2021,T2,Unknown,Gasoline,1990,ICE,Not Applicable,2,Statewide,16
17391,2021,T3,Unknown,Gasoline,1988,ICE,Not Applicable,2,Statewide,16
17392,2021,T4,Unknown,Gasoline,1986,ICE,Not Applicable,≥4,Statewide,16
17393,2021,BT,Not Applicable,Natural Gas,2007,ICE,Not Applicable,1,Statewide,8
17394,2021,T2,1,Natural Gas,2000,ICE,Not Applicable,≥4,Statewide,8
17395,2021,T3,2,Natural Gas,2002,ICE,Not Applicable,1,Statewide,8
17396,2021,T4,2,Natural Gas,2007,ICE,Not Applicable,3,Statewide,8
17397,2021,T7,8,Natural Gas,2011,ICE,Not Applicable,1,Statewide,8
17398,2021,T7,8,Natural Gas,2018,ICE,Not Applicable,2,Statewide,8
17399,2021,T7,8,Natural Gas,2022,ICE,Not Applicable,2,Statewide,8
17400,2021,T7,8,Natural Gas,2023,ICE,Not Applicable,3,Statewide,8
17401,2021,T6,7,Natural Gas,2023,ICE,Not Applicable,≥4,Statewide,16
17402,2021,T6,6,Natural Gas,2012,ICE,Not Applicable,1,Statewide,16
17403,2021,P,Not Applicable,Natural Gas,2020,ICE,Not Applicable,3,Statewide,16
17404,2021,T7,8,Gasoline,1981,ICE,Not Applicable,1,Statewide,16
17405,2021,T6,5,Gasoline,2018,ICE,Not Applicable,3,Statewide,16
17406,2021,T6,7,Gasoline,2018,ICE,Not Applicable,≥4,Statewide,16
17407,2021,T6,4,Gasoline,2016,ICE,Not Applicable,1,Statewide,16
17408,2021,T6,5,Gasoline,2010,ICE,Not Applicable,2,Statewide,16
17409,2021,T6,5,Gasoline,2007,ICE,Not Applicable,2,Statewide,16
17410,2021,T6,6,Gasoline,2000,ICE,Not Applicable,3,Statewide,16
17411,2021,T6,6,Gasoline,1997,ICE,Not Applicable,3,Statewide,16
17412,2021,T6,6,Gasoline,1991,ICE,Not Applicable,3,Statewide,16
17413,2021,T6,5,Gasoline,1988,ICE,Not Applicable,≥4,Statewide,16
17414,2021,T6,7,Gasoline,1977,ICE,Not Applicable,3,Statewide,16
17415,2021,T5,3,Gasoline,1987,ICE,Not Applicable,1,Statewide,16
17416,2021,T5,3,Gasoline,1977,ICE,Not Applicable,2,Statewide,16
17417,2021,T4,Unknown,Gasoline,2015,ICE,Not Applicable,3,Statewide,16
17418,2021,T4,Unknown,Gasoline,2014,ICE,Not Applicable,≥4,Statewide,16
17419,2021,T4,Unknown,Gasoline,2009,ICE,Not Applicable,≥4,Statewide,16
17420,2021,BS,Not Applicable,Natural Gas,2002,ICE,Not Applicable,1,Statewide,8
17421,2021,T1,Unknown,Diesel,2004,ICE,Not Applicable,≥4,Statewide,24
17422,2021,T7,8,Gasoline,1984,ICE,Not Applicable,≥4,Statewide,26
17423,2021,T6,5,Gasoline,2019,ICE,Not Applicable,3,Statewide,26
17424,2021,P,Not Applicable,Electric,2016,BEV,>150 miles,2,Statewide,17
17425,2021,MC,Not Applicable,Electric,2013,BEV,Unknown,≥4,Statewide,17
17426,2021,T6,Unknown,Diesel,2021,ICE,Not Applicable,1,Statewide,17
17427,2021,T6,5,Diesel,2003,ICE,Not Applicable,2,Statewide,17
17428,2021,T6,5,Diesel,2001,ICE,Not Applicable,2,Statewide,17
17429,2021,T6,5,Diesel,1997,ICE,Not Applicable,1,Statewide,17
17430,2021,T6,5,Diesel,1993,ICE,Not Applicable,≥4,Statewide,17
17431,2021,T6,6,Diesel,1992,ICE,Not Applicable,2,Statewide,17
17432,2021,T6,7,Diesel,1985,ICE,Not Applicable,2,Statewide,17
17433,2021,T6,Unknown,Diesel,1977,ICE,Not Applicable,3,Statewide,17
17434,2021,T4,Unknown,Diesel,2010,ICE,Not Applicable,≥4,Statewide,17
17435,2021,T3,2,Diesel,1994,ICE,Not Applicable,≥4,Statewide,17
17436,2021,B,Not Applicable,Gasoline,1994,ICE,Not Applicable,1,Statewide,17
17437,2021,T3,2,Diesel,1991,ICE,Not Applicable,3,Statewide,17
17438,2021,T2,1,Diesel,2016,ICE,Not Applicable,3,Statewide,17
17439,2021,T2,1,Diesel,1988,ICE,Not Applicable,3,Statewide,17
17440,2021,T2,1,Diesel,1985,ICE,Not Applicable,2,Statewide,17
17441,2021,P,Not Applicable,Diesel,1980,ICE,Not Applicable,3,Statewide,17
17442,2021,MH,Not Applicable,Diesel,2023,ICE,Not Applicable,3,Statewide,17
17443,2021,T7,8,Diesel,2005,ICE,Not Applicable,≥4,Statewide,4119
17444,2021,MH,Not Applicable,Diesel,1992,ICE,Not Applicable,1,Statewide,17
17445,2021,MH,Not Applicable,Diesel,1988,ICE,Not Applicable,1,Statewide,17
17446,2021,MH,Not Applicable,Diesel,1987,ICE,Not Applicable,3,Statewide,17
17447,2021,MH,Not Applicable,Diesel,1986,ICE,Not Applicable,≥4,Statewide,17
17448,2021,BT,Not Applicable,Diesel,2019,ICE,Not Applicable,1,Statewide,17
17449,2021,BT,Not Applicable,Diesel,1997,ICE,Not Applicable,1,Statewide,17
17450,2021,T3,2,Diesel,1986,ICE,Not Applicable,≥4,Statewide,17
17451,2021,BS,Not Applicable,Gasoline,2021,ICE,Not Applicable,3,Statewide,17
17452,2021,BT,Not Applicable,Gasoline,1997,ICE,Not Applicable,≥4,Statewide,17
17453,2021,T3,Unknown,Gasoline,1982,ICE,Not Applicable,3,Statewide,17
17454,2021,T2,1,Diesel,2012,ICE,Not Applicable,≥4,Statewide,8
17455,2021,T2,1,Diesel,2012,ICE,Not Applicable,2,Statewide,8
17456,2021,T2,Unknown,Diesel,2023,ICE,Not Applicable,2,Statewide,8
17457,2021,T3,Unknown,Diesel,1984,ICE,Not Applicable,≥4,Statewide,8
17458,2021,T3,Unknown,Diesel,2009,ICE,Not Applicable,≥4,Statewide,8
17459,2021,T4,Unknown,Diesel,1994,ICE,Not Applicable,1,Statewide,8
17460,2021,T4,Unknown,Diesel,1998,ICE,Not Applicable,≥4,Statewide,8
17461,2021,T4,Unknown,Diesel,2004,ICE,Not Applicable,≥4,Statewide,8
17462,2021,T4,Unknown,Diesel,2018,ICE,Not Applicable,≥4,Statewide,8
17463,2021,T7,8,Natural Gas,2022,ICE,Not Applicable,1,Statewide,17
17464,2021,T6,4,Natural Gas,2018,ICE,Not Applicable,1,Statewide,17
17465,2021,T4,2,Natural Gas,2002,ICE,Not Applicable,≥4,Statewide,17
17466,2021,T3,2,Natural Gas,2008,ICE,Not Applicable,3,Statewide,17
17467,2021,T3,2,Natural Gas,2003,ICE,Not Applicable,3,Statewide,17
17468,2021,P,Not Applicable,Natural Gas,2003,ICE,Not Applicable,3,Statewide,17
17469,2021,B,Not Applicable,Natural Gas,2017,ICE,Not Applicable,≥4,Statewide,17
17470,2021,B,Not Applicable,Natural Gas,2002,ICE,Not Applicable,≥4,Statewide,17
17471,2021,T7,8,Gasoline,1989,ICE,Not Applicable,≥4,Statewide,17
17472,2021,T6,4,Gasoline,2016,ICE,Not Applicable,3,Statewide,17
17473,2021,T6,6,Gasoline,2012,ICE,Not Applicable,1,Statewide,17
17474,2021,T6,6,Gasoline,2007,ICE,Not Applicable,2,Statewide,17
17475,2021,T6,6,Gasoline,1998,ICE,Not Applicable,1,Statewide,17
17476,2021,T6,7,Gasoline,1990,ICE,Not Applicable,1,Statewide,17
17477,2021,T6,5,Gasoline,1987,ICE,Not Applicable,≥4,Statewide,17
17478,2021,T6,6,Gasoline,1987,ICE,Not Applicable,1,Statewide,17
17479,2021,T6,Unknown,Gasoline,1980,ICE,Not Applicable,≥4,Statewide,17
17480,2021,T3,Unknown,Gasoline,1983,ICE,Not Applicable,3,Statewide,17
17481,2021,MC,Not Applicable,Gasoline,2022,ICE,Not Applicable,3,Statewide,4115
17482,2021,T6,7,Gasoline,2022,ICE,Not Applicable,≥4,Statewide,26
17483,2021,BS,Not Applicable,Diesel,1981,ICE,Not Applicable,≥4,Statewide,17
17484,2021,T6,6,Diesel,2011,ICE,Not Applicable,≥4,Statewide,4111
17485,2021,T2,1,Diesel,2023,ICE,Not Applicable,≥4,Statewide,26
17486,2021,P,Not Applicable,Electric,2000,BEV,Unknown,≥4,Statewide,8
17487,2021,T3,2,Diesel,2001,ICE,Not Applicable,1,Statewide,26
17488,2021,T3,2,Diesel,2004,ICE,Not Applicable,3,Statewide,26
17489,2021,T3,Unknown,Diesel,2012,ICE,Not Applicable,2,Statewide,26
17490,2021,B,Not Applicable,Electric,2021,BEV,Unknown,≥4,Statewide,26
17491,2021,P,Not Applicable,Electric,2002,BEV,Unknown,≥4,Statewide,26
17492,2021,P,Not Applicable,Electric,2006,BEV,Unknown,2,Statewide,26
17493,2021,P,Not Applicable,Electric,2013,BEV,Unknown,1,Statewide,26
17494,2021,B,Not Applicable,Gasoline,1989,ICE,Not Applicable,≥4,Statewide,26
17495,2021,B,Not Applicable,Gasoline,2003,ICE,Not Applicable,2,Statewide,26
17496,2021,P,Not Applicable,Electric,2005,BEV,Unknown,1,Statewide,8
17497,2021,BS,Not Applicable,Electric,2021,BEV,Unknown,≥4,Statewide,8
17498,2021,BT,Not Applicable,Gasoline,1991,ICE,Not Applicable,≥4,Statewide,26
17499,2021,T1,Unknown,Gasoline,1997,ICE,Not Applicable,≥4,Statewide,26
17500,2021,T1,Unknown,Gasoline,2006,ICE,Not Applicable,3,Statewide,26
17501,2021,T3,Unknown,Gasoline,1990,ICE,Not Applicable,3,Statewide,26
17502,2021,T4,2,Gasoline,2021,PHEV,0 to 50 miles,≥4,Statewide,26
17503,2021,T6,5,Gasoline,1993,ICE,Not Applicable,≥4,Statewide,26
17504,2021,T6,4,Gasoline,1997,ICE,Not Applicable,2,Statewide,26
17505,2021,T6,6,Gasoline,2002,ICE,Not Applicable,2,Statewide,26
17506,2021,P,Not Applicable,Electric,2009,BEV,Unknown,3,Statewide,8
17507,2021,T6,7,Gasoline,2008,ICE,Not Applicable,≥4,Statewide,26
17508,2021,T1,1,Electric,2004,BEV,Unknown,3,Statewide,8
17509,2021,T6,6,Gasoline,2011,ICE,Not Applicable,1,Statewide,26
17510,2021,T6,5,Gasoline,2011,ICE,Not Applicable,1,Statewide,26
17511,2021,T1,Unknown,Gasoline,1996,ICE,Not Applicable,≥4,Statewide,26
17512,2021,T7,8,Diesel,1980,ICE,Not Applicable,3,Statewide,8
17513,2021,T6,Unknown,Diesel,1998,ICE,Not Applicable,≥4,Statewide,8
17514,2021,T4,2,Gasoline,1977,ICE,Not Applicable,≥4,Statewide,4960
17515,2021,B,Not Applicable,Diesel,1999,ICE,Not Applicable,1,Statewide,17
17516,2021,B,Not Applicable,Diesel,1995,ICE,Not Applicable,3,Statewide,17
17517,2021,B,Not Applicable,Diesel,1993,ICE,Not Applicable,1,Statewide,17
17518,2021,B,Not Applicable,Diesel,1982,ICE,Not Applicable,≥4,Statewide,17
17519,2021,B,Not Applicable,Diesel,1977,ICE,Not Applicable,3,Statewide,17
17520,2021,T3,2,Gasoline,1994,ICE,Not Applicable,≥4,Statewide,4104
17521,2021,T4,2,Diesel,2018,ICE,Not Applicable,≥4,Statewide,4104
17522,2021,T3,Unknown,Gasoline,2008,ICE,Not Applicable,1,Statewide,4093
17523,2021,T1,1,Gasoline,2016,ICE,Not Applicable,3,Statewide,4091
17524,2021,T2,Unknown,Gasoline,2017,ICE,Not Applicable,3,Statewide,4088
17525,2021,T6,6,Diesel,2010,ICE,Not Applicable,≥4,Statewide,4085
17526,2021,P,Not Applicable,Gasoline,1984,ICE,Not Applicable,≥4,Statewide,4071
17527,2021,T4,2,Gasoline,2021,ICE,Not Applicable,1,Statewide,4068
17528,2021,T1,1,Gasoline,1998,ICE,Not Applicable,1,Statewide,4916
17529,2021,P,Not Applicable,Gasoline,2019,PHEV,0 to 50 miles,3,Statewide,4920
17530,2021,T6,6,Diesel,1980,ICE,Not Applicable,≥4,Statewide,8
17531,2021,T4,2,Diesel,2008,ICE,Not Applicable,2,Statewide,4923
17532,2021,T6,7,Diesel,1983,ICE,Not Applicable,2,Statewide,8
17533,2021,T6,Unknown,Diesel,1985,ICE,Not Applicable,3,Statewide,8
17534,2021,T6,Unknown,Diesel,1985,ICE,Not Applicable,1,Statewide,8
17535,2021,BS,Not Applicable,Diesel,2002,ICE,Not Applicable,3,Statewide,26
17536,2021,BS,Not Applicable,Diesel,2021,ICE,Not Applicable,2,Statewide,26
17537,2021,BT,Not Applicable,Diesel,1980,ICE,Not Applicable,≥4,Statewide,26
17538,2021,P,Not Applicable,Diesel,1997,ICE,Not Applicable,2,Statewide,26
17539,2021,T1,Unknown,Diesel,1977,ICE,Not Applicable,1,Statewide,26
17540,2021,T1,1,Diesel,1986,ICE,Not Applicable,3,Statewide,26
17541,2021,T6,7,Diesel,1988,ICE,Not Applicable,2,Statewide,8
17542,2021,B,Not Applicable,Diesel,2003,ICE,Not Applicable,2,Statewide,17
17543,2021,T6,Unknown,Diesel,1987,ICE,Not Applicable,≥4,Statewide,16
17544,2021,T1,1,Diesel,1990,ICE,Not Applicable,2,Statewide,24
17545,2021,T1,Unknown,Gasoline,1977,ICE,Not Applicable,1,Statewide,7746
17546,2021,T4,2,Diesel,2022,ICE,Not Applicable,1,Statewide,4399
17547,2021,T4,Unknown,Diesel,2008,ICE,Not Applicable,2,Statewide,7
17548,2021,T4,Unknown,Diesel,2004,ICE,Not Applicable,1,Statewide,7
17549,2021,P,Not Applicable,Electric,2021,BEV,51 to 100 miles,≥4,Statewide,4389
17550,2021,T4,Unknown,Diesel,1987,ICE,Not Applicable,≥4,Statewide,7
17551,2021,T2,1,Gasoline,1996,ICE,Not Applicable,1,Statewide,4375
17552,2021,MC,Not Applicable,Gasoline,2017,ICE,Not Applicable,1,Statewide,4368
17553,2021,T4,Unknown,Diesel,1981,ICE,Not Applicable,≥4,Statewide,7
17554,2021,T4,Unknown,Diesel,1980,ICE,Not Applicable,≥4,Statewide,7
17555,2021,T4,Unknown,Diesel,1978,ICE,Not Applicable,≥4,Statewide,7
17556,2021,T4,Unknown,Diesel,1977,ICE,Not Applicable,3,Statewide,7
17557,2021,T3,Unknown,Diesel,1997,ICE,Not Applicable,≥4,Statewide,7
17558,2021,MC,Not Applicable,Gasoline,2001,ICE,Not Applicable,≥4,Statewide,4411
17559,2021,MC,Not Applicable,Gasoline,2017,ICE,Not Applicable,2,Statewide,4357
17560,2021,T6,4,Natural Gas,2014,ICE,Not Applicable,≥4,Statewide,7
17561,2021,T6,4,Natural Gas,2018,ICE,Not Applicable,≥4,Statewide,7
17562,2021,T7,8,Natural Gas,2019,ICE,Not Applicable,3,Statewide,7
17563,2021,T7,8,Natural Gas,2020,ICE,Not Applicable,2,Statewide,7
17564,2021,P,Not Applicable,Gasoline,2018,PHEV,0 to 50 miles,1,Statewide,4486
17565,2021,T1,1,Gasoline,1994,ICE,Not Applicable,3,Statewide,4507
17566,2021,T1,1,Gasoline,1997,ICE,Not Applicable,2,Statewide,4509
17567,2021,T2,1,Gasoline,1997,ICE,Not Applicable,1,Statewide,4511
17568,2021,T4,2,Diesel,2019,ICE,Not Applicable,≥4,Statewide,4535
17569,2021,P,Not Applicable,Gasoline,1992,ICE,Not Applicable,3,Statewide,4541
17570,2021,P,Not Applicable,Electric,2021,BEV,51 to 100 miles,3,Statewide,4546
17571,2021,T2,1,Gasoline,1997,ICE,Not Applicable,2,Statewide,4565
17572,2021,T5,3,Diesel,2013,ICE,Not Applicable,≥4,Statewide,4356
17573,2021,T2,Unknown,Gasoline,2013,ICE,Not Applicable,2,Statewide,4568
17574,2021,T1,1,Gasoline,1997,ICE,Not Applicable,3,Statewide,4412
17575,2021,T4,Unknown,Diesel,2014,ICE,Not Applicable,2,Statewide,7
17576,2021,BS,Not Applicable,Diesel,2006,ICE,Not Applicable,2,Statewide,21
17577,2021,MC,Not Applicable,Electric,2011,BEV,Unknown,≥4,Statewide,7
17578,2021,BT,Not Applicable,Electric,2020,BEV,Unknown,≥4,Statewide,7
17579,2021,B,Not Applicable,Electric,2004,BEV,Unknown,≥4,Statewide,7
17580,2021,T6,4,Diesel,2023,ICE,Not Applicable,3,Statewide,7
17581,2021,T6,Unknown,Diesel,2022,ICE,Not Applicable,3,Statewide,7
17582,2021,T6,Unknown,Diesel,2016,ICE,Not Applicable,1,Statewide,7
17583,2021,T6,Unknown,Diesel,2013,ICE,Not Applicable,1,Statewide,7
17584,2021,BS,Not Applicable,Diesel,2006,ICE,Not Applicable,3,Statewide,21
17585,2021,BS,Not Applicable,Diesel,1999,ICE,Not Applicable,2,Statewide,21
17586,2021,B,Not Applicable,Diesel,2018,ICE,Not Applicable,1,Statewide,21
17587,2021,B,Not Applicable,Diesel,2017,ICE,Not Applicable,3,Statewide,21
17588,2021,T4,Unknown,Diesel,2012,ICE,Not Applicable,2,Statewide,7
17589,2021,B,Not Applicable,Diesel,2010,ICE,Not Applicable,1,Statewide,21
17590,2021,T6,5,Diesel,1996,ICE,Not Applicable,3,Statewide,7
17591,2021,T6,5,Diesel,1995,ICE,Not Applicable,3,Statewide,7
17592,2021,T2,Unknown,Gasoline,2014,ICE,Not Applicable,≥4,Statewide,4457
17593,2021,T6,6,Diesel,1988,ICE,Not Applicable,3,Statewide,7
17594,2021,B,Not Applicable,Diesel,2001,ICE,Not Applicable,1,Statewide,21
17595,2021,T6,7,Diesel,1983,ICE,Not Applicable,3,Statewide,7
17596,2021,T6,7,Diesel,1980,ICE,Not Applicable,2,Statewide,7
17597,2021,T6,6,Diesel,1978,ICE,Not Applicable,≥4,Statewide,7
17598,2021,T6,7,Diesel,1977,ICE,Not Applicable,2,Statewide,7
17599,2021,T4,2,Diesel,2002,ICE,Not Applicable,≥4,Statewide,4436
17600,2021,T5,3,Diesel,1985,ICE,Not Applicable,≥4,Statewide,7
17601,2021,T4,Unknown,Diesel,2014,ICE,Not Applicable,1,Statewide,7
17602,2021,T6,5,Diesel,1996,ICE,Not Applicable,1,Statewide,7
17603,2021,T5,3,Diesel,2010,ICE,Not Applicable,≥4,Statewide,4578
17604,2021,T7,8,Natural Gas,2014,ICE,Not Applicable,2,Statewide,20
17605,2021,T6,6,Natural Gas,2022,ICE,Not Applicable,≥4,Statewide,20
17606,2021,MH,Not Applicable,Diesel,1977,ICE,Not Applicable,1,Statewide,22
17607,2021,MH,Not Applicable,Diesel,1988,ICE,Not Applicable,3,Statewide,22
17608,2021,P,Not Applicable,Diesel,1995,ICE,Not Applicable,3,Statewide,22
17609,2021,T2,1,Diesel,2015,ICE,Not Applicable,≥4,Statewide,22
17610,2021,T2,1,Diesel,2016,ICE,Not Applicable,≥4,Statewide,22
17611,2021,T2,1,Diesel,2023,ICE,Not Applicable,1,Statewide,22
17612,2021,T3,2,Diesel,2005,ICE,Not Applicable,≥4,Statewide,22
17613,2021,BT,Not Applicable,Gasoline,1977,ICE,Not Applicable,3,Statewide,20
17614,2021,T6,7,Diesel,1986,ICE,Not Applicable,2,Statewide,22
17615,2021,T6,7,Diesel,1989,ICE,Not Applicable,3,Statewide,22
17616,2021,T6,4,Diesel,1996,ICE,Not Applicable,3,Statewide,22
17617,2021,T6,5,Diesel,2000,ICE,Not Applicable,3,Statewide,22
17618,2021,BT,Not Applicable,Diesel,1993,ICE,Not Applicable,1,Statewide,22
17619,2021,BS,Not Applicable,Gasoline,2003,ICE,Not Applicable,≥4,Statewide,20
17620,2021,B,Not Applicable,Gasoline,1999,ICE,Not Applicable,3,Statewide,20
17621,2021,T6,Unknown,Diesel,2010,ICE,Not Applicable,≥4,Statewide,22
17622,2021,T7,8,Diesel,1985,ICE,Not Applicable,2,Statewide,22
17623,2021,MC,Not Applicable,Electric,2022,BEV,Unknown,2,Statewide,22
17624,2021,B,Not Applicable,Gasoline,1991,ICE,Not Applicable,≥4,Statewide,20
17625,2021,B,Not Applicable,Gasoline,1978,ICE,Not Applicable,≥4,Statewide,20
17626,2021,T3,Unknown,Electric,2007,BEV,Unknown,2,Statewide,22
17627,2021,B,Not Applicable,Gasoline,1984,ICE,Not Applicable,≥4,Statewide,22
17628,2021,BS,Not Applicable,Gasoline,2017,ICE,Not Applicable,1,Statewide,22
17629,2021,T3,Unknown,Gasoline,1989,ICE,Not Applicable,2,Statewide,22
17630,2021,T5,3,Gasoline,1977,ICE,Not Applicable,1,Statewide,22
17631,2021,T5,3,Gasoline,1989,ICE,Not Applicable,2,Statewide,22
17632,2021,B,Not Applicable,Gasoline,2019,ICE,Not Applicable,3,Statewide,20
17633,2021,BS,Not Applicable,Diesel,2023,ICE,Not Applicable,1,Statewide,22
17634,2021,BS,Not Applicable,Diesel,2008,ICE,Not Applicable,2,Statewide,22
17635,2021,BS,Not Applicable,Diesel,2007,ICE,Not Applicable,2,Statewide,22
17636,2021,T3,2,Natural Gas,2000,ICE,Not Applicable,≥4,Statewide,20
17637,2021,P,Not Applicable,Natural Gas,2020,ICE,Not Applicable,1,Statewide,20
17638,2021,P,Not Applicable,Natural Gas,2020,ICE,Not Applicable,2,Statewide,20
17639,2021,BT,Not Applicable,Natural Gas,2003,ICE,Not Applicable,≥4,Statewide,20
17640,2021,T6,6,Gasoline,2019,ICE,Not Applicable,2,Statewide,20
17641,2021,T6,5,Gasoline,2016,ICE,Not Applicable,3,Statewide,20
17642,2021,T6,5,Gasoline,2012,ICE,Not Applicable,2,Statewide,20
17643,2021,T6,6,Gasoline,2011,ICE,Not Applicable,3,Statewide,20
17644,2021,T6,6,Gasoline,2006,ICE,Not Applicable,1,Statewide,20
17645,2021,T6,6,Gasoline,1990,ICE,Not Applicable,1,Statewide,20
17646,2021,T6,6,Gasoline,1990,ICE,Not Applicable,3,Statewide,20
17647,2021,T5,3,Gasoline,1977,ICE,Not Applicable,3,Statewide,20
17648,2021,T4,Unknown,Gasoline,2014,ICE,Not Applicable,2,Statewide,20
17649,2021,T3,Unknown,Gasoline,1987,ICE,Not Applicable,≥4,Statewide,20
17650,2021,T3,Unknown,Gasoline,1982,ICE,Not Applicable,1,Statewide,20
17651,2021,T2,Unknown,Gasoline,1996,ICE,Not Applicable,3,Statewide,20
17652,2021,T2,Unknown,Gasoline,1992,ICE,Not Applicable,2,Statewide,20
17653,2021,T1,Unknown,Gasoline,2006,ICE,Not Applicable,2,Statewide,20
17654,2021,T1,Unknown,Gasoline,1998,ICE,Not Applicable,≥4,Statewide,20
17655,2021,B,Not Applicable,Diesel,1980,ICE,Not Applicable,≥4,Statewide,22
17656,2021,B,Not Applicable,Diesel,1987,ICE,Not Applicable,≥4,Statewide,22
17657,2021,B,Not Applicable,Diesel,1996,ICE,Not Applicable,2,Statewide,22
17658,2021,P,Not Applicable,Gasoline,2023,PHEV,51 to 100 miles,≥4,Statewide,20
17659,2021,BT,Not Applicable,Gasoline,1996,ICE,Not Applicable,≥4,Statewide,20
17660,2021,B,Not Applicable,Diesel,2017,ICE,Not Applicable,1,Statewide,22
17661,2021,B,Not Applicable,Diesel,2018,ICE,Not Applicable,2,Statewide,22
17662,2021,BS,Not Applicable,Diesel,1982,ICE,Not Applicable,≥4,Statewide,22
17663,2021,BS,Not Applicable,Diesel,2009,ICE,Not Applicable,2,Statewide,21
17664,2021,BS,Not Applicable,Diesel,2014,ICE,Not Applicable,2,Statewide,21
17665,2021,MH,Not Applicable,Diesel,1991,ICE,Not Applicable,3,Statewide,21
17666,2021,MC,Not Applicable,Electric,2013,BEV,Unknown,3,Statewide,7
17667,2021,T6,7,Gasoline,1999,ICE,Not Applicable,≥4,Statewide,21
17668,2021,T6,5,Gasoline,1998,ICE,Not Applicable,≥4,Statewide,21
17669,2021,T6,5,Gasoline,2000,ICE,Not Applicable,2,Statewide,7
17670,2021,T6,6,Gasoline,1998,ICE,Not Applicable,3,Statewide,7
17671,2021,T6,6,Gasoline,1994,ICE,Not Applicable,2,Statewide,7
17672,2021,T6,6,Gasoline,1993,ICE,Not Applicable,2,Statewide,7
17673,2021,T6,4,Gasoline,1991,ICE,Not Applicable,≥4,Statewide,7
17674,2021,T6,4,Gasoline,1990,ICE,Not Applicable,≥4,Statewide,7
17675,2021,T6,Unknown,Gasoline,1989,ICE,Not Applicable,≥4,Statewide,7
17676,2021,T6,6,Gasoline,1995,ICE,Not Applicable,1,Statewide,21
17677,2021,T6,Unknown,Gasoline,1986,ICE,Not Applicable,1,Statewide,7
17678,2021,T6,6,Gasoline,1992,ICE,Not Applicable,1,Statewide,21
17679,2021,T6,5,Gasoline,2004,ICE,Not Applicable,1,Statewide,21
17680,2021,T6,6,Gasoline,1989,ICE,Not Applicable,1,Statewide,21
17681,2021,T6,6,Gasoline,1986,ICE,Not Applicable,3,Statewide,7
17682,2021,T6,Unknown,Gasoline,1981,ICE,Not Applicable,≥4,Statewide,7
17683,2021,T6,5,Gasoline,1980,ICE,Not Applicable,1,Statewide,7
17684,2021,T6,Unknown,Gasoline,1978,ICE,Not Applicable,2,Statewide,7
17685,2021,T6,5,Gasoline,1978,ICE,Not Applicable,3,Statewide,7
17686,2021,T5,3,Gasoline,1985,ICE,Not Applicable,≥4,Statewide,7
17687,2021,T6,6,Gasoline,1982,ICE,Not Applicable,2,Statewide,21
17688,2021,T6,5,Gasoline,1980,ICE,Not Applicable,≥4,Statewide,21
17689,2021,T5,3,Gasoline,1982,ICE,Not Applicable,≥4,Statewide,21
17690,2021,T4,Unknown,Gasoline,2002,ICE,Not Applicable,≥4,Statewide,21
17691,2021,T5,3,Gasoline,1984,ICE,Not Applicable,3,Statewide,7
17692,2021,T4,Unknown,Gasoline,1980,ICE,Not Applicable,≥4,Statewide,21
17693,2021,T6,5,Gasoline,1986,ICE,Not Applicable,3,Statewide,7
17694,2021,T6,7,Gasoline,2005,ICE,Not Applicable,1,Statewide,7
17695,2021,T6,7,Gasoline,2007,ICE,Not Applicable,1,Statewide,7
17696,2021,T6,6,Gasoline,2009,ICE,Not Applicable,3,Statewide,7
17697,2021,BS,Not Applicable,Natural Gas,2008,ICE,Not Applicable,2,Statewide,7
17698,2021,P,Not Applicable,Natural Gas,2001,ICE,Not Applicable,1,Statewide,7
17699,2021,T1,Unknown,Natural Gas,2014,ICE,Not Applicable,≥4,Statewide,7
17700,2021,T2,1,Natural Gas,1999,ICE,Not Applicable,≥4,Statewide,7
17701,2021,BS,Not Applicable,Natural Gas,2005,ICE,Not Applicable,1,Statewide,7
17702,2021,BS,Not Applicable,Natural Gas,2004,ICE,Not Applicable,1,Statewide,7
17703,2021,B,Not Applicable,Natural Gas,2021,ICE,Not Applicable,1,Statewide,7
17704,2021,B,Not Applicable,Natural Gas,2017,ICE,Not Applicable,1,Statewide,7
17705,2021,B,Not Applicable,Natural Gas,2000,ICE,Not Applicable,≥4,Statewide,7
17706,2021,T1,1,Hydrogen,2021,FCEV,>150 miles,1,Statewide,7
17707,2021,T7,8,Gasoline,1984,ICE,Not Applicable,1,Statewide,7
17708,2021,T7,8,Gasoline,1978,ICE,Not Applicable,2,Statewide,7
17709,2021,T3,2,Natural Gas,1999,ICE,Not Applicable,1,Statewide,7
17710,2021,T3,2,Natural Gas,2020,ICE,Not Applicable,1,Statewide,7
17711,2021,T3,2,Natural Gas,2021,ICE,Not Applicable,≥4,Statewide,7
17712,2021,T4,2,Natural Gas,2016,ICE,Not Applicable,≥4,Statewide,7
17713,2021,T6,6,Natural Gas,2008,ICE,Not Applicable,≥4,Statewide,7
17714,2021,T6,Unknown,Gasoline,2020,ICE,Not Applicable,3,Statewide,7
17715,2021,T6,6,Gasoline,2016,ICE,Not Applicable,1,Statewide,7
17716,2021,T7,8,Natural Gas,2017,ICE,Not Applicable,1,Statewide,21
17717,2021,T4,2,Natural Gas,2003,ICE,Not Applicable,≥4,Statewide,21
17718,2021,P,Not Applicable,Natural Gas,2003,ICE,Not Applicable,1,Statewide,21
17719,2021,P,Not Applicable,Natural Gas,1977,ICE,Not Applicable,3,Statewide,21
17720,2021,T7,8,Gasoline,1986,ICE,Not Applicable,≥4,Statewide,21
17721,2021,T6,5,Gasoline,2015,ICE,Not Applicable,2,Statewide,7
17722,2021,T6,7,Gasoline,2014,ICE,Not Applicable,1,Statewide,7
17723,2021,T6,7,Gasoline,2013,ICE,Not Applicable,2,Statewide,7
17724,2021,T5,3,Gasoline,1981,ICE,Not Applicable,≥4,Statewide,7
17725,2021,T6,6,Gasoline,1985,ICE,Not Applicable,1,Statewide,22
17726,2021,T4,Unknown,Gasoline,2007,ICE,Not Applicable,1,Statewide,7
17727,2021,T4,Unknown,Gasoline,1998,ICE,Not Applicable,≥4,Statewide,7
17728,2021,BS,Not Applicable,Gasoline,2015,ICE,Not Applicable,1,Statewide,7
17729,2021,BS,Not Applicable,Gasoline,2012,ICE,Not Applicable,1,Statewide,7
17730,2021,BS,Not Applicable,Gasoline,2009,ICE,Not Applicable,3,Statewide,7
17731,2021,BS,Not Applicable,Gasoline,1991,ICE,Not Applicable,1,Statewide,7
17732,2021,T6,7,Diesel,1979,ICE,Not Applicable,1,Statewide,21
17733,2021,T4,Unknown,Diesel,1999,ICE,Not Applicable,≥4,Statewide,21
17734,2021,B,Not Applicable,Gasoline,1990,ICE,Not Applicable,1,Statewide,7
17735,2021,T3,2,Diesel,2004,ICE,Not Applicable,2,Statewide,21
17736,2021,B,Not Applicable,Gasoline,1984,ICE,Not Applicable,2,Statewide,7
17737,2021,B,Not Applicable,Gasoline,1984,ICE,Not Applicable,3,Statewide,7
17738,2021,B,Not Applicable,Gasoline,1982,ICE,Not Applicable,3,Statewide,7
17739,2021,B,Not Applicable,Gasoline,1980,ICE,Not Applicable,3,Statewide,7
17740,2021,BS,Not Applicable,Gasoline,2020,ICE,Not Applicable,3,Statewide,7
17741,2021,B,Not Applicable,Gasoline,1979,ICE,Not Applicable,1,Statewide,7
17742,2021,T2,1,Diesel,2015,ICE,Not Applicable,1,Statewide,21
17743,2021,P,Not Applicable,Diesel,1998,ICE,Not Applicable,1,Statewide,21
17744,2021,T3,Unknown,Electric,2000,BEV,Unknown,≥4,Statewide,7
17745,2021,T2,Unknown,Electric,2019,BEV,Unknown,≥4,Statewide,7
17746,2021,P,Not Applicable,Diesel,1979,ICE,Not Applicable,≥4,Statewide,21
17747,2021,T2,1,Electric,2017,BEV,101 to 150 miles,2,Statewide,7
17748,2021,T1,Unknown,Electric,2012,BEV,Unknown,≥4,Statewide,7
17749,2021,T1,1,Electric,2005,BEV,Unknown,3,Statewide,7
17750,2021,T1,Unknown,Electric,1980,BEV,Unknown,≥4,Statewide,7
17751,2021,T1,Unknown,Electric,1977,BEV,Unknown,≥4,Statewide,7
17752,2021,P,Not Applicable,Electric,2009,BEV,Unknown,1,Statewide,7
17753,2021,MC,Not Applicable,Electric,2016,BEV,Unknown,2,Statewide,7
17754,2021,T2,Unknown,Diesel,2023,ICE,Not Applicable,≥4,Statewide,21
17755,2021,BS,Not Applicable,Gasoline,2022,ICE,Not Applicable,1,Statewide,7
17756,2021,BT,Not Applicable,Gasoline,1977,ICE,Not Applicable,2,Statewide,7
17757,2021,BT,Not Applicable,Gasoline,1978,ICE,Not Applicable,≥4,Statewide,7
17758,2021,T4,Unknown,Gasoline,1993,ICE,Not Applicable,≥4,Statewide,7
17759,2021,T3,Unknown,Gasoline,1986,ICE,Not Applicable,2,Statewide,7
17760,2021,T4,Unknown,Gasoline,1978,ICE,Not Applicable,≥4,Statewide,21
17761,2021,T3,Unknown,Gasoline,1985,ICE,Not Applicable,3,Statewide,7
17762,2021,T2,Unknown,Gasoline,1996,ICE,Not Applicable,1,Statewide,21
17763,2021,T2,Unknown,Gasoline,1987,ICE,Not Applicable,1,Statewide,7
17764,2021,T2,Unknown,Gasoline,1987,ICE,Not Applicable,2,Statewide,7
17765,2021,T2,Unknown,Gasoline,1987,ICE,Not Applicable,3,Statewide,7
17766,2021,T1,1,Gasoline,2022,PHEV,0 to 50 miles,1,Statewide,7
17767,2021,T1,1,Gasoline,2022,PHEV,0 to 50 miles,3,Statewide,7
17768,2021,T1,Unknown,Gasoline,1999,ICE,Not Applicable,2,Statewide,7
17769,2021,T1,Unknown,Gasoline,1998,ICE,Not Applicable,3,Statewide,7
17770,2021,T1,Unknown,Gasoline,1992,ICE,Not Applicable,2,Statewide,7
17771,2021,T1,Unknown,Gasoline,2003,ICE,Not Applicable,1,Statewide,21
17772,2021,BT,Not Applicable,Gasoline,2016,ICE,Not Applicable,1,Statewide,21
17773,2021,T1,Unknown,Gasoline,1991,ICE,Not Applicable,2,Statewide,7
17774,2021,T1,Unknown,Gasoline,1989,ICE,Not Applicable,2,Statewide,7
17775,2021,T1,Unknown,Gasoline,1988,ICE,Not Applicable,1,Statewide,7
17776,2021,P,Not Applicable,Gasoline,2023,PHEV,51 to 100 miles,3,Statewide,7
17777,2021,BT,Not Applicable,Gasoline,2005,ICE,Not Applicable,1,Statewide,7
17778,2021,BT,Not Applicable,Gasoline,1992,ICE,Not Applicable,≥4,Statewide,7
17779,2021,BT,Not Applicable,Gasoline,1984,ICE,Not Applicable,≥4,Statewide,7
17780,2021,BT,Not Applicable,Gasoline,1977,ICE,Not Applicable,1,Statewide,21
17781,2021,P,Not Applicable,Electric,2018,BEV,Unknown,3,Statewide,21
17782,2021,T7,8,Diesel,1987,ICE,Not Applicable,2,Statewide,21
17783,2021,T6,6,Diesel,1993,ICE,Not Applicable,2,Statewide,21
17784,2021,T6,6,Diesel,1993,ICE,Not Applicable,3,Statewide,21
17785,2021,T4,Unknown,Gasoline,2000,ICE,Not Applicable,1,Statewide,7
17786,2021,T6,Unknown,Gasoline,1985,ICE,Not Applicable,≥4,Statewide,22
17787,2021,T6,5,Gasoline,1996,ICE,Not Applicable,≥4,Statewide,22
17788,2021,T6,5,Gasoline,2012,ICE,Not Applicable,1,Statewide,22
17789,2021,T6,5,Gasoline,2017,ICE,Not Applicable,3,Statewide,23
17790,2021,T6,6,Gasoline,2022,ICE,Not Applicable,3,Statewide,23
17791,2021,B,Not Applicable,Natural Gas,2005,ICE,Not Applicable,≥4,Statewide,23
17792,2021,B,Not Applicable,Natural Gas,2012,ICE,Not Applicable,≥4,Statewide,23
17793,2021,T6,7,Natural Gas,2010,ICE,Not Applicable,≥4,Statewide,23
17794,2021,T6,7,Natural Gas,2018,ICE,Not Applicable,≥4,Statewide,23
17795,2021,T7,8,Natural Gas,2016,ICE,Not Applicable,3,Statewide,23
17796,2021,T6,6,Gasoline,2002,ICE,Not Applicable,3,Statewide,19
17797,2021,T6,5,Gasoline,1982,ICE,Not Applicable,≥4,Statewide,19
17798,2021,T6,6,Gasoline,1982,ICE,Not Applicable,3,Statewide,19
17799,2021,T5,3,Gasoline,1989,ICE,Not Applicable,3,Statewide,19
17800,2021,T4,2,Gasoline,2021,PHEV,0 to 50 miles,3,Statewide,19
17801,2021,T6,6,Gasoline,2004,ICE,Not Applicable,1,Statewide,23
17802,2021,T4,Unknown,Gasoline,2018,ICE,Not Applicable,3,Statewide,19
17803,2021,T3,Unknown,Gasoline,1983,ICE,Not Applicable,1,Statewide,19
17804,2021,T2,Unknown,Gasoline,1996,ICE,Not Applicable,2,Statewide,19
17805,2021,T2,Unknown,Gasoline,1993,ICE,Not Applicable,2,Statewide,19
17806,2021,T2,Unknown,Gasoline,1991,ICE,Not Applicable,2,Statewide,19
17807,2021,T1,Unknown,Gasoline,2010,ICE,Not Applicable,1,Statewide,19
17808,2021,MH,Not Applicable,Gasoline,2023,ICE,Not Applicable,3,Statewide,19
17809,2021,BT,Not Applicable,Gasoline,1990,ICE,Not Applicable,≥4,Statewide,19
17810,2021,BS,Not Applicable,Gasoline,2021,ICE,Not Applicable,2,Statewide,19
17811,2021,BS,Not Applicable,Gasoline,1981,ICE,Not Applicable,≥4,Statewide,19
17812,2021,B,Not Applicable,Gasoline,2022,ICE,Not Applicable,3,Statewide,19
17813,2021,B,Not Applicable,Gasoline,1999,ICE,Not Applicable,1,Statewide,19
17814,2021,B,Not Applicable,Gasoline,1995,ICE,Not Applicable,1,Statewide,19
17815,2021,T4,Unknown,Gasoline,2007,ICE,Not Applicable,≥4,Statewide,19
17816,2021,T6,4,Gasoline,1992,ICE,Not Applicable,≥4,Statewide,23
17817,2021,T6,5,Gasoline,1989,ICE,Not Applicable,≥4,Statewide,23
17818,2021,T6,7,Gasoline,1981,ICE,Not Applicable,1,Statewide,23
17819,2021,T6,Unknown,Diesel,2008,ICE,Not Applicable,≥4,Statewide,23
17820,2021,MC,Not Applicable,Electric,2022,BEV,Unknown,3,Statewide,23
17821,2021,B,Not Applicable,Gasoline,1985,ICE,Not Applicable,≥4,Statewide,23
17822,2021,T3,2,Gasoline,2004,ICE,Not Applicable,1,Statewide,23175
17823,2021,T3,2,Gasoline,2015,ICE,Not Applicable,2,Statewide,23259
17824,2021,T3,2,Gasoline,2017,ICE,Not Applicable,3,Statewide,23383
17825,2021,MC,Not Applicable,Gasoline,2011,ICE,Not Applicable,≥4,Statewide,23476
17826,2021,T1,1,Gasoline,2020,ICE,Not Applicable,3,Statewide,23569
17827,2021,B,Not Applicable,Gasoline,1992,ICE,Not Applicable,≥4,Statewide,23
17828,2021,B,Not Applicable,Gasoline,2002,ICE,Not Applicable,3,Statewide,23
17829,2021,B,Not Applicable,Gasoline,2022,ICE,Not Applicable,2,Statewide,23
17830,2021,BT,Not Applicable,Gasoline,1998,ICE,Not Applicable,≥4,Statewide,23
17831,2021,T1,Unknown,Gasoline,2007,ICE,Not Applicable,2,Statewide,23
17832,2021,T2,Unknown,Gasoline,1987,ICE,Not Applicable,≥4,Statewide,23
17833,2021,T2,Unknown,Gasoline,1989,ICE,Not Applicable,1,Statewide,23
17834,2021,T2,Unknown,Gasoline,1992,ICE,Not Applicable,3,Statewide,23
17835,2021,T3,Unknown,Gasoline,1984,ICE,Not Applicable,3,Statewide,23
17836,2021,T4,Unknown,Gasoline,1985,ICE,Not Applicable,≥4,Statewide,23
17837,2021,T3,2,Gasoline,2004,ICE,Not Applicable,3,Statewide,23732
17838,2021,T1,1,Gasoline,2003,ICE,Not Applicable,≥4,Statewide,23742
17839,2021,T3,2,Gasoline,2002,ICE,Not Applicable,≥4,Statewide,23799
17840,2021,T6,4,Natural Gas,2017,ICE,Not Applicable,≥4,Statewide,19
17841,2021,T3,2,Natural Gas,2005,ICE,Not Applicable,3,Statewide,19
17842,2021,BS,Not Applicable,Natural Gas,2008,ICE,Not Applicable,1,Statewide,19
17843,2021,T6,6,Gasoline,1979,ICE,Not Applicable,3,Statewide,23
17844,2021,T6,5,Gasoline,2018,ICE,Not Applicable,2,Statewide,19
17845,2021,T6,5,Gasoline,2009,ICE,Not Applicable,3,Statewide,19
17846,2021,T4,Unknown,Electric,1990,BEV,Unknown,≥4,Statewide,19
17847,2021,T6,5,Diesel,2002,ICE,Not Applicable,1,Statewide,23
17848,2021,P,Not Applicable,Electric,2008,BEV,Unknown,3,Statewide,19
17849,2021,T6,7,Diesel,1986,ICE,Not Applicable,3,Statewide,19
17850,2021,P,Not Applicable,Electric,2022,BEV,>150 miles,3,Statewide,4234
17851,2021,T2,1,Gasoline,1993,ICE,Not Applicable,≥4,Statewide,4690
17852,2021,T4,2,Diesel,2021,ICE,Not Applicable,3,Statewide,4737
17853,2021,T4,2,Diesel,2009,ICE,Not Applicable,1,Statewide,4740
17854,2021,P,Not Applicable,Gasoline,1993,ICE,Not Applicable,3,Statewide,4747
17855,2021,T2,Unknown,Gasoline,2016,ICE,Not Applicable,2,Statewide,4759
17856,2021,T2,1,Gasoline,2014,ICE,Not Applicable,1,Statewide,24335
17857,2021,T3,2,Gasoline,1995,ICE,Not Applicable,≥4,Statewide,4790
17858,2021,P,Not Applicable,Electric,2020,BEV,51 to 100 miles,3,Statewide,4797
17859,2021,P,Not Applicable,Gasoline,1997,ICE,Not Applicable,≥4,Statewide,24417
17860,2021,T3,2,Gasoline,2018,ICE,Not Applicable,3,Statewide,24676
17861,2021,P,Not Applicable,Gasoline,2000,ICE,Not Applicable,3,Statewide,24809
17862,2021,MC,Not Applicable,Gasoline,2013,ICE,Not Applicable,1,Statewide,4686
17863,2021,T2,1,Gasoline,1999,ICE,Not Applicable,1,Statewide,7891
17864,2021,MC,Not Applicable,Gasoline,2012,ICE,Not Applicable,2,Statewide,7874
17865,2021,P,Not Applicable,Gasoline,1994,ICE,Not Applicable,1,Statewide,7796
17866,2021,T1,1,Gasoline,1991,ICE,Not Applicable,≥4,Statewide,7795
17867,2021,T4,2,Gasoline,2011,ICE,Not Applicable,3,Statewide,7763
17868,2021,B,Not Applicable,Diesel,2012,ICE,Not Applicable,2,Statewide,24
17869,2021,B,Not Applicable,Diesel,2021,ICE,Not Applicable,2,Statewide,24
17870,2021,BS,Not Applicable,Diesel,2003,ICE,Not Applicable,3,Statewide,24
17871,2021,BS,Not Applicable,Diesel,2012,ICE,Not Applicable,2,Statewide,24
17872,2021,BS,Not Applicable,Diesel,2014,ICE,Not Applicable,3,Statewide,24
17873,2021,BT,Not Applicable,Diesel,1995,ICE,Not Applicable,1,Statewide,24
17874,2021,BT,Not Applicable,Diesel,1998,ICE,Not Applicable,1,Statewide,24
17875,2021,MH,Not Applicable,Diesel,1989,ICE,Not Applicable,3,Statewide,24
17876,2021,T2,1,Gasoline,1995,ICE,Not Applicable,≥4,Statewide,7875
17877,2021,T2,1,Gasoline,1997,ICE,Not Applicable,3,Statewide,4236
17878,2021,T4,2,Gasoline,2006,ICE,Not Applicable,1,Statewide,4683
17879,2021,T3,2,Gasoline,2000,ICE,Not Applicable,3,Statewide,8097
17880,2021,T4,Unknown,Diesel,2011,ICE,Not Applicable,3,Statewide,19
17881,2021,T3,2,Diesel,1996,ICE,Not Applicable,≥4,Statewide,19
17882,2021,T2,1,Diesel,2023,ICE,Not Applicable,2,Statewide,19
17883,2021,T2,1,Diesel,2014,ICE,Not Applicable,1,Statewide,19
17884,2021,T2,1,Diesel,1984,ICE,Not Applicable,2,Statewide,19
17885,2021,P,Not Applicable,Diesel,1999,ICE,Not Applicable,1,Statewide,19
17886,2021,P,Not Applicable,Diesel,1995,ICE,Not Applicable,2,Statewide,19
17887,2021,MH,Not Applicable,Diesel,2023,ICE,Not Applicable,1,Statewide,19
17888,2021,MH,Not Applicable,Diesel,1984,ICE,Not Applicable,≥4,Statewide,19
17889,2021,BS,Not Applicable,Diesel,1999,ICE,Not Applicable,1,Statewide,19
17890,2021,BS,Not Applicable,Diesel,1997,ICE,Not Applicable,1,Statewide,19
17891,2021,B,Not Applicable,Diesel,2000,ICE,Not Applicable,2,Statewide,19
17892,2021,MC,Not Applicable,Gasoline,2020,ICE,Not Applicable,3,Statewide,7956
17893,2021,T3,Unknown,Gasoline,2007,ICE,Not Applicable,1,Statewide,7976
17894,2021,T2,1,Gasoline,1999,ICE,Not Applicable,2,Statewide,7993
17895,2021,T3,2,Gasoline,1998,ICE,Not Applicable,≥4,Statewide,8064
17896,2021,T3,Unknown,Gasoline,2012,ICE,Not Applicable,2,Statewide,8066
17897,2021,MC,Not Applicable,Gasoline,2022,ICE,Not Applicable,2,Statewide,4289
17898,2021,P,Not Applicable,Gasoline,2021,PHEV,0 to 50 miles,1,Statewide,4284
17899,2021,T1,1,Gasoline,1996,ICE,Not Applicable,1,Statewide,4283
17900,2021,T3,Unknown,Gasoline,2008,ICE,Not Applicable,3,Statewide,4277
17901,2021,T1,1,Gasoline,2015,ICE,Not Applicable,1,Statewide,8094
17902,2021,MC,Not Applicable,Gasoline,2009,ICE,Not Applicable,2,Statewide,4261
17903,2021,T5,3,Diesel,2021,ICE,Not Applicable,≥4,Statewide,4257
17904,2021,T1,1,Gasoline,1994,ICE,Not Applicable,2,Statewide,4677
17905,2021,MC,Not Applicable,Gasoline,2006,ICE,Not Applicable,3,Statewide,4680
17906,2021,T4,2,Gasoline,2005,ICE,Not Applicable,3,Statewide,4683
17907,2021,T6,4,Diesel,2023,ICE,Not Applicable,1,Statewide,19
17908,2021,MH,Not Applicable,Diesel,1994,ICE,Not Applicable,2,Statewide,24
17909,2021,T6,Unknown,Diesel,1992,ICE,Not Applicable,≥4,Statewide,23
17910,2021,T6,7,Diesel,1987,ICE,Not Applicable,3,Statewide,23
17911,2021,T2,Unknown,Diesel,1994,ICE,Not Applicable,1,Statewide,7
17912,2021,T2,Unknown,Diesel,1991,ICE,Not Applicable,1,Statewide,7
17913,2021,T2,Unknown,Diesel,1989,ICE,Not Applicable,2,Statewide,7
17914,2021,T2,Unknown,Diesel,1988,ICE,Not Applicable,3,Statewide,7
17915,2021,T2,Unknown,Diesel,1978,ICE,Not Applicable,≥4,Statewide,7
17916,2021,T3,2,Diesel,2003,ICE,Not Applicable,2,Statewide,20
17917,2021,T3,2,Diesel,1998,ICE,Not Applicable,2,Statewide,20
17918,2021,T3,2,Diesel,1997,ICE,Not Applicable,3,Statewide,20
17919,2021,T2,1,Diesel,2017,ICE,Not Applicable,≥4,Statewide,20
17920,2021,T2,Unknown,Diesel,1994,ICE,Not Applicable,≥4,Statewide,20
17921,2021,T2,Unknown,Diesel,1977,ICE,Not Applicable,2,Statewide,7
17922,2021,T1,1,Diesel,1991,ICE,Not Applicable,2,Statewide,7
17923,2021,T2,Unknown,Diesel,1996,ICE,Not Applicable,2,Statewide,7
17924,2021,P,Not Applicable,Diesel,1999,ICE,Not Applicable,2,Statewide,7
17925,2021,P,Not Applicable,Diesel,1978,ICE,Not Applicable,3,Statewide,7
17926,2021,MH,Not Applicable,Diesel,1986,ICE,Not Applicable,2,Statewide,7
17927,2021,MH,Not Applicable,Diesel,1985,ICE,Not Applicable,1,Statewide,7
17928,2021,MH,Not Applicable,Diesel,1982,ICE,Not Applicable,≥4,Statewide,7
17929,2021,MC,Not Applicable,Diesel,2018,ICE,Not Applicable,≥4,Statewide,7
17930,2021,MC,Not Applicable,Diesel,2010,ICE,Not Applicable,3,Statewide,7
17931,2021,BT,Not Applicable,Diesel,1977,ICE,Not Applicable,3,Statewide,7
17932,2021,BS,Not Applicable,Diesel,1997,ICE,Not Applicable,3,Statewide,7
17933,2021,T2,Unknown,Diesel,1991,ICE,Not Applicable,≥4,Statewide,20
17934,2021,BS,Not Applicable,Diesel,1991,ICE,Not Applicable,2,Statewide,7
17935,2021,T2,1,Diesel,1984,ICE,Not Applicable,1,Statewide,20
17936,2021,BS,Not Applicable,Diesel,1991,ICE,Not Applicable,3,Statewide,7
17937,2021,P,Not Applicable,Diesel,1979,ICE,Not Applicable,3,Statewide,7
17938,2021,T3,Unknown,Diesel,2020,ICE,Not Applicable,≥4,Statewide,20
17939,2021,T3,Unknown,Diesel,2021,ICE,Not Applicable,≥4,Statewide,20
17940,2021,T2,1,Diesel,2012,ICE,Not Applicable,3,Statewide,7
17941,2021,T2,Unknown,Electric,2015,BEV,Unknown,≥4,Statewide,20
17942,2021,P,Not Applicable,Electric,2012,BEV,Unknown,3,Statewide,20
17943,2021,P,Not Applicable,Electric,2006,BEV,Unknown,3,Statewide,20
17944,2021,T6,Unknown,Diesel,2011,ICE,Not Applicable,≥4,Statewide,20
17945,2021,T6,5,Diesel,2002,ICE,Not Applicable,2,Statewide,20
17946,2021,T6,Unknown,Diesel,1996,ICE,Not Applicable,≥4,Statewide,20
17947,2021,T6,6,Diesel,1994,ICE,Not Applicable,2,Statewide,20
17948,2021,T6,6,Diesel,1994,ICE,Not Applicable,3,Statewide,20
17949,2021,T6,4,Diesel,1993,ICE,Not Applicable,2,Statewide,20
17950,2021,T6,Unknown,Diesel,1991,ICE,Not Applicable,≥4,Statewide,20
17951,2021,T6,6,Diesel,1990,ICE,Not Applicable,1,Statewide,20
17952,2021,T6,5,Gasoline,2019,ICE,Not Applicable,2,Statewide,22
17953,2021,T6,Unknown,Gasoline,2019,ICE,Not Applicable,≥4,Statewide,22
17954,2021,P,Not Applicable,Natural Gas,2002,ICE,Not Applicable,≥4,Statewide,22
17955,2021,P,Not Applicable,Natural Gas,2003,ICE,Not Applicable,2,Statewide,22
17956,2021,T3,2,Natural Gas,1999,ICE,Not Applicable,≥4,Statewide,22
17957,2021,T3,2,Natural Gas,2003,ICE,Not Applicable,1,Statewide,22
17958,2021,T3,2,Natural Gas,2004,ICE,Not Applicable,1,Statewide,22
17959,2021,T3,2,Natural Gas,2008,ICE,Not Applicable,2,Statewide,22
17960,2021,T4,2,Natural Gas,2006,ICE,Not Applicable,1,Statewide,22
17961,2021,T4,2,Natural Gas,2017,ICE,Not Applicable,≥4,Statewide,22
17962,2021,T3,2,Diesel,1992,ICE,Not Applicable,≥4,Statewide,7
17963,2021,T3,Unknown,Diesel,1990,ICE,Not Applicable,3,Statewide,7
17964,2021,T6,6,Diesel,1981,ICE,Not Applicable,≥4,Statewide,20
17965,2021,T3,Unknown,Diesel,1987,ICE,Not Applicable,≥4,Statewide,7
17966,2021,T2,Unknown,Diesel,2014,ICE,Not Applicable,≥4,Statewide,7
17967,2021,T2,1,Diesel,2013,ICE,Not Applicable,3,Statewide,7
17968,2021,T1,Unknown,Diesel,1999,ICE,Not Applicable,≥4,Statewide,20
17969,2021,T6,5,Diesel,1990,ICE,Not Applicable,≥4,Statewide,23
17970,2021,T1,Unknown,Diesel,1987,ICE,Not Applicable,≥4,Statewide,20
17971,2021,MH,Not Applicable,Diesel,1991,ICE,Not Applicable,2,Statewide,20
17972,2021,P,Not Applicable,Electric,2022,BEV,>150 miles,≥4,Statewide,4663
17973,2021,P,Not Applicable,Gasoline,2020,PHEV,0 to 50 miles,≥4,Statewide,4305
17974,2021,T1,1,Gasoline,2013,ICE,Not Applicable,≥4,Statewide,21791
17975,2021,T1,1,Gasoline,2005,ICE,Not Applicable,≥4,Statewide,21905
17976,2021,T1,1,Gasoline,2019,ICE,Not Applicable,1,Statewide,22331
17977,2021,B,Not Applicable,Diesel,1986,ICE,Not Applicable,≥4,Statewide,23
17978,2021,B,Not Applicable,Diesel,2016,ICE,Not Applicable,1,Statewide,23
17979,2021,B,Not Applicable,Diesel,2020,ICE,Not Applicable,2,Statewide,23
17980,2021,T1,1,Gasoline,2007,ICE,Not Applicable,≥4,Statewide,22468
17981,2021,BS,Not Applicable,Diesel,1991,ICE,Not Applicable,1,Statewide,23
17982,2021,BS,Not Applicable,Diesel,1998,ICE,Not Applicable,3,Statewide,23
17983,2021,BS,Not Applicable,Diesel,2017,ICE,Not Applicable,2,Statewide,23
17984,2021,P,Not Applicable,Gasoline,2018,PHEV,0 to 50 miles,≥4,Statewide,4647
17985,2021,BT,Not Applicable,Diesel,1994,ICE,Not Applicable,1,Statewide,23
17986,2021,MH,Not Applicable,Diesel,1990,ICE,Not Applicable,3,Statewide,23
17987,2021,P,Not Applicable,Diesel,1995,ICE,Not Applicable,1,Statewide,23
17988,2021,T1,Unknown,Diesel,1995,ICE,Not Applicable,≥4,Statewide,23
17989,2021,T1,Unknown,Diesel,2005,ICE,Not Applicable,≥4,Statewide,23
17990,2021,T2,1,Gasoline,2003,ICE,Not Applicable,3,Statewide,22992
17991,2021,T1,1,Gasoline,2006,ICE,Not Applicable,≥4,Statewide,23012
17992,2021,T2,Unknown,Diesel,1992,ICE,Not Applicable,≥4,Statewide,23
17993,2021,P,Not Applicable,Gasoline,1999,ICE,Not Applicable,1,Statewide,23071
17994,2021,T3,2,Diesel,1999,ICE,Not Applicable,3,Statewide,23
17995,2021,T3,2,Diesel,1999,ICE,Not Applicable,2,Statewide,23
17996,2021,T4,Unknown,Diesel,1996,ICE,Not Applicable,≥4,Statewide,23
17997,2021,T4,Unknown,Diesel,2013,ICE,Not Applicable,2,Statewide,23
17998,2021,BT,Not Applicable,Diesel,2004,ICE,Not Applicable,1,Statewide,23
17999,2021,T2,Unknown,Gasoline,2017,ICE,Not Applicable,1,Statewide,4645
18000,2021,T4,2,Diesel,2016,ICE,Not Applicable,≥4,Statewide,4313
18001,2021,T2,1,Gasoline,1996,ICE,Not Applicable,3,Statewide,4315
18002,2021,MH,Not Applicable,Diesel,1988,ICE,Not Applicable,2,Statewide,20
18003,2021,BS,Not Applicable,Diesel,1990,ICE,Not Applicable,2,Statewide,7
18004,2021,BS,Not Applicable,Diesel,1989,ICE,Not Applicable,1,Statewide,7
18005,2021,B,Not Applicable,Diesel,2018,ICE,Not Applicable,3,Statewide,7
18006,2021,B,Not Applicable,Diesel,1997,ICE,Not Applicable,3,Statewide,7
18007,2021,B,Not Applicable,Diesel,1986,ICE,Not Applicable,1,Statewide,7
18008,2021,B,Not Applicable,Diesel,1986,ICE,Not Applicable,2,Statewide,7
18009,2021,B,Not Applicable,Diesel,1978,ICE,Not Applicable,1,Statewide,7
18010,2021,BT,Not Applicable,Diesel,1991,ICE,Not Applicable,1,Statewide,20
18011,2021,BS,Not Applicable,Diesel,2022,ICE,Not Applicable,3,Statewide,20
18012,2021,BS,Not Applicable,Diesel,2013,ICE,Not Applicable,3,Statewide,20
18013,2021,B,Not Applicable,Diesel,2021,ICE,Not Applicable,3,Statewide,20
18014,2021,B,Not Applicable,Diesel,2020,ICE,Not Applicable,3,Statewide,20
18015,2021,B,Not Applicable,Diesel,2014,ICE,Not Applicable,1,Statewide,20
18016,2021,B,Not Applicable,Diesel,2011,ICE,Not Applicable,2,Statewide,20
18017,2021,B,Not Applicable,Diesel,2010,ICE,Not Applicable,3,Statewide,20
18018,2021,B,Not Applicable,Diesel,1997,ICE,Not Applicable,1,Statewide,20
18019,2021,B,Not Applicable,Diesel,1985,ICE,Not Applicable,≥4,Statewide,20
18020,2021,T4,2,Diesel,2007,ICE,Not Applicable,3,Statewide,4350
18021,2021,T4,2,Diesel,2007,ICE,Not Applicable,2,Statewide,4344
18022,2021,T4,2,Gasoline,2007,ICE,Not Applicable,3,Statewide,4586
18023,2021,T4,2,Gasoline,2007,ICE,Not Applicable,2,Statewide,4590
18024,2021,T3,2,Gasoline,1996,ICE,Not Applicable,≥4,Statewide,4597
18025,2021,T4,2,Gasoline,2005,ICE,Not Applicable,2,Statewide,4600
18026,2021,T4,2,Gasoline,2009,ICE,Not Applicable,1,Statewide,4602
18027,2021,T6,6,Diesel,2012,ICE,Not Applicable,≥4,Statewide,4612
18028,2021,MC,Not Applicable,Gasoline,2002,ICE,Not Applicable,≥4,Statewide,4639
18029,2021,T1,Unknown,Diesel,1984,ICE,Not Applicable,≥4,Statewide,20
18030,2021,P,Not Applicable,Natural Gas,2001,ICE,Not Applicable,≥4,Statewide,13
18031,2021,T6,Unknown,Diesel,1981,ICE,Not Applicable,1,Statewide,16
18032,2021,T3,2,Diesel,1996,ICE,Not Applicable,1,Statewide,16
18033,2021,T7,8,Electric,2018,BEV,Unknown,1,Statewide,14
18034,2021,T7,8,Electric,2018,BEV,Unknown,≥4,Statewide,14
18035,2021,T3,Unknown,Electric,2007,BEV,Unknown,1,Statewide,14
18036,2021,T2,Unknown,Electric,2016,BEV,Unknown,≥4,Statewide,14
18037,2021,T1,1,Electric,2004,BEV,Unknown,1,Statewide,14
18038,2021,P,Not Applicable,Electric,2016,BEV,>150 miles,1,Statewide,14
18039,2021,P,Not Applicable,Electric,2010,BEV,Unknown,3,Statewide,14
18040,2021,P,Not Applicable,Electric,2001,BEV,Unknown,≥4,Statewide,14
18041,2021,MC,Not Applicable,Electric,2020,BEV,Unknown,1,Statewide,14
18042,2021,MC,Not Applicable,Electric,2017,BEV,Unknown,3,Statewide,14
18043,2021,MC,Not Applicable,Electric,2012,BEV,Unknown,≥4,Statewide,14
18044,2021,T6,Unknown,Diesel,2019,ICE,Not Applicable,2,Statewide,14
18045,2021,B,Not Applicable,Gasoline,1996,ICE,Not Applicable,1,Statewide,14
18046,2021,T6,4,Diesel,1992,ICE,Not Applicable,≥4,Statewide,14
18047,2021,T6,7,Diesel,1984,ICE,Not Applicable,2,Statewide,14
18048,2021,T6,6,Diesel,1981,ICE,Not Applicable,1,Statewide,14
18049,2021,T6,Unknown,Diesel,1980,ICE,Not Applicable,1,Statewide,14
18050,2021,T6,Unknown,Diesel,1978,ICE,Not Applicable,1,Statewide,14
18051,2021,T5,3,Diesel,2023,ICE,Not Applicable,2,Statewide,14
18052,2021,T5,3,Diesel,1990,ICE,Not Applicable,3,Statewide,14
18053,2021,T3,2,Diesel,2007,ICE,Not Applicable,3,Statewide,14
18054,2021,T3,2,Diesel,2004,ICE,Not Applicable,1,Statewide,14
18055,2021,T3,Unknown,Diesel,1991,ICE,Not Applicable,≥4,Statewide,14
18056,2021,T3,2,Diesel,1985,ICE,Not Applicable,1,Statewide,14
18057,2021,T2,1,Diesel,2014,ICE,Not Applicable,3,Statewide,14
18058,2021,T2,1,Diesel,2013,ICE,Not Applicable,≥4,Statewide,14
18059,2021,T6,6,Diesel,1986,ICE,Not Applicable,1,Statewide,14
18060,2021,T2,1,Diesel,1985,ICE,Not Applicable,3,Statewide,14
18061,2021,B,Not Applicable,Gasoline,1997,ICE,Not Applicable,1,Statewide,14
18062,2021,BS,Not Applicable,Gasoline,2016,ICE,Not Applicable,1,Statewide,14
18063,2021,BT,Not Applicable,Gasoline,2021,ICE,Not Applicable,3,Statewide,14
18064,2021,T1,Unknown,Diesel,2003,ICE,Not Applicable,≥4,Statewide,32
18065,2021,T2,1,Diesel,1983,ICE,Not Applicable,≥4,Statewide,32
18066,2021,T3,2,Diesel,1997,ICE,Not Applicable,≥4,Statewide,32
18067,2021,T3,2,Diesel,2006,ICE,Not Applicable,1,Statewide,32
18068,2021,T3,2,Diesel,2007,ICE,Not Applicable,2,Statewide,32
18069,2021,T4,Unknown,Diesel,1989,ICE,Not Applicable,≥4,Statewide,32
18070,2021,T4,Unknown,Diesel,2020,ICE,Not Applicable,3,Statewide,32
18071,2021,T6,7,Diesel,1993,ICE,Not Applicable,3,Statewide,32
18072,2021,T6,6,Diesel,1997,ICE,Not Applicable,2,Statewide,32
18073,2021,T6,6,Diesel,2023,ICE,Not Applicable,3,Statewide,32
18074,2021,P,Not Applicable,Electric,2013,BEV,Unknown,3,Statewide,32
18075,2021,BS,Not Applicable,Gasoline,1978,ICE,Not Applicable,1,Statewide,14
18076,2021,T2,1,Electric,2004,BEV,Unknown,≥4,Statewide,32
18077,2021,B,Not Applicable,Gasoline,1993,ICE,Not Applicable,≥4,Statewide,32
18078,2021,BT,Not Applicable,Gasoline,1995,ICE,Not Applicable,≥4,Statewide,32
18079,2021,BT,Not Applicable,Gasoline,2001,ICE,Not Applicable,≥4,Statewide,32
18080,2021,T1,Unknown,Gasoline,2003,ICE,Not Applicable,≥4,Statewide,32
18081,2021,T3,Unknown,Gasoline,1998,ICE,Not Applicable,3,Statewide,32
18082,2021,T4,2,Gasoline,2021,PHEV,0 to 50 miles,1,Statewide,32
18083,2021,T6,6,Gasoline,1980,ICE,Not Applicable,2,Statewide,32
18084,2021,T6,7,Gasoline,1983,ICE,Not Applicable,≥4,Statewide,32
18085,2021,T6,7,Gasoline,1998,ICE,Not Applicable,≥4,Statewide,32
18086,2021,T6,5,Gasoline,2005,ICE,Not Applicable,1,Statewide,32
18087,2021,T6,4,Gasoline,2018,ICE,Not Applicable,2,Statewide,32
18088,2021,T3,2,Natural Gas,2007,ICE,Not Applicable,1,Statewide,32
18089,2021,T4,Unknown,Electric,2017,BEV,Unknown,≥4,Statewide,32
18090,2021,T2,1,Gasoline,2023,ICE,Not Applicable,2,Statewide,3720
18091,2021,T2,1,Diesel,1980,ICE,Not Applicable,1,Statewide,14
18092,2021,T1,Unknown,Diesel,2000,ICE,Not Applicable,≥4,Statewide,14
18093,2021,T7,8,Diesel,1991,ICE,Not Applicable,3,Statewide,33
18094,2021,MC,Not Applicable,Electric,2021,BEV,Unknown,3,Statewide,33
18095,2021,P,Not Applicable,Electric,2017,BEV,Unknown,2,Statewide,33
18096,2021,BS,Not Applicable,Gasoline,1984,ICE,Not Applicable,≥4,Statewide,33
18097,2021,BS,Not Applicable,Gasoline,1996,ICE,Not Applicable,≥4,Statewide,33
18098,2021,BT,Not Applicable,Gasoline,1999,ICE,Not Applicable,≥4,Statewide,33
18099,2021,T4,Unknown,Gasoline,2016,ICE,Not Applicable,1,Statewide,33
18100,2021,T4,Unknown,Gasoline,2018,ICE,Not Applicable,2,Statewide,33
18101,2021,T5,3,Gasoline,1990,ICE,Not Applicable,2,Statewide,33
18102,2021,T6,4,Gasoline,1977,ICE,Not Applicable,2,Statewide,33
18103,2021,T6,6,Gasoline,2005,ICE,Not Applicable,2,Statewide,33
18104,2021,B,Not Applicable,Natural Gas,2022,ICE,Not Applicable,≥4,Statewide,33
18105,2021,T6,4,Diesel,2016,ICE,Not Applicable,3,Statewide,33
18106,2021,T6,4,Natural Gas,2020,ICE,Not Applicable,≥4,Statewide,33
18107,2021,MC,Not Applicable,Gasoline,2011,ICE,Not Applicable,3,Statewide,8836
18108,2021,T2,1,Gasoline,1997,ICE,Not Applicable,≥4,Statewide,8882
18109,2021,MC,Not Applicable,Gasoline,2009,ICE,Not Applicable,1,Statewide,3663
18110,2021,T3,2,Gasoline,1998,ICE,Not Applicable,3,Statewide,3654
18111,2021,T6,6,Diesel,2020,ICE,Not Applicable,≥4,Statewide,3649
18112,2021,T1,1,Gasoline,1977,ICE,Not Applicable,≥4,Statewide,8958
18113,2021,BS,Not Applicable,Diesel,2013,ICE,Not Applicable,1,Statewide,34
18114,2021,BS,Not Applicable,Diesel,2020,ICE,Not Applicable,3,Statewide,34
18115,2021,MH,Not Applicable,Diesel,1990,ICE,Not Applicable,≥4,Statewide,34
18116,2021,T1,Unknown,Diesel,2008,ICE,Not Applicable,≥4,Statewide,34
18117,2021,T1,Unknown,Diesel,2012,ICE,Not Applicable,≥4,Statewide,34
18118,2021,T2,1,Diesel,1980,ICE,Not Applicable,≥4,Statewide,34
18119,2021,T3,Unknown,Gasoline,2007,ICE,Not Applicable,2,Statewide,8802
18120,2021,T6,4,Diesel,1998,ICE,Not Applicable,3,Statewide,33
18121,2021,T6,7,Diesel,1998,ICE,Not Applicable,3,Statewide,33
18122,2021,T6,7,Diesel,1990,ICE,Not Applicable,2,Statewide,33
18123,2021,T1,Unknown,Diesel,1988,ICE,Not Applicable,≥4,Statewide,14
18124,2021,T1,Unknown,Diesel,1983,ICE,Not Applicable,≥4,Statewide,14
18125,2021,MH,Not Applicable,Diesel,1993,ICE,Not Applicable,3,Statewide,14
18126,2021,MH,Not Applicable,Diesel,1989,ICE,Not Applicable,2,Statewide,14
18127,2021,T2,1,Gasoline,1995,ICE,Not Applicable,3,Statewide,3716
18128,2021,T4,2,Gasoline,2004,ICE,Not Applicable,3,Statewide,3713
18129,2021,MC,Not Applicable,Gasoline,2000,ICE,Not Applicable,≥4,Statewide,3713
18130,2021,BT,Not Applicable,Diesel,1981,ICE,Not Applicable,1,Statewide,14
18131,2021,BS,Not Applicable,Diesel,2016,ICE,Not Applicable,2,Statewide,14
18132,2021,BS,Not Applicable,Diesel,2010,ICE,Not Applicable,2,Statewide,14
18133,2021,BS,Not Applicable,Diesel,1992,ICE,Not Applicable,2,Statewide,14
18134,2021,T4,2,Gasoline,1999,ICE,Not Applicable,≥4,Statewide,3684
18135,2021,P,Not Applicable,Gasoline,1991,ICE,Not Applicable,1,Statewide,3681
18136,2021,B,Not Applicable,Diesel,2019,ICE,Not Applicable,3,Statewide,14
18137,2021,B,Not Applicable,Diesel,2010,ICE,Not Applicable,2,Statewide,14
18138,2021,B,Not Applicable,Diesel,2001,ICE,Not Applicable,3,Statewide,14
18139,2021,B,Not Applicable,Diesel,1999,ICE,Not Applicable,2,Statewide,14
18140,2021,B,Not Applicable,Diesel,1977,ICE,Not Applicable,2,Statewide,14
18141,2021,B,Not Applicable,Diesel,2008,ICE,Not Applicable,2,Statewide,33
18142,2021,BS,Not Applicable,Diesel,1979,ICE,Not Applicable,≥4,Statewide,33
18143,2021,BS,Not Applicable,Diesel,2015,ICE,Not Applicable,1,Statewide,33
18144,2021,MH,Not Applicable,Diesel,1987,ICE,Not Applicable,≥4,Statewide,33
18145,2021,T2,1,Diesel,1988,ICE,Not Applicable,≥4,Statewide,33
18146,2021,T4,Unknown,Diesel,1995,ICE,Not Applicable,≥4,Statewide,33
18147,2021,T4,Unknown,Diesel,2000,ICE,Not Applicable,≥4,Statewide,33
18148,2021,T6,7,Diesel,1979,ICE,Not Applicable,≥4,Statewide,33
18149,2021,T6,7,Diesel,1990,ICE,Not Applicable,3,Statewide,33
18150,2021,P,Not Applicable,Diesel,1980,ICE,Not Applicable,1,Statewide,32
18151,2021,P,Not Applicable,Gasoline,2023,PHEV,51 to 100 miles,1,Statewide,14
18152,2021,P,Not Applicable,Diesel,1980,ICE,Not Applicable,2,Statewide,32
18153,2021,T1,Unknown,Gasoline,1994,ICE,Not Applicable,1,Statewide,14
18154,2021,BS,Not Applicable,Diesel,1995,ICE,Not Applicable,2,Statewide,31
18155,2021,BS,Not Applicable,Diesel,2000,ICE,Not Applicable,2,Statewide,31
18156,2021,BS,Not Applicable,Diesel,2002,ICE,Not Applicable,2,Statewide,31
18157,2021,BS,Not Applicable,Diesel,2011,ICE,Not Applicable,3,Statewide,31
18158,2021,BT,Not Applicable,Diesel,1996,ICE,Not Applicable,1,Statewide,31
18159,2021,MH,Not Applicable,Diesel,1994,ICE,Not Applicable,3,Statewide,31
18160,2021,T1,1,Diesel,1986,ICE,Not Applicable,1,Statewide,31
18161,2021,T1,1,Diesel,1989,ICE,Not Applicable,3,Statewide,31
18162,2021,T1,Unknown,Diesel,2014,ICE,Not Applicable,≥4,Statewide,31
18163,2021,T2,Unknown,Diesel,2016,ICE,Not Applicable,1,Statewide,31
18164,2021,T3,2,Diesel,2000,ICE,Not Applicable,2,Statewide,31
18165,2021,T3,2,Diesel,2000,ICE,Not Applicable,1,Statewide,31
18166,2021,B,Not Applicable,Diesel,2006,ICE,Not Applicable,2,Statewide,31
18167,2021,T3,2,Diesel,2006,ICE,Not Applicable,3,Statewide,31
18168,2021,T6,4,Diesel,1996,ICE,Not Applicable,1,Statewide,31
18169,2021,T6,6,Diesel,1997,ICE,Not Applicable,3,Statewide,31
18170,2021,T6,7,Diesel,1999,ICE,Not Applicable,3,Statewide,31
18171,2021,T6,5,Diesel,2000,ICE,Not Applicable,1,Statewide,31
18172,2021,T6,7,Diesel,2023,ICE,Not Applicable,2,Statewide,31
18173,2021,T7,8,Diesel,1978,ICE,Not Applicable,1,Statewide,31
18174,2021,BS,Not Applicable,Gasoline,1994,ICE,Not Applicable,≥4,Statewide,31
18175,2021,T1,Unknown,Gasoline,1995,ICE,Not Applicable,≥4,Statewide,31
18176,2021,T1,Unknown,Gasoline,1999,ICE,Not Applicable,≥4,Statewide,31
18177,2021,T1,Unknown,Gasoline,2001,ICE,Not Applicable,≥4,Statewide,31
18178,2021,T1,Unknown,Gasoline,2005,ICE,Not Applicable,3,Statewide,31
18179,2021,T2,Unknown,Gasoline,1982,ICE,Not Applicable,2,Statewide,31
18180,2021,T4,Unknown,Diesel,2012,ICE,Not Applicable,≥4,Statewide,31
18181,2021,B,Not Applicable,Diesel,2006,ICE,Not Applicable,3,Statewide,31
18182,2021,MC,Not Applicable,Diesel,2016,ICE,Not Applicable,≥4,Statewide,6
18183,2021,MH,Not Applicable,Diesel,1979,ICE,Not Applicable,≥4,Statewide,6
18184,2021,T2,Unknown,Diesel,1995,ICE,Not Applicable,3,Statewide,6
18185,2021,T2,Unknown,Diesel,1991,ICE,Not Applicable,3,Statewide,6
18186,2021,T2,Unknown,Diesel,1990,ICE,Not Applicable,2,Statewide,6
18187,2021,T2,1,Diesel,1989,ICE,Not Applicable,3,Statewide,6
18188,2021,T2,Unknown,Diesel,1986,ICE,Not Applicable,≥4,Statewide,6
18189,2021,T2,1,Diesel,1986,ICE,Not Applicable,2,Statewide,6
18190,2021,T2,1,Diesel,1983,ICE,Not Applicable,3,Statewide,6
18191,2021,T2,1,Diesel,1981,ICE,Not Applicable,1,Statewide,6
18192,2021,T2,1,Diesel,1981,ICE,Not Applicable,2,Statewide,6
18193,2021,T2,Unknown,Diesel,1980,ICE,Not Applicable,≥4,Statewide,6
18194,2021,T1,Unknown,Diesel,2011,ICE,Not Applicable,1,Statewide,6
18195,2021,T1,1,Diesel,1991,ICE,Not Applicable,3,Statewide,6
18196,2021,T1,Unknown,Diesel,1985,ICE,Not Applicable,1,Statewide,6
18197,2021,T1,Unknown,Diesel,1983,ICE,Not Applicable,1,Statewide,6
18198,2021,T1,Unknown,Diesel,1981,ICE,Not Applicable,1,Statewide,6
18199,2021,T4,2,Diesel,2012,ICE,Not Applicable,2,Statewide,3807
18200,2021,T1,Unknown,Diesel,1979,ICE,Not Applicable,≥4,Statewide,6
18201,2021,T1,1,Diesel,1979,ICE,Not Applicable,≥4,Statewide,6
18202,2021,P,Not Applicable,Diesel,1994,ICE,Not Applicable,3,Statewide,6
18203,2021,P,Not Applicable,Gasoline,2021,PHEV,0 to 50 miles,2,Statewide,3800
18204,2021,T4,2,Diesel,2012,ICE,Not Applicable,3,Statewide,3796
18205,2021,MH,Not Applicable,Diesel,1986,ICE,Not Applicable,3,Statewide,6
18206,2021,P,Not Applicable,Gasoline,1991,ICE,Not Applicable,3,Statewide,3792
18207,2021,MH,Not Applicable,Gasoline,2009,ICE,Not Applicable,≥4,Statewide,3791
18208,2021,MH,Not Applicable,Diesel,1983,ICE,Not Applicable,3,Statewide,6
18209,2021,T2,Unknown,Gasoline,2013,ICE,Not Applicable,≥4,Statewide,3786
18210,2021,MH,Not Applicable,Diesel,1981,ICE,Not Applicable,≥4,Statewide,6
18211,2021,T2,Unknown,Gasoline,1994,ICE,Not Applicable,1,Statewide,31
18212,2021,T4,Unknown,Diesel,1997,ICE,Not Applicable,≥4,Statewide,34
18213,2021,T3,Unknown,Gasoline,1990,ICE,Not Applicable,1,Statewide,31
18214,2021,T4,Unknown,Gasoline,2021,PHEV,0 to 50 miles,3,Statewide,31
18215,2021,BT,Not Applicable,Natural Gas,1997,ICE,Not Applicable,≥4,Statewide,14
18216,2021,BS,Not Applicable,Natural Gas,2022,ICE,Not Applicable,1,Statewide,14
18217,2021,T1,1,Hydrogen,2020,FCEV,>150 miles,≥4,Statewide,14
18218,2021,T4,2,Diesel,2008,ICE,Not Applicable,1,Statewide,3767
18219,2021,T7,8,Gasoline,1992,ICE,Not Applicable,≥4,Statewide,14
18220,2021,T3,2,Gasoline,1998,ICE,Not Applicable,2,Statewide,3754
18221,2021,T6,6,Gasoline,2018,ICE,Not Applicable,2,Statewide,14
18222,2021,MH,Not Applicable,Gasoline,2011,ICE,Not Applicable,≥4,Statewide,3737
18223,2021,T4,2,Gasoline,2004,ICE,Not Applicable,2,Statewide,3732
18224,2021,T6,5,Gasoline,2015,ICE,Not Applicable,1,Statewide,14
18225,2021,T6,5,Gasoline,2014,ICE,Not Applicable,2,Statewide,14
18226,2021,T6,6,Gasoline,2010,ICE,Not Applicable,1,Statewide,14
18227,2021,T3,2,Natural Gas,1997,ICE,Not Applicable,≥4,Statewide,14
18228,2021,T6,6,Gasoline,2001,ICE,Not Applicable,3,Statewide,14
18229,2021,T6,5,Gasoline,1983,ICE,Not Applicable,≥4,Statewide,14
18230,2021,T6,7,Gasoline,1982,ICE,Not Applicable,1,Statewide,14
18231,2021,T6,5,Gasoline,1981,ICE,Not Applicable,≥4,Statewide,14
18232,2021,T5,3,Gasoline,1986,ICE,Not Applicable,3,Statewide,14
18233,2021,T4,Unknown,Gasoline,2010,ICE,Not Applicable,≥4,Statewide,14
18234,2021,T2,Unknown,Gasoline,1986,ICE,Not Applicable,2,Statewide,14
18235,2021,B,Not Applicable,Diesel,2013,ICE,Not Applicable,2,Statewide,32
18236,2021,BS,Not Applicable,Diesel,1978,ICE,Not Applicable,≥4,Statewide,32
18237,2021,BS,Not Applicable,Diesel,1996,ICE,Not Applicable,2,Statewide,32
18238,2021,BS,Not Applicable,Diesel,2003,ICE,Not Applicable,2,Statewide,32
18239,2021,MH,Not Applicable,Diesel,1996,ICE,Not Applicable,3,Statewide,32
18240,2021,T1,Unknown,Gasoline,2007,ICE,Not Applicable,3,Statewide,14
18241,2021,T6,6,Gasoline,1996,ICE,Not Applicable,2,Statewide,14
18242,2021,T4,2,Natural Gas,2001,ICE,Not Applicable,≥4,Statewide,14
18243,2021,T4,2,Natural Gas,2018,ICE,Not Applicable,≥4,Statewide,14
18244,2021,T7,8,Natural Gas,2016,ICE,Not Applicable,2,Statewide,14
18245,2021,T6,6,Gasoline,1978,ICE,Not Applicable,2,Statewide,31
18246,2021,T6,5,Gasoline,1991,ICE,Not Applicable,≥4,Statewide,31
18247,2021,T6,6,Gasoline,1997,ICE,Not Applicable,1,Statewide,31
18248,2021,T6,5,Gasoline,1999,ICE,Not Applicable,≥4,Statewide,31
18249,2021,T6,6,Gasoline,2000,ICE,Not Applicable,2,Statewide,31
18250,2021,T6,6,Gasoline,2003,ICE,Not Applicable,1,Statewide,31
18251,2021,T6,5,Gasoline,2013,ICE,Not Applicable,1,Statewide,31
18252,2021,T6,6,Gasoline,2022,ICE,Not Applicable,2,Statewide,31
18253,2021,T6,5,Gasoline,2022,ICE,Not Applicable,3,Statewide,31
18254,2021,T7,8,Gasoline,1981,ICE,Not Applicable,≥4,Statewide,31
18255,2021,BS,Not Applicable,Natural Gas,2003,ICE,Not Applicable,≥4,Statewide,31
18256,2021,T4,2,Natural Gas,2005,ICE,Not Applicable,≥4,Statewide,31
18257,2021,MC,Not Applicable,Diesel,2014,ICE,Not Applicable,≥4,Statewide,6
18258,2021,MC,Not Applicable,Diesel,2011,ICE,Not Applicable,≥4,Statewide,6
18259,2021,MC,Not Applicable,Diesel,2008,ICE,Not Applicable,≥4,Statewide,6
18260,2021,MC,Not Applicable,Diesel,1998,ICE,Not Applicable,≥4,Statewide,6
18261,2021,BT,Not Applicable,Diesel,2020,ICE,Not Applicable,2,Statewide,6
18262,2021,BT,Not Applicable,Diesel,2017,ICE,Not Applicable,3,Statewide,6
18263,2021,BT,Not Applicable,Diesel,2009,ICE,Not Applicable,1,Statewide,6
18264,2021,BT,Not Applicable,Diesel,2003,ICE,Not Applicable,1,Statewide,6
18265,2021,BT,Not Applicable,Diesel,2001,ICE,Not Applicable,1,Statewide,6
18266,2021,BT,Not Applicable,Diesel,1989,ICE,Not Applicable,2,Statewide,6
18267,2021,BT,Not Applicable,Diesel,1987,ICE,Not Applicable,1,Statewide,6
18268,2021,BT,Not Applicable,Diesel,1982,ICE,Not Applicable,≥4,Statewide,6
18269,2021,B,Not Applicable,Diesel,1991,ICE,Not Applicable,3,Statewide,6
18270,2021,B,Not Applicable,Diesel,1987,ICE,Not Applicable,3,Statewide,6
18271,2021,B,Not Applicable,Diesel,1984,ICE,Not Applicable,1,Statewide,6
18272,2021,T4,Unknown,Gasoline,2012,ICE,Not Applicable,2,Statewide,31
18273,2021,T4,2,Diesel,2023,ICE,Not Applicable,3,Statewide,34
18274,2021,T6,4,Diesel,1997,ICE,Not Applicable,2,Statewide,34
18275,2021,MC,Not Applicable,Electric,2019,BEV,Unknown,2,Statewide,34
18276,2021,T6,7,Diesel,1985,ICE,Not Applicable,3,Statewide,9
18277,2021,T6,6,Diesel,1985,ICE,Not Applicable,≥4,Statewide,9
18278,2021,T6,5,Diesel,1994,ICE,Not Applicable,3,Statewide,9
18279,2021,B,Not Applicable,Diesel,1994,ICE,Not Applicable,1,Statewide,37
18280,2021,BS,Not Applicable,Diesel,2004,ICE,Not Applicable,3,Statewide,37
18281,2021,BT,Not Applicable,Diesel,1979,ICE,Not Applicable,≥4,Statewide,37
18282,2021,MH,Not Applicable,Diesel,1996,ICE,Not Applicable,2,Statewide,37
18283,2021,T3,2,Diesel,2004,ICE,Not Applicable,≥4,Statewide,37
18284,2021,T3,2,Diesel,2008,ICE,Not Applicable,2,Statewide,37
18285,2021,T4,Unknown,Diesel,1988,ICE,Not Applicable,≥4,Statewide,37
18286,2021,T6,4,Diesel,1997,ICE,Not Applicable,3,Statewide,37
18287,2021,T6,7,Diesel,1998,ICE,Not Applicable,2,Statewide,37
18288,2021,T6,6,Diesel,1980,ICE,Not Applicable,1,Statewide,9
18289,2021,T6,4,Diesel,1998,ICE,Not Applicable,2,Statewide,37
18290,2021,T7,8,Diesel,1988,ICE,Not Applicable,1,Statewide,37
18291,2021,B,Not Applicable,Electric,1980,BEV,Unknown,1,Statewide,37
18292,2021,P,Not Applicable,Electric,2009,BEV,Unknown,≥4,Statewide,37
18293,2021,P,Not Applicable,Electric,2014,BEV,Unknown,2,Statewide,37
18294,2021,P,Not Applicable,Electric,2015,BEV,>150 miles,3,Statewide,37
18295,2021,P,Not Applicable,Electric,2018,BEV,Unknown,2,Statewide,37
18296,2021,B,Not Applicable,Gasoline,2003,ICE,Not Applicable,1,Statewide,37
18297,2021,T1,Unknown,Gasoline,2016,ICE,Not Applicable,2,Statewide,37
18298,2021,T3,Unknown,Gasoline,1993,ICE,Not Applicable,2,Statewide,37
18299,2021,T4,2,Gasoline,2022,PHEV,0 to 50 miles,3,Statewide,37
18300,2021,T6,6,Gasoline,2005,ICE,Not Applicable,3,Statewide,37
18301,2021,T6,4,Gasoline,2014,ICE,Not Applicable,1,Statewide,37
18302,2021,T7,8,Diesel,1984,ICE,Not Applicable,1,Statewide,37
18303,2021,T5,3,Diesel,1989,ICE,Not Applicable,1,Statewide,9
18304,2021,T5,3,Diesel,1989,ICE,Not Applicable,3,Statewide,9
18305,2021,T4,Unknown,Diesel,2019,ICE,Not Applicable,1,Statewide,9
18306,2021,T4,2,Diesel,2013,ICE,Not Applicable,2,Statewide,3567
18307,2021,MH,Not Applicable,Diesel,1993,ICE,Not Applicable,2,Statewide,9
18308,2021,P,Not Applicable,Diesel,1978,ICE,Not Applicable,1,Statewide,9
18309,2021,T6,5,Diesel,2017,ICE,Not Applicable,≥4,Statewide,3563
18310,2021,P,Not Applicable,Diesel,1979,ICE,Not Applicable,1,Statewide,9
18311,2021,T2,1,Gasoline,1977,ICE,Not Applicable,1,Statewide,3550
18312,2021,P,Not Applicable,Diesel,1993,ICE,Not Applicable,3,Statewide,9
18313,2021,T1,Unknown,Diesel,1982,ICE,Not Applicable,≥4,Statewide,9
18314,2021,T4,2,Gasoline,2012,ICE,Not Applicable,2,Statewide,3545
18315,2021,T1,1,Diesel,1992,ICE,Not Applicable,≥4,Statewide,9
18316,2021,T1,Unknown,Diesel,2015,ICE,Not Applicable,≥4,Statewide,9
18317,2021,T5,3,Diesel,2017,ICE,Not Applicable,≥4,Statewide,3543
18318,2021,T2,Unknown,Diesel,1977,ICE,Not Applicable,3,Statewide,9
18319,2021,T2,1,Diesel,1983,ICE,Not Applicable,1,Statewide,9
18320,2021,T2,1,Diesel,1988,ICE,Not Applicable,2,Statewide,9
18321,2021,T2,1,Diesel,1988,ICE,Not Applicable,1,Statewide,9
18322,2021,T6,6,Diesel,2021,ICE,Not Applicable,≥4,Statewide,3539
18323,2021,T2,Unknown,Diesel,1988,ICE,Not Applicable,≥4,Statewide,9
18324,2021,T2,1,Diesel,1989,ICE,Not Applicable,1,Statewide,9
18325,2021,T2,1,Diesel,1991,ICE,Not Applicable,≥4,Statewide,9
18326,2021,T2,1,Diesel,2012,ICE,Not Applicable,1,Statewide,9
18327,2021,T3,Unknown,Diesel,1977,ICE,Not Applicable,2,Statewide,9
18328,2021,T3,2,Diesel,1981,ICE,Not Applicable,≥4,Statewide,9
18329,2021,T3,Unknown,Diesel,1988,ICE,Not Applicable,≥4,Statewide,9
18330,2021,T3,2,Diesel,2003,ICE,Not Applicable,3,Statewide,9
18331,2021,T3,Unknown,Diesel,2011,ICE,Not Applicable,≥4,Statewide,9
18332,2021,T4,Unknown,Diesel,1985,ICE,Not Applicable,≥4,Statewide,9
18333,2021,T6,5,Diesel,1998,ICE,Not Applicable,3,Statewide,9
18334,2021,MH,Not Applicable,Diesel,1987,ICE,Not Applicable,1,Statewide,9
18335,2021,T6,5,Diesel,1998,ICE,Not Applicable,2,Statewide,9
18336,2021,T7,8,Diesel,1982,ICE,Not Applicable,3,Statewide,9
18337,2021,T2,Unknown,Gasoline,1991,ICE,Not Applicable,1,Statewide,9
18338,2021,T2,Unknown,Gasoline,2021,PHEV,0 to 50 miles,≥4,Statewide,9
18339,2021,T3,Unknown,Gasoline,1984,ICE,Not Applicable,2,Statewide,9
18340,2021,T4,Unknown,Gasoline,1979,ICE,Not Applicable,3,Statewide,9
18341,2021,T4,Unknown,Gasoline,1987,ICE,Not Applicable,≥4,Statewide,9
18342,2021,T4,Unknown,Gasoline,1994,ICE,Not Applicable,2,Statewide,9
18343,2021,T4,Unknown,Gasoline,2007,ICE,Not Applicable,3,Statewide,9
18344,2021,T5,3,Gasoline,1986,ICE,Not Applicable,1,Statewide,9
18345,2021,T6,7,Gasoline,1995,ICE,Not Applicable,3,Statewide,9
18346,2021,T6,7,Gasoline,1995,ICE,Not Applicable,2,Statewide,9
18347,2021,T6,6,Gasoline,1999,ICE,Not Applicable,2,Statewide,9
18348,2021,T6,5,Gasoline,1999,ICE,Not Applicable,2,Statewide,9
18349,2021,T1,Unknown,Gasoline,2020,ICE,Not Applicable,≥4,Statewide,9
18350,2021,T6,5,Gasoline,2001,ICE,Not Applicable,≥4,Statewide,9
18351,2021,T6,6,Gasoline,2008,ICE,Not Applicable,2,Statewide,9
18352,2021,T6,6,Gasoline,2010,ICE,Not Applicable,2,Statewide,9
18353,2021,T6,6,Gasoline,2012,ICE,Not Applicable,2,Statewide,9
18354,2021,T3,Unknown,Gasoline,2013,ICE,Not Applicable,≥4,Statewide,3534
18355,2021,T6,6,Gasoline,2014,ICE,Not Applicable,1,Statewide,9
18356,2021,T6,6,Gasoline,2018,ICE,Not Applicable,3,Statewide,9
18357,2021,T7,8,Gasoline,1979,ICE,Not Applicable,1,Statewide,9
18358,2021,MC,Not Applicable,Gasoline,2006,ICE,Not Applicable,2,Statewide,3517
18359,2021,T7,8,Gasoline,1994,ICE,Not Applicable,≥4,Statewide,9
18360,2021,T1,1,Hydrogen,2020,FCEV,>150 miles,1,Statewide,9
18361,2021,BS,Not Applicable,Natural Gas,2016,ICE,Not Applicable,1,Statewide,9
18362,2021,BT,Not Applicable,Natural Gas,2001,ICE,Not Applicable,1,Statewide,9
18363,2021,T6,6,Gasoline,2006,ICE,Not Applicable,2,Statewide,9
18364,2021,T1,Unknown,Gasoline,2003,ICE,Not Applicable,3,Statewide,9
18365,2021,T1,Unknown,Gasoline,2001,ICE,Not Applicable,2,Statewide,9
18366,2021,T1,Unknown,Gasoline,2000,ICE,Not Applicable,2,Statewide,9
18367,2021,T7,8,Diesel,1983,ICE,Not Applicable,3,Statewide,9
18368,2021,T7,8,Diesel,1985,ICE,Not Applicable,3,Statewide,9
18369,2021,BT,Not Applicable,Electric,2019,BEV,Unknown,≥4,Statewide,9
18370,2021,T6,4,Gasoline,2019,ICE,Not Applicable,2,Statewide,37
18371,2021,P,Not Applicable,Natural Gas,2005,ICE,Not Applicable,2,Statewide,37
18372,2021,MC,Not Applicable,Electric,2015,BEV,Unknown,2,Statewide,9
18373,2021,P,Not Applicable,Natural Gas,2010,ICE,Not Applicable,3,Statewide,37
18374,2021,T3,2,Natural Gas,2001,ICE,Not Applicable,≥4,Statewide,37
18375,2021,T3,2,Natural Gas,2002,ICE,Not Applicable,≥4,Statewide,37
18376,2021,T4,2,Natural Gas,2008,ICE,Not Applicable,≥4,Statewide,37
18377,2021,T2,1,Electric,2016,BEV,Unknown,≥4,Statewide,9
18378,2021,T2,1,Electric,2017,BEV,101 to 150 miles,≥4,Statewide,9
18379,2021,B,Not Applicable,Gasoline,1978,ICE,Not Applicable,3,Statewide,9
18380,2021,B,Not Applicable,Gasoline,1979,ICE,Not Applicable,2,Statewide,9
18381,2021,B,Not Applicable,Gasoline,1988,ICE,Not Applicable,≥4,Statewide,9
18382,2021,B,Not Applicable,Gasoline,1995,ICE,Not Applicable,3,Statewide,9
18383,2021,BS,Not Applicable,Gasoline,1988,ICE,Not Applicable,≥4,Statewide,9
18384,2021,BS,Not Applicable,Gasoline,2008,ICE,Not Applicable,1,Statewide,9
18385,2021,BS,Not Applicable,Gasoline,2013,ICE,Not Applicable,2,Statewide,9
18386,2021,BT,Not Applicable,Gasoline,2006,ICE,Not Applicable,1,Statewide,9
18387,2021,BT,Not Applicable,Gasoline,2018,ICE,Not Applicable,3,Statewide,9
18388,2021,BT,Not Applicable,Gasoline,2019,ICE,Not Applicable,3,Statewide,9
18389,2021,T1,Unknown,Gasoline,1987,ICE,Not Applicable,3,Statewide,9
18390,2021,T1,Unknown,Gasoline,1988,ICE,Not Applicable,2,Statewide,9
18391,2021,T1,Unknown,Gasoline,1993,ICE,Not Applicable,2,Statewide,9
18392,2021,T1,Unknown,Gasoline,1994,ICE,Not Applicable,3,Statewide,9
18393,2021,T1,Unknown,Gasoline,1999,ICE,Not Applicable,1,Statewide,9
18394,2021,T7,8,Diesel,1981,ICE,Not Applicable,2,Statewide,9
18395,2021,T2,Unknown,Diesel,1995,ICE,Not Applicable,1,Statewide,6
18396,2021,BT,Not Applicable,Diesel,2016,ICE,Not Applicable,1,Statewide,9
18397,2021,BT,Not Applicable,Diesel,2007,ICE,Not Applicable,3,Statewide,9
18398,2021,T6,Unknown,Diesel,2015,ICE,Not Applicable,≥4,Statewide,35
18399,2021,T6,4,Diesel,2018,ICE,Not Applicable,3,Statewide,35
18400,2021,T7,8,Diesel,1986,ICE,Not Applicable,2,Statewide,35
18401,2021,B,Not Applicable,Gasoline,2021,ICE,Not Applicable,3,Statewide,35
18402,2021,MH,Not Applicable,Gasoline,2023,ICE,Not Applicable,≥4,Statewide,35
18403,2021,T1,Unknown,Gasoline,2005,ICE,Not Applicable,2,Statewide,35
18404,2021,T2,Unknown,Gasoline,1978,ICE,Not Applicable,2,Statewide,35
18405,2021,T2,Unknown,Gasoline,1994,ICE,Not Applicable,2,Statewide,35
18406,2021,T2,Unknown,Gasoline,1997,ICE,Not Applicable,2,Statewide,35
18407,2021,T3,Unknown,Gasoline,1984,ICE,Not Applicable,≥4,Statewide,35
18408,2021,T3,Unknown,Gasoline,1988,ICE,Not Applicable,≥4,Statewide,35
18409,2021,T3,Unknown,Gasoline,1997,ICE,Not Applicable,3,Statewide,35
18410,2021,T4,Unknown,Diesel,2013,ICE,Not Applicable,≥4,Statewide,35
18411,2021,T4,2,Gasoline,2021,PHEV,0 to 50 miles,2,Statewide,35
18412,2021,T5,3,Diesel,2020,ICE,Not Applicable,≥4,Statewide,5448
18413,2021,T6,Unknown,Gasoline,1984,ICE,Not Applicable,≥4,Statewide,35
18414,2021,MC,Not Applicable,Gasoline,2018,ICE,Not Applicable,1,Statewide,5449
18415,2021,T6,4,Gasoline,2017,ICE,Not Applicable,3,Statewide,35
18416,2021,T6,5,Gasoline,2022,ICE,Not Applicable,2,Statewide,35
18417,2021,T6,4,Gasoline,2022,ICE,Not Applicable,2,Statewide,35
18418,2021,T6,6,Gasoline,2023,ICE,Not Applicable,≥4,Statewide,35
18419,2021,T1,1,Gasoline,2008,ICE,Not Applicable,1,Statewide,9438
18420,2021,T1,1,Gasoline,2002,ICE,Not Applicable,1,Statewide,9470
18421,2021,T3,Unknown,Gasoline,2010,ICE,Not Applicable,≥4,Statewide,9524
18422,2021,T2,1,Gasoline,1996,ICE,Not Applicable,≥4,Statewide,9534
18423,2021,T4,2,Gasoline,2013,ICE,Not Applicable,≥4,Statewide,9634
18424,2021,T6,6,Gasoline,1978,ICE,Not Applicable,3,Statewide,35
18425,2021,T3,Unknown,Diesel,2013,ICE,Not Applicable,1,Statewide,35
18426,2021,T3,Unknown,Diesel,2013,ICE,Not Applicable,2,Statewide,35
18427,2021,T3,2,Diesel,2002,ICE,Not Applicable,3,Statewide,35
18428,2021,P,Not Applicable,Electric,2008,BEV,Unknown,≥4,Statewide,34
18429,2021,P,Not Applicable,Electric,2013,BEV,>150 miles,1,Statewide,34
18430,2021,BT,Not Applicable,Gasoline,2002,ICE,Not Applicable,≥4,Statewide,34
18431,2021,T1,Unknown,Gasoline,1994,ICE,Not Applicable,≥4,Statewide,34
18432,2021,T2,Unknown,Gasoline,1982,ICE,Not Applicable,1,Statewide,34
18433,2021,T3,Unknown,Gasoline,1986,ICE,Not Applicable,≥4,Statewide,34
18434,2021,T4,Unknown,Gasoline,1979,ICE,Not Applicable,≥4,Statewide,34
18435,2021,T4,Unknown,Gasoline,2015,ICE,Not Applicable,2,Statewide,34
18436,2021,T4,Unknown,Gasoline,2015,ICE,Not Applicable,1,Statewide,34
18437,2021,T6,4,Gasoline,1993,ICE,Not Applicable,3,Statewide,34
18438,2021,P,Not Applicable,Gasoline,1995,ICE,Not Applicable,3,Statewide,8961
18439,2021,T1,1,Gasoline,2011,ICE,Not Applicable,2,Statewide,8982
18440,2021,T1,1,Gasoline,2011,ICE,Not Applicable,1,Statewide,9070
18441,2021,T2,Unknown,Gasoline,2018,ICE,Not Applicable,≥4,Statewide,9075
18442,2021,P,Not Applicable,Gasoline,1978,ICE,Not Applicable,≥4,Statewide,9145
18443,2021,T1,Unknown,Gasoline,1977,ICE,Not Applicable,2,Statewide,9150
18444,2021,T1,1,Gasoline,2009,ICE,Not Applicable,2,Statewide,9223
18445,2021,P,Not Applicable,Gasoline,2023,ICE,Not Applicable,1,Statewide,9267
18446,2021,T7,8,Diesel,2015,ICE,Not Applicable,≥4,Statewide,9302
18447,2021,T7,8,Diesel,2016,ICE,Not Applicable,≥4,Statewide,9352
18448,2021,T4,2,Diesel,2007,ICE,Not Applicable,≥4,Statewide,9364
18449,2021,T2,1,Gasoline,2000,ICE,Not Applicable,3,Statewide,9426
18450,2021,T1,1,Gasoline,1997,ICE,Not Applicable,≥4,Statewide,9436
18451,2021,T2,1,Gasoline,2023,ICE,Not Applicable,1,Statewide,5422
18452,2021,BT,Not Applicable,Diesel,1986,ICE,Not Applicable,1,Statewide,35
18453,2021,MH,Not Applicable,Diesel,2023,ICE,Not Applicable,≥4,Statewide,35
18454,2021,T1,Unknown,Diesel,1990,ICE,Not Applicable,≥4,Statewide,35
18455,2021,MC,Not Applicable,Gasoline,2018,ICE,Not Applicable,2,Statewide,5470
18456,2021,BT,Not Applicable,Diesel,2015,ICE,Not Applicable,3,Statewide,9
18457,2021,T3,Unknown,Gasoline,2022,ICE,Not Applicable,2,Statewide,5471
18458,2021,MC,Not Applicable,Gasoline,2003,ICE,Not Applicable,≥4,Statewide,5476
18459,2021,T6,5,Diesel,2003,ICE,Not Applicable,1,Statewide,36
18460,2021,T6,4,Diesel,2022,ICE,Not Applicable,3,Statewide,36
18461,2021,B,Not Applicable,Gasoline,1990,ICE,Not Applicable,≥4,Statewide,36
18462,2021,B,Not Applicable,Gasoline,2017,ICE,Not Applicable,3,Statewide,36
18463,2021,B,Not Applicable,Gasoline,2019,ICE,Not Applicable,2,Statewide,36
18464,2021,T1,Unknown,Gasoline,2014,ICE,Not Applicable,3,Statewide,36
18465,2021,T2,Unknown,Gasoline,2020,PHEV,0 to 50 miles,≥4,Statewide,36
18466,2021,T3,Unknown,Gasoline,1995,ICE,Not Applicable,1,Statewide,36
18467,2021,T4,Unknown,Gasoline,2017,ICE,Not Applicable,3,Statewide,36
18468,2021,T4,Unknown,Gasoline,2017,ICE,Not Applicable,1,Statewide,36
18469,2021,T6,7,Gasoline,1978,ICE,Not Applicable,≥4,Statewide,36
18470,2021,T6,7,Gasoline,2001,ICE,Not Applicable,≥4,Statewide,36
18471,2021,T6,7,Diesel,1991,ICE,Not Applicable,3,Statewide,36
18472,2021,T6,5,Gasoline,2008,ICE,Not Applicable,3,Statewide,36
18473,2021,T6,4,Gasoline,2022,ICE,Not Applicable,3,Statewide,36
18474,2021,T7,8,Gasoline,1979,ICE,Not Applicable,≥4,Statewide,36
18475,2021,P,Not Applicable,Natural Gas,2008,ICE,Not Applicable,3,Statewide,36
18476,2021,P,Not Applicable,Natural Gas,2011,ICE,Not Applicable,2,Statewide,36
18477,2021,T3,2,Natural Gas,2008,ICE,Not Applicable,1,Statewide,36
18478,2021,B,Not Applicable,Diesel,1981,ICE,Not Applicable,1,Statewide,9
18479,2021,B,Not Applicable,Diesel,1983,ICE,Not Applicable,≥4,Statewide,9
18480,2021,B,Not Applicable,Diesel,1998,ICE,Not Applicable,3,Statewide,9
18481,2021,B,Not Applicable,Diesel,1999,ICE,Not Applicable,3,Statewide,9
18482,2021,B,Not Applicable,Diesel,2023,ICE,Not Applicable,1,Statewide,9
18483,2021,BS,Not Applicable,Diesel,1979,ICE,Not Applicable,1,Statewide,9
18484,2021,BS,Not Applicable,Diesel,1985,ICE,Not Applicable,≥4,Statewide,9
18485,2021,T6,5,Gasoline,2009,ICE,Not Applicable,1,Statewide,36
18486,2021,T6,7,Diesel,1989,ICE,Not Applicable,1,Statewide,36
18487,2021,T5,3,Diesel,1991,ICE,Not Applicable,2,Statewide,36
18488,2021,T3,2,Diesel,2002,ICE,Not Applicable,2,Statewide,36
18489,2021,T3,Unknown,Gasoline,2007,ICE,Not Applicable,≥4,Statewide,9845
18490,2021,T1,1,Gasoline,2002,ICE,Not Applicable,3,Statewide,9859
18491,2021,T2,Unknown,Gasoline,2018,ICE,Not Applicable,2,Statewide,9879
18492,2021,P,Not Applicable,Electric,2022,BEV,>150 miles,2,Statewide,5506
18493,2021,T6,Unknown,Gasoline,1977,ICE,Not Applicable,≥4,Statewide,3620
18494,2021,MC,Not Applicable,Gasoline,2012,ICE,Not Applicable,3,Statewide,9956
18495,2021,P,Not Applicable,Gasoline,2022,PHEV,51 to 100 miles,1,Statewide,5508
18496,2021,P,Not Applicable,Gasoline,2018,PHEV,0 to 50 miles,3,Statewide,3613
18497,2021,T4,2,Diesel,2010,ICE,Not Applicable,3,Statewide,5540
18498,2021,MC,Not Applicable,Gasoline,2005,ICE,Not Applicable,3,Statewide,3598
18499,2021,T4,2,Gasoline,2010,ICE,Not Applicable,≥4,Statewide,10023
18500,2021,T3,Unknown,Gasoline,2009,ICE,Not Applicable,3,Statewide,5553
18501,2021,P,Not Applicable,Gasoline,1993,ICE,Not Applicable,1,Statewide,5559
18502,2021,T1,1,Gasoline,2010,ICE,Not Applicable,1,Statewide,5567
18503,2021,B,Not Applicable,Diesel,1977,ICE,Not Applicable,1,Statewide,36
18504,2021,B,Not Applicable,Diesel,2002,ICE,Not Applicable,1,Statewide,36
18505,2021,B,Not Applicable,Diesel,2007,ICE,Not Applicable,2,Statewide,36
18506,2021,B,Not Applicable,Diesel,2020,ICE,Not Applicable,1,Statewide,36
18507,2021,BS,Not Applicable,Diesel,2006,ICE,Not Applicable,1,Statewide,36
18508,2021,BS,Not Applicable,Diesel,2010,ICE,Not Applicable,1,Statewide,36
18509,2021,BS,Not Applicable,Diesel,2017,ICE,Not Applicable,1,Statewide,36
18510,2021,MH,Not Applicable,Diesel,2014,ICE,Not Applicable,2,Statewide,36
18511,2021,T1,1,Diesel,1990,ICE,Not Applicable,3,Statewide,36
18512,2021,T1,Unknown,Diesel,1992,ICE,Not Applicable,≥4,Statewide,36
18513,2021,T1,Unknown,Diesel,2013,ICE,Not Applicable,≥4,Statewide,36
18514,2021,T2,1,Diesel,2010,ICE,Not Applicable,3,Statewide,36
18515,2021,T2,Unknown,Diesel,2016,ICE,Not Applicable,3,Statewide,36
18516,2021,T1,1,Gasoline,2011,ICE,Not Applicable,≥4,Statewide,9762
18517,2021,T4,Unknown,Diesel,1986,ICE,Not Applicable,≥4,Statewide,16
18518,2021,T2,Unknown,Diesel,1996,ICE,Not Applicable,3,Statewide,6
18519,2021,T2,Unknown,Diesel,2006,ICE,Not Applicable,≥4,Statewide,6
18520,2021,T6,5,Gasoline,2004,ICE,Not Applicable,3,Statewide,28
18521,2021,BS,Not Applicable,Gasoline,2011,ICE,Not Applicable,3,Statewide,15
18522,2021,BS,Not Applicable,Gasoline,1992,ICE,Not Applicable,1,Statewide,15
18523,2021,BS,Not Applicable,Gasoline,1979,ICE,Not Applicable,1,Statewide,15
18524,2021,T6,5,Gasoline,2016,ICE,Not Applicable,2,Statewide,28
18525,2021,T6,5,Gasoline,2017,ICE,Not Applicable,2,Statewide,28
18526,2021,P,Not Applicable,Natural Gas,2008,ICE,Not Applicable,2,Statewide,28
18527,2021,T3,2,Natural Gas,2006,ICE,Not Applicable,2,Statewide,28
18528,2021,T3,2,Natural Gas,2009,ICE,Not Applicable,2,Statewide,28
18529,2021,T7,8,Natural Gas,2013,ICE,Not Applicable,1,Statewide,6
18530,2021,T7,8,Natural Gas,2013,ICE,Not Applicable,2,Statewide,6
18531,2021,B,Not Applicable,Gasoline,2001,ICE,Not Applicable,1,Statewide,15
18532,2021,T6,7,Gasoline,2003,ICE,Not Applicable,≥4,Statewide,28
18533,2021,T5,3,Electric,2016,BEV,Unknown,≥4,Statewide,15
18534,2021,P,Not Applicable,Electric,2012,BEV,Unknown,1,Statewide,15
18535,2021,MC,Not Applicable,Electric,2018,BEV,Unknown,1,Statewide,15
18536,2021,T6,7,Natural Gas,2020,ICE,Not Applicable,1,Statewide,6
18537,2021,T6,6,Natural Gas,2019,ICE,Not Applicable,≥4,Statewide,6
18538,2021,T6,4,Natural Gas,2008,ICE,Not Applicable,≥4,Statewide,6
18539,2021,T7,8,Diesel,1984,ICE,Not Applicable,3,Statewide,15
18540,2021,T7,8,Diesel,1980,ICE,Not Applicable,2,Statewide,15
18541,2021,T6,5,Diesel,2001,ICE,Not Applicable,1,Statewide,15
18542,2021,T6,Unknown,Diesel,1997,ICE,Not Applicable,≥4,Statewide,15
18543,2021,T6,6,Diesel,1992,ICE,Not Applicable,3,Statewide,15
18544,2021,T6,6,Diesel,1990,ICE,Not Applicable,3,Statewide,15
18545,2021,T4,Unknown,Natural Gas,2020,ICE,Not Applicable,≥4,Statewide,6
18546,2021,T1,Unknown,Electric,2014,BEV,Unknown,≥4,Statewide,15
18547,2021,T4,2,Natural Gas,2009,ICE,Not Applicable,1,Statewide,6
18548,2021,T6,6,Gasoline,1996,ICE,Not Applicable,1,Statewide,28
18549,2021,T2,Unknown,Gasoline,1993,ICE,Not Applicable,1,Statewide,28
18550,2021,T6,6,Gasoline,1995,ICE,Not Applicable,2,Statewide,15
18551,2021,T6,6,Gasoline,1994,ICE,Not Applicable,1,Statewide,15
18552,2021,T6,6,Gasoline,1981,ICE,Not Applicable,2,Statewide,15
18553,2021,T6,6,Gasoline,1981,ICE,Not Applicable,3,Statewide,15
18554,2021,T6,Unknown,Gasoline,1979,ICE,Not Applicable,≥4,Statewide,15
18555,2021,T5,3,Gasoline,1983,ICE,Not Applicable,≥4,Statewide,15
18556,2021,T4,Unknown,Gasoline,2014,ICE,Not Applicable,1,Statewide,15
18557,2021,T7,8,Diesel,1984,ICE,Not Applicable,2,Statewide,28
18558,2021,T7,8,Diesel,1987,ICE,Not Applicable,1,Statewide,28
18559,2021,MC,Not Applicable,Electric,2017,BEV,Unknown,≥4,Statewide,28
18560,2021,P,Not Applicable,Electric,2013,BEV,Unknown,2,Statewide,28
18561,2021,P,Not Applicable,Electric,2015,BEV,>150 miles,2,Statewide,28
18562,2021,T2,Unknown,Gasoline,1997,ICE,Not Applicable,3,Statewide,28
18563,2021,T1,1,Electric,2003,BEV,Unknown,≥4,Statewide,28
18564,2021,T1,Unknown,Gasoline,2009,ICE,Not Applicable,3,Statewide,28
18565,2021,T4,Unknown,Gasoline,1995,ICE,Not Applicable,≥4,Statewide,15
18566,2021,T4,Unknown,Gasoline,1991,ICE,Not Applicable,≥4,Statewide,15
18567,2021,T3,Unknown,Gasoline,1988,ICE,Not Applicable,3,Statewide,15
18568,2021,T3,Unknown,Gasoline,1982,ICE,Not Applicable,2,Statewide,15
18569,2021,T2,Unknown,Gasoline,1982,ICE,Not Applicable,3,Statewide,28
18570,2021,T1,Unknown,Gasoline,1989,ICE,Not Applicable,1,Statewide,15
18571,2021,T1,Unknown,Gasoline,1986,ICE,Not Applicable,1,Statewide,15
18572,2021,BT,Not Applicable,Gasoline,2014,ICE,Not Applicable,1,Statewide,15
18573,2021,BT,Not Applicable,Gasoline,2013,ICE,Not Applicable,1,Statewide,15
18574,2021,T2,Unknown,Gasoline,1991,ICE,Not Applicable,≥4,Statewide,28
18575,2021,T2,Unknown,Gasoline,1993,ICE,Not Applicable,3,Statewide,28
18576,2021,T3,Unknown,Electric,2020,BEV,Unknown,≥4,Statewide,28
18577,2021,T4,2,Natural Gas,2005,ICE,Not Applicable,2,Statewide,6
18578,2021,T4,2,Natural Gas,2004,ICE,Not Applicable,3,Statewide,6
18579,2021,T6,6,Diesel,1988,ICE,Not Applicable,1,Statewide,15
18580,2021,T2,1,Diesel,1990,ICE,Not Applicable,≥4,Statewide,15
18581,2021,T2,Unknown,Diesel,1984,ICE,Not Applicable,≥4,Statewide,15
18582,2021,T1,Unknown,Diesel,1989,ICE,Not Applicable,≥4,Statewide,15
18583,2021,P,Not Applicable,Diesel,1998,ICE,Not Applicable,2,Statewide,15
18584,2021,P,Not Applicable,Diesel,1997,ICE,Not Applicable,1,Statewide,15
18585,2021,T6,6,Gasoline,2014,ICE,Not Applicable,2,Statewide,6
18586,2021,BT,Not Applicable,Diesel,2002,ICE,Not Applicable,1,Statewide,15
18587,2021,BS,Not Applicable,Diesel,2022,ICE,Not Applicable,2,Statewide,15
18588,2021,BS,Not Applicable,Diesel,2015,ICE,Not Applicable,3,Statewide,15
18589,2021,T6,6,Gasoline,2010,ICE,Not Applicable,3,Statewide,6
18590,2021,BS,Not Applicable,Diesel,1993,ICE,Not Applicable,3,Statewide,15
18591,2021,T6,7,Gasoline,2010,ICE,Not Applicable,2,Statewide,6
18592,2021,T6,6,Gasoline,2017,ICE,Not Applicable,2,Statewide,6
18593,2021,BS,Not Applicable,Diesel,1988,ICE,Not Applicable,≥4,Statewide,15
18594,2021,B,Not Applicable,Diesel,2019,ICE,Not Applicable,2,Statewide,15
18595,2021,B,Not Applicable,Diesel,2015,ICE,Not Applicable,1,Statewide,15
18596,2021,B,Not Applicable,Diesel,1998,ICE,Not Applicable,1,Statewide,15
18597,2021,B,Not Applicable,Diesel,1995,ICE,Not Applicable,1,Statewide,15
18598,2021,T6,6,Gasoline,2007,ICE,Not Applicable,3,Statewide,6
18599,2021,T6,5,Gasoline,2002,ICE,Not Applicable,≥4,Statewide,6
18600,2021,T6,7,Gasoline,1997,ICE,Not Applicable,1,Statewide,6
18601,2021,T2,1,Gasoline,1995,ICE,Not Applicable,2,Statewide,3916
18602,2021,T6,Unknown,Gasoline,1994,ICE,Not Applicable,≥4,Statewide,6
18603,2021,T6,5,Gasoline,1994,ICE,Not Applicable,2,Statewide,6
18604,2021,T6,7,Gasoline,1994,ICE,Not Applicable,1,Statewide,6
18605,2021,T5,3,Diesel,2012,ICE,Not Applicable,≥4,Statewide,3902
18606,2021,B,Not Applicable,Diesel,2022,ICE,Not Applicable,1,Statewide,15
18607,2021,T6,Unknown,Gasoline,2019,ICE,Not Applicable,1,Statewide,6
18608,2021,T7,8,Gasoline,2016,ICE,Not Applicable,≥4,Statewide,6
18609,2021,T1,1,Hydrogen,2020,FCEV,>150 miles,3,Statewide,6
18610,2021,T6,6,Diesel,1984,ICE,Not Applicable,≥4,Statewide,15
18611,2021,T6,7,Diesel,1984,ICE,Not Applicable,1,Statewide,15
18612,2021,T6,6,Diesel,1979,ICE,Not Applicable,1,Statewide,15
18613,2021,T6,6,Diesel,1979,ICE,Not Applicable,≥4,Statewide,15
18614,2021,T4,Unknown,Diesel,2013,ICE,Not Applicable,3,Statewide,15
18615,2021,T4,Unknown,Diesel,2003,ICE,Not Applicable,≥4,Statewide,15
18616,2021,T3,2,Diesel,1997,ICE,Not Applicable,1,Statewide,15
18617,2021,T3,2,Natural Gas,2017,ICE,Not Applicable,≥4,Statewide,6
18618,2021,T3,2,Diesel,1991,ICE,Not Applicable,2,Statewide,15
18619,2021,T3,2,Diesel,1985,ICE,Not Applicable,3,Statewide,15
18620,2021,T2,1,Diesel,2023,ICE,Not Applicable,3,Statewide,15
18621,2021,T2,1,Diesel,2017,ICE,Not Applicable,2,Statewide,15
18622,2021,T3,2,Natural Gas,2001,ICE,Not Applicable,3,Statewide,6
18623,2021,P,Not Applicable,Natural Gas,2002,ICE,Not Applicable,2,Statewide,6
18624,2021,BT,Not Applicable,Natural Gas,2021,ICE,Not Applicable,1,Statewide,6
18625,2021,BT,Not Applicable,Natural Gas,2010,ICE,Not Applicable,1,Statewide,6
18626,2021,BS,Not Applicable,Natural Gas,2022,ICE,Not Applicable,3,Statewide,6
18627,2021,BS,Not Applicable,Natural Gas,2013,ICE,Not Applicable,3,Statewide,6
18628,2021,BS,Not Applicable,Natural Gas,2009,ICE,Not Applicable,1,Statewide,6
18629,2021,BS,Not Applicable,Natural Gas,2004,ICE,Not Applicable,2,Statewide,6
18630,2021,T2,1,Diesel,2016,ICE,Not Applicable,1,Statewide,15
18631,2021,T2,1,Diesel,2014,ICE,Not Applicable,2,Statewide,15
18632,2021,T2,1,Diesel,2013,ICE,Not Applicable,2,Statewide,15
18633,2021,T2,Unknown,Diesel,1990,ICE,Not Applicable,≥4,Statewide,15
18634,2021,B,Not Applicable,Natural Gas,2020,ICE,Not Applicable,1,Statewide,6
18635,2021,B,Not Applicable,Natural Gas,2019,ICE,Not Applicable,≥4,Statewide,6
18636,2021,B,Not Applicable,Natural Gas,2003,ICE,Not Applicable,≥4,Statewide,6
18637,2021,T6,6,Gasoline,1996,ICE,Not Applicable,3,Statewide,15
18638,2021,T6,6,Diesel,1994,ICE,Not Applicable,1,Statewide,28
18639,2021,T6,5,Diesel,1992,ICE,Not Applicable,≥4,Statewide,28
18640,2021,T6,6,Diesel,1992,ICE,Not Applicable,1,Statewide,28
18641,2021,T5,3,Diesel,1988,ICE,Not Applicable,≥4,Statewide,27
18642,2021,T6,Unknown,Diesel,1977,ICE,Not Applicable,2,Statewide,27
18643,2021,T6,5,Diesel,1994,ICE,Not Applicable,≥4,Statewide,27
18644,2021,T6,4,Diesel,1996,ICE,Not Applicable,2,Statewide,27
18645,2021,T6,Unknown,Diesel,2014,ICE,Not Applicable,3,Statewide,27
18646,2021,T6,5,Diesel,2023,ICE,Not Applicable,1,Statewide,27
18647,2021,T7,8,Diesel,1988,ICE,Not Applicable,2,Statewide,27
18648,2021,P,Not Applicable,Electric,2010,BEV,Unknown,≥4,Statewide,27
18649,2021,T2,Unknown,Electric,1978,BEV,Unknown,≥4,Statewide,27
18650,2021,B,Not Applicable,Gasoline,1997,ICE,Not Applicable,≥4,Statewide,27
18651,2021,B,Not Applicable,Gasoline,2018,ICE,Not Applicable,3,Statewide,27
18652,2021,BS,Not Applicable,Gasoline,2011,ICE,Not Applicable,1,Statewide,27
18653,2021,T3,Unknown,Diesel,2012,ICE,Not Applicable,3,Statewide,27
18654,2021,BT,Not Applicable,Gasoline,2022,ICE,Not Applicable,1,Statewide,27
18655,2021,T2,Unknown,Gasoline,1995,ICE,Not Applicable,3,Statewide,27
18656,2021,T5,3,Gasoline,1984,ICE,Not Applicable,≥4,Statewide,27
18657,2021,T6,7,Gasoline,1980,ICE,Not Applicable,≥4,Statewide,27
18658,2021,T6,6,Gasoline,1984,ICE,Not Applicable,3,Statewide,27
18659,2021,T6,4,Gasoline,1997,ICE,Not Applicable,3,Statewide,27
18660,2021,T6,6,Gasoline,2001,ICE,Not Applicable,1,Statewide,27
18661,2021,T6,5,Gasoline,2014,ICE,Not Applicable,1,Statewide,27
18662,2021,BT,Not Applicable,Natural Gas,1999,ICE,Not Applicable,≥4,Statewide,27
18663,2021,P,Not Applicable,Gasoline,2020,PHEV,0 to 50 miles,2,Statewide,5049
18664,2021,T1,1,Gasoline,1996,ICE,Not Applicable,3,Statewide,5049
18665,2021,P,Not Applicable,Natural Gas,2004,ICE,Not Applicable,2,Statewide,27
18666,2021,T3,Unknown,Gasoline,2021,ICE,Not Applicable,2,Statewide,5053
18667,2021,T1,Unknown,Gasoline,2016,ICE,Not Applicable,≥4,Statewide,27
18668,2021,T3,2,Diesel,2000,ICE,Not Applicable,3,Statewide,27
18669,2021,T3,2,Diesel,1990,ICE,Not Applicable,3,Statewide,27
18670,2021,T2,1,Diesel,1984,ICE,Not Applicable,3,Statewide,27
18671,2021,T2,1,Diesel,2016,ICE,Not Applicable,2,Statewide,16
18672,2021,T2,1,Diesel,2013,ICE,Not Applicable,1,Statewide,16
18673,2021,T2,Unknown,Diesel,1996,ICE,Not Applicable,≥4,Statewide,16
18674,2021,T2,Unknown,Diesel,1993,ICE,Not Applicable,≥4,Statewide,16
18675,2021,P,Not Applicable,Diesel,2023,ICE,Not Applicable,≥4,Statewide,16
18676,2021,MH,Not Applicable,Diesel,1993,ICE,Not Applicable,1,Statewide,16
18677,2021,MH,Not Applicable,Diesel,1992,ICE,Not Applicable,3,Statewide,16
18678,2021,MH,Not Applicable,Diesel,1985,ICE,Not Applicable,≥4,Statewide,16
18679,2021,BT,Not Applicable,Diesel,2014,ICE,Not Applicable,1,Statewide,16
18680,2021,BT,Not Applicable,Diesel,1988,ICE,Not Applicable,1,Statewide,16
18681,2021,BS,Not Applicable,Diesel,2023,ICE,Not Applicable,2,Statewide,16
18682,2021,BS,Not Applicable,Diesel,2001,ICE,Not Applicable,2,Statewide,16
18683,2021,BS,Not Applicable,Diesel,1999,ICE,Not Applicable,3,Statewide,16
18684,2021,BS,Not Applicable,Diesel,1987,ICE,Not Applicable,≥4,Statewide,16
18685,2021,B,Not Applicable,Diesel,2016,ICE,Not Applicable,3,Statewide,16
18686,2021,B,Not Applicable,Diesel,2011,ICE,Not Applicable,3,Statewide,16
18687,2021,B,Not Applicable,Diesel,2009,ICE,Not Applicable,3,Statewide,16
18688,2021,B,Not Applicable,Diesel,2005,ICE,Not Applicable,2,Statewide,16
18689,2021,B,Not Applicable,Diesel,2001,ICE,Not Applicable,2,Statewide,16
18690,2021,B,Not Applicable,Diesel,2002,ICE,Not Applicable,3,Statewide,27
18691,2021,B,Not Applicable,Diesel,2003,ICE,Not Applicable,3,Statewide,27
18692,2021,B,Not Applicable,Diesel,2005,ICE,Not Applicable,3,Statewide,27
18693,2021,B,Not Applicable,Diesel,2019,ICE,Not Applicable,1,Statewide,27
18694,2021,BS,Not Applicable,Diesel,2005,ICE,Not Applicable,3,Statewide,27
18695,2021,BS,Not Applicable,Diesel,2007,ICE,Not Applicable,3,Statewide,27
18696,2021,BS,Not Applicable,Diesel,2012,ICE,Not Applicable,1,Statewide,27
18697,2021,T1,Unknown,Diesel,1994,ICE,Not Applicable,≥4,Statewide,27
18698,2021,T3,2,Natural Gas,2005,ICE,Not Applicable,2,Statewide,27
18699,2021,T6,7,Gasoline,1994,ICE,Not Applicable,2,Statewide,6
18700,2021,T3,2,Natural Gas,2006,ICE,Not Applicable,3,Statewide,27
18701,2021,T7,8,Natural Gas,2014,ICE,Not Applicable,3,Statewide,27
18702,2021,T3,2,Gasoline,2005,ICE,Not Applicable,3,Statewide,29965
18703,2021,T1,1,Gasoline,2021,ICE,Not Applicable,2,Statewide,30542
18704,2021,T7,8,Natural Gas,2017,ICE,Not Applicable,3,Statewide,15
18705,2021,T6,7,Natural Gas,2016,ICE,Not Applicable,≥4,Statewide,15
18706,2021,T3,2,Natural Gas,2004,ICE,Not Applicable,2,Statewide,15
18707,2021,B,Not Applicable,Diesel,1984,ICE,Not Applicable,≥4,Statewide,28
18708,2021,B,Not Applicable,Diesel,2011,ICE,Not Applicable,1,Statewide,28
18709,2021,T3,2,Natural Gas,2002,ICE,Not Applicable,2,Statewide,15
18710,2021,T7,8,Gasoline,1983,ICE,Not Applicable,≥4,Statewide,15
18711,2021,T6,4,Gasoline,2014,ICE,Not Applicable,3,Statewide,15
18712,2021,B,Not Applicable,Diesel,2021,ICE,Not Applicable,1,Statewide,28
18713,2021,B,Not Applicable,Diesel,2023,ICE,Not Applicable,≥4,Statewide,28
18714,2021,T2,1,Gasoline,2014,ICE,Not Applicable,2,Statewide,29705
18715,2021,BS,Not Applicable,Diesel,1994,ICE,Not Applicable,1,Statewide,28
18716,2021,P,Not Applicable,Diesel,1997,ICE,Not Applicable,3,Statewide,28
18717,2021,T1,1,Diesel,1986,ICE,Not Applicable,2,Statewide,28
18718,2021,T4,Unknown,Diesel,1990,ICE,Not Applicable,≥4,Statewide,28
18719,2021,T4,Unknown,Diesel,2002,ICE,Not Applicable,≥4,Statewide,28
18720,2021,T4,Unknown,Diesel,2008,ICE,Not Applicable,≥4,Statewide,28
18721,2021,T6,5,Gasoline,2011,ICE,Not Applicable,2,Statewide,15
18722,2021,T6,5,Gasoline,2011,ICE,Not Applicable,3,Statewide,15
18723,2021,T6,6,Gasoline,2011,ICE,Not Applicable,2,Statewide,15
18724,2021,T6,Unknown,Diesel,1978,ICE,Not Applicable,≥4,Statewide,28
18725,2021,T6,6,Gasoline,2003,ICE,Not Applicable,2,Statewide,15
18726,2021,T6,7,Diesel,1980,ICE,Not Applicable,1,Statewide,28
18727,2021,T6,7,Diesel,1981,ICE,Not Applicable,1,Statewide,28
18728,2021,BS,Not Applicable,Diesel,2017,ICE,Not Applicable,3,Statewide,28
18729,2021,P,Not Applicable,Gasoline,2000,ICE,Not Applicable,2,Statewide,29680
18730,2021,T3,2,Gasoline,2018,ICE,Not Applicable,1,Statewide,29637
18731,2021,T1,1,Gasoline,2021,ICE,Not Applicable,≥4,Statewide,29549
18732,2021,T1,1,Gasoline,1996,ICE,Not Applicable,2,Statewide,5062
18733,2021,T4,2,Gasoline,2022,ICE,Not Applicable,1,Statewide,5096
18734,2021,T4,2,Gasoline,2006,ICE,Not Applicable,2,Statewide,5119
18735,2021,T4,2,Gasoline,2017,ICE,Not Applicable,≥4,Statewide,5137
18736,2021,T4,2,Gasoline,2009,ICE,Not Applicable,3,Statewide,5139
18737,2021,MC,Not Applicable,Gasoline,2008,ICE,Not Applicable,1,Statewide,3962
18738,2021,T2,1,Gasoline,1977,ICE,Not Applicable,3,Statewide,5161
18739,2021,P,Not Applicable,Gasoline,1989,ICE,Not Applicable,≥4,Statewide,5169
18740,2021,T2,Unknown,Gasoline,2017,ICE,Not Applicable,≥4,Statewide,5177
18741,2021,T4,2,Diesel,2017,ICE,Not Applicable,≥4,Statewide,3958
18742,2021,T4,2,Gasoline,2008,ICE,Not Applicable,1,Statewide,5184
18743,2021,T4,2,Diesel,2011,ICE,Not Applicable,1,Statewide,5194
18744,2021,T1,1,Gasoline,2015,ICE,Not Applicable,3,Statewide,5197
18745,2021,P,Not Applicable,Gasoline,1996,ICE,Not Applicable,≥4,Statewide,25852
18746,2021,T2,1,Gasoline,2003,ICE,Not Applicable,1,Statewide,25853
18747,2021,T3,2,Gasoline,2017,ICE,Not Applicable,1,Statewide,25855
18748,2021,T3,2,Gasoline,2004,ICE,Not Applicable,2,Statewide,26002
18749,2021,MC,Not Applicable,Gasoline,2012,ICE,Not Applicable,≥4,Statewide,26160
18750,2021,T2,1,Gasoline,2003,ICE,Not Applicable,2,Statewide,26597
18751,2021,P,Not Applicable,Gasoline,2001,ICE,Not Applicable,3,Statewide,26611
18752,2021,T2,1,Gasoline,2014,ICE,Not Applicable,≥4,Statewide,27080
18753,2021,T3,2,Gasoline,2016,ICE,Not Applicable,1,Statewide,27241
18754,2021,T3,2,Gasoline,2014,ICE,Not Applicable,≥4,Statewide,27565
18755,2021,T3,2,Gasoline,2003,ICE,Not Applicable,≥4,Statewide,27704
18756,2021,T2,1,Gasoline,2004,ICE,Not Applicable,3,Statewide,27718
18757,2021,T3,2,Gasoline,2005,ICE,Not Applicable,1,Statewide,28141
18758,2021,P,Not Applicable,Gasoline,1998,ICE,Not Applicable,≥4,Statewide,29098
18759,2021,T4,2,Natural Gas,2004,ICE,Not Applicable,≥4,Statewide,27
18760,2021,T6,5,Gasoline,1993,ICE,Not Applicable,1,Statewide,6
18761,2021,T6,6,Gasoline,1993,ICE,Not Applicable,3,Statewide,6
18762,2021,T6,4,Gasoline,1992,ICE,Not Applicable,2,Statewide,6
18763,2021,T2,1,Gasoline,1999,ICE,Not Applicable,3,Statewide,7039
18764,2021,P,Not Applicable,Electric,2021,BEV,51 to 100 miles,2,Statewide,7033
18765,2021,T1,1,Gasoline,2016,ICE,Not Applicable,1,Statewide,7020
18766,2021,MC,Not Applicable,Gasoline,2019,ICE,Not Applicable,3,Statewide,6997
18767,2021,T3,2,Gasoline,1999,ICE,Not Applicable,2,Statewide,6942
18768,2021,MC,Not Applicable,Gasoline,2011,ICE,Not Applicable,2,Statewide,6930
18769,2021,P,Not Applicable,Gasoline,2022,PHEV,0 to 50 miles,1,Statewide,6898
18770,2021,T3,Unknown,Gasoline,2007,ICE,Not Applicable,3,Statewide,6864
18771,2021,B,Not Applicable,Diesel,2004,ICE,Not Applicable,2,Statewide,30
18772,2021,B,Not Applicable,Diesel,2013,ICE,Not Applicable,3,Statewide,30
18773,2021,BS,Not Applicable,Diesel,1992,ICE,Not Applicable,1,Statewide,30
18774,2021,BS,Not Applicable,Diesel,1998,ICE,Not Applicable,2,Statewide,30
18775,2021,T1,Unknown,Electric,2014,BEV,Unknown,3,Statewide,6
18776,2021,T1,Unknown,Diesel,2001,ICE,Not Applicable,≥4,Statewide,30
18777,2021,T3,2,Diesel,1990,ICE,Not Applicable,2,Statewide,30
18778,2021,T3,2,Diesel,1990,ICE,Not Applicable,1,Statewide,30
18779,2021,T3,2,Diesel,2001,ICE,Not Applicable,2,Statewide,30
18780,2021,T3,2,Diesel,2006,ICE,Not Applicable,2,Statewide,30
18781,2021,T3,Unknown,Diesel,2012,ICE,Not Applicable,1,Statewide,30
18782,2021,T4,2,Diesel,2023,ICE,Not Applicable,2,Statewide,30
18783,2021,T6,7,Diesel,1982,ICE,Not Applicable,1,Statewide,30
18784,2021,T6,6,Diesel,1996,ICE,Not Applicable,3,Statewide,30
18785,2021,T6,7,Diesel,1997,ICE,Not Applicable,2,Statewide,30
18786,2021,T6,4,Diesel,1999,ICE,Not Applicable,2,Statewide,30
18787,2021,T6,Unknown,Diesel,2002,ICE,Not Applicable,≥4,Statewide,30
18788,2021,T6,4,Diesel,2016,ICE,Not Applicable,2,Statewide,30
18789,2021,T2,1,Diesel,2017,ICE,Not Applicable,1,Statewide,30
18790,2021,T1,Unknown,Electric,2017,BEV,Unknown,≥4,Statewide,6
18791,2021,P,Not Applicable,Electric,2020,BEV,51 to 100 miles,2,Statewide,7041
18792,2021,T1,1,Gasoline,2001,ICE,Not Applicable,1,Statewide,7060
18793,2021,B,Not Applicable,Gasoline,1987,ICE,Not Applicable,1,Statewide,6
18794,2021,B,Not Applicable,Gasoline,1986,ICE,Not Applicable,1,Statewide,6
18795,2021,B,Not Applicable,Gasoline,1983,ICE,Not Applicable,1,Statewide,6
18796,2021,B,Not Applicable,Gasoline,1983,ICE,Not Applicable,2,Statewide,6
18797,2021,B,Not Applicable,Gasoline,1980,ICE,Not Applicable,2,Statewide,6
18798,2021,T4,2,Electric,2021,BEV,Unknown,≥4,Statewide,6
18799,2021,T1,1,Gasoline,2000,ICE,Not Applicable,2,Statewide,7188
18800,2021,T4,Unknown,Electric,2003,BEV,Unknown,≥4,Statewide,6
18801,2021,T3,Unknown,Electric,2012,BEV,Unknown,≥4,Statewide,6
18802,2021,T3,Unknown,Electric,2005,BEV,Unknown,≥4,Statewide,6
18803,2021,T3,Unknown,Electric,2001,BEV,Unknown,≥4,Statewide,6
18804,2021,T3,2,Gasoline,2013,ICE,Not Applicable,3,Statewide,31813
18805,2021,T2,1,Electric,2018,BEV,101 to 150 miles,3,Statewide,6
18806,2021,T2,1,Electric,2018,BEV,101 to 150 miles,≥4,Statewide,6
18807,2021,T2,Unknown,Electric,2017,BEV,Unknown,2,Statewide,6
18808,2021,T2,1,Electric,2017,BEV,101 to 150 miles,1,Statewide,6
18809,2021,MC,Not Applicable,Gasoline,2014,ICE,Not Applicable,3,Statewide,7157
18810,2021,T3,Unknown,Gasoline,2021,ICE,Not Applicable,≥4,Statewide,7146
18811,2021,P,Not Applicable,Gasoline,2022,PHEV,0 to 50 miles,3,Statewide,3855
18812,2021,T2,Unknown,Electric,2014,BEV,Unknown,3,Statewide,6
18813,2021,T3,Unknown,Gasoline,2013,ICE,Not Applicable,2,Statewide,3846
18814,2021,T1,1,Gasoline,1995,ICE,Not Applicable,3,Statewide,3845
18815,2021,T1,Unknown,Electric,2019,BEV,Unknown,≥4,Statewide,6
18816,2021,T1,1,Gasoline,1999,ICE,Not Applicable,3,Statewide,7103
18817,2021,T4,2,Gasoline,2007,ICE,Not Applicable,1,Statewide,3843
18818,2021,T1,1,Gasoline,1997,ICE,Not Applicable,1,Statewide,3843
18819,2021,T1,1,Gasoline,1994,ICE,Not Applicable,1,Statewide,3841
18820,2021,MC,Not Applicable,Electric,1998,BEV,Unknown,≥4,Statewide,30
18821,2021,B,Not Applicable,Gasoline,1988,ICE,Not Applicable,1,Statewide,6
18822,2021,P,Not Applicable,Electric,2017,BEV,Unknown,3,Statewide,30
18823,2021,T6,6,Electric,2017,BEV,Unknown,≥4,Statewide,30
18824,2021,BT,Not Applicable,Electric,2001,BEV,Unknown,≥4,Statewide,6
18825,2021,T7,8,Diesel,1982,ICE,Not Applicable,2,Statewide,6
18826,2021,T7,8,Diesel,1978,ICE,Not Applicable,3,Statewide,6
18827,2021,T6,Unknown,Diesel,2016,ICE,Not Applicable,3,Statewide,6
18828,2021,T6,5,Diesel,1996,ICE,Not Applicable,2,Statewide,6
18829,2021,T6,5,Diesel,1994,ICE,Not Applicable,2,Statewide,6
18830,2021,T6,4,Diesel,1991,ICE,Not Applicable,≥4,Statewide,6
18831,2021,T6,5,Diesel,1989,ICE,Not Applicable,≥4,Statewide,6
18832,2021,T6,6,Diesel,1987,ICE,Not Applicable,2,Statewide,6
18833,2021,T6,Unknown,Diesel,1978,ICE,Not Applicable,2,Statewide,6
18834,2021,T6,6,Diesel,1977,ICE,Not Applicable,2,Statewide,6
18835,2021,T6,7,Diesel,1977,ICE,Not Applicable,3,Statewide,6
18836,2021,MC,Not Applicable,Electric,2001,BEV,Unknown,≥4,Statewide,6
18837,2021,T5,3,Diesel,1988,ICE,Not Applicable,1,Statewide,6
18838,2021,T4,Unknown,Diesel,2012,ICE,Not Applicable,1,Statewide,6
18839,2021,T4,Unknown,Diesel,2002,ICE,Not Applicable,1,Statewide,6
18840,2021,T4,Unknown,Diesel,2001,ICE,Not Applicable,1,Statewide,6
18841,2021,T4,Unknown,Diesel,1983,ICE,Not Applicable,≥4,Statewide,6
18842,2021,T4,Unknown,Diesel,1977,ICE,Not Applicable,2,Statewide,6
18843,2021,T3,Unknown,Diesel,2020,ICE,Not Applicable,2,Statewide,6
18844,2021,T3,Unknown,Diesel,2020,ICE,Not Applicable,3,Statewide,6
18845,2021,T3,Unknown,Diesel,2011,ICE,Not Applicable,3,Statewide,6
18846,2021,T3,Unknown,Diesel,2006,ICE,Not Applicable,≥4,Statewide,6
18847,2021,T3,2,Diesel,2005,ICE,Not Applicable,2,Statewide,6
18848,2021,T3,2,Diesel,1993,ICE,Not Applicable,≥4,Statewide,6
18849,2021,T3,2,Diesel,1982,ICE,Not Applicable,≥4,Statewide,6
18850,2021,T4,Unknown,Diesel,2014,ICE,Not Applicable,≥4,Statewide,6
18851,2021,MC,Not Applicable,Electric,2017,BEV,Unknown,1,Statewide,6
18852,2021,P,Not Applicable,Electric,1977,BEV,Unknown,3,Statewide,6
18853,2021,P,Not Applicable,Electric,1998,BEV,Unknown,≥4,Statewide,6
18854,2021,B,Not Applicable,Gasoline,2000,ICE,Not Applicable,1,Statewide,30
18855,2021,BS,Not Applicable,Gasoline,2009,ICE,Not Applicable,1,Statewide,30
18856,2021,T1,Unknown,Gasoline,2009,ICE,Not Applicable,1,Statewide,30
18857,2021,T2,Unknown,Gasoline,1980,ICE,Not Applicable,3,Statewide,30
18858,2021,T4,Unknown,Gasoline,2012,ICE,Not Applicable,3,Statewide,30
18859,2021,T4,Unknown,Gasoline,2016,ICE,Not Applicable,2,Statewide,30
18860,2021,T4,Unknown,Gasoline,2021,PHEV,0 to 50 miles,≥4,Statewide,30
18861,2021,T6,4,Gasoline,1977,ICE,Not Applicable,3,Statewide,30
18862,2021,T6,7,Gasoline,1978,ICE,Not Applicable,1,Statewide,30
18863,2021,T6,6,Gasoline,1979,ICE,Not Applicable,2,Statewide,30
18864,2021,T6,6,Gasoline,1984,ICE,Not Applicable,2,Statewide,30
18865,2021,T6,5,Gasoline,2007,ICE,Not Applicable,1,Statewide,30
18866,2021,T6,5,Gasoline,2010,ICE,Not Applicable,1,Statewide,30
18867,2021,T6,4,Gasoline,2013,ICE,Not Applicable,3,Statewide,30
18868,2021,T6,6,Gasoline,2019,ICE,Not Applicable,3,Statewide,30
18869,2021,T6,6,Gasoline,2019,ICE,Not Applicable,1,Statewide,30
18870,2021,T6,5,Gasoline,2021,ICE,Not Applicable,3,Statewide,30
18871,2021,P,Not Applicable,Natural Gas,2004,ICE,Not Applicable,3,Statewide,30
18872,2021,P,Not Applicable,Natural Gas,2011,ICE,Not Applicable,3,Statewide,30
18873,2021,T1,Unknown,Electric,2006,BEV,Unknown,≥4,Statewide,6
18874,2021,T1,Unknown,Electric,2005,BEV,Unknown,≥4,Statewide,6
18875,2021,P,Not Applicable,Electric,2023,BEV,Unknown,≥4,Statewide,6
18876,2021,P,Not Applicable,Electric,2008,BEV,Unknown,2,Statewide,6
18877,2021,P,Not Applicable,Electric,2004,BEV,Unknown,1,Statewide,6
18878,2021,P,Not Applicable,Electric,2004,BEV,Unknown,3,Statewide,6
18879,2021,P,Not Applicable,Electric,2003,BEV,Unknown,1,Statewide,6
18880,2021,P,Not Applicable,Electric,1999,BEV,Unknown,≥4,Statewide,6
18881,2021,P,Not Applicable,Electric,2022,BEV,Unknown,1,Statewide,30
18882,2021,T2,Unknown,Diesel,1997,ICE,Not Applicable,≥4,Statewide,6
18883,2021,B,Not Applicable,Gasoline,1989,ICE,Not Applicable,3,Statewide,6
18884,2021,B,Not Applicable,Gasoline,1997,ICE,Not Applicable,3,Statewide,6
18885,2021,P,Not Applicable,Electric,2012,BEV,Unknown,2,Statewide,29
18886,2021,B,Not Applicable,Gasoline,1980,ICE,Not Applicable,1,Statewide,29
18887,2021,B,Not Applicable,Gasoline,1983,ICE,Not Applicable,≥4,Statewide,29
18888,2021,MC,Not Applicable,Gasoline,2017,ICE,Not Applicable,3,Statewide,5289
18889,2021,P,Not Applicable,Gasoline,2018,PHEV,0 to 50 miles,2,Statewide,5292
18890,2021,T3,Unknown,Gasoline,2021,ICE,Not Applicable,1,Statewide,5297
18891,2021,B,Not Applicable,Gasoline,2020,ICE,Not Applicable,3,Statewide,29
18892,2021,T3,2,Gasoline,2017,ICE,Not Applicable,2,Statewide,31297
18893,2021,BS,Not Applicable,Gasoline,1987,ICE,Not Applicable,≥4,Statewide,29
18894,2021,BT,Not Applicable,Gasoline,2009,ICE,Not Applicable,≥4,Statewide,29
18895,2021,BT,Not Applicable,Gasoline,2011,ICE,Not Applicable,1,Statewide,29
18896,2021,T1,Unknown,Gasoline,2004,ICE,Not Applicable,3,Statewide,29
18897,2021,T6,Unknown,Diesel,2012,ICE,Not Applicable,≥4,Statewide,29
18898,2021,T1,Unknown,Gasoline,2004,ICE,Not Applicable,2,Statewide,29
18899,2021,T2,Unknown,Gasoline,1985,ICE,Not Applicable,1,Statewide,29
18900,2021,T2,Unknown,Gasoline,1994,ICE,Not Applicable,3,Statewide,29
18901,2021,T2,Unknown,Gasoline,1995,ICE,Not Applicable,1,Statewide,29
18902,2021,T3,Unknown,Gasoline,1990,ICE,Not Applicable,2,Statewide,29
18903,2021,T5,3,Gasoline,1989,ICE,Not Applicable,1,Statewide,29
18904,2021,T6,6,Gasoline,1983,ICE,Not Applicable,3,Statewide,29
18905,2021,T6,Unknown,Gasoline,1987,ICE,Not Applicable,≥4,Statewide,29
18906,2021,MC,Not Applicable,Gasoline,2013,ICE,Not Applicable,2,Statewide,5326
18907,2021,T6,4,Gasoline,1993,ICE,Not Applicable,2,Statewide,29
18908,2021,T6,4,Gasoline,1993,ICE,Not Applicable,1,Statewide,29
18909,2021,T6,5,Gasoline,2006,ICE,Not Applicable,1,Statewide,29
18910,2021,T6,4,Gasoline,2019,ICE,Not Applicable,3,Statewide,29
18911,2021,T2,Unknown,Gasoline,1980,ICE,Not Applicable,2,Statewide,29
18912,2021,T6,5,Diesel,1998,ICE,Not Applicable,1,Statewide,29
18913,2021,MC,Not Applicable,Gasoline,2014,ICE,Not Applicable,1,Statewide,5286
18914,2021,T6,Unknown,Diesel,1994,ICE,Not Applicable,≥4,Statewide,29
18915,2021,T1,1,Gasoline,1995,ICE,Not Applicable,2,Statewide,3890
18916,2021,T6,5,Gasoline,1990,ICE,Not Applicable,1,Statewide,6
18917,2021,T6,7,Gasoline,1990,ICE,Not Applicable,3,Statewide,6
18918,2021,T6,Unknown,Gasoline,1988,ICE,Not Applicable,≥4,Statewide,6
18919,2021,T6,7,Gasoline,1987,ICE,Not Applicable,1,Statewide,6
18920,2021,T6,Unknown,Gasoline,1986,ICE,Not Applicable,2,Statewide,6
18921,2021,P,Not Applicable,Gasoline,2022,PHEV,51 to 100 miles,≥4,Statewide,3875
18922,2021,B,Not Applicable,Diesel,2000,ICE,Not Applicable,1,Statewide,29
18923,2021,B,Not Applicable,Diesel,2004,ICE,Not Applicable,3,Statewide,29
18924,2021,BS,Not Applicable,Diesel,1998,ICE,Not Applicable,1,Statewide,29
18925,2021,BS,Not Applicable,Diesel,2000,ICE,Not Applicable,3,Statewide,29
18926,2021,BS,Not Applicable,Diesel,2009,ICE,Not Applicable,1,Statewide,29
18927,2021,MH,Not Applicable,Diesel,1994,ICE,Not Applicable,1,Statewide,29
18928,2021,MH,Not Applicable,Diesel,1995,ICE,Not Applicable,1,Statewide,29
18929,2021,T1,Unknown,Diesel,1993,ICE,Not Applicable,≥4,Statewide,29
18930,2021,T1,Unknown,Diesel,1997,ICE,Not Applicable,≥4,Statewide,29
18931,2021,T1,Unknown,Diesel,2006,ICE,Not Applicable,≥4,Statewide,29
18932,2021,T3,2,Diesel,1998,ICE,Not Applicable,1,Statewide,29
18933,2021,T3,2,Diesel,2007,ICE,Not Applicable,≥4,Statewide,29
18934,2021,T3,Unknown,Diesel,2013,ICE,Not Applicable,3,Statewide,29
18935,2021,P,Not Applicable,Electric,2022,BEV,>150 miles,1,Statewide,5216
18936,2021,T2,1,Gasoline,2023,ICE,Not Applicable,≥4,Statewide,5241
18937,2021,T6,Unknown,Diesel,1979,ICE,Not Applicable,1,Statewide,29
18938,2021,T4,2,Gasoline,2006,ICE,Not Applicable,3,Statewide,5243
18939,2021,T4,2,Gasoline,2009,ICE,Not Applicable,2,Statewide,5245
18940,2021,P,Not Applicable,Gasoline,2022,PHEV,51 to 100 miles,2,Statewide,5258
18941,2021,T2,1,Gasoline,2004,ICE,Not Applicable,1,Statewide,31150
18942,2021,T6,7,Gasoline,2021,ICE,Not Applicable,≥4,Statewide,29
18943,2021,B,Not Applicable,Gasoline,1989,ICE,Not Applicable,1,Statewide,6
18944,2021,T7,8,Gasoline,1978,ICE,Not Applicable,1,Statewide,29
18945,2021,B,Not Applicable,Natural Gas,2006,ICE,Not Applicable,≥4,Statewide,29
18946,2021,T1,Unknown,Gasoline,1999,ICE,Not Applicable,3,Statewide,6
18947,2021,T1,Unknown,Gasoline,1998,ICE,Not Applicable,1,Statewide,6
18948,2021,T1,Unknown,Gasoline,1995,ICE,Not Applicable,1,Statewide,6
18949,2021,T1,Unknown,Gasoline,1992,ICE,Not Applicable,3,Statewide,6
18950,2021,T1,Unknown,Gasoline,1990,ICE,Not Applicable,2,Statewide,6
18951,2021,BT,Not Applicable,Gasoline,2020,ICE,Not Applicable,1,Statewide,6
18952,2021,BT,Not Applicable,Gasoline,2015,ICE,Not Applicable,1,Statewide,6
18953,2021,BT,Not Applicable,Gasoline,2012,ICE,Not Applicable,1,Statewide,6
18954,2021,BT,Not Applicable,Gasoline,2011,ICE,Not Applicable,2,Statewide,6
18955,2021,BT,Not Applicable,Gasoline,2010,ICE,Not Applicable,3,Statewide,6
18956,2021,BT,Not Applicable,Gasoline,2007,ICE,Not Applicable,1,Statewide,6
18957,2021,BT,Not Applicable,Gasoline,2004,ICE,Not Applicable,1,Statewide,6
18958,2021,T1,Unknown,Gasoline,2015,ICE,Not Applicable,2,Statewide,6
18959,2021,BT,Not Applicable,Gasoline,2003,ICE,Not Applicable,1,Statewide,6
18960,2021,P,Not Applicable,Gasoline,1990,ICE,Not Applicable,≥4,Statewide,7231
18961,2021,BS,Not Applicable,Gasoline,2014,ICE,Not Applicable,3,Statewide,6
18962,2021,BS,Not Applicable,Gasoline,2011,ICE,Not Applicable,2,Statewide,6
18963,2021,BS,Not Applicable,Gasoline,2007,ICE,Not Applicable,1,Statewide,6
18964,2021,BS,Not Applicable,Gasoline,2006,ICE,Not Applicable,2,Statewide,6
18965,2021,BS,Not Applicable,Gasoline,2006,ICE,Not Applicable,3,Statewide,6
18966,2021,BS,Not Applicable,Gasoline,2004,ICE,Not Applicable,1,Statewide,6
18967,2021,BS,Not Applicable,Gasoline,1989,ICE,Not Applicable,2,Statewide,6
18968,2021,BS,Not Applicable,Gasoline,1985,ICE,Not Applicable,1,Statewide,6
18969,2021,B,Not Applicable,Gasoline,2001,ICE,Not Applicable,2,Statewide,6
18970,2021,B,Not Applicable,Gasoline,1998,ICE,Not Applicable,3,Statewide,6
18971,2021,B,Not Applicable,Gasoline,1997,ICE,Not Applicable,2,Statewide,6
18972,2021,BT,Not Applicable,Gasoline,1986,ICE,Not Applicable,1,Statewide,6
18973,2021,T1,Unknown,Gasoline,2018,ICE,Not Applicable,≥4,Statewide,6
18974,2021,T1,Unknown,Gasoline,2018,ICE,Not Applicable,1,Statewide,6
18975,2021,T3,Unknown,Gasoline,1985,ICE,Not Applicable,2,Statewide,6
18976,2021,P,Not Applicable,Natural Gas,1977,ICE,Not Applicable,≥4,Statewide,29
18977,2021,T2,Unknown,Natural Gas,2018,ICE,Not Applicable,≥4,Statewide,29
18978,2021,T3,2,Natural Gas,2005,ICE,Not Applicable,1,Statewide,29
18979,2021,T6,7,Natural Gas,2008,ICE,Not Applicable,≥4,Statewide,29
18980,2021,T7,8,Natural Gas,2021,ICE,Not Applicable,1,Statewide,29
18981,2021,T4,2,Gasoline,2002,ICE,Not Applicable,≥4,Statewide,7337
18982,2021,T6,6,Gasoline,1986,ICE,Not Applicable,1,Statewide,6
18983,2021,T3,Unknown,Gasoline,2009,ICE,Not Applicable,1,Statewide,5358
18984,2021,T6,4,Gasoline,1979,ICE,Not Applicable,≥4,Statewide,6
18985,2021,T6,Unknown,Gasoline,1978,ICE,Not Applicable,3,Statewide,6
18986,2021,T5,3,Gasoline,1987,ICE,Not Applicable,3,Statewide,6
18987,2021,T5,3,Gasoline,1984,ICE,Not Applicable,2,Statewide,6
18988,2021,T5,3,Gasoline,1982,ICE,Not Applicable,1,Statewide,6
18989,2021,T5,3,Gasoline,1980,ICE,Not Applicable,≥4,Statewide,6
18990,2021,T4,Unknown,Gasoline,2004,ICE,Not Applicable,≥4,Statewide,6
18991,2021,T4,Unknown,Gasoline,1999,ICE,Not Applicable,2,Statewide,6
18992,2021,T4,Unknown,Gasoline,1998,ICE,Not Applicable,1,Statewide,6
18993,2021,T4,Unknown,Gasoline,1995,ICE,Not Applicable,1,Statewide,6
18994,2021,T4,Unknown,Gasoline,1995,ICE,Not Applicable,2,Statewide,6
18995,2021,T4,Unknown,Gasoline,1992,ICE,Not Applicable,≥4,Statewide,6
18996,2021,T4,Unknown,Gasoline,1985,ICE,Not Applicable,1,Statewide,6
18997,2021,T4,Unknown,Gasoline,1980,ICE,Not Applicable,2,Statewide,6
18998,2021,MC,Not Applicable,Gasoline,2004,ICE,Not Applicable,≥4,Statewide,7308
18999,2021,T4,Unknown,Gasoline,1980,ICE,Not Applicable,3,Statewide,6
19000,2021,T3,Unknown,Gasoline,1987,ICE,Not Applicable,2,Statewide,6
19001,2021,MC,Not Applicable,Gasoline,2021,ICE,Not Applicable,2,Statewide,7271
19002,2021,P,Not Applicable,Gasoline,1993,ICE,Not Applicable,2,Statewide,5401
19003,2021,B,Not Applicable,Natural Gas,2004,ICE,Not Applicable,≥4,Statewide,29
19004,2021,T4,Unknown,Diesel,2011,ICE,Not Applicable,2,Statewide,22
19005,2021,T1,Unknown,Gasoline,2019,ICE,Not Applicable,2,Statewide,1
19006,2021,T3,2,Diesel,1989,ICE,Not Applicable,1,Statewide,52
19007,2021,MH,Not Applicable,Gasoline,2016,ICE,Not Applicable,1,Statewide,243
19008,2021,T4,2,Diesel,1989,ICE,Not Applicable,2,Statewide,243
19009,2021,T3,Unknown,Diesel,2018,ICE,Not Applicable,≥4,Statewide,243
19010,2021,T2,1,Gasoline,1989,ICE,Not Applicable,≥4,Statewide,1708
19011,2021,T1,1,Gasoline,1980,ICE,Not Applicable,2,Statewide,242
19012,2021,MH,Not Applicable,Gasoline,1991,ICE,Not Applicable,2,Statewide,242
19013,2021,MC,Not Applicable,Gasoline,1982,ICE,Not Applicable,2,Statewide,242
19014,2021,P,Not Applicable,Diesel,1985,ICE,Not Applicable,2,Statewide,242
19015,2021,T1,1,Gasoline,1988,ICE,Not Applicable,≥4,Statewide,1709
19016,2021,T3,Unknown,Gasoline,2023,ICE,Not Applicable,3,Statewide,241
19017,2021,T1,1,Gasoline,1980,ICE,Not Applicable,1,Statewide,241
19018,2021,T5,3,Gasoline,2016,ICE,Not Applicable,≥4,Statewide,1711
19019,2021,T5,3,Gasoline,2000,ICE,Not Applicable,1,Statewide,240
19020,2021,T5,3,Gasoline,1999,ICE,Not Applicable,1,Statewide,240
19021,2021,MC,Not Applicable,Gasoline,2023,ICE,Not Applicable,3,Statewide,239
19022,2021,T7,8,Diesel,2023,ICE,Not Applicable,1,Statewide,239
19023,2021,T6,4,Diesel,2009,ICE,Not Applicable,3,Statewide,239
19024,2021,T2,1,Diesel,2021,ICE,Not Applicable,3,Statewide,239
19025,2021,T6,5,Diesel,2009,ICE,Not Applicable,≥4,Statewide,1717
19026,2021,P,Not Applicable,Gasoline,1984,ICE,Not Applicable,3,Statewide,1701
19027,2021,T2,1,Gasoline,1992,ICE,Not Applicable,3,Statewide,1700
19028,2021,BT,Not Applicable,Diesel,1995,ICE,Not Applicable,≥4,Statewide,244
19029,2021,T6,4,Diesel,2007,ICE,Not Applicable,1,Statewide,244
19030,2021,T3,Unknown,Gasoline,2017,ICE,Not Applicable,1,Statewide,1689
19031,2021,MH,Not Applicable,Gasoline,1983,ICE,Not Applicable,1,Statewide,247
19032,2021,T6,6,Diesel,2013,ICE,Not Applicable,2,Statewide,247
19033,2021,T6,4,Diesel,1995,ICE,Not Applicable,≥4,Statewide,247
19034,2021,MH,Not Applicable,Diesel,2004,ICE,Not Applicable,3,Statewide,247
19035,2021,P,Not Applicable,Electric,2022,BEV,51 to 100 miles,2,Statewide,1690
19036,2021,T6,5,Gasoline,2012,ICE,Not Applicable,≥4,Statewide,246
19037,2021,MH,Not Applicable,Gasoline,2020,ICE,Not Applicable,1,Statewide,246
19038,2021,T7,8,Diesel,1988,ICE,Not Applicable,≥4,Statewide,246
19039,2021,P,Not Applicable,Electric,2019,BEV,>150 miles,≥4,Statewide,1717
19040,2021,T6,6,Diesel,2008,ICE,Not Applicable,1,Statewide,246
19041,2021,T6,4,Gasoline,2004,ICE,Not Applicable,1,Statewide,245
19042,2021,T4,Unknown,Gasoline,2011,ICE,Not Applicable,≥4,Statewide,245
19043,2021,BT,Not Applicable,Gasoline,2015,ICE,Not Applicable,≥4,Statewide,245
19044,2021,T6,4,Diesel,2004,ICE,Not Applicable,3,Statewide,245
19045,2021,P,Not Applicable,Diesel,1992,ICE,Not Applicable,2,Statewide,245
19046,2021,P,Not Applicable,Diesel,1985,ICE,Not Applicable,1,Statewide,245
19047,2021,MC,Not Applicable,Gasoline,1985,ICE,Not Applicable,≥4,Statewide,1699
19048,2021,T3,Unknown,Gasoline,2002,ICE,Not Applicable,1,Statewide,244
19049,2021,T7,8,Diesel,2010,ICE,Not Applicable,3,Statewide,244
19050,2021,T4,2,Gasoline,2013,ICE,Not Applicable,3,Statewide,1692
19051,2021,P,Not Applicable,Natural Gas,2019,ICE,Not Applicable,≥4,Statewide,238
19052,2021,T6,6,Gasoline,2000,ICE,Not Applicable,≥4,Statewide,238
19053,2021,T6,5,Gasoline,1977,ICE,Not Applicable,1,Statewide,238
19054,2021,T1,1,Gasoline,1985,ICE,Not Applicable,2,Statewide,229
19055,2021,MH,Not Applicable,Gasoline,2020,ICE,Not Applicable,2,Statewide,229
19056,2021,B,Not Applicable,Diesel,2011,ICE,Not Applicable,≥4,Statewide,229
19057,2021,MH,Not Applicable,Gasoline,2009,ICE,Not Applicable,3,Statewide,1734
19058,2021,T5,3,Gasoline,2018,ICE,Not Applicable,≥4,Statewide,1735
19059,2021,T3,Unknown,Gasoline,2004,ICE,Not Applicable,3,Statewide,228
19060,2021,MH,Not Applicable,Gasoline,2015,ICE,Not Applicable,3,Statewide,228
19061,2021,BT,Not Applicable,Gasoline,2019,ICE,Not Applicable,≥4,Statewide,228
19062,2021,B,Not Applicable,Diesel,2007,ICE,Not Applicable,≥4,Statewide,228
19063,2021,T2,Unknown,Gasoline,2003,ICE,Not Applicable,1,Statewide,230
19064,2021,T3,Unknown,Diesel,2019,ICE,Not Applicable,≥4,Statewide,227
19065,2021,T2,Unknown,Diesel,2018,ICE,Not Applicable,≥4,Statewide,227
19066,2021,P,Not Applicable,Electric,2020,BEV,Unknown,≥4,Statewide,226
19067,2021,T6,5,Diesel,2003,ICE,Not Applicable,≥4,Statewide,226
19068,2021,T6,6,Diesel,1993,ICE,Not Applicable,≥4,Statewide,226
19069,2021,T7,8,Natural Gas,2018,ICE,Not Applicable,3,Statewide,2
19070,2021,T3,2,Gasoline,1994,ICE,Not Applicable,3,Statewide,1746
19071,2021,T7,8,Natural Gas,2013,ICE,Not Applicable,3,Statewide,2
19072,2021,T7,8,Natural Gas,2009,ICE,Not Applicable,3,Statewide,2
19073,2021,T6,Unknown,Natural Gas,2023,ICE,Not Applicable,≥4,Statewide,2
19074,2021,T3,2,Diesel,2012,ICE,Not Applicable,2,Statewide,227
19075,2021,T6,7,Diesel,2005,ICE,Not Applicable,≥4,Statewide,1688
19076,2021,T5,3,Diesel,2001,ICE,Not Applicable,1,Statewide,231
19077,2021,T5,3,Gasoline,2012,ICE,Not Applicable,3,Statewide,231
19078,2021,T3,Unknown,Gasoline,1991,ICE,Not Applicable,≥4,Statewide,238
19079,2021,T6,4,Diesel,2006,ICE,Not Applicable,3,Statewide,238
19080,2021,BT,Not Applicable,Gasoline,2016,ICE,Not Applicable,≥4,Statewide,237
19081,2021,T7,8,Diesel,2006,ICE,Not Applicable,2,Statewide,237
19082,2021,BT,Not Applicable,Natural Gas,2009,ICE,Not Applicable,≥4,Statewide,236
19083,2021,T2,Unknown,Gasoline,2003,ICE,Not Applicable,2,Statewide,235
19084,2021,T5,3,Diesel,1992,ICE,Not Applicable,≥4,Statewide,235
19085,2021,BS,Not Applicable,Diesel,1993,ICE,Not Applicable,≥4,Statewide,235
19086,2021,B,Not Applicable,Diesel,2008,ICE,Not Applicable,≥4,Statewide,235
19087,2021,T1,1,Gasoline,1983,ICE,Not Applicable,1,Statewide,231
19088,2021,T4,Unknown,Gasoline,1977,ICE,Not Applicable,2,Statewide,234
19089,2021,T2,1,Gasoline,1984,ICE,Not Applicable,1,Statewide,234
19090,2021,T1,1,Gasoline,1981,ICE,Not Applicable,3,Statewide,234
19091,2021,MC,Not Applicable,Gasoline,2023,ICE,Not Applicable,2,Statewide,234
19092,2021,T4,2,Diesel,1987,ICE,Not Applicable,≥4,Statewide,233
19093,2021,T1,1,Gasoline,1985,ICE,Not Applicable,1,Statewide,232
19094,2021,T4,2,Diesel,1989,ICE,Not Applicable,1,Statewide,232
19095,2021,T2,Unknown,Diesel,2022,ICE,Not Applicable,2,Statewide,232
19096,2021,P,Not Applicable,Natural Gas,2007,ICE,Not Applicable,≥4,Statewide,231
19097,2021,T5,3,Gasoline,2021,ICE,Not Applicable,2,Statewide,231
19098,2021,T3,2,Gasoline,1988,ICE,Not Applicable,2,Statewide,234
19099,2021,T6,7,Natural Gas,2023,ICE,Not Applicable,1,Statewide,2
19100,2021,T6,4,Diesel,2002,ICE,Not Applicable,1,Statewide,248
19101,2021,T2,1,Gasoline,1983,ICE,Not Applicable,1,Statewide,248
19102,2021,T6,4,Gasoline,1977,ICE,Not Applicable,≥4,Statewide,263
19103,2021,T7,8,Diesel,2009,ICE,Not Applicable,1,Statewide,263
19104,2021,T3,Unknown,Diesel,2018,ICE,Not Applicable,2,Statewide,263
19105,2021,T7,8,Diesel,2013,ICE,Not Applicable,1,Statewide,1662
19106,2021,T6,7,Diesel,2012,ICE,Not Applicable,≥4,Statewide,1663
19107,2021,MC,Not Applicable,Gasoline,1978,ICE,Not Applicable,≥4,Statewide,1663
19108,2021,T6,5,Gasoline,2009,ICE,Not Applicable,≥4,Statewide,262
19109,2021,T2,1,Gasoline,1987,ICE,Not Applicable,1,Statewide,262
19110,2021,T6,4,Diesel,2005,ICE,Not Applicable,3,Statewide,262
19111,2021,T5,3,Diesel,2001,ICE,Not Applicable,3,Statewide,262
19112,2021,T3,2,Diesel,2015,ICE,Not Applicable,3,Statewide,262
19113,2021,T2,Unknown,Diesel,2021,ICE,Not Applicable,2,Statewide,262
19114,2021,P,Not Applicable,Gasoline,1979,ICE,Not Applicable,1,Statewide,1663
19115,2021,T5,3,Gasoline,2018,ICE,Not Applicable,1,Statewide,261
19116,2021,T6,Unknown,Diesel,2022,ICE,Not Applicable,≥4,Statewide,261
19117,2021,P,Not Applicable,Diesel,1992,ICE,Not Applicable,3,Statewide,261
19118,2021,T2,1,Gasoline,1992,ICE,Not Applicable,2,Statewide,1663
19119,2021,P,Not Applicable,Diesel,2020,ICE,Not Applicable,3,Statewide,1664
19120,2021,B,Not Applicable,Gasoline,2011,ICE,Not Applicable,3,Statewide,260
19121,2021,P,Not Applicable,Gasoline,1984,ICE,Not Applicable,2,Statewide,1661
19122,2021,T5,3,Diesel,2020,ICE,Not Applicable,1,Statewide,1661
19123,2021,T3,2,Diesel,2015,ICE,Not Applicable,1,Statewide,264
19124,2021,T5,3,Diesel,2021,ICE,Not Applicable,1,Statewide,1660
19125,2021,T1,1,Gasoline,1985,ICE,Not Applicable,3,Statewide,269
19126,2021,T2,1,Diesel,2022,ICE,Not Applicable,1,Statewide,269
19127,2021,T6,6,Diesel,2020,ICE,Not Applicable,1,Statewide,268
19128,2021,P,Not Applicable,Diesel,2009,ICE,Not Applicable,≥4,Statewide,268
19129,2021,T5,3,Diesel,2011,ICE,Not Applicable,1,Statewide,1648
19130,2021,T6,4,Gasoline,1998,ICE,Not Applicable,≥4,Statewide,267
19131,2021,T3,Unknown,Gasoline,2003,ICE,Not Applicable,1,Statewide,267
19132,2021,T2,Unknown,Gasoline,2007,ICE,Not Applicable,1,Statewide,267
19133,2021,T6,5,Diesel,2022,ICE,Not Applicable,2,Statewide,267
19134,2021,P,Not Applicable,Diesel,2022,ICE,Not Applicable,1,Statewide,260
19135,2021,T6,4,Diesel,2010,ICE,Not Applicable,3,Statewide,267
19136,2021,BT,Not Applicable,Diesel,2009,ICE,Not Applicable,≥4,Statewide,267
19137,2021,BT,Not Applicable,Diesel,1994,ICE,Not Applicable,≥4,Statewide,267
19138,2021,T3,Unknown,Gasoline,2004,ICE,Not Applicable,2,Statewide,266
19139,2021,T1,Unknown,Gasoline,2013,ICE,Not Applicable,3,Statewide,266
19140,2021,BT,Not Applicable,Diesel,2002,ICE,Not Applicable,≥4,Statewide,266
19141,2021,P,Not Applicable,Electric,2019,BEV,51 to 100 miles,3,Statewide,1656
19142,2021,T4,2,Diesel,2016,ICE,Not Applicable,3,Statewide,1660
19143,2021,MH,Not Applicable,Gasoline,2013,ICE,Not Applicable,1,Statewide,265
19144,2021,BT,Not Applicable,Gasoline,2018,ICE,Not Applicable,≥4,Statewide,265
19145,2021,T5,3,Diesel,2001,ICE,Not Applicable,2,Statewide,267
19146,2021,MC,Not Applicable,Gasoline,1979,ICE,Not Applicable,≥4,Statewide,1665
19147,2021,MC,Not Applicable,Gasoline,1981,ICE,Not Applicable,2,Statewide,259
19148,2021,T6,4,Diesel,2004,ICE,Not Applicable,2,Statewide,259
19149,2021,T6,6,Gasoline,2018,ICE,Not Applicable,1,Statewide,253
19150,2021,T4,2,Gasoline,2023,ICE,Not Applicable,≥4,Statewide,253
19151,2021,B,Not Applicable,Gasoline,2022,ICE,Not Applicable,≥4,Statewide,253
19152,2021,T3,Unknown,Diesel,2017,ICE,Not Applicable,≥4,Statewide,253
19153,2021,P,Not Applicable,Hydrogen,2021,FCEV,>150 miles,≥4,Statewide,252
19154,2021,T3,Unknown,Gasoline,2003,ICE,Not Applicable,2,Statewide,252
19155,2021,T6,5,Diesel,2020,ICE,Not Applicable,3,Statewide,252
19156,2021,T4,2,Gasoline,1977,ICE,Not Applicable,1,Statewide,1680
19157,2021,T1,1,Gasoline,1984,ICE,Not Applicable,1,Statewide,250
19158,2021,T5,3,Diesel,2002,ICE,Not Applicable,1,Statewide,254
19159,2021,T7,8,Diesel,1999,ICE,Not Applicable,1,Statewide,250
19160,2021,P,Not Applicable,Diesel,2000,ICE,Not Applicable,≥4,Statewide,250
19161,2021,MH,Not Applicable,Diesel,2019,ICE,Not Applicable,3,Statewide,250
19162,2021,MH,Not Applicable,Diesel,1997,ICE,Not Applicable,≥4,Statewide,250
19163,2021,B,Not Applicable,Diesel,2005,ICE,Not Applicable,≥4,Statewide,250
19164,2021,B,Not Applicable,Diesel,2004,ICE,Not Applicable,≥4,Statewide,250
19165,2021,T7,8,Diesel,2010,ICE,Not Applicable,2,Statewide,249
19166,2021,T6,5,Diesel,2020,ICE,Not Applicable,2,Statewide,249
19167,2021,T6,6,Diesel,2009,ICE,Not Applicable,3,Statewide,249
19168,2021,T3,2,Gasoline,1985,ICE,Not Applicable,2,Statewide,248
19169,2021,T6,6,Diesel,2006,ICE,Not Applicable,3,Statewide,250
19170,2021,T6,5,Diesel,2012,ICE,Not Applicable,2,Statewide,248
19171,2021,T6,6,Diesel,2006,ICE,Not Applicable,2,Statewide,254
19172,2021,T6,6,Gasoline,2005,ICE,Not Applicable,≥4,Statewide,254
19173,2021,T3,Unknown,Gasoline,2005,ICE,Not Applicable,3,Statewide,258
19174,2021,T6,5,Diesel,2009,ICE,Not Applicable,1,Statewide,258
19175,2021,MH,Not Applicable,Diesel,2013,ICE,Not Applicable,1,Statewide,258
19176,2021,B,Not Applicable,Diesel,2016,ICE,Not Applicable,≥4,Statewide,258
19177,2021,T4,Unknown,Diesel,2021,ICE,Not Applicable,≥4,Statewide,1667
19178,2021,T3,2,Gasoline,1988,ICE,Not Applicable,3,Statewide,257
19179,2021,T1,1,Gasoline,1983,ICE,Not Applicable,2,Statewide,257
19180,2021,T6,4,Diesel,2012,ICE,Not Applicable,3,Statewide,257
19181,2021,T6,4,Diesel,2011,ICE,Not Applicable,3,Statewide,257
19182,2021,T7,8,Diesel,2006,ICE,Not Applicable,3,Statewide,254
19183,2021,T6,4,Diesel,2005,ICE,Not Applicable,2,Statewide,257
19184,2021,P,Not Applicable,Diesel,1985,ICE,Not Applicable,3,Statewide,257
19185,2021,T1,Unknown,Gasoline,1983,ICE,Not Applicable,≥4,Statewide,256
19186,2021,T5,3,Diesel,2002,ICE,Not Applicable,3,Statewide,256
19187,2021,T2,1,Gasoline,1983,ICE,Not Applicable,2,Statewide,255
19188,2021,B,Not Applicable,Gasoline,2011,ICE,Not Applicable,2,Statewide,255
19189,2021,P,Not Applicable,Electric,2017,BEV,>150 miles,1,Statewide,255
19190,2021,T6,5,Diesel,2016,ICE,Not Applicable,1,Statewide,255
19191,2021,T5,3,Diesel,2002,ICE,Not Applicable,2,Statewide,255
19192,2021,P,Not Applicable,Gasoline,2021,PHEV,51 to 100 miles,1,Statewide,1673
19193,2021,T3,2,Diesel,2010,ICE,Not Applicable,≥4,Statewide,257
19194,2021,T6,7,Natural Gas,2022,ICE,Not Applicable,1,Statewide,2
19195,2021,T2,1,Gasoline,1982,ICE,Not Applicable,3,Statewide,225
19196,2021,BT,Not Applicable,Gasoline,2014,ICE,Not Applicable,≥4,Statewide,225
19197,2021,BS,Not Applicable,Natural Gas,2019,ICE,Not Applicable,≥4,Statewide,212
19198,2021,T5,3,Gasoline,1999,ICE,Not Applicable,3,Statewide,212
19199,2021,T6,7,Diesel,2005,ICE,Not Applicable,1,Statewide,212
19200,2021,BS,Not Applicable,Diesel,1992,ICE,Not Applicable,≥4,Statewide,212
19201,2021,B,Not Applicable,Natural Gas,2018,ICE,Not Applicable,3,Statewide,2
19202,2021,B,Not Applicable,Natural Gas,2014,ICE,Not Applicable,1,Statewide,2
19203,2021,B,Not Applicable,Natural Gas,2006,ICE,Not Applicable,1,Statewide,2
19204,2021,T3,2,Diesel,2021,ICE,Not Applicable,2,Statewide,1777
19205,2021,B,Not Applicable,Natural Gas,2005,ICE,Not Applicable,2,Statewide,2
19206,2021,B,Not Applicable,Natural Gas,2004,ICE,Not Applicable,1,Statewide,2
19207,2021,T6,4,Gasoline,2014,ICE,Not Applicable,≥4,Statewide,211
19208,2021,T6,6,Gasoline,2012,ICE,Not Applicable,≥4,Statewide,211
19209,2021,T3,Unknown,Gasoline,1978,ICE,Not Applicable,≥4,Statewide,211
19210,2021,T6,6,Diesel,2017,ICE,Not Applicable,2,Statewide,211
19211,2021,T6,6,Diesel,2008,ICE,Not Applicable,≥4,Statewide,1778
19212,2021,T5,3,Diesel,2005,ICE,Not Applicable,≥4,Statewide,1780
19213,2021,B,Not Applicable,Natural Gas,2001,ICE,Not Applicable,≥4,Statewide,2
19214,2021,T2,1,Hydrogen,2020,FCEV,>150 miles,1,Statewide,2
19215,2021,T2,1,Hydrogen,2020,FCEV,>150 miles,≥4,Statewide,2
19216,2021,P,Not Applicable,Natural Gas,2009,ICE,Not Applicable,≥4,Statewide,212
19217,2021,B,Not Applicable,Natural Gas,2019,ICE,Not Applicable,1,Statewide,2
19218,2021,BS,Not Applicable,Natural Gas,2001,ICE,Not Applicable,≥4,Statewide,2
19219,2021,BS,Not Applicable,Natural Gas,2016,ICE,Not Applicable,2,Statewide,2
19220,2021,T6,4,Diesel,1998,ICE,Not Applicable,≥4,Statewide,214
19221,2021,T6,4,Diesel,1997,ICE,Not Applicable,≥4,Statewide,214
19222,2021,T5,3,Diesel,2003,ICE,Not Applicable,3,Statewide,214
19223,2021,MC,Not Applicable,Gasoline,1977,ICE,Not Applicable,2,Statewide,1772
19224,2021,P,Not Applicable,Electric,2022,BEV,51 to 100 miles,1,Statewide,1773
19225,2021,T2,Unknown,Gasoline,2019,ICE,Not Applicable,2,Statewide,1774
19226,2021,BT,Not Applicable,Natural Gas,2008,ICE,Not Applicable,1,Statewide,2
19227,2021,BT,Not Applicable,Natural Gas,2005,ICE,Not Applicable,1,Statewide,2
19228,2021,BT,Not Applicable,Natural Gas,2004,ICE,Not Applicable,2,Statewide,2
19229,2021,P,Not Applicable,Hydrogen,2017,FCEV,>150 miles,≥4,Statewide,2
19230,2021,BT,Not Applicable,Natural Gas,2002,ICE,Not Applicable,1,Statewide,2
19231,2021,T6,6,Gasoline,1982,ICE,Not Applicable,≥4,Statewide,213
19232,2021,MH,Not Applicable,Gasoline,1983,ICE,Not Applicable,2,Statewide,213
19233,2021,T6,5,Diesel,2008,ICE,Not Applicable,1,Statewide,213
19234,2021,P,Not Applicable,Diesel,2009,ICE,Not Applicable,1,Statewide,213
19235,2021,MH,Not Applicable,Diesel,2014,ICE,Not Applicable,≥4,Statewide,213
19236,2021,BS,Not Applicable,Natural Gas,2021,ICE,Not Applicable,2,Statewide,2
19237,2021,BS,Not Applicable,Natural Gas,2020,ICE,Not Applicable,1,Statewide,2
19238,2021,BS,Not Applicable,Natural Gas,2019,ICE,Not Applicable,3,Statewide,2
19239,2021,BS,Not Applicable,Natural Gas,2017,ICE,Not Applicable,2,Statewide,2
19240,2021,BS,Not Applicable,Natural Gas,2023,ICE,Not Applicable,1,Statewide,2
19241,2021,T7,8,Gasoline,2021,ICE,Not Applicable,1,Statewide,2
19242,2021,T7,8,Gasoline,2018,ICE,Not Applicable,3,Statewide,2
19243,2021,MC,Not Applicable,Gasoline,1981,ICE,Not Applicable,1,Statewide,210
19244,2021,P,Not Applicable,Electric,2014,BEV,Unknown,≥4,Statewide,208
19245,2021,T7,8,Diesel,2002,ICE,Not Applicable,2,Statewide,208
19246,2021,T6,5,Diesel,2005,ICE,Not Applicable,1,Statewide,208
19247,2021,B,Not Applicable,Diesel,2014,ICE,Not Applicable,≥4,Statewide,208
19248,2021,T6,7,Gasoline,2021,ICE,Not Applicable,1,Statewide,2
19249,2021,T6,7,Gasoline,2020,ICE,Not Applicable,1,Statewide,2
19250,2021,T6,Unknown,Gasoline,2019,ICE,Not Applicable,2,Statewide,2
19251,2021,T6,Unknown,Gasoline,2017,ICE,Not Applicable,≥4,Statewide,2
19252,2021,T6,7,Gasoline,2014,ICE,Not Applicable,2,Statewide,2
19253,2021,MH,Not Applicable,Gasoline,1982,ICE,Not Applicable,1,Statewide,208
19254,2021,T6,5,Diesel,2019,ICE,Not Applicable,2,Statewide,207
19255,2021,T6,7,Gasoline,2014,ICE,Not Applicable,3,Statewide,2
19256,2021,T7,8,Diesel,2017,ICE,Not Applicable,1,Statewide,1789
19257,2021,T6,Unknown,Gasoline,2013,ICE,Not Applicable,≥4,Statewide,2
19258,2021,T6,7,Gasoline,2013,ICE,Not Applicable,3,Statewide,2
19259,2021,BT,Not Applicable,Natural Gas,2011,ICE,Not Applicable,≥4,Statewide,206
19260,2021,BT,Not Applicable,Gasoline,2011,ICE,Not Applicable,≥4,Statewide,206
19261,2021,BS,Not Applicable,Gasoline,1977,ICE,Not Applicable,2,Statewide,206
19262,2021,T7,8,Diesel,2003,ICE,Not Applicable,3,Statewide,206
19263,2021,T6,Unknown,Gasoline,2012,ICE,Not Applicable,1,Statewide,2
19264,2021,T6,5,Diesel,2013,ICE,Not Applicable,2,Statewide,207
19265,2021,T6,6,Diesel,2004,ICE,Not Applicable,2,Statewide,214
19266,2021,T5,3,Gasoline,2001,ICE,Not Applicable,1,Statewide,208
19267,2021,T6,Unknown,Gasoline,2021,ICE,Not Applicable,≥4,Statewide,2
19268,2021,BT,Not Applicable,Electric,2006,BEV,Unknown,1,Statewide,210
19269,2021,T7,8,Diesel,2003,ICE,Not Applicable,2,Statewide,210
19270,2021,T3,Unknown,Diesel,2017,ICE,Not Applicable,1,Statewide,210
19271,2021,T7,8,Gasoline,2004,ICE,Not Applicable,1,Statewide,2
19272,2021,T7,8,Gasoline,2000,ICE,Not Applicable,≥4,Statewide,2
19273,2021,T7,8,Gasoline,1994,ICE,Not Applicable,1,Statewide,2
19274,2021,T7,8,Gasoline,1990,ICE,Not Applicable,2,Statewide,2
19275,2021,T7,8,Gasoline,1988,ICE,Not Applicable,2,Statewide,2
19276,2021,T7,8,Gasoline,1987,ICE,Not Applicable,3,Statewide,2
19277,2021,T5,3,Gasoline,2003,ICE,Not Applicable,2,Statewide,208
19278,2021,T7,8,Gasoline,1985,ICE,Not Applicable,1,Statewide,2
19279,2021,T6,4,Gasoline,1997,ICE,Not Applicable,≥4,Statewide,209
19280,2021,T6,5,Diesel,2022,ICE,Not Applicable,3,Statewide,209
19281,2021,T6,5,Diesel,2009,ICE,Not Applicable,3,Statewide,209
19282,2021,T3,2,Diesel,1988,ICE,Not Applicable,≥4,Statewide,209
19283,2021,T4,2,Gasoline,2013,ICE,Not Applicable,2,Statewide,1784
19284,2021,T4,2,Gasoline,2020,ICE,Not Applicable,3,Statewide,1784
19285,2021,T7,8,Gasoline,1984,ICE,Not Applicable,2,Statewide,2
19286,2021,T7,8,Gasoline,1978,ICE,Not Applicable,3,Statewide,2
19287,2021,T6,Unknown,Gasoline,2022,ICE,Not Applicable,≥4,Statewide,2
19288,2021,T7,8,Gasoline,1985,ICE,Not Applicable,2,Statewide,2
19289,2021,T6,5,Diesel,2018,ICE,Not Applicable,1,Statewide,214
19290,2021,T5,3,Gasoline,2012,ICE,Not Applicable,2,Statewide,214
19291,2021,BT,Not Applicable,Natural Gas,2012,ICE,Not Applicable,2,Statewide,2
19292,2021,MH,Not Applicable,Diesel,2018,ICE,Not Applicable,3,Statewide,222
19293,2021,T6,7,Natural Gas,2008,ICE,Not Applicable,3,Statewide,2
19294,2021,T6,4,Natural Gas,2007,ICE,Not Applicable,≥4,Statewide,2
19295,2021,T6,4,Natural Gas,2006,ICE,Not Applicable,2,Statewide,2
19296,2021,T6,4,Natural Gas,2006,ICE,Not Applicable,3,Statewide,2
19297,2021,T6,7,Natural Gas,2006,ICE,Not Applicable,≥4,Statewide,2
19298,2021,T5,3,Gasoline,1993,ICE,Not Applicable,≥4,Statewide,221
19299,2021,MH,Not Applicable,Gasoline,1983,ICE,Not Applicable,3,Statewide,221
19300,2021,T6,5,Diesel,2012,ICE,Not Applicable,3,Statewide,221
19301,2021,T3,Unknown,Diesel,2019,ICE,Not Applicable,2,Statewide,222
19302,2021,P,Not Applicable,Diesel,1991,ICE,Not Applicable,≥4,Statewide,221
19303,2021,T6,4,Natural Gas,2003,ICE,Not Applicable,1,Statewide,2
19304,2021,T6,5,Natural Gas,2003,ICE,Not Applicable,≥4,Statewide,2
19305,2021,T4,2,Natural Gas,2018,ICE,Not Applicable,1,Statewide,2
19306,2021,T5,3,Gasoline,2000,ICE,Not Applicable,2,Statewide,220
19307,2021,T1,Unknown,Gasoline,1982,ICE,Not Applicable,≥4,Statewide,220
19308,2021,T6,4,Diesel,2006,ICE,Not Applicable,2,Statewide,220
19309,2021,MC,Not Applicable,Gasoline,1983,ICE,Not Applicable,≥4,Statewide,1760
19310,2021,T4,2,Natural Gas,2018,ICE,Not Applicable,2,Statewide,2
19311,2021,T4,2,Natural Gas,2017,ICE,Not Applicable,2,Statewide,2
19312,2021,T6,6,Natural Gas,2004,ICE,Not Applicable,≥4,Statewide,2
19313,2021,T4,2,Natural Gas,2009,ICE,Not Applicable,3,Statewide,2
19314,2021,T6,7,Diesel,2013,ICE,Not Applicable,1,Statewide,222
19315,2021,T2,1,Gasoline,1986,ICE,Not Applicable,1,Statewide,222
19316,2021,T6,6,Diesel,2016,ICE,Not Applicable,1,Statewide,225
19317,2021,T5,3,Diesel,1991,ICE,Not Applicable,≥4,Statewide,225
19318,2021,T3,2,Gasoline,1994,ICE,Not Applicable,2,Statewide,1746
19319,2021,T6,7,Natural Gas,2022,ICE,Not Applicable,3,Statewide,2
19320,2021,T6,Unknown,Natural Gas,2021,ICE,Not Applicable,≥4,Statewide,2
19321,2021,T6,4,Natural Gas,2021,ICE,Not Applicable,2,Statewide,2
19322,2021,T6,7,Natural Gas,2020,ICE,Not Applicable,2,Statewide,2
19323,2021,T6,7,Natural Gas,2018,ICE,Not Applicable,2,Statewide,2
19324,2021,T6,7,Natural Gas,2018,ICE,Not Applicable,3,Statewide,2
19325,2021,T1,1,Gasoline,1982,ICE,Not Applicable,3,Statewide,222
19326,2021,T6,7,Natural Gas,2017,ICE,Not Applicable,1,Statewide,2
19327,2021,P,Not Applicable,Diesel,2001,ICE,Not Applicable,≥4,Statewide,224
19328,2021,P,Not Applicable,Diesel,1992,ICE,Not Applicable,1,Statewide,224
19329,2021,T3,2,Gasoline,1977,ICE,Not Applicable,2,Statewide,1751
19330,2021,T6,6,Natural Gas,2015,ICE,Not Applicable,1,Statewide,2
19331,2021,P,Not Applicable,Diesel,1984,ICE,Not Applicable,1,Statewide,223
19332,2021,T6,6,Natural Gas,2014,ICE,Not Applicable,2,Statewide,2
19333,2021,T6,6,Natural Gas,2011,ICE,Not Applicable,2,Statewide,2
19334,2021,T6,7,Natural Gas,2010,ICE,Not Applicable,3,Statewide,2
19335,2021,T6,7,Natural Gas,2009,ICE,Not Applicable,1,Statewide,2
19336,2021,T6,Unknown,Diesel,2020,ICE,Not Applicable,≥4,Statewide,224
19337,2021,T2,1,Gasoline,1984,ICE,Not Applicable,2,Statewide,269
19338,2021,T4,2,Natural Gas,1999,ICE,Not Applicable,1,Statewide,2
19339,2021,T3,2,Natural Gas,2020,ICE,Not Applicable,3,Statewide,2
19340,2021,T2,Unknown,Natural Gas,2006,ICE,Not Applicable,1,Statewide,2
19341,2021,T1,Unknown,Natural Gas,2018,ICE,Not Applicable,2,Statewide,2
19342,2021,P,Not Applicable,Natural Gas,1995,ICE,Not Applicable,≥4,Statewide,2
19343,2021,T5,3,Gasoline,1990,ICE,Not Applicable,≥4,Statewide,216
19344,2021,T4,2,Gasoline,1983,ICE,Not Applicable,1,Statewide,216
19345,2021,P,Not Applicable,Gasoline,2016,PHEV,0 to 50 miles,1,Statewide,216
19346,2021,T6,4,Diesel,2009,ICE,Not Applicable,2,Statewide,216
19347,2021,T4,2,Diesel,1992,ICE,Not Applicable,3,Statewide,216
19348,2021,T2,Unknown,Gasoline,1977,ICE,Not Applicable,3,Statewide,1769
19349,2021,T2,Unknown,Natural Gas,2008,ICE,Not Applicable,≥4,Statewide,2
19350,2021,T4,2,Gasoline,1991,ICE,Not Applicable,≥4,Statewide,1769
19351,2021,BT,Not Applicable,Natural Gas,2020,ICE,Not Applicable,2,Statewide,2
19352,2021,BT,Not Applicable,Natural Gas,2018,ICE,Not Applicable,1,Statewide,2
19353,2021,T6,4,Gasoline,2006,ICE,Not Applicable,1,Statewide,215
19354,2021,T6,6,Gasoline,2002,ICE,Not Applicable,≥4,Statewide,215
19355,2021,T3,2,Gasoline,1988,ICE,Not Applicable,1,Statewide,215
19356,2021,P,Not Applicable,Diesel,1984,ICE,Not Applicable,2,Statewide,215
19357,2021,T3,2,Diesel,2017,ICE,Not Applicable,≥4,Statewide,1770
19358,2021,BT,Not Applicable,Natural Gas,2017,ICE,Not Applicable,2,Statewide,2
19359,2021,BT,Not Applicable,Natural Gas,2015,ICE,Not Applicable,2,Statewide,2
19360,2021,BT,Not Applicable,Natural Gas,2020,ICE,Not Applicable,1,Statewide,2
19361,2021,T3,2,Natural Gas,2020,ICE,Not Applicable,2,Statewide,2
19362,2021,T5,3,Diesel,2011,ICE,Not Applicable,2,Statewide,1768
19363,2021,T2,Unknown,Natural Gas,2013,ICE,Not Applicable,≥4,Statewide,2
19364,2021,T3,Unknown,Natural Gas,2017,ICE,Not Applicable,2,Statewide,2
19365,2021,T5,3,Gasoline,2000,ICE,Not Applicable,3,Statewide,219
19366,2021,T6,5,Diesel,2010,ICE,Not Applicable,2,Statewide,219
19367,2021,T6,6,Diesel,2004,ICE,Not Applicable,3,Statewide,219
19368,2021,T3,2,Diesel,2014,ICE,Not Applicable,≥4,Statewide,219
19369,2021,T3,2,Natural Gas,2017,ICE,Not Applicable,3,Statewide,2
19370,2021,T3,2,Natural Gas,2001,ICE,Not Applicable,2,Statewide,2
19371,2021,T3,2,Natural Gas,2000,ICE,Not Applicable,3,Statewide,2
19372,2021,T6,6,Natural Gas,2015,ICE,Not Applicable,≥4,Statewide,218
19373,2021,T2,Unknown,Natural Gas,2008,ICE,Not Applicable,3,Statewide,2
19374,2021,T6,7,Gasoline,1977,ICE,Not Applicable,≥4,Statewide,218
19375,2021,T3,2,Natural Gas,1998,ICE,Not Applicable,3,Statewide,2
19376,2021,T3,2,Natural Gas,1998,ICE,Not Applicable,≥4,Statewide,2
19377,2021,T2,Unknown,Natural Gas,2019,ICE,Not Applicable,2,Statewide,2
19378,2021,T2,Unknown,Natural Gas,2018,ICE,Not Applicable,1,Statewide,2
19379,2021,T2,Unknown,Natural Gas,2017,ICE,Not Applicable,3,Statewide,2
19380,2021,T5,3,Gasoline,2003,ICE,Not Applicable,3,Statewide,217
19381,2021,T4,2,Diesel,1989,ICE,Not Applicable,3,Statewide,217
19382,2021,T5,3,Diesel,2022,ICE,Not Applicable,1,Statewide,1765
19383,2021,T6,4,Diesel,2004,ICE,Not Applicable,≥4,Statewide,1765
19384,2021,T3,Unknown,Gasoline,2002,ICE,Not Applicable,2,Statewide,218
19385,2021,T6,Unknown,Gasoline,2012,ICE,Not Applicable,2,Statewide,2
19386,2021,T3,2,Gasoline,1985,ICE,Not Applicable,1,Statewide,269
19387,2021,T6,7,Diesel,1986,ICE,Not Applicable,≥4,Statewide,271
19388,2021,T7,8,Natural Gas,2020,ICE,Not Applicable,3,Statewide,3
19389,2021,T7,8,Natural Gas,2023,ICE,Not Applicable,2,Statewide,3
19390,2021,T3,2,Gasoline,2011,ICE,Not Applicable,2,Statewide,44038
19391,2021,T2,1,Gasoline,2006,ICE,Not Applicable,1,Statewide,44026
19392,2021,T3,2,Gasoline,2007,ICE,Not Applicable,3,Statewide,43977
19393,2021,T2,1,Gasoline,2005,ICE,Not Applicable,1,Statewide,43507
19394,2021,T5,3,Gasoline,1994,ICE,Not Applicable,≥4,Statewide,338
19395,2021,MH,Not Applicable,Gasoline,2004,ICE,Not Applicable,3,Statewide,1496
19396,2021,BS,Not Applicable,Natural Gas,2016,ICE,Not Applicable,≥4,Statewide,337
19397,2021,T3,Unknown,Gasoline,2004,ICE,Not Applicable,1,Statewide,337
19398,2021,MH,Not Applicable,Gasoline,1996,ICE,Not Applicable,2,Statewide,337
19399,2021,T6,6,Diesel,2005,ICE,Not Applicable,3,Statewide,337
19400,2021,T4,Unknown,Gasoline,2020,ICE,Not Applicable,2,Statewide,1496
19401,2021,T3,2,Gasoline,2006,ICE,Not Applicable,2,Statewide,43095
19402,2021,T1,1,Gasoline,1984,ICE,Not Applicable,3,Statewide,336
19403,2021,T4,2,Diesel,1988,ICE,Not Applicable,≥4,Statewide,336
19404,2021,P,Not Applicable,Diesel,2010,ICE,Not Applicable,3,Statewide,336
19405,2021,MH,Not Applicable,Diesel,2001,ICE,Not Applicable,≥4,Statewide,336
19406,2021,B,Not Applicable,Diesel,2022,ICE,Not Applicable,≥4,Statewide,336
19407,2021,T7,8,Natural Gas,2012,ICE,Not Applicable,1,Statewide,3
19408,2021,T7,8,Diesel,2001,ICE,Not Applicable,1,Statewide,339
19409,2021,T2,Unknown,Gasoline,2002,ICE,Not Applicable,≥4,Statewide,339
19410,2021,T6,5,Gasoline,2014,ICE,Not Applicable,≥4,Statewide,339
19411,2021,BS,Not Applicable,Diesel,2010,ICE,Not Applicable,≥4,Statewide,342
19412,2021,T4,2,Natural Gas,2008,ICE,Not Applicable,3,Statewide,3
19413,2021,T2,1,Gasoline,2013,ICE,Not Applicable,1,Statewide,44195
19414,2021,T6,6,Natural Gas,2009,ICE,Not Applicable,≥4,Statewide,3
19415,2021,T6,5,Natural Gas,2015,ICE,Not Applicable,≥4,Statewide,3
19416,2021,T6,4,Natural Gas,2017,ICE,Not Applicable,1,Statewide,3
19417,2021,T1,Unknown,Gasoline,2013,ICE,Not Applicable,2,Statewide,341
19418,2021,MH,Not Applicable,Gasoline,1996,ICE,Not Applicable,1,Statewide,341
19419,2021,T6,6,Diesel,2004,ICE,Not Applicable,1,Statewide,341
19420,2021,T2,1,Gasoline,1991,ICE,Not Applicable,3,Statewide,1497
19421,2021,T6,Unknown,Natural Gas,2018,ICE,Not Applicable,≥4,Statewide,3
19422,2021,T7,8,Natural Gas,2009,ICE,Not Applicable,2,Statewide,3
19423,2021,T6,5,Gasoline,2008,ICE,Not Applicable,≥4,Statewide,340
19424,2021,MC,Not Applicable,Gasoline,1981,ICE,Not Applicable,3,Statewide,340
19425,2021,T4,2,Diesel,1994,ICE,Not Applicable,3,Statewide,340
19426,2021,T4,2,Diesel,1991,ICE,Not Applicable,1,Statewide,340
19427,2021,MH,Not Applicable,Diesel,2016,ICE,Not Applicable,≥4,Statewide,340
19428,2021,MH,Not Applicable,Diesel,2007,ICE,Not Applicable,3,Statewide,340
19429,2021,T7,8,Natural Gas,2010,ICE,Not Applicable,1,Statewide,3
19430,2021,T7,8,Natural Gas,2012,ICE,Not Applicable,2,Statewide,3
19431,2021,T6,4,Natural Gas,2021,ICE,Not Applicable,≥4,Statewide,3
19432,2021,BT,Not Applicable,Diesel,1997,ICE,Not Applicable,≥4,Statewide,335
19433,2021,T4,Unknown,Gasoline,1977,ICE,Not Applicable,≥4,Statewide,1501
19434,2021,MH,Not Applicable,Gasoline,1998,ICE,Not Applicable,1,Statewide,334
19435,2021,T2,Unknown,Diesel,2017,ICE,Not Applicable,3,Statewide,325
19436,2021,P,Not Applicable,Diesel,2007,ICE,Not Applicable,3,Statewide,325
19437,2021,T3,2,Gasoline,2023,ICE,Not Applicable,2,Statewide,1518
19438,2021,T6,4,Gasoline,2015,ICE,Not Applicable,≥4,Statewide,324
19439,2021,T2,1,Gasoline,1981,ICE,Not Applicable,2,Statewide,324
19440,2021,T7,8,Diesel,2012,ICE,Not Applicable,3,Statewide,324
19441,2021,MH,Not Applicable,Diesel,2011,ICE,Not Applicable,1,Statewide,324
19442,2021,MH,Not Applicable,Gasoline,2016,ICE,Not Applicable,2,Statewide,323
19443,2021,T7,8,Diesel,2012,ICE,Not Applicable,2,Statewide,323
19444,2021,T7,8,Diesel,1987,ICE,Not Applicable,≥4,Statewide,325
19445,2021,T4,2,Diesel,1994,ICE,Not Applicable,2,Statewide,323
19446,2021,T7,8,Diesel,2004,ICE,Not Applicable,2,Statewide,322
19447,2021,T1,Unknown,Gasoline,2013,ICE,Not Applicable,≥4,Statewide,321
19448,2021,BT,Not Applicable,Diesel,2014,ICE,Not Applicable,≥4,Statewide,321
19449,2021,T5,3,Diesel,2020,ICE,Not Applicable,2,Statewide,1522
19450,2021,T6,4,Gasoline,1999,ICE,Not Applicable,≥4,Statewide,320
19451,2021,T5,3,Gasoline,2008,ICE,Not Applicable,2,Statewide,320
19452,2021,T2,Unknown,Gasoline,2020,ICE,Not Applicable,3,Statewide,320
19453,2021,T2,1,Gasoline,1987,ICE,Not Applicable,2,Statewide,320
19454,2021,MH,Not Applicable,Gasoline,2006,ICE,Not Applicable,≥4,Statewide,1522
19455,2021,MH,Not Applicable,Diesel,1998,ICE,Not Applicable,≥4,Statewide,323
19456,2021,T6,7,Diesel,1990,ICE,Not Applicable,≥4,Statewide,342
19457,2021,T3,Unknown,Gasoline,2014,ICE,Not Applicable,3,Statewide,325
19458,2021,T2,1,Gasoline,1983,ICE,Not Applicable,3,Statewide,326
19459,2021,T6,6,Diesel,1996,ICE,Not Applicable,≥4,Statewide,334
19460,2021,T4,2,Diesel,2017,ICE,Not Applicable,2,Statewide,1504
19461,2021,P,Not Applicable,Electric,2018,BEV,101 to 150 miles,3,Statewide,1505
19462,2021,T2,1,Gasoline,2003,ICE,Not Applicable,≥4,Statewide,42909
19463,2021,T3,2,Gasoline,1979,ICE,Not Applicable,2,Statewide,333
19464,2021,MC,Not Applicable,Gasoline,1982,ICE,Not Applicable,3,Statewide,333
19465,2021,T7,8,Diesel,2002,ICE,Not Applicable,1,Statewide,333
19466,2021,T6,6,Diesel,2013,ICE,Not Applicable,1,Statewide,333
19467,2021,T6,6,Diesel,2010,ICE,Not Applicable,3,Statewide,333
19468,2021,T6,4,Diesel,2009,ICE,Not Applicable,1,Statewide,326
19469,2021,T3,2,Gasoline,2010,ICE,Not Applicable,1,Statewide,42453
19470,2021,B,Not Applicable,Diesel,2017,ICE,Not Applicable,≥4,Statewide,332
19471,2021,T3,2,Gasoline,2012,ICE,Not Applicable,3,Statewide,42336
19472,2021,MH,Not Applicable,Gasoline,2018,ICE,Not Applicable,1,Statewide,330
19473,2021,T2,Unknown,Gasoline,2000,ICE,Not Applicable,≥4,Statewide,329
19474,2021,T1,1,Gasoline,2023,ICE,Not Applicable,3,Statewide,329
19475,2021,MH,Not Applicable,Diesel,2013,ICE,Not Applicable,2,Statewide,329
19476,2021,BT,Not Applicable,Diesel,1989,ICE,Not Applicable,≥4,Statewide,329
19477,2021,T2,Unknown,Diesel,2022,ICE,Not Applicable,1,Statewide,327
19478,2021,T6,5,Gasoline,2010,ICE,Not Applicable,≥4,Statewide,326
19479,2021,T5,3,Diesel,2015,ICE,Not Applicable,2,Statewide,332
19480,2021,T5,3,Gasoline,2022,ICE,Not Applicable,1,Statewide,319
19481,2021,B,Not Applicable,Gasoline,2011,ICE,Not Applicable,1,Statewide,342
19482,2021,T5,3,Gasoline,2008,ICE,Not Applicable,3,Statewide,342
19483,2021,T7,8,Diesel,2005,ICE,Not Applicable,3,Statewide,351
19484,2021,T7,8,Gasoline,1993,ICE,Not Applicable,1,Statewide,3
19485,2021,T7,8,Gasoline,1997,ICE,Not Applicable,≥4,Statewide,3
19486,2021,T3,2,Gasoline,2008,ICE,Not Applicable,1,Statewide,45244
19487,2021,T5,3,Gasoline,2019,ICE,Not Applicable,1,Statewide,350
19488,2021,MH,Not Applicable,Gasoline,1980,ICE,Not Applicable,≥4,Statewide,350
19489,2021,T7,8,Gasoline,1998,ICE,Not Applicable,≥4,Statewide,3
19490,2021,T7,8,Gasoline,2001,ICE,Not Applicable,≥4,Statewide,3
19491,2021,T7,8,Gasoline,2005,ICE,Not Applicable,≥4,Statewide,3
19492,2021,T7,8,Gasoline,2009,ICE,Not Applicable,≥4,Statewide,3
19493,2021,T6,4,Gasoline,1996,ICE,Not Applicable,≥4,Statewide,349
19494,2021,T2,Unknown,Gasoline,2019,ICE,Not Applicable,1,Statewide,1473
19495,2021,T7,8,Gasoline,2011,ICE,Not Applicable,≥4,Statewide,3
19496,2021,T7,8,Gasoline,2015,ICE,Not Applicable,≥4,Statewide,3
19497,2021,P,Not Applicable,Hydrogen,2016,FCEV,Unknown,1,Statewide,3
19498,2021,B,Not Applicable,Natural Gas,2004,ICE,Not Applicable,2,Statewide,3
19499,2021,P,Not Applicable,Hydrogen,2022,FCEV,>150 miles,3,Statewide,348
19500,2021,T2,1,Diesel,2021,ICE,Not Applicable,1,Statewide,348
19501,2021,B,Not Applicable,Natural Gas,2005,ICE,Not Applicable,3,Statewide,3
19502,2021,T5,3,Gasoline,2007,ICE,Not Applicable,3,Statewide,351
19503,2021,T7,8,Gasoline,1990,ICE,Not Applicable,3,Statewide,3
19504,2021,T7,8,Gasoline,1987,ICE,Not Applicable,2,Statewide,3
19505,2021,T7,8,Gasoline,1986,ICE,Not Applicable,1,Statewide,3
19506,2021,T3,Unknown,Gasoline,1980,ICE,Not Applicable,≥4,Statewide,356
19507,2021,T6,Unknown,Gasoline,2008,ICE,Not Applicable,≥4,Statewide,3
19508,2021,T6,7,Gasoline,2010,ICE,Not Applicable,3,Statewide,3
19509,2021,T6,Unknown,Gasoline,2011,ICE,Not Applicable,≥4,Statewide,3
19510,2021,T7,8,Diesel,2008,ICE,Not Applicable,1,Statewide,355
19511,2021,T7,8,Diesel,2014,ICE,Not Applicable,3,Statewide,1463
19512,2021,T6,6,Gasoline,2013,ICE,Not Applicable,3,Statewide,3
19513,2021,T6,4,Gasoline,2015,ICE,Not Applicable,2,Statewide,3
19514,2021,T4,2,Gasoline,2015,ICE,Not Applicable,3,Statewide,354
19515,2021,B,Not Applicable,Natural Gas,2006,ICE,Not Applicable,3,Statewide,3
19516,2021,MH,Not Applicable,Diesel,2005,ICE,Not Applicable,3,Statewide,354
19517,2021,T7,8,Gasoline,1979,ICE,Not Applicable,3,Statewide,3
19518,2021,T7,8,Gasoline,1979,ICE,Not Applicable,2,Statewide,3
19519,2021,T7,8,Gasoline,1980,ICE,Not Applicable,3,Statewide,3
19520,2021,T7,8,Gasoline,1981,ICE,Not Applicable,2,Statewide,3
19521,2021,T5,3,Gasoline,2005,ICE,Not Applicable,2,Statewide,353
19522,2021,T6,6,Diesel,2011,ICE,Not Applicable,3,Statewide,353
19523,2021,T4,Unknown,Gasoline,2020,ICE,Not Applicable,1,Statewide,1464
19524,2021,T7,8,Gasoline,1983,ICE,Not Applicable,2,Statewide,3
19525,2021,T7,8,Gasoline,1983,ICE,Not Applicable,1,Statewide,3
19526,2021,T3,2,Gasoline,2022,ICE,Not Applicable,2,Statewide,45334
19527,2021,P,Not Applicable,Gasoline,1977,ICE,Not Applicable,2,Statewide,45082
19528,2021,B,Not Applicable,Natural Gas,2008,ICE,Not Applicable,3,Statewide,3
19529,2021,B,Not Applicable,Natural Gas,2009,ICE,Not Applicable,2,Statewide,3
19530,2021,BS,Not Applicable,Natural Gas,2023,ICE,Not Applicable,3,Statewide,3
19531,2021,BT,Not Applicable,Natural Gas,2003,ICE,Not Applicable,1,Statewide,3
19532,2021,BT,Not Applicable,Natural Gas,2009,ICE,Not Applicable,2,Statewide,3
19533,2021,BT,Not Applicable,Natural Gas,2011,ICE,Not Applicable,3,Statewide,3
19534,2021,BT,Not Applicable,Natural Gas,2015,ICE,Not Applicable,1,Statewide,3
19535,2021,BT,Not Applicable,Natural Gas,2016,ICE,Not Applicable,2,Statewide,3
19536,2021,T3,Unknown,Gasoline,2005,ICE,Not Applicable,2,Statewide,344
19537,2021,MH,Not Applicable,Gasoline,1989,ICE,Not Applicable,2,Statewide,344
19538,2021,BT,Not Applicable,Natural Gas,2019,ICE,Not Applicable,1,Statewide,3
19539,2021,BS,Not Applicable,Natural Gas,2020,ICE,Not Applicable,2,Statewide,3
19540,2021,MC,Not Applicable,Natural Gas,2008,ICE,Not Applicable,≥4,Statewide,3
19541,2021,P,Not Applicable,Natural Gas,2001,ICE,Not Applicable,3,Statewide,3
19542,2021,MH,Not Applicable,Gasoline,1992,ICE,Not Applicable,1,Statewide,343
19543,2021,MH,Not Applicable,Gasoline,1987,ICE,Not Applicable,≥4,Statewide,343
19544,2021,T1,Unknown,Natural Gas,2007,ICE,Not Applicable,≥4,Statewide,3
19545,2021,T3,2,Natural Gas,1999,ICE,Not Applicable,3,Statewide,3
19546,2021,T3,2,Natural Gas,2000,ICE,Not Applicable,1,Statewide,3
19547,2021,T3,2,Natural Gas,2015,ICE,Not Applicable,≥4,Statewide,3
19548,2021,T4,2,Natural Gas,2001,ICE,Not Applicable,2,Statewide,3
19549,2021,T4,2,Natural Gas,2003,ICE,Not Applicable,3,Statewide,3
19550,2021,P,Not Applicable,Natural Gas,1977,ICE,Not Applicable,1,Statewide,3
19551,2021,T2,Unknown,Gasoline,2008,ICE,Not Applicable,3,Statewide,342
19552,2021,BS,Not Applicable,Natural Gas,2019,ICE,Not Applicable,2,Statewide,3
19553,2021,P,Not Applicable,Gasoline,2021,BEV,51 to 100 miles,3,Statewide,345
19554,2021,T4,2,Diesel,1991,ICE,Not Applicable,2,Statewide,347
19555,2021,T2,Unknown,Diesel,2021,ICE,Not Applicable,1,Statewide,347
19556,2021,BS,Not Applicable,Diesel,1996,ICE,Not Applicable,≥4,Statewide,347
19557,2021,B,Not Applicable,Natural Gas,2015,ICE,Not Applicable,3,Statewide,3
19558,2021,T3,2,Gasoline,1978,ICE,Not Applicable,≥4,Statewide,1479
19559,2021,B,Not Applicable,Natural Gas,2015,ICE,Not Applicable,1,Statewide,3
19560,2021,B,Not Applicable,Natural Gas,2017,ICE,Not Applicable,3,Statewide,3
19561,2021,B,Not Applicable,Natural Gas,2020,ICE,Not Applicable,3,Statewide,3
19562,2021,T3,2,Gasoline,2022,PHEV,0 to 50 miles,3,Statewide,346
19563,2021,MH,Not Applicable,Diesel,1999,ICE,Not Applicable,≥4,Statewide,345
19564,2021,T3,2,Gasoline,1979,ICE,Not Applicable,3,Statewide,346
19565,2021,B,Not Applicable,Natural Gas,2021,ICE,Not Applicable,≥4,Statewide,3
19566,2021,T6,6,Diesel,2003,ICE,Not Applicable,≥4,Statewide,1485
19567,2021,BS,Not Applicable,Natural Gas,2005,ICE,Not Applicable,3,Statewide,3
19568,2021,BS,Not Applicable,Natural Gas,2005,ICE,Not Applicable,2,Statewide,3
19569,2021,BS,Not Applicable,Natural Gas,2006,ICE,Not Applicable,1,Statewide,3
19570,2021,BS,Not Applicable,Natural Gas,2011,ICE,Not Applicable,1,Statewide,3
19571,2021,BS,Not Applicable,Natural Gas,2013,ICE,Not Applicable,1,Statewide,3
19572,2021,T7,8,Gasoline,1977,ICE,Not Applicable,3,Statewide,345
19573,2021,T4,Unknown,Gasoline,1977,ICE,Not Applicable,3,Statewide,345
19574,2021,MH,Not Applicable,Gasoline,1993,ICE,Not Applicable,1,Statewide,346
19575,2021,MC,Not Applicable,Gasoline,1983,ICE,Not Applicable,1,Statewide,319
19576,2021,T6,5,Diesel,2017,ICE,Not Applicable,1,Statewide,319
19577,2021,T3,Unknown,Gasoline,2017,ICE,Not Applicable,3,Statewide,1524
19578,2021,B,Not Applicable,Gasoline,2005,ICE,Not Applicable,≥4,Statewide,288
19579,2021,P,Not Applicable,Electric,2017,BEV,>150 miles,3,Statewide,287
19580,2021,T6,4,Diesel,1999,ICE,Not Applicable,≥4,Statewide,287
19581,2021,T6,5,Diesel,2010,ICE,Not Applicable,1,Statewide,286
19582,2021,T4,2,Diesel,1994,ICE,Not Applicable,1,Statewide,286
19583,2021,MH,Not Applicable,Diesel,2006,ICE,Not Applicable,3,Statewide,286
19584,2021,MC,Not Applicable,Gasoline,2004,ICE,Not Applicable,1,Statewide,1596
19585,2021,T4,2,Diesel,1990,ICE,Not Applicable,3,Statewide,285
19586,2021,MC,Not Applicable,Gasoline,2001,ICE,Not Applicable,3,Statewide,1597
19587,2021,T7,8,Diesel,1984,ICE,Not Applicable,≥4,Statewide,284
19588,2021,T6,5,Diesel,2011,ICE,Not Applicable,3,Statewide,284
19589,2021,T6,4,Diesel,2010,ICE,Not Applicable,2,Statewide,284
19590,2021,BT,Not Applicable,Diesel,2013,ICE,Not Applicable,≥4,Statewide,284
19591,2021,B,Not Applicable,Diesel,2006,ICE,Not Applicable,≥4,Statewide,284
19592,2021,T5,3,Gasoline,2013,ICE,Not Applicable,2,Statewide,283
19593,2021,T3,2,Gasoline,1985,ICE,Not Applicable,3,Statewide,283
19594,2021,P,Not Applicable,Gasoline,2016,PHEV,0 to 50 miles,2,Statewide,282
19595,2021,MH,Not Applicable,Gasoline,2013,ICE,Not Applicable,2,Statewide,282
19596,2021,MH,Not Applicable,Diesel,2012,ICE,Not Applicable,1,Statewide,282
19597,2021,MC,Not Applicable,Gasoline,1980,ICE,Not Applicable,1,Statewide,288
19598,2021,MH,Not Applicable,Gasoline,1986,ICE,Not Applicable,≥4,Statewide,288
19599,2021,T3,Unknown,Gasoline,2023,ICE,Not Applicable,2,Statewide,288
19600,2021,T7,8,Diesel,2022,ICE,Not Applicable,3,Statewide,289
19601,2021,BT,Not Applicable,Gasoline,2020,ICE,Not Applicable,≥4,Statewide,293
19602,2021,MH,Not Applicable,Diesel,2009,ICE,Not Applicable,2,Statewide,293
19603,2021,MH,Not Applicable,Diesel,2000,ICE,Not Applicable,≥4,Statewide,293
19604,2021,T4,2,Diesel,2018,ICE,Not Applicable,1,Statewide,1581
19605,2021,P,Not Applicable,Natural Gas,2012,ICE,Not Applicable,≥4,Statewide,292
19606,2021,B,Not Applicable,Diesel,2003,ICE,Not Applicable,≥4,Statewide,292
19607,2021,MH,Not Applicable,Gasoline,1994,ICE,Not Applicable,≥4,Statewide,1586
19608,2021,T6,4,Gasoline,2022,ICE,Not Applicable,≥4,Statewide,291
19609,2021,T6,5,Gasoline,2011,ICE,Not Applicable,≥4,Statewide,291
19610,2021,T4,2,Diesel,2002,ICE,Not Applicable,1,Statewide,1601
19611,2021,T6,4,Gasoline,1994,ICE,Not Applicable,≥4,Statewide,291
19612,2021,T1,1,Gasoline,1980,ICE,Not Applicable,3,Statewide,291
19613,2021,T5,3,Diesel,2015,ICE,Not Applicable,1,Statewide,291
19614,2021,T5,3,Gasoline,2007,ICE,Not Applicable,2,Statewide,290
19615,2021,T2,Unknown,Gasoline,2021,ICE,Not Applicable,1,Statewide,290
19616,2021,T6,4,Diesel,2012,ICE,Not Applicable,2,Statewide,290
19617,2021,BS,Not Applicable,Diesel,1999,ICE,Not Applicable,≥4,Statewide,290
19618,2021,MH,Not Applicable,Diesel,2010,ICE,Not Applicable,≥4,Statewide,1588
19619,2021,MH,Not Applicable,Gasoline,2006,ICE,Not Applicable,1,Statewide,289
19620,2021,MH,Not Applicable,Gasoline,1992,ICE,Not Applicable,2,Statewide,289
19621,2021,T4,2,Gasoline,1989,ICE,Not Applicable,3,Statewide,291
19622,2021,T2,Unknown,Gasoline,2019,ICE,Not Applicable,≥4,Statewide,1601
19623,2021,T2,Unknown,Gasoline,2007,ICE,Not Applicable,3,Statewide,281
19624,2021,MC,Not Applicable,Gasoline,1980,ICE,Not Applicable,≥4,Statewide,1603
19625,2021,T6,7,Diesel,2014,ICE,Not Applicable,≥4,Statewide,1620
19626,2021,T4,2,Diesel,2016,ICE,Not Applicable,1,Statewide,1621
19627,2021,BS,Not Applicable,Gasoline,2022,ICE,Not Applicable,≥4,Statewide,275
19628,2021,T6,4,Diesel,2008,ICE,Not Applicable,1,Statewide,275
19629,2021,P,Not Applicable,Electric,2022,BEV,51 to 100 miles,≥4,Statewide,1622
19630,2021,P,Not Applicable,Natural Gas,2016,ICE,Not Applicable,≥4,Statewide,274
19631,2021,MH,Not Applicable,Diesel,2017,ICE,Not Applicable,≥4,Statewide,274
19632,2021,P,Not Applicable,Electric,2018,BEV,51 to 100 miles,3,Statewide,1627
19633,2021,P,Not Applicable,Gasoline,2023,PHEV,0 to 50 miles,≥4,Statewide,273
19634,2021,T2,1,Diesel,2022,ICE,Not Applicable,≥4,Statewide,276
19635,2021,T6,6,Diesel,2021,ICE,Not Applicable,1,Statewide,273
19636,2021,B,Not Applicable,Diesel,2002,ICE,Not Applicable,≥4,Statewide,273
19637,2021,T1,1,Gasoline,1990,ICE,Not Applicable,1,Statewide,1627
19638,2021,T5,3,Gasoline,2020,ICE,Not Applicable,3,Statewide,272
19639,2021,T6,5,Diesel,2011,ICE,Not Applicable,2,Statewide,272
19640,2021,T4,2,Gasoline,1990,ICE,Not Applicable,≥4,Statewide,1631
19641,2021,T6,4,Gasoline,2005,ICE,Not Applicable,1,Statewide,271
19642,2021,T6,6,Gasoline,1979,ICE,Not Applicable,≥4,Statewide,271
19643,2021,T7,8,Diesel,2011,ICE,Not Applicable,3,Statewide,271
19644,2021,T6,6,Diesel,2009,ICE,Not Applicable,2,Statewide,271
19645,2021,T5,3,Diesel,1993,ICE,Not Applicable,≥4,Statewide,273
19646,2021,BS,Not Applicable,Diesel,2023,ICE,Not Applicable,≥4,Statewide,294
19647,2021,T3,2,Diesel,2022,ICE,Not Applicable,2,Statewide,276
19648,2021,T4,2,Gasoline,1989,ICE,Not Applicable,2,Statewide,276
19649,2021,T3,Unknown,Gasoline,2020,ICE,Not Applicable,3,Statewide,280
19650,2021,P,Not Applicable,Diesel,2011,ICE,Not Applicable,3,Statewide,280
19651,2021,T2,1,Gasoline,1986,ICE,Not Applicable,2,Statewide,279
19652,2021,T1,Unknown,Gasoline,1985,ICE,Not Applicable,≥4,Statewide,279
19653,2021,MC,Not Applicable,Gasoline,1979,ICE,Not Applicable,1,Statewide,279
19654,2021,T6,6,Diesel,2018,ICE,Not Applicable,1,Statewide,279
19655,2021,T5,3,Diesel,2014,ICE,Not Applicable,1,Statewide,279
19656,2021,MH,Not Applicable,Diesel,2009,ICE,Not Applicable,1,Statewide,279
19657,2021,T5,3,Gasoline,2016,ICE,Not Applicable,1,Statewide,278
19658,2021,T4,2,Diesel,1990,ICE,Not Applicable,1,Statewide,276
19659,2021,T5,3,Gasoline,2003,ICE,Not Applicable,1,Statewide,278
19660,2021,P,Not Applicable,Diesel,2005,ICE,Not Applicable,≥4,Statewide,278
19661,2021,P,Not Applicable,Diesel,1977,ICE,Not Applicable,≥4,Statewide,278
19662,2021,T2,1,Gasoline,1984,ICE,Not Applicable,3,Statewide,277
19663,2021,T1,Unknown,Gasoline,1979,ICE,Not Applicable,≥4,Statewide,277
19664,2021,T6,4,Diesel,2011,ICE,Not Applicable,2,Statewide,277
19665,2021,T3,2,Gasoline,1994,ICE,Not Applicable,1,Statewide,1617
19666,2021,T6,4,Gasoline,2005,ICE,Not Applicable,≥4,Statewide,1619
19667,2021,T6,5,Gasoline,2015,ICE,Not Applicable,≥4,Statewide,276
19668,2021,T6,6,Gasoline,1978,ICE,Not Applicable,≥4,Statewide,276
19669,2021,T6,6,Diesel,2003,ICE,Not Applicable,1,Statewide,278
19670,2021,BS,Not Applicable,Gasoline,2011,ICE,Not Applicable,≥4,Statewide,294
19671,2021,T2,1,Gasoline,1981,ICE,Not Applicable,1,Statewide,294
19672,2021,T1,1,Gasoline,1987,ICE,Not Applicable,≥4,Statewide,1577
19673,2021,T6,6,Gasoline,1980,ICE,Not Applicable,≥4,Statewide,310
19674,2021,T4,2,Gasoline,1981,ICE,Not Applicable,≥4,Statewide,310
19675,2021,T2,Unknown,Gasoline,1999,ICE,Not Applicable,≥4,Statewide,310
19676,2021,T6,4,Diesel,2013,ICE,Not Applicable,2,Statewide,310
19677,2021,T3,Unknown,Gasoline,2015,ICE,Not Applicable,2,Statewide,1545
19678,2021,T4,2,Diesel,2018,ICE,Not Applicable,3,Statewide,1547
19679,2021,BT,Not Applicable,Natural Gas,2014,ICE,Not Applicable,≥4,Statewide,309
19680,2021,T5,3,Gasoline,1991,ICE,Not Applicable,≥4,Statewide,309
19681,2021,T6,6,Diesel,2005,ICE,Not Applicable,2,Statewide,309
19682,2021,MH,Not Applicable,Diesel,2020,ICE,Not Applicable,3,Statewide,311
19683,2021,MH,Not Applicable,Diesel,2010,ICE,Not Applicable,2,Statewide,309
19684,2021,BS,Not Applicable,Natural Gas,2008,ICE,Not Applicable,≥4,Statewide,308
19685,2021,T5,3,Gasoline,2020,ICE,Not Applicable,2,Statewide,308
19686,2021,T1,Unknown,Gasoline,2013,ICE,Not Applicable,1,Statewide,308
19687,2021,T3,Unknown,Diesel,2017,ICE,Not Applicable,2,Statewide,308
19688,2021,P,Not Applicable,Diesel,2014,ICE,Not Applicable,3,Statewide,308
19689,2021,MC,Not Applicable,Gasoline,2002,ICE,Not Applicable,3,Statewide,1551
19690,2021,T5,3,Gasoline,2017,ICE,Not Applicable,1,Statewide,307
19691,2021,T2,1,Gasoline,1986,ICE,Not Applicable,3,Statewide,307
19692,2021,B,Not Applicable,Gasoline,2019,ICE,Not Applicable,≥4,Statewide,307
19693,2021,T4,2,Diesel,1998,ICE,Not Applicable,≥4,Statewide,1548
19694,2021,T5,3,Diesel,2014,ICE,Not Applicable,2,Statewide,307
19695,2021,MH,Not Applicable,Diesel,2022,ICE,Not Applicable,≥4,Statewide,311
19696,2021,MH,Not Applicable,Gasoline,1993,ICE,Not Applicable,2,Statewide,311
19697,2021,BT,Not Applicable,Natural Gas,2012,ICE,Not Applicable,≥4,Statewide,318
19698,2021,T1,1,Gasoline,1979,ICE,Not Applicable,≥4,Statewide,1528
19699,2021,T1,1,Gasoline,1983,ICE,Not Applicable,3,Statewide,317
19700,2021,BT,Not Applicable,Gasoline,2017,ICE,Not Applicable,≥4,Statewide,317
19701,2021,T2,1,Gasoline,1987,ICE,Not Applicable,3,Statewide,316
19702,2021,T6,6,Diesel,1995,ICE,Not Applicable,≥4,Statewide,316
19703,2021,BT,Not Applicable,Diesel,2003,ICE,Not Applicable,≥4,Statewide,316
19704,2021,T2,1,Gasoline,1992,ICE,Not Applicable,1,Statewide,1534
19705,2021,MC,Not Applicable,Gasoline,1980,ICE,Not Applicable,2,Statewide,315
19706,2021,T6,7,Diesel,1989,ICE,Not Applicable,≥4,Statewide,311
19707,2021,T7,8,Diesel,2004,ICE,Not Applicable,3,Statewide,315
19708,2021,T6,4,Diesel,2006,ICE,Not Applicable,1,Statewide,315
19709,2021,T5,3,Gasoline,2002,ICE,Not Applicable,3,Statewide,314
19710,2021,T2,Unknown,Gasoline,2021,ICE,Not Applicable,≥4,Statewide,314
19711,2021,MH,Not Applicable,Gasoline,1991,ICE,Not Applicable,3,Statewide,314
19712,2021,T4,2,Diesel,1999,ICE,Not Applicable,≥4,Statewide,1538
19713,2021,T6,6,Diesel,2014,ICE,Not Applicable,≥4,Statewide,1538
19714,2021,BS,Not Applicable,Diesel,2009,ICE,Not Applicable,≥4,Statewide,313
19715,2021,T3,Unknown,Gasoline,2003,ICE,Not Applicable,≥4,Statewide,312
19716,2021,T6,5,Diesel,2012,ICE,Not Applicable,1,Statewide,312
19717,2021,T7,8,Diesel,2000,ICE,Not Applicable,1,Statewide,315
19718,2021,B,Not Applicable,Diesel,2012,ICE,Not Applicable,≥4,Statewide,270
19719,2021,T4,2,Gasoline,1992,ICE,Not Applicable,≥4,Statewide,1552
19720,2021,T5,3,Gasoline,2012,ICE,Not Applicable,1,Statewide,306
19721,2021,T3,2,Diesel,2013,ICE,Not Applicable,≥4,Statewide,299
19722,2021,MH,Not Applicable,Diesel,2012,ICE,Not Applicable,2,Statewide,299
19723,2021,P,Not Applicable,Natural Gas,2017,ICE,Not Applicable,1,Statewide,298
19724,2021,T5,3,Gasoline,1992,ICE,Not Applicable,≥4,Statewide,298
19725,2021,MH,Not Applicable,Gasoline,1990,ICE,Not Applicable,2,Statewide,298
19726,2021,T7,8,Diesel,2011,ICE,Not Applicable,2,Statewide,298
19727,2021,MH,Not Applicable,Diesel,2010,ICE,Not Applicable,1,Statewide,298
19728,2021,MH,Not Applicable,Diesel,2011,ICE,Not Applicable,≥4,Statewide,1570
19729,2021,MH,Not Applicable,Gasoline,2019,ICE,Not Applicable,≥4,Statewide,1570
19730,2021,T5,3,Diesel,2014,ICE,Not Applicable,3,Statewide,299
19731,2021,MH,Not Applicable,Gasoline,1991,ICE,Not Applicable,1,Statewide,297
19732,2021,T2,1,Diesel,2021,ICE,Not Applicable,2,Statewide,297
19733,2021,T5,3,Diesel,2015,ICE,Not Applicable,3,Statewide,296
19734,2021,P,Not Applicable,Gasoline,1988,ICE,Not Applicable,2,Statewide,1574
19735,2021,T3,Unknown,Gasoline,2002,ICE,Not Applicable,≥4,Statewide,295
19736,2021,T2,Unknown,Gasoline,2021,ICE,Not Applicable,2,Statewide,295
19737,2021,T7,8,Diesel,2022,ICE,Not Applicable,2,Statewide,295
19738,2021,T7,8,Diesel,1985,ICE,Not Applicable,≥4,Statewide,295
19739,2021,T6,6,Diesel,1997,ICE,Not Applicable,≥4,Statewide,295
19740,2021,T2,1,Diesel,2021,ICE,Not Applicable,≥4,Statewide,295
19741,2021,T4,2,Diesel,1990,ICE,Not Applicable,2,Statewide,297
19742,2021,T6,6,Gasoline,1984,ICE,Not Applicable,≥4,Statewide,306
19743,2021,MH,Not Applicable,Gasoline,2003,ICE,Not Applicable,1,Statewide,299
19744,2021,BS,Not Applicable,Diesel,1994,ICE,Not Applicable,≥4,Statewide,300
19745,2021,MC,Not Applicable,Gasoline,1978,ICE,Not Applicable,1,Statewide,306
19746,2021,P,Not Applicable,Diesel,2003,ICE,Not Applicable,≥4,Statewide,306
19747,2021,BT,Not Applicable,Diesel,2017,ICE,Not Applicable,≥4,Statewide,306
19748,2021,T4,2,Gasoline,1989,ICE,Not Applicable,1,Statewide,305
19749,2021,T4,2,Gasoline,1977,ICE,Not Applicable,2,Statewide,1555
19750,2021,T3,2,Gasoline,1990,ICE,Not Applicable,≥4,Statewide,1561
19751,2021,T7,8,Diesel,2007,ICE,Not Applicable,1,Statewide,303
19752,2021,BS,Not Applicable,Diesel,1977,ICE,Not Applicable,≥4,Statewide,303
19753,2021,T2,Unknown,Gasoline,2007,ICE,Not Applicable,2,Statewide,302
19754,2021,T5,3,Gasoline,2013,ICE,Not Applicable,3,Statewide,299
19755,2021,P,Not Applicable,Diesel,2006,ICE,Not Applicable,≥4,Statewide,302
19756,2021,T5,3,Gasoline,2002,ICE,Not Applicable,2,Statewide,301
19757,2021,T1,1,Gasoline,1984,ICE,Not Applicable,2,Statewide,301
19758,2021,P,Not Applicable,Gasoline,2016,PHEV,0 to 50 miles,≥4,Statewide,301
19759,2021,MH,Not Applicable,Gasoline,1981,ICE,Not Applicable,≥4,Statewide,301
19760,2021,P,Not Applicable,Diesel,2021,ICE,Not Applicable,3,Statewide,301
19761,2021,T4,2,Gasoline,1978,ICE,Not Applicable,1,Statewide,300
19762,2021,T6,6,Diesel,2007,ICE,Not Applicable,1,Statewide,300
19763,2021,T6,Unknown,Diesel,1977,ICE,Not Applicable,≥4,Statewide,300
19764,2021,MH,Not Applicable,Diesel,2021,ICE,Not Applicable,2,Statewide,300
19765,2021,T6,4,Gasoline,2016,ICE,Not Applicable,≥4,Statewide,301
19766,2021,T6,7,Gasoline,2011,ICE,Not Applicable,3,Statewide,2
19767,2021,T6,Unknown,Gasoline,2009,ICE,Not Applicable,≥4,Statewide,2
19768,2021,T6,4,Diesel,1994,ICE,Not Applicable,≥4,Statewide,205
19769,2021,T3,2,Gasoline,2014,ICE,Not Applicable,3,Statewide,12830
19770,2021,MC,Not Applicable,Gasoline,2006,ICE,Not Applicable,≥4,Statewide,12826
19771,2021,P,Not Applicable,Electric,1991,BEV,Unknown,1,Statewide,2
19772,2021,T1,1,Gasoline,2007,ICE,Not Applicable,3,Statewide,12768
19773,2021,T1,1,Gasoline,2006,ICE,Not Applicable,1,Statewide,12732
19774,2021,BS,Not Applicable,Natural Gas,2007,ICE,Not Applicable,≥4,Statewide,157
19775,2021,P,Not Applicable,Hydrogen,2021,FCEV,>150 miles,1,Statewide,157
19776,2021,T6,4,Gasoline,2011,ICE,Not Applicable,1,Statewide,157
19777,2021,T6,6,Gasoline,1995,ICE,Not Applicable,≥4,Statewide,157
19778,2021,T4,2,Gasoline,1987,ICE,Not Applicable,3,Statewide,157
19779,2021,T4,2,Gasoline,1983,ICE,Not Applicable,3,Statewide,157
19780,2021,T2,1,Gasoline,1985,ICE,Not Applicable,2,Statewide,157
19781,2021,MH,Not Applicable,Gasoline,1988,ICE,Not Applicable,2,Statewide,157
19782,2021,P,Not Applicable,Diesel,2006,ICE,Not Applicable,1,Statewide,157
19783,2021,BT,Not Applicable,Diesel,2011,ICE,Not Applicable,≥4,Statewide,157
19784,2021,T1,1,Gasoline,2004,ICE,Not Applicable,2,Statewide,12729
19785,2021,P,Not Applicable,Electric,1990,BEV,Unknown,≥4,Statewide,2
19786,2021,T3,2,Gasoline,1996,ICE,Not Applicable,1,Statewide,1977
19787,2021,T1,1,Gasoline,2012,ICE,Not Applicable,2,Statewide,12692
19788,2021,MH,Not Applicable,Diesel,2006,ICE,Not Applicable,2,Statewide,158
19789,2021,P,Not Applicable,Diesel,2009,ICE,Not Applicable,3,Statewide,158
19790,2021,T2,Unknown,Diesel,2018,ICE,Not Applicable,1,Statewide,158
19791,2021,T2,Unknown,Diesel,2022,ICE,Not Applicable,3,Statewide,158
19792,2021,T6,6,Diesel,2022,ICE,Not Applicable,3,Statewide,160
19793,2021,T6,4,Diesel,2008,ICE,Not Applicable,2,Statewide,160
19794,2021,T3,Unknown,Diesel,2016,ICE,Not Applicable,3,Statewide,160
19795,2021,P,Not Applicable,Electric,1994,BEV,Unknown,≥4,Statewide,2
19796,2021,T1,1,Gasoline,2007,ICE,Not Applicable,1,Statewide,12948
19797,2021,T7,8,Natural Gas,2009,ICE,Not Applicable,≥4,Statewide,159
19798,2021,T4,2,Gasoline,1988,ICE,Not Applicable,1,Statewide,159
19799,2021,T3,Unknown,Gasoline,2002,ICE,Not Applicable,3,Statewide,159
19800,2021,T6,5,Diesel,2005,ICE,Not Applicable,2,Statewide,159
19801,2021,BT,Not Applicable,Natural Gas,2019,ICE,Not Applicable,≥4,Statewide,156
19802,2021,T6,5,Diesel,2004,ICE,Not Applicable,1,Statewide,159
19803,2021,T3,Unknown,Diesel,2019,ICE,Not Applicable,3,Statewide,159
19804,2021,T2,1,Diesel,2022,ICE,Not Applicable,3,Statewide,159
19805,2021,T7,8,Diesel,2014,ICE,Not Applicable,≥4,Statewide,12901
19806,2021,T7,8,Diesel,2021,ICE,Not Applicable,≥4,Statewide,12846
19807,2021,T3,Unknown,Gasoline,2011,ICE,Not Applicable,3,Statewide,12838
19808,2021,P,Not Applicable,Natural Gas,2006,ICE,Not Applicable,≥4,Statewide,158
19809,2021,T7,8,Diesel,2009,ICE,Not Applicable,3,Statewide,158
19810,2021,T6,6,Diesel,2021,ICE,Not Applicable,2,Statewide,158
19811,2021,T6,5,Diesel,2008,ICE,Not Applicable,3,Statewide,158
19812,2021,T6,6,Diesel,2002,ICE,Not Applicable,1,Statewide,159
19813,2021,T6,6,Gasoline,2016,ICE,Not Applicable,≥4,Statewide,156
19814,2021,T4,2,Gasoline,1984,ICE,Not Applicable,2,Statewide,156
19815,2021,T1,1,Electric,2018,BEV,101 to 150 miles,2,Statewide,156
19816,2021,T6,4,Diesel,2006,ICE,Not Applicable,≥4,Statewide,1999
19817,2021,P,Not Applicable,Electric,1981,BEV,Unknown,2,Statewide,2
19818,2021,P,Not Applicable,Electric,1981,BEV,Unknown,≥4,Statewide,2
19819,2021,P,Not Applicable,Electric,1980,BEV,Unknown,≥4,Statewide,2
19820,2021,MC,Not Applicable,Electric,2014,BEV,Unknown,1,Statewide,2
19821,2021,MC,Not Applicable,Electric,2014,BEV,Unknown,2,Statewide,2
19822,2021,T7,8,Diesel,2018,ICE,Not Applicable,≥4,Statewide,12426
19823,2021,T1,1,Gasoline,2003,ICE,Not Applicable,3,Statewide,12404
19824,2021,T6,4,Gasoline,1993,ICE,Not Applicable,≥4,Statewide,153
19825,2021,T6,7,Diesel,2019,ICE,Not Applicable,1,Statewide,154
19826,2021,T3,Unknown,Gasoline,2001,ICE,Not Applicable,≥4,Statewide,153
19827,2021,B,Not Applicable,Gasoline,2008,ICE,Not Applicable,1,Statewide,153
19828,2021,T7,8,Diesel,2000,ICE,Not Applicable,3,Statewide,153
19829,2021,T6,6,Diesel,2021,ICE,Not Applicable,3,Statewide,153
19830,2021,T6,5,Diesel,2002,ICE,Not Applicable,≥4,Statewide,153
19831,2021,T3,2,Diesel,2009,ICE,Not Applicable,≥4,Statewide,153
19832,2021,T2,Unknown,Diesel,2019,ICE,Not Applicable,≥4,Statewide,153
19833,2021,T2,1,Gasoline,1998,ICE,Not Applicable,≥4,Statewide,12392
19834,2021,MC,Not Applicable,Electric,2014,BEV,Unknown,3,Statewide,2
19835,2021,MC,Not Applicable,Electric,2011,BEV,Unknown,3,Statewide,2
19836,2021,T2,Unknown,Gasoline,2002,ICE,Not Applicable,1,Statewide,153
19837,2021,T7,8,Diesel,2023,ICE,Not Applicable,2,Statewide,160
19838,2021,T2,Unknown,Gasoline,2001,ICE,Not Applicable,≥4,Statewide,154
19839,2021,T2,Unknown,Gasoline,2002,ICE,Not Applicable,2,Statewide,154
19840,2021,T6,4,Diesel,2017,ICE,Not Applicable,1,Statewide,156
19841,2021,T3,2,Diesel,2011,ICE,Not Applicable,3,Statewide,156
19842,2021,MH,Not Applicable,Diesel,2019,ICE,Not Applicable,2,Statewide,156
19843,2021,BT,Not Applicable,Diesel,2021,ICE,Not Applicable,1,Statewide,156
19844,2021,BT,Not Applicable,Diesel,1985,ICE,Not Applicable,≥4,Statewide,156
19845,2021,P,Not Applicable,Electric,1988,BEV,Unknown,≥4,Statewide,2
19846,2021,P,Not Applicable,Electric,1985,BEV,Unknown,2,Statewide,2
19847,2021,T3,2,Natural Gas,2020,ICE,Not Applicable,≥4,Statewide,155
19848,2021,P,Not Applicable,Natural Gas,2015,ICE,Not Applicable,≥4,Statewide,155
19849,2021,T2,Unknown,Gasoline,2002,ICE,Not Applicable,3,Statewide,154
19850,2021,T6,6,Gasoline,2011,ICE,Not Applicable,≥4,Statewide,155
19851,2021,T1,Unknown,Gasoline,1978,ICE,Not Applicable,3,Statewide,155
19852,2021,T6,7,Diesel,2011,ICE,Not Applicable,1,Statewide,155
19853,2021,T5,3,Diesel,2000,ICE,Not Applicable,2,Statewide,155
19854,2021,T4,2,Diesel,1993,ICE,Not Applicable,1,Statewide,155
19855,2021,B,Not Applicable,Diesel,1998,ICE,Not Applicable,≥4,Statewide,155
19856,2021,T5,3,Gasoline,2019,ICE,Not Applicable,≥4,Statewide,1989
19857,2021,P,Not Applicable,Electric,2019,BEV,51 to 100 miles,1,Statewide,1992
19858,2021,T4,2,Gasoline,2003,ICE,Not Applicable,3,Statewide,1994
19859,2021,T1,1,Gasoline,2006,ICE,Not Applicable,3,Statewide,12494
19860,2021,T6,5,Gasoline,2007,ICE,Not Applicable,≥4,Statewide,155
19861,2021,MC,Not Applicable,Electric,2008,BEV,Unknown,≥4,Statewide,2
19862,2021,T2,Unknown,Gasoline,1978,ICE,Not Applicable,≥4,Statewide,160
19863,2021,T3,2,Natural Gas,2008,ICE,Not Applicable,≥4,Statewide,160
19864,2021,B,Not Applicable,Gasoline,2013,ICE,Not Applicable,2,Statewide,166
19865,2021,T7,8,Diesel,2001,ICE,Not Applicable,3,Statewide,166
19866,2021,T6,6,Diesel,2017,ICE,Not Applicable,3,Statewide,166
19867,2021,T4,2,Diesel,2019,ICE,Not Applicable,3,Statewide,1926
19868,2021,T1,Unknown,Electric,1977,BEV,Unknown,1,Statewide,2
19869,2021,P,Not Applicable,Electric,2016,BEV,0 to 50 miles,2,Statewide,2
19870,2021,T7,8,Diesel,2017,ICE,Not Applicable,≥4,Statewide,13434
19871,2021,P,Not Applicable,Natural Gas,2008,ICE,Not Applicable,≥4,Statewide,165
19872,2021,T6,4,Gasoline,2007,ICE,Not Applicable,1,Statewide,165
19873,2021,MH,Not Applicable,Gasoline,1984,ICE,Not Applicable,3,Statewide,165
19874,2021,T5,3,Diesel,1999,ICE,Not Applicable,1,Statewide,165
19875,2021,BT,Not Applicable,Diesel,2012,ICE,Not Applicable,≥4,Statewide,165
19876,2021,T4,2,Diesel,2002,ICE,Not Applicable,3,Statewide,1929
19877,2021,T4,2,Gasoline,2001,ICE,Not Applicable,1,Statewide,1929
19878,2021,T4,2,Gasoline,2013,ICE,Not Applicable,1,Statewide,1930
19879,2021,T3,2,Gasoline,1977,ICE,Not Applicable,3,Statewide,1931
19880,2021,T1,1,Gasoline,2012,ICE,Not Applicable,≥4,Statewide,13385
19881,2021,P,Not Applicable,Electric,2003,BEV,Unknown,2,Statewide,2
19882,2021,T3,2,Gasoline,1986,ICE,Not Applicable,3,Statewide,164
19883,2021,T1,1,Gasoline,1982,ICE,Not Applicable,1,Statewide,166
19884,2021,T6,6,Gasoline,1990,ICE,Not Applicable,≥4,Statewide,166
19885,2021,BT,Not Applicable,Natural Gas,2015,ICE,Not Applicable,≥4,Statewide,166
19886,2021,T1,1,Gasoline,2018,ICE,Not Applicable,≥4,Statewide,13534
19887,2021,T6,6,Gasoline,2006,ICE,Not Applicable,≥4,Statewide,168
19888,2021,T4,2,Gasoline,1985,ICE,Not Applicable,2,Statewide,168
19889,2021,T4,2,Gasoline,1979,ICE,Not Applicable,3,Statewide,168
19890,2021,T7,8,Diesel,1983,ICE,Not Applicable,≥4,Statewide,168
19891,2021,P,Not Applicable,Diesel,2004,ICE,Not Applicable,2,Statewide,168
19892,2021,BT,Not Applicable,Diesel,1996,ICE,Not Applicable,≥4,Statewide,168
19893,2021,T1,Unknown,Electric,1979,BEV,Unknown,≥4,Statewide,2
19894,2021,T1,1,Gasoline,2013,ICE,Not Applicable,3,Statewide,13688
19895,2021,T3,2,Gasoline,2003,ICE,Not Applicable,3,Statewide,13676
19896,2021,T2,Unknown,Gasoline,2000,ICE,Not Applicable,2,Statewide,164
19897,2021,T1,1,Gasoline,2022,ICE,Not Applicable,2,Statewide,13661
19898,2021,T1,Unknown,Electric,1978,BEV,Unknown,1,Statewide,2
19899,2021,BT,Not Applicable,Natural Gas,2000,ICE,Not Applicable,≥4,Statewide,167
19900,2021,T3,2,Gasoline,1987,ICE,Not Applicable,2,Statewide,167
19901,2021,T1,Unknown,Gasoline,1980,ICE,Not Applicable,≥4,Statewide,167
19902,2021,P,Not Applicable,Electric,2018,BEV,Unknown,≥4,Statewide,167
19903,2021,T6,6,Diesel,2003,ICE,Not Applicable,3,Statewide,167
19904,2021,MC,Not Applicable,Gasoline,2004,ICE,Not Applicable,2,Statewide,1922
19905,2021,T1,1,Gasoline,2005,ICE,Not Applicable,2,Statewide,13604
19906,2021,T1,Unknown,Electric,1978,BEV,Unknown,≥4,Statewide,2
19907,2021,P,Not Applicable,Gasoline,1997,ICE,Not Applicable,2,Statewide,13648
19908,2021,MH,Not Applicable,Gasoline,1987,ICE,Not Applicable,3,Statewide,164
19909,2021,T1,1,Electric,2019,BEV,101 to 150 miles,2,Statewide,164
19910,2021,T6,6,Diesel,2003,ICE,Not Applicable,2,Statewide,164
19911,2021,P,Not Applicable,Electric,1996,BEV,Unknown,2,Statewide,2
19912,2021,P,Not Applicable,Electric,1995,BEV,Unknown,1,Statewide,2
19913,2021,T6,6,Gasoline,2014,ICE,Not Applicable,≥4,Statewide,161
19914,2021,T6,4,Gasoline,2004,ICE,Not Applicable,3,Statewide,161
19915,2021,T4,2,Gasoline,1985,ICE,Not Applicable,1,Statewide,161
19916,2021,T4,2,Gasoline,1980,ICE,Not Applicable,2,Statewide,161
19917,2021,MH,Not Applicable,Gasoline,1981,ICE,Not Applicable,1,Statewide,161
19918,2021,P,Not Applicable,Electric,2015,BEV,Unknown,≥4,Statewide,161
19919,2021,T7,8,Diesel,2001,ICE,Not Applicable,2,Statewide,161
19920,2021,P,Not Applicable,Electric,2019,BEV,>150 miles,1,Statewide,1948
19921,2021,T7,8,Diesel,2000,ICE,Not Applicable,2,Statewide,161
19922,2021,T6,6,Diesel,2015,ICE,Not Applicable,1,Statewide,161
19923,2021,P,Not Applicable,Diesel,2004,ICE,Not Applicable,3,Statewide,161
19924,2021,MH,Not Applicable,Diesel,2019,ICE,Not Applicable,1,Statewide,161
19925,2021,MH,Not Applicable,Diesel,2007,ICE,Not Applicable,1,Statewide,161
19926,2021,BT,Not Applicable,Diesel,2004,ICE,Not Applicable,≥4,Statewide,161
19927,2021,T6,7,Diesel,2017,ICE,Not Applicable,≥4,Statewide,1953
19928,2021,P,Not Applicable,Electric,1994,BEV,Unknown,1,Statewide,2
19929,2021,T3,2,Gasoline,2003,ICE,Not Applicable,1,Statewide,13088
19930,2021,T4,2,Diesel,2009,ICE,Not Applicable,≥4,Statewide,13074
19931,2021,T7,8,Diesel,1981,ICE,Not Applicable,1,Statewide,161
19932,2021,T6,6,Gasoline,2004,ICE,Not Applicable,≥4,Statewide,160
19933,2021,P,Not Applicable,Electric,1998,BEV,Unknown,3,Statewide,2
19934,2021,T7,8,Diesel,1994,ICE,Not Applicable,1,Statewide,162
19935,2021,T3,2,Diesel,2012,ICE,Not Applicable,1,Statewide,164
19936,2021,P,Not Applicable,Diesel,2022,ICE,Not Applicable,2,Statewide,164
19937,2021,T3,2,Gasoline,1991,ICE,Not Applicable,≥4,Statewide,1935
19938,2021,MC,Not Applicable,Gasoline,2017,ICE,Not Applicable,≥4,Statewide,13359
19939,2021,P,Not Applicable,Gasoline,1996,ICE,Not Applicable,2,Statewide,13325
19940,2021,P,Not Applicable,Natural Gas,2016,ICE,Not Applicable,3,Statewide,163
19941,2021,T5,3,Gasoline,2016,ICE,Not Applicable,2,Statewide,163
19942,2021,T4,2,Gasoline,1983,ICE,Not Applicable,2,Statewide,163
19943,2021,T3,Unknown,Gasoline,1979,ICE,Not Applicable,3,Statewide,163
19944,2021,T6,5,Diesel,2010,ICE,Not Applicable,≥4,Statewide,1943
19945,2021,BT,Not Applicable,Gasoline,2022,ICE,Not Applicable,≥4,Statewide,163
19946,2021,T6,6,Diesel,2018,ICE,Not Applicable,2,Statewide,163
19947,2021,T6,7,Diesel,2012,ICE,Not Applicable,1,Statewide,163
19948,2021,T4,2,Gasoline,2000,ICE,Not Applicable,2,Statewide,1940
19949,2021,P,Not Applicable,Electric,2003,BEV,Unknown,3,Statewide,2
19950,2021,P,Not Applicable,Electric,2000,BEV,Unknown,3,Statewide,2
19951,2021,T6,6,Natural Gas,2014,ICE,Not Applicable,≥4,Statewide,162
19952,2021,P,Not Applicable,Natural Gas,2016,ICE,Not Applicable,2,Statewide,162
19953,2021,T6,6,Gasoline,2001,ICE,Not Applicable,≥4,Statewide,162
19954,2021,T4,2,Gasoline,1980,ICE,Not Applicable,1,Statewide,162
19955,2021,B,Not Applicable,Gasoline,2012,ICE,Not Applicable,1,Statewide,163
19956,2021,T2,1,Gasoline,2001,ICE,Not Applicable,1,Statewide,12376
19957,2021,T1,Unknown,Gasoline,1977,ICE,Not Applicable,3,Statewide,12375
19958,2021,T2,1,Gasoline,2001,ICE,Not Applicable,2,Statewide,12371
19959,2021,B,Not Applicable,Electric,1998,BEV,Unknown,2,Statewide,2
19960,2021,P,Not Applicable,Natural Gas,2010,ICE,Not Applicable,≥4,Statewide,144
19961,2021,T5,3,Gasoline,2016,ICE,Not Applicable,3,Statewide,144
19962,2021,T4,Unknown,Gasoline,2022,PHEV,0 to 50 miles,≥4,Statewide,144
19963,2021,T6,7,Diesel,2017,ICE,Not Applicable,1,Statewide,144
19964,2021,MC,Not Applicable,Diesel,1998,ICE,Not Applicable,3,Statewide,1
19965,2021,P,Not Applicable,Gasoline,2017,PHEV,0 to 50 miles,3,Statewide,2044
19966,2021,T7,8,Diesel,2014,ICE,Not Applicable,1,Statewide,2045
19967,2021,MC,Not Applicable,Diesel,1999,ICE,Not Applicable,≥4,Statewide,1
19968,2021,MC,Not Applicable,Diesel,1999,ICE,Not Applicable,1,Statewide,1
19969,2021,MC,Not Applicable,Diesel,2000,ICE,Not Applicable,1,Statewide,1
19970,2021,MC,Not Applicable,Diesel,2001,ICE,Not Applicable,3,Statewide,1
19971,2021,MC,Not Applicable,Diesel,2001,ICE,Not Applicable,1,Statewide,1
19972,2021,T4,2,Gasoline,2020,ICE,Not Applicable,≥4,Statewide,11749
19973,2021,P,Not Applicable,Gasoline,1996,ICE,Not Applicable,3,Statewide,11739
19974,2021,P,Not Applicable,Hydrogen,2021,FCEV,>150 miles,2,Statewide,143
19975,2021,T6,4,Gasoline,2006,ICE,Not Applicable,2,Statewide,143
19976,2021,T3,Unknown,Gasoline,1981,ICE,Not Applicable,≥4,Statewide,143
19977,2021,B,Not Applicable,Gasoline,2010,ICE,Not Applicable,1,Statewide,143
19978,2021,T1,1,Gasoline,2005,ICE,Not Applicable,1,Statewide,11800
19979,2021,MC,Not Applicable,Diesel,1997,ICE,Not Applicable,1,Statewide,1
19980,2021,MC,Not Applicable,Diesel,1997,ICE,Not Applicable,3,Statewide,1
19981,2021,MC,Not Applicable,Diesel,1996,ICE,Not Applicable,1,Statewide,1
19982,2021,MC,Not Applicable,Diesel,1981,ICE,Not Applicable,≥4,Statewide,1
19983,2021,MC,Not Applicable,Diesel,1981,ICE,Not Applicable,1,Statewide,1
19984,2021,MC,Not Applicable,Diesel,1983,ICE,Not Applicable,3,Statewide,1
19985,2021,B,Not Applicable,Electric,2004,BEV,Unknown,1,Statewide,2
19986,2021,B,Not Applicable,Electric,2003,BEV,Unknown,2,Statewide,2
19987,2021,B,Not Applicable,Electric,1999,BEV,Unknown,1,Statewide,2
19988,2021,T6,4,Gasoline,2004,ICE,Not Applicable,2,Statewide,145
19989,2021,T2,Unknown,Gasoline,1999,ICE,Not Applicable,1,Statewide,145
19990,2021,T2,Unknown,Gasoline,1983,ICE,Not Applicable,≥4,Statewide,145
19991,2021,B,Not Applicable,Gasoline,2009,ICE,Not Applicable,2,Statewide,143
19992,2021,BS,Not Applicable,Gasoline,2010,ICE,Not Applicable,≥4,Statewide,145
19993,2021,T5,3,Diesel,1999,ICE,Not Applicable,2,Statewide,145
19994,2021,T5,3,Diesel,1995,ICE,Not Applicable,1,Statewide,145
19995,2021,MC,Not Applicable,Gasoline,2015,ICE,Not Applicable,1,Statewide,2037
19996,2021,MC,Not Applicable,Diesel,1985,ICE,Not Applicable,1,Statewide,1
19997,2021,MC,Not Applicable,Diesel,1988,ICE,Not Applicable,2,Statewide,1
19998,2021,MC,Not Applicable,Diesel,1991,ICE,Not Applicable,1,Statewide,1
19999,2021,MC,Not Applicable,Diesel,1993,ICE,Not Applicable,≥4,Statewide,1
20000,2021,MC,Not Applicable,Diesel,1994,ICE,Not Applicable,≥4,Statewide,1
20001,2021,MC,Not Applicable,Diesel,1996,ICE,Not Applicable,≥4,Statewide,1
20002,2021,BS,Not Applicable,Gasoline,2009,ICE,Not Applicable,≥4,Statewide,145
20003,2021,T6,6,Diesel,2016,ICE,Not Applicable,2,Statewide,143
20004,2021,T5,3,Diesel,1995,ICE,Not Applicable,3,Statewide,143
20005,2021,B,Not Applicable,Electric,1998,BEV,Unknown,≥4,Statewide,2
20006,2021,MC,Not Applicable,Diesel,2016,ICE,Not Applicable,1,Statewide,1
20007,2021,MC,Not Applicable,Diesel,2018,ICE,Not Applicable,2,Statewide,1
20008,2021,MC,Not Applicable,Diesel,2019,ICE,Not Applicable,≥4,Statewide,1
20009,2021,MC,Not Applicable,Diesel,2019,ICE,Not Applicable,2,Statewide,1
20010,2021,MC,Not Applicable,Diesel,2020,ICE,Not Applicable,2,Statewide,1
20011,2021,MC,Not Applicable,Diesel,2021,ICE,Not Applicable,≥4,Statewide,1
20012,2021,MC,Not Applicable,Diesel,2022,ICE,Not Applicable,2,Statewide,1
20013,2021,MH,Not Applicable,Gasoline,1987,ICE,Not Applicable,2,Statewide,140
20014,2021,T5,3,Diesel,1998,ICE,Not Applicable,1,Statewide,140
20015,2021,MC,Not Applicable,Diesel,2016,ICE,Not Applicable,3,Statewide,1
20016,2021,MH,Not Applicable,Diesel,1996,ICE,Not Applicable,≥4,Statewide,140
20017,2021,T2,1,Gasoline,1990,ICE,Not Applicable,≥4,Statewide,2058
20018,2021,T2,1,Gasoline,1993,ICE,Not Applicable,1,Statewide,2059
20019,2021,MC,Not Applicable,Diesel,2023,ICE,Not Applicable,1,Statewide,1
20020,2021,MH,Not Applicable,Gasoline,2021,ICE,Not Applicable,≥4,Statewide,2066
20021,2021,MH,Not Applicable,Diesel,1979,ICE,Not Applicable,1,Statewide,1
20022,2021,MH,Not Applicable,Diesel,1982,ICE,Not Applicable,3,Statewide,1
20023,2021,MH,Not Applicable,Diesel,1982,ICE,Not Applicable,1,Statewide,1
20024,2021,MH,Not Applicable,Diesel,1983,ICE,Not Applicable,2,Statewide,1
20025,2021,MH,Not Applicable,Diesel,1985,ICE,Not Applicable,3,Statewide,1
20026,2021,BT,Not Applicable,Diesel,1978,ICE,Not Applicable,1,Statewide,140
20027,2021,MC,Not Applicable,Diesel,1980,ICE,Not Applicable,3,Statewide,1
20028,2021,MC,Not Applicable,Diesel,2015,ICE,Not Applicable,≥4,Statewide,1
20029,2021,MC,Not Applicable,Diesel,2011,ICE,Not Applicable,3,Statewide,1
20030,2021,MC,Not Applicable,Diesel,2002,ICE,Not Applicable,3,Statewide,1
20031,2021,MC,Not Applicable,Diesel,2002,ICE,Not Applicable,1,Statewide,1
20032,2021,MC,Not Applicable,Diesel,2003,ICE,Not Applicable,3,Statewide,1
20033,2021,MC,Not Applicable,Diesel,2003,ICE,Not Applicable,2,Statewide,1
20034,2021,MC,Not Applicable,Diesel,2004,ICE,Not Applicable,1,Statewide,1
20035,2021,MC,Not Applicable,Diesel,2005,ICE,Not Applicable,2,Statewide,1
20036,2021,B,Not Applicable,Gasoline,1977,ICE,Not Applicable,1,Statewide,142
20037,2021,T6,7,Diesel,2021,ICE,Not Applicable,1,Statewide,142
20038,2021,T6,7,Diesel,2016,ICE,Not Applicable,1,Statewide,142
20039,2021,MC,Not Applicable,Diesel,2011,ICE,Not Applicable,1,Statewide,1
20040,2021,T4,2,Diesel,1988,ICE,Not Applicable,3,Statewide,142
20041,2021,MC,Not Applicable,Diesel,2007,ICE,Not Applicable,2,Statewide,1
20042,2021,MC,Not Applicable,Diesel,2007,ICE,Not Applicable,1,Statewide,1
20043,2021,MC,Not Applicable,Diesel,2009,ICE,Not Applicable,3,Statewide,1
20044,2021,MC,Not Applicable,Diesel,2009,ICE,Not Applicable,2,Statewide,1
20045,2021,MC,Not Applicable,Diesel,2009,ICE,Not Applicable,1,Statewide,1
20046,2021,T6,6,Gasoline,2007,ICE,Not Applicable,≥4,Statewide,141
20047,2021,MH,Not Applicable,Gasoline,1984,ICE,Not Applicable,2,Statewide,141
20048,2021,T6,7,Diesel,2003,ICE,Not Applicable,1,Statewide,141
20049,2021,MH,Not Applicable,Diesel,2004,ICE,Not Applicable,2,Statewide,141
20050,2021,MC,Not Applicable,Diesel,2006,ICE,Not Applicable,1,Statewide,1
20051,2021,MC,Not Applicable,Diesel,1979,ICE,Not Applicable,1,Statewide,1
20052,2021,MC,Not Applicable,Diesel,1978,ICE,Not Applicable,≥4,Statewide,1
20053,2021,MC,Not Applicable,Diesel,1977,ICE,Not Applicable,3,Statewide,1
20054,2021,BT,Not Applicable,Electric,2009,BEV,Unknown,≥4,Statewide,2
20055,2021,T5,3,Gasoline,2014,ICE,Not Applicable,1,Statewide,149
20056,2021,BS,Not Applicable,Gasoline,1977,ICE,Not Applicable,3,Statewide,149
20057,2021,T6,7,Diesel,2000,ICE,Not Applicable,1,Statewide,149
20058,2021,T5,3,Diesel,1998,ICE,Not Applicable,2,Statewide,149
20059,2021,MH,Not Applicable,Diesel,2002,ICE,Not Applicable,3,Statewide,149
20060,2021,B,Not Applicable,Diesel,2010,ICE,Not Applicable,≥4,Statewide,149
20061,2021,MC,Not Applicable,Gasoline,2003,ICE,Not Applicable,3,Statewide,2011
20062,2021,B,Not Applicable,Diesel,1982,ICE,Not Applicable,3,Statewide,1
20063,2021,B,Not Applicable,Diesel,1978,ICE,Not Applicable,2,Statewide,1
20064,2021,B,Not Applicable,Diesel,1982,ICE,Not Applicable,2,Statewide,1
20065,2021,B,Not Applicable,Diesel,2023,ICE,Not Applicable,3,Statewide,1
20066,2021,B,Not Applicable,Diesel,2023,ICE,Not Applicable,2,Statewide,1
20067,2021,BS,Not Applicable,Diesel,1979,ICE,Not Applicable,3,Statewide,1
20068,2021,BS,Not Applicable,Diesel,1979,ICE,Not Applicable,2,Statewide,1
20069,2021,BS,Not Applicable,Diesel,1980,ICE,Not Applicable,3,Statewide,1
20070,2021,BT,Not Applicable,Electric,2007,BEV,Unknown,≥4,Statewide,2
20071,2021,BT,Not Applicable,Electric,2004,BEV,Unknown,≥4,Statewide,2
20072,2021,T1,1,Gasoline,1998,ICE,Not Applicable,≥4,Statewide,12163
20073,2021,B,Not Applicable,Electric,2017,BEV,Unknown,≥4,Statewide,2
20074,2021,B,Not Applicable,Diesel,1983,ICE,Not Applicable,2,Statewide,1
20075,2021,T3,2,Natural Gas,2006,ICE,Not Applicable,≥4,Statewide,148
20076,2021,T3,2,Gasoline,1995,ICE,Not Applicable,1,Statewide,2009
20077,2021,P,Not Applicable,Electric,2019,BEV,>150 miles,2,Statewide,2008
20078,2021,T5,3,Gasoline,2018,ICE,Not Applicable,3,Statewide,152
20079,2021,T4,2,Gasoline,1987,ICE,Not Applicable,2,Statewide,152
20080,2021,MH,Not Applicable,Gasoline,1982,ICE,Not Applicable,2,Statewide,152
20081,2021,P,Not Applicable,Electric,2017,BEV,Unknown,≥4,Statewide,152
20082,2021,T6,7,Diesel,1987,ICE,Not Applicable,≥4,Statewide,152
20083,2021,BT,Not Applicable,Diesel,2016,ICE,Not Applicable,≥4,Statewide,152
20084,2021,MC,Not Applicable,Gasoline,1988,ICE,Not Applicable,≥4,Statewide,2000
20085,2021,T4,2,Gasoline,2000,ICE,Not Applicable,3,Statewide,2000
20086,2021,T4,2,Gasoline,2015,ICE,Not Applicable,≥4,Statewide,2002
20087,2021,P,Not Applicable,Gasoline,2017,PHEV,0 to 50 miles,1,Statewide,2009
20088,2021,MC,Not Applicable,Electric,2007,BEV,Unknown,3,Statewide,2
20089,2021,BT,Not Applicable,Electric,2017,BEV,Unknown,≥4,Statewide,2
20090,2021,BT,Not Applicable,Electric,2016,BEV,Unknown,≥4,Statewide,2
20091,2021,P,Not Applicable,Natural Gas,2005,ICE,Not Applicable,≥4,Statewide,150
20092,2021,T6,7,Gasoline,1977,ICE,Not Applicable,1,Statewide,150
20093,2021,T5,3,Gasoline,2018,ICE,Not Applicable,2,Statewide,150
20094,2021,T2,Unknown,Gasoline,1984,ICE,Not Applicable,≥4,Statewide,150
20095,2021,T7,8,Diesel,1995,ICE,Not Applicable,1,Statewide,150
20096,2021,T5,3,Diesel,1999,ICE,Not Applicable,3,Statewide,150
20097,2021,T5,3,Diesel,2007,ICE,Not Applicable,≥4,Statewide,2008
20098,2021,MC,Not Applicable,Electric,2005,BEV,Unknown,3,Statewide,2
20099,2021,P,Not Applicable,Gasoline,1998,ICE,Not Applicable,3,Statewide,13753
20100,2021,T1,Unknown,Gasoline,1981,ICE,Not Applicable,≥4,Statewide,148
20101,2021,T6,5,Diesel,2008,ICE,Not Applicable,2,Statewide,148
20102,2021,MH,Not Applicable,Gasoline,1980,ICE,Not Applicable,1,Statewide,147
20103,2021,B,Not Applicable,Gasoline,2007,ICE,Not Applicable,1,Statewide,147
20104,2021,T6,6,Diesel,2018,ICE,Not Applicable,3,Statewide,147
20105,2021,T6,6,Diesel,2008,ICE,Not Applicable,3,Statewide,147
20106,2021,T6,5,Diesel,2006,ICE,Not Applicable,2,Statewide,147
20107,2021,T6,5,Diesel,2006,ICE,Not Applicable,3,Statewide,147
20108,2021,T3,Unknown,Diesel,2015,ICE,Not Applicable,≥4,Statewide,147
20109,2021,P,Not Applicable,Diesel,2006,ICE,Not Applicable,2,Statewide,147
20110,2021,B,Not Applicable,Diesel,2000,ICE,Not Applicable,≥4,Statewide,147
20111,2021,T3,2,Gasoline,2002,ICE,Not Applicable,2,Statewide,11981
20112,2021,T4,2,Diesel,2010,ICE,Not Applicable,≥4,Statewide,11965
20113,2021,BT,Not Applicable,Diesel,2003,ICE,Not Applicable,2,Statewide,1
20114,2021,BT,Not Applicable,Diesel,2008,ICE,Not Applicable,3,Statewide,1
20115,2021,BT,Not Applicable,Diesel,2010,ICE,Not Applicable,2,Statewide,1
20116,2021,BT,Not Applicable,Diesel,2011,ICE,Not Applicable,2,Statewide,1
20117,2021,BT,Not Applicable,Diesel,2022,ICE,Not Applicable,2,Statewide,1
20118,2021,MC,Not Applicable,Gasoline,2022,ICE,Not Applicable,≥4,Statewide,11926
20119,2021,T4,2,Gasoline,1982,ICE,Not Applicable,1,Statewide,146
20120,2021,BT,Not Applicable,Diesel,2023,ICE,Not Applicable,≥4,Statewide,1
20121,2021,T6,6,Diesel,2016,ICE,Not Applicable,≥4,Statewide,2026
20122,2021,BT,Not Applicable,Diesel,2003,ICE,Not Applicable,3,Statewide,1
20123,2021,T6,Unknown,Diesel,2018,ICE,Not Applicable,≥4,Statewide,148
20124,2021,T1,1,Gasoline,2003,ICE,Not Applicable,1,Statewide,11989
20125,2021,BT,Not Applicable,Diesel,1996,ICE,Not Applicable,3,Statewide,1
20126,2021,T6,5,Diesel,2007,ICE,Not Applicable,1,Statewide,148
20127,2021,T6,6,Diesel,1991,ICE,Not Applicable,≥4,Statewide,148
20128,2021,T6,6,Diesel,1990,ICE,Not Applicable,≥4,Statewide,148
20129,2021,T3,2,Diesel,2014,ICE,Not Applicable,2,Statewide,148
20130,2021,MH,Not Applicable,Diesel,2016,ICE,Not Applicable,3,Statewide,148
20131,2021,BS,Not Applicable,Diesel,1986,ICE,Not Applicable,3,Statewide,1
20132,2021,BS,Not Applicable,Diesel,1987,ICE,Not Applicable,3,Statewide,1
20133,2021,BS,Not Applicable,Diesel,1989,ICE,Not Applicable,3,Statewide,1
20134,2021,BT,Not Applicable,Diesel,1980,ICE,Not Applicable,2,Statewide,1
20135,2021,T1,1,Gasoline,2012,ICE,Not Applicable,1,Statewide,12031
20136,2021,BT,Not Applicable,Diesel,1982,ICE,Not Applicable,1,Statewide,1
20137,2021,B,Not Applicable,Electric,2016,BEV,Unknown,≥4,Statewide,2
20138,2021,BT,Not Applicable,Diesel,1983,ICE,Not Applicable,1,Statewide,1
20139,2021,BT,Not Applicable,Diesel,1984,ICE,Not Applicable,1,Statewide,1
20140,2021,BT,Not Applicable,Diesel,1989,ICE,Not Applicable,3,Statewide,1
20141,2021,BT,Not Applicable,Diesel,1990,ICE,Not Applicable,2,Statewide,1
20142,2021,BT,Not Applicable,Diesel,1992,ICE,Not Applicable,3,Statewide,1
20143,2021,BT,Not Applicable,Diesel,1993,ICE,Not Applicable,3,Statewide,1
20144,2021,BT,Not Applicable,Diesel,1994,ICE,Not Applicable,3,Statewide,1
20145,2021,BT,Not Applicable,Diesel,1995,ICE,Not Applicable,3,Statewide,1
20146,2021,BT,Not Applicable,Diesel,1983,ICE,Not Applicable,≥4,Statewide,1
20147,2021,P,Not Applicable,Diesel,2004,ICE,Not Applicable,1,Statewide,169
20148,2021,T5,3,Diesel,2003,ICE,Not Applicable,1,Statewide,169
20149,2021,T6,4,Diesel,2021,ICE,Not Applicable,1,Statewide,169
20150,2021,T4,Unknown,Gasoline,2000,ICE,Not Applicable,2,Statewide,2
20151,2021,T7,8,Natural Gas,2012,ICE,Not Applicable,≥4,Statewide,194
20152,2021,P,Not Applicable,Natural Gas,2013,ICE,Not Applicable,≥4,Statewide,194
20153,2021,T2,Unknown,Gasoline,2003,ICE,Not Applicable,3,Statewide,194
20154,2021,T6,5,Diesel,2017,ICE,Not Applicable,3,Statewide,194
20155,2021,T6,5,Diesel,2009,ICE,Not Applicable,2,Statewide,194
20156,2021,T5,3,Diesel,2011,ICE,Not Applicable,3,Statewide,1831
20157,2021,P,Not Applicable,Electric,2018,BEV,51 to 100 miles,1,Statewide,1833
20158,2021,T3,2,Gasoline,2023,ICE,Not Applicable,1,Statewide,1833
20159,2021,T4,Unknown,Gasoline,1993,ICE,Not Applicable,2,Statewide,2
20160,2021,T4,Unknown,Gasoline,1992,ICE,Not Applicable,2,Statewide,2
20161,2021,T4,Unknown,Gasoline,1990,ICE,Not Applicable,3,Statewide,2
20162,2021,T4,Unknown,Gasoline,1988,ICE,Not Applicable,2,Statewide,2
20163,2021,T4,Unknown,Gasoline,1988,ICE,Not Applicable,3,Statewide,2
20164,2021,T4,Unknown,Gasoline,1987,ICE,Not Applicable,1,Statewide,2
20165,2021,T4,2,Diesel,2002,ICE,Not Applicable,2,Statewide,1835
20166,2021,MH,Not Applicable,Gasoline,2011,ICE,Not Applicable,3,Statewide,1835
20167,2021,P,Not Applicable,Electric,2018,BEV,51 to 100 miles,≥4,Statewide,1836
20168,2021,T4,Unknown,Gasoline,1987,ICE,Not Applicable,2,Statewide,2
20169,2021,T4,Unknown,Gasoline,2002,ICE,Not Applicable,1,Statewide,2
20170,2021,T4,Unknown,Gasoline,2004,ICE,Not Applicable,3,Statewide,2
20171,2021,T4,Unknown,Gasoline,2004,ICE,Not Applicable,1,Statewide,2
20172,2021,T4,Unknown,Gasoline,2006,ICE,Not Applicable,1,Statewide,2
20173,2021,T6,7,Gasoline,1981,ICE,Not Applicable,3,Statewide,2
20174,2021,T6,Unknown,Gasoline,1980,ICE,Not Applicable,3,Statewide,2
20175,2021,T6,5,Gasoline,1980,ICE,Not Applicable,3,Statewide,2
20176,2021,T6,4,Gasoline,1979,ICE,Not Applicable,2,Statewide,2
20177,2021,T5,3,Gasoline,2023,ICE,Not Applicable,2,Statewide,2
20178,2021,T5,3,Gasoline,1981,ICE,Not Applicable,2,Statewide,2
20179,2021,T4,2,Gasoline,1979,ICE,Not Applicable,1,Statewide,196
20180,2021,T1,1,Gasoline,1981,ICE,Not Applicable,2,Statewide,196
20181,2021,T3,Unknown,Diesel,2019,ICE,Not Applicable,1,Statewide,196
20182,2021,T4,Unknown,Gasoline,1987,ICE,Not Applicable,3,Statewide,2
20183,2021,T5,3,Gasoline,1981,ICE,Not Applicable,3,Statewide,2
20184,2021,T5,3,Gasoline,1978,ICE,Not Applicable,3,Statewide,2
20185,2021,T4,Unknown,Gasoline,2023,PHEV,0 to 50 miles,1,Statewide,2
20186,2021,T4,Unknown,Gasoline,2023,PHEV,0 to 50 miles,2,Statewide,2
20187,2021,T4,Unknown,Gasoline,2008,ICE,Not Applicable,2,Statewide,2
20188,2021,T4,Unknown,Gasoline,2008,ICE,Not Applicable,≥4,Statewide,2
20189,2021,T5,3,Gasoline,2001,ICE,Not Applicable,2,Statewide,195
20190,2021,T3,Unknown,Diesel,2018,ICE,Not Applicable,3,Statewide,195
20191,2021,P,Not Applicable,Diesel,2009,ICE,Not Applicable,2,Statewide,195
20192,2021,T4,Unknown,Gasoline,2007,ICE,Not Applicable,2,Statewide,2
20193,2021,T5,3,Gasoline,1980,ICE,Not Applicable,2,Statewide,2
20194,2021,T4,Unknown,Gasoline,1986,ICE,Not Applicable,2,Statewide,2
20195,2021,T4,Unknown,Gasoline,1985,ICE,Not Applicable,2,Statewide,2
20196,2021,T4,Unknown,Gasoline,1985,ICE,Not Applicable,3,Statewide,2
20197,2021,T3,2,Gasoline,1977,ICE,Not Applicable,1,Statewide,1844
20198,2021,T4,2,Gasoline,1977,ICE,Not Applicable,3,Statewide,1844
20199,2021,BT,Not Applicable,Gasoline,2012,ICE,Not Applicable,3,Statewide,2
20200,2021,BT,Not Applicable,Gasoline,2009,ICE,Not Applicable,3,Statewide,2
20201,2021,BT,Not Applicable,Gasoline,2008,ICE,Not Applicable,1,Statewide,2
20202,2021,BT,Not Applicable,Gasoline,2007,ICE,Not Applicable,3,Statewide,2
20203,2021,BT,Not Applicable,Gasoline,2000,ICE,Not Applicable,3,Statewide,2
20204,2021,BT,Not Applicable,Gasoline,1996,ICE,Not Applicable,2,Statewide,2
20205,2021,BT,Not Applicable,Gasoline,1993,ICE,Not Applicable,1,Statewide,2
20206,2021,T3,2,Diesel,2019,ICE,Not Applicable,≥4,Statewide,1844
20207,2021,BT,Not Applicable,Gasoline,1992,ICE,Not Applicable,1,Statewide,2
20208,2021,B,Not Applicable,Gasoline,2009,ICE,Not Applicable,1,Statewide,189
20209,2021,T4,2,Diesel,1992,ICE,Not Applicable,2,Statewide,189
20210,2021,T6,7,Diesel,2013,ICE,Not Applicable,≥4,Statewide,1849
20211,2021,BT,Not Applicable,Gasoline,1991,ICE,Not Applicable,2,Statewide,2
20212,2021,BT,Not Applicable,Gasoline,1984,ICE,Not Applicable,1,Statewide,2
20213,2021,BT,Not Applicable,Gasoline,1979,ICE,Not Applicable,1,Statewide,2
20214,2021,BT,Not Applicable,Gasoline,1979,ICE,Not Applicable,≥4,Statewide,2
20215,2021,T6,5,Gasoline,2004,ICE,Not Applicable,≥4,Statewide,188
20216,2021,T5,3,Gasoline,2019,ICE,Not Applicable,3,Statewide,188
20217,2021,BT,Not Applicable,Gasoline,2012,ICE,Not Applicable,≥4,Statewide,189
20218,2021,T6,7,Gasoline,1982,ICE,Not Applicable,3,Statewide,2
20219,2021,T3,2,Diesel,2011,ICE,Not Applicable,2,Statewide,190
20220,2021,P,Not Applicable,Gasoline,2016,PHEV,0 to 50 miles,3,Statewide,190
20221,2021,T4,Unknown,Gasoline,1984,ICE,Not Applicable,2,Statewide,2
20222,2021,T6,5,Gasoline,2005,ICE,Not Applicable,≥4,Statewide,192
20223,2021,T6,6,Diesel,2019,ICE,Not Applicable,1,Statewide,192
20224,2021,T6,Unknown,Diesel,2014,ICE,Not Applicable,≥4,Statewide,192
20225,2021,T6,5,Diesel,2013,ICE,Not Applicable,3,Statewide,192
20226,2021,T6,4,Diesel,2002,ICE,Not Applicable,3,Statewide,192
20227,2021,T6,6,Diesel,1994,ICE,Not Applicable,≥4,Statewide,192
20228,2021,T3,Unknown,Diesel,2017,ICE,Not Applicable,3,Statewide,192
20229,2021,MH,Not Applicable,Diesel,2008,ICE,Not Applicable,1,Statewide,192
20230,2021,T6,6,Diesel,1992,ICE,Not Applicable,≥4,Statewide,190
20231,2021,T3,Unknown,Gasoline,2017,ICE,Not Applicable,≥4,Statewide,1839
20232,2021,T4,Unknown,Gasoline,1982,ICE,Not Applicable,3,Statewide,2
20233,2021,MH,Not Applicable,Gasoline,1988,ICE,Not Applicable,1,Statewide,191
20234,2021,T6,Unknown,Diesel,2023,ICE,Not Applicable,≥4,Statewide,191
20235,2021,MH,Not Applicable,Diesel,2020,ICE,Not Applicable,2,Statewide,191
20236,2021,T3,2,Diesel,2021,ICE,Not Applicable,1,Statewide,1843
20237,2021,T3,2,Gasoline,2023,PHEV,0 to 50 miles,≥4,Statewide,2
20238,2021,T1,Unknown,Gasoline,1996,ICE,Not Applicable,2,Statewide,2
20239,2021,BT,Not Applicable,Gasoline,2017,ICE,Not Applicable,3,Statewide,2
20240,2021,P,Not Applicable,Natural Gas,2007,ICE,Not Applicable,1,Statewide,190
20241,2021,T4,Unknown,Gasoline,1982,ICE,Not Applicable,1,Statewide,2
20242,2021,T6,Unknown,Gasoline,1982,ICE,Not Applicable,1,Statewide,2
20243,2021,T4,2,Diesel,2016,ICE,Not Applicable,2,Statewide,1826
20244,2021,T6,7,Gasoline,1983,ICE,Not Applicable,3,Statewide,2
20245,2021,T6,7,Gasoline,2002,ICE,Not Applicable,3,Statewide,2
20246,2021,T4,2,Gasoline,1988,ICE,Not Applicable,3,Statewide,202
20247,2021,T6,5,Diesel,2010,ICE,Not Applicable,3,Statewide,202
20248,2021,T6,7,Diesel,1985,ICE,Not Applicable,≥4,Statewide,202
20249,2021,B,Not Applicable,Diesel,2015,ICE,Not Applicable,≥4,Statewide,202
20250,2021,MC,Not Applicable,Gasoline,1984,ICE,Not Applicable,≥4,Statewide,1803
20251,2021,T2,Unknown,Gasoline,2012,ICE,Not Applicable,2,Statewide,1803
20252,2021,T4,2,Gasoline,2003,ICE,Not Applicable,1,Statewide,1803
20253,2021,T6,7,Gasoline,2001,ICE,Not Applicable,2,Statewide,2
20254,2021,T6,Unknown,Gasoline,2002,ICE,Not Applicable,≥4,Statewide,2
20255,2021,T6,Unknown,Gasoline,2000,ICE,Not Applicable,≥4,Statewide,2
20256,2021,T6,5,Gasoline,1998,ICE,Not Applicable,2,Statewide,2
20257,2021,T6,5,Gasoline,1997,ICE,Not Applicable,≥4,Statewide,2
20258,2021,T6,7,Gasoline,1997,ICE,Not Applicable,3,Statewide,2
20259,2021,T6,Unknown,Gasoline,1996,ICE,Not Applicable,≥4,Statewide,2
20260,2021,T6,5,Gasoline,1996,ICE,Not Applicable,2,Statewide,2
20261,2021,T6,5,Gasoline,1996,ICE,Not Applicable,3,Statewide,2
20262,2021,T6,6,Gasoline,1983,ICE,Not Applicable,≥4,Statewide,201
20263,2021,T1,1,Gasoline,1982,ICE,Not Applicable,2,Statewide,201
20264,2021,MH,Not Applicable,Gasoline,2017,ICE,Not Applicable,2,Statewide,201
20265,2021,T6,5,Gasoline,1999,ICE,Not Applicable,3,Statewide,2
20266,2021,T6,6,Diesel,2022,ICE,Not Applicable,2,Statewide,201
20267,2021,T6,7,Gasoline,2003,ICE,Not Applicable,2,Statewide,2
20268,2021,T6,7,Gasoline,2004,ICE,Not Applicable,2,Statewide,2
20269,2021,T2,Unknown,Diesel,2018,ICE,Not Applicable,2,Statewide,205
20270,2021,T6,7,Gasoline,2009,ICE,Not Applicable,3,Statewide,2
20271,2021,T6,Unknown,Gasoline,2008,ICE,Not Applicable,2,Statewide,2
20272,2021,T6,7,Gasoline,2008,ICE,Not Applicable,1,Statewide,2
20273,2021,MH,Not Applicable,Gasoline,1978,ICE,Not Applicable,1,Statewide,204
20274,2021,P,Not Applicable,Electric,2021,BEV,Unknown,≥4,Statewide,204
20275,2021,T3,Unknown,Diesel,2018,ICE,Not Applicable,1,Statewide,204
20276,2021,T3,2,Diesel,1987,ICE,Not Applicable,≥4,Statewide,204
20277,2021,T6,7,Gasoline,2008,ICE,Not Applicable,3,Statewide,2
20278,2021,T6,Unknown,Gasoline,2003,ICE,Not Applicable,≥4,Statewide,2
20279,2021,T6,Unknown,Gasoline,2007,ICE,Not Applicable,≥4,Statewide,2
20280,2021,T6,Unknown,Gasoline,2006,ICE,Not Applicable,≥4,Statewide,2
20281,2021,T6,7,Gasoline,2006,ICE,Not Applicable,2,Statewide,2
20282,2021,T6,7,Gasoline,2006,ICE,Not Applicable,3,Statewide,2
20283,2021,T6,Unknown,Gasoline,2005,ICE,Not Applicable,3,Statewide,2
20284,2021,T4,2,Gasoline,1986,ICE,Not Applicable,1,Statewide,203
20285,2021,T1,Unknown,Gasoline,1984,ICE,Not Applicable,≥4,Statewide,203
20286,2021,T6,5,Diesel,2023,ICE,Not Applicable,≥4,Statewide,203
20287,2021,T6,Unknown,Gasoline,2004,ICE,Not Applicable,≥4,Statewide,2
20288,2021,T6,7,Gasoline,2004,ICE,Not Applicable,1,Statewide,2
20289,2021,T6,Unknown,Gasoline,2006,ICE,Not Applicable,3,Statewide,2
20290,2021,T4,2,Gasoline,2023,ICE,Not Applicable,1,Statewide,188
20291,2021,T6,6,Diesel,2013,ICE,Not Applicable,3,Statewide,201
20292,2021,T2,Unknown,Diesel,2021,ICE,Not Applicable,3,Statewide,201
20293,2021,T6,Unknown,Gasoline,1985,ICE,Not Applicable,2,Statewide,2
20294,2021,MH,Not Applicable,Gasoline,1999,ICE,Not Applicable,≥4,Statewide,1815
20295,2021,T6,5,Gasoline,1985,ICE,Not Applicable,2,Statewide,2
20296,2021,T6,Unknown,Gasoline,1984,ICE,Not Applicable,3,Statewide,2
20297,2021,T6,5,Gasoline,1984,ICE,Not Applicable,3,Statewide,2
20298,2021,T5,3,Gasoline,2021,ICE,Not Applicable,3,Statewide,198
20299,2021,T4,Unknown,Gasoline,2022,PHEV,0 to 50 miles,2,Statewide,198
20300,2021,T6,4,Diesel,2023,ICE,Not Applicable,≥4,Statewide,198
20301,2021,T3,Unknown,Diesel,2016,ICE,Not Applicable,≥4,Statewide,198
20302,2021,T6,7,Gasoline,1986,ICE,Not Applicable,3,Statewide,2
20303,2021,MH,Not Applicable,Diesel,2007,ICE,Not Applicable,2,Statewide,198
20304,2021,BS,Not Applicable,Diesel,1991,ICE,Not Applicable,≥4,Statewide,198
20305,2021,T6,Unknown,Gasoline,1983,ICE,Not Applicable,1,Statewide,2
20306,2021,T6,Unknown,Gasoline,1983,ICE,Not Applicable,2,Statewide,2
20307,2021,T6,7,Gasoline,1983,ICE,Not Applicable,2,Statewide,2
20308,2021,T6,4,Gasoline,2005,ICE,Not Applicable,2,Statewide,197
20309,2021,T4,2,Diesel,1992,ICE,Not Applicable,1,Statewide,197
20310,2021,T3,2,Diesel,2022,ICE,Not Applicable,3,Statewide,197
20311,2021,P,Not Applicable,Diesel,1984,ICE,Not Applicable,3,Statewide,197
20312,2021,MH,Not Applicable,Diesel,2008,ICE,Not Applicable,2,Statewide,197
20313,2021,MH,Not Applicable,Diesel,2003,ICE,Not Applicable,3,Statewide,198
20314,2021,T6,4,Diesel,2008,ICE,Not Applicable,3,Statewide,201
20315,2021,P,Not Applicable,Electric,2019,BEV,51 to 100 miles,≥4,Statewide,1810
20316,2021,T2,1,Diesel,2022,ICE,Not Applicable,2,Statewide,199
20317,2021,T6,Unknown,Gasoline,1995,ICE,Not Applicable,≥4,Statewide,2
20318,2021,T6,5,Gasoline,1992,ICE,Not Applicable,2,Statewide,2
20319,2021,T6,4,Gasoline,1990,ICE,Not Applicable,1,Statewide,2
20320,2021,T6,5,Gasoline,1990,ICE,Not Applicable,2,Statewide,2
20321,2021,T6,5,Gasoline,1990,ICE,Not Applicable,3,Statewide,2
20322,2021,T6,5,Gasoline,1989,ICE,Not Applicable,2,Statewide,2
20323,2021,T6,4,Gasoline,1988,ICE,Not Applicable,1,Statewide,2
20324,2021,T6,5,Diesel,2017,ICE,Not Applicable,2,Statewide,200
20325,2021,T6,5,Diesel,2006,ICE,Not Applicable,1,Statewide,200
20326,2021,T6,5,Gasoline,1987,ICE,Not Applicable,2,Statewide,2
20327,2021,T1,1,Diesel,1987,ICE,Not Applicable,≥4,Statewide,200
20328,2021,MH,Not Applicable,Diesel,2020,ICE,Not Applicable,1,Statewide,200
20329,2021,T6,Unknown,Gasoline,1987,ICE,Not Applicable,1,Statewide,2
20330,2021,T6,Unknown,Gasoline,1987,ICE,Not Applicable,3,Statewide,2
20331,2021,T5,3,Gasoline,2001,ICE,Not Applicable,3,Statewide,199
20332,2021,T4,2,Gasoline,1984,ICE,Not Applicable,1,Statewide,199
20333,2021,MH,Not Applicable,Gasoline,1982,ICE,Not Applicable,3,Statewide,199
20334,2021,MH,Not Applicable,Gasoline,1979,ICE,Not Applicable,≥4,Statewide,199
20335,2021,T6,5,Diesel,2019,ICE,Not Applicable,3,Statewide,199
20336,2021,MH,Not Applicable,Diesel,1993,ICE,Not Applicable,≥4,Statewide,52
20337,2021,P,Not Applicable,Diesel,2002,ICE,Not Applicable,≥4,Statewide,200
20338,2021,T6,7,Gasoline,2005,ICE,Not Applicable,3,Statewide,3
20339,2021,T4,2,Gasoline,1986,ICE,Not Applicable,3,Statewide,188
20340,2021,MH,Not Applicable,Gasoline,1978,ICE,Not Applicable,2,Statewide,188
20341,2021,T4,2,Diesel,1993,ICE,Not Applicable,2,Statewide,177
20342,2021,BT,Not Applicable,Diesel,2022,ICE,Not Applicable,≥4,Statewide,177
20343,2021,T4,2,Gasoline,2000,ICE,Not Applicable,1,Statewide,1892
20344,2021,BT,Not Applicable,Natural Gas,2007,ICE,Not Applicable,≥4,Statewide,176
20345,2021,T4,2,Gasoline,1984,ICE,Not Applicable,3,Statewide,176
20346,2021,T7,8,Diesel,2009,ICE,Not Applicable,2,Statewide,176
20347,2021,T6,6,Diesel,2008,ICE,Not Applicable,2,Statewide,176
20348,2021,T6,7,Diesel,1988,ICE,Not Applicable,≥4,Statewide,176
20349,2021,T4,2,Diesel,1993,ICE,Not Applicable,3,Statewide,176
20350,2021,P,Not Applicable,Electric,2022,BEV,101 to 150 miles,1,Statewide,1893
20351,2021,MH,Not Applicable,Gasoline,2012,ICE,Not Applicable,≥4,Statewide,1894
20352,2021,T1,Unknown,Electric,2003,BEV,Unknown,≥4,Statewide,2
20353,2021,T1,1,Electric,2003,BEV,Unknown,1,Statewide,2
20354,2021,T4,2,Gasoline,1988,ICE,Not Applicable,2,Statewide,175
20355,2021,T4,2,Gasoline,1987,ICE,Not Applicable,1,Statewide,175
20356,2021,T7,8,Diesel,2002,ICE,Not Applicable,3,Statewide,175
20357,2021,T6,6,Diesel,2007,ICE,Not Applicable,2,Statewide,175
20358,2021,T1,1,Gasoline,2000,ICE,Not Applicable,≥4,Statewide,14181
20359,2021,T1,Unknown,Electric,2001,BEV,Unknown,1,Statewide,2
20360,2021,T6,6,Diesel,2014,ICE,Not Applicable,1,Statewide,177
20361,2021,T4,2,Gasoline,1986,ICE,Not Applicable,2,Statewide,177
20362,2021,T5,3,Gasoline,1999,ICE,Not Applicable,2,Statewide,177
20363,2021,T5,3,Gasoline,2017,ICE,Not Applicable,3,Statewide,177
20364,2021,T2,Unknown,Electric,1996,BEV,Unknown,≥4,Statewide,2
20365,2021,T2,Unknown,Electric,1991,BEV,Unknown,≥4,Statewide,2
20366,2021,T1,Unknown,Electric,2022,BEV,Unknown,≥4,Statewide,2
20367,2021,T1,Unknown,Electric,2016,BEV,Unknown,≥4,Statewide,2
20368,2021,T5,3,Gasoline,2017,ICE,Not Applicable,2,Statewide,178
20369,2021,T3,2,Gasoline,1987,ICE,Not Applicable,1,Statewide,178
20370,2021,MC,Not Applicable,Gasoline,1982,ICE,Not Applicable,1,Statewide,178
20371,2021,T6,6,Diesel,2000,ICE,Not Applicable,1,Statewide,178
20372,2021,T6,6,Diesel,2007,ICE,Not Applicable,≥4,Statewide,1888
20373,2021,T1,Unknown,Electric,2000,BEV,Unknown,1,Statewide,2
20374,2021,T1,Unknown,Electric,2015,BEV,Unknown,1,Statewide,2
20375,2021,T1,Unknown,Electric,2013,BEV,Unknown,3,Statewide,2
20376,2021,T1,Unknown,Electric,2012,BEV,Unknown,1,Statewide,2
20377,2021,T1,Unknown,Electric,2011,BEV,Unknown,2,Statewide,2
20378,2021,T1,Unknown,Electric,2011,BEV,Unknown,3,Statewide,2
20379,2021,T1,Unknown,Electric,2007,BEV,Unknown,1,Statewide,2
20380,2021,T1,Unknown,Electric,2007,BEV,Unknown,3,Statewide,2
20381,2021,T1,1,Electric,2007,BEV,Unknown,3,Statewide,2
20382,2021,T1,1,Electric,2006,BEV,Unknown,2,Statewide,2
20383,2021,T6,5,Gasoline,2006,ICE,Not Applicable,≥4,Statewide,177
20384,2021,T5,3,Gasoline,2007,ICE,Not Applicable,≥4,Statewide,1889
20385,2021,T6,4,Gasoline,2005,ICE,Not Applicable,3,Statewide,174
20386,2021,T3,2,Gasoline,1987,ICE,Not Applicable,3,Statewide,174
20387,2021,T2,Unknown,Gasoline,2021,ICE,Not Applicable,3,Statewide,174
20388,2021,T1,1,Gasoline,1990,ICE,Not Applicable,3,Statewide,1908
20389,2021,MC,Not Applicable,Gasoline,1986,ICE,Not Applicable,≥4,Statewide,1911
20390,2021,T1,1,Gasoline,1990,ICE,Not Applicable,2,Statewide,1911
20391,2021,T1,Unknown,Electric,1990,BEV,Unknown,≥4,Statewide,2
20392,2021,P,Not Applicable,Gasoline,1996,ICE,Not Applicable,1,Statewide,13906
20393,2021,T6,6,Gasoline,1985,ICE,Not Applicable,≥4,Statewide,171
20394,2021,T1,1,Electric,2019,BEV,101 to 150 miles,≥4,Statewide,171
20395,2021,T6,7,Diesel,2010,ICE,Not Applicable,1,Statewide,171
20396,2021,T6,4,Diesel,2007,ICE,Not Applicable,3,Statewide,171
20397,2021,T5,3,Diesel,2000,ICE,Not Applicable,3,Statewide,172
20398,2021,MC,Not Applicable,Gasoline,1993,ICE,Not Applicable,≥4,Statewide,1912
20399,2021,T1,1,Gasoline,2008,ICE,Not Applicable,≥4,Statewide,13844
20400,2021,T4,Unknown,Gasoline,2022,PHEV,0 to 50 miles,1,Statewide,170
20401,2021,T7,8,Diesel,2007,ICE,Not Applicable,3,Statewide,170
20402,2021,T6,4,Diesel,2007,ICE,Not Applicable,2,Statewide,170
20403,2021,T6,7,Diesel,2004,ICE,Not Applicable,1,Statewide,170
20404,2021,T6,7,Diesel,2021,ICE,Not Applicable,≥4,Statewide,1914
20405,2021,T4,2,Gasoline,2003,ICE,Not Applicable,2,Statewide,1914
20406,2021,T1,Unknown,Electric,1982,BEV,Unknown,≥4,Statewide,2
20407,2021,T3,Unknown,Gasoline,2011,ICE,Not Applicable,1,Statewide,13816
20408,2021,T1,Unknown,Electric,1984,BEV,Unknown,≥4,Statewide,2
20409,2021,P,Not Applicable,Diesel,2019,ICE,Not Applicable,3,Statewide,1888
20410,2021,T6,6,Diesel,2007,ICE,Not Applicable,3,Statewide,172
20411,2021,P,Not Applicable,Electric,2021,BEV,Unknown,1,Statewide,172
20412,2021,MH,Not Applicable,Gasoline,1984,ICE,Not Applicable,1,Statewide,174
20413,2021,T3,2,Diesel,2014,ICE,Not Applicable,3,Statewide,174
20414,2021,T3,2,Diesel,1989,ICE,Not Applicable,≥4,Statewide,174
20415,2021,P,Not Applicable,Diesel,2003,ICE,Not Applicable,2,Statewide,174
20416,2021,T4,2,Gasoline,2020,ICE,Not Applicable,2,Statewide,1903
20417,2021,T1,Unknown,Electric,1998,BEV,Unknown,≥4,Statewide,2
20418,2021,T1,Unknown,Electric,1997,BEV,Unknown,1,Statewide,2
20419,2021,T1,1,Gasoline,2003,ICE,Not Applicable,2,Statewide,14083
20420,2021,T1,Unknown,Electric,1993,BEV,Unknown,≥4,Statewide,2
20421,2021,T6,7,Diesel,2020,ICE,Not Applicable,1,Statewide,172
20422,2021,T6,6,Gasoline,1997,ICE,Not Applicable,≥4,Statewide,173
20423,2021,MH,Not Applicable,Gasoline,2014,ICE,Not Applicable,≥4,Statewide,173
20424,2021,T7,8,Diesel,2008,ICE,Not Applicable,2,Statewide,173
20425,2021,T3,Unknown,Diesel,2016,ICE,Not Applicable,2,Statewide,173
20426,2021,P,Not Applicable,Electric,2020,BEV,>150 miles,≥4,Statewide,1906
20427,2021,T3,2,Gasoline,2014,ICE,Not Applicable,1,Statewide,14003
20428,2021,T2,1,Gasoline,1977,ICE,Not Applicable,≥4,Statewide,13980
20429,2021,T1,Unknown,Electric,1992,BEV,Unknown,≥4,Statewide,2
20430,2021,T6,6,Gasoline,1991,ICE,Not Applicable,≥4,Statewide,172
20431,2021,MH,Not Applicable,Gasoline,1987,ICE,Not Applicable,1,Statewide,172
20432,2021,T2,Unknown,Gasoline,2000,ICE,Not Applicable,3,Statewide,173
20433,2021,T2,Unknown,Electric,2012,BEV,Unknown,2,Statewide,2
20434,2021,T6,4,Diesel,2009,ICE,Not Applicable,≥4,Statewide,1884
20435,2021,BS,Not Applicable,Diesel,1997,ICE,Not Applicable,≥4,Statewide,179
20436,2021,T5,3,Diesel,2003,ICE,Not Applicable,2,Statewide,186
20437,2021,T4,2,Diesel,2018,ICE,Not Applicable,2,Statewide,1856
20438,2021,T5,3,Gasoline,2022,ICE,Not Applicable,≥4,Statewide,1858
20439,2021,BS,Not Applicable,Gasoline,1992,ICE,Not Applicable,2,Statewide,2
20440,2021,BS,Not Applicable,Gasoline,1991,ICE,Not Applicable,2,Statewide,2
20441,2021,BS,Not Applicable,Gasoline,1991,ICE,Not Applicable,3,Statewide,2
20442,2021,BS,Not Applicable,Gasoline,1988,ICE,Not Applicable,1,Statewide,2
20443,2021,T2,Unknown,Gasoline,1979,ICE,Not Applicable,≥4,Statewide,185
20444,2021,T6,4,Diesel,1996,ICE,Not Applicable,≥4,Statewide,185
20445,2021,MH,Not Applicable,Gasoline,1988,ICE,Not Applicable,3,Statewide,186
20446,2021,MH,Not Applicable,Diesel,2022,ICE,Not Applicable,1,Statewide,185
20447,2021,BS,Not Applicable,Gasoline,1987,ICE,Not Applicable,3,Statewide,2
20448,2021,T5,3,Gasoline,2017,ICE,Not Applicable,≥4,Statewide,1863
20449,2021,T5,3,Gasoline,2005,ICE,Not Applicable,≥4,Statewide,1866
20450,2021,T7,8,Diesel,2001,ICE,Not Applicable,≥4,Statewide,1867
20451,2021,BS,Not Applicable,Gasoline,1986,ICE,Not Applicable,1,Statewide,2
20452,2021,BS,Not Applicable,Gasoline,1983,ICE,Not Applicable,3,Statewide,2
20453,2021,B,Not Applicable,Gasoline,1991,ICE,Not Applicable,2,Statewide,2
20454,2021,T6,6,Gasoline,1981,ICE,Not Applicable,≥4,Statewide,184
20455,2021,T4,2,Gasoline,1980,ICE,Not Applicable,3,Statewide,184
20456,2021,BT,Not Applicable,Diesel,1986,ICE,Not Applicable,≥4,Statewide,185
20457,2021,T3,Unknown,Gasoline,1992,ICE,Not Applicable,≥4,Statewide,184
20458,2021,BS,Not Applicable,Gasoline,1993,ICE,Not Applicable,2,Statewide,2
20459,2021,BS,Not Applicable,Gasoline,1996,ICE,Not Applicable,2,Statewide,2
20460,2021,T7,8,Diesel,2008,ICE,Not Applicable,3,Statewide,188
20461,2021,T7,8,Diesel,2007,ICE,Not Applicable,2,Statewide,188
20462,2021,T6,4,Diesel,2002,ICE,Not Applicable,2,Statewide,188
20463,2021,T3,2,Diesel,2012,ICE,Not Applicable,3,Statewide,188
20464,2021,MH,Not Applicable,Diesel,2005,ICE,Not Applicable,2,Statewide,188
20465,2021,T7,8,Diesel,2000,ICE,Not Applicable,≥4,Statewide,1851
20466,2021,BT,Not Applicable,Gasoline,1978,ICE,Not Applicable,2,Statewide,2
20467,2021,BS,Not Applicable,Gasoline,2016,ICE,Not Applicable,2,Statewide,2
20468,2021,BS,Not Applicable,Gasoline,2016,ICE,Not Applicable,3,Statewide,2
20469,2021,BS,Not Applicable,Gasoline,1995,ICE,Not Applicable,3,Statewide,2
20470,2021,BS,Not Applicable,Gasoline,2010,ICE,Not Applicable,3,Statewide,2
20471,2021,BS,Not Applicable,Gasoline,2001,ICE,Not Applicable,1,Statewide,2
20472,2021,BS,Not Applicable,Gasoline,2000,ICE,Not Applicable,3,Statewide,2
20473,2021,BS,Not Applicable,Gasoline,1998,ICE,Not Applicable,1,Statewide,2
20474,2021,T3,Unknown,Electric,2007,BEV,Unknown,≥4,Statewide,187
20475,2021,P,Not Applicable,Diesel,1983,ICE,Not Applicable,≥4,Statewide,187
20476,2021,T4,2,Diesel,2015,ICE,Not Applicable,≥4,Statewide,1854
20477,2021,T7,8,Diesel,2002,ICE,Not Applicable,≥4,Statewide,1854
20478,2021,T5,3,Gasoline,2012,ICE,Not Applicable,≥4,Statewide,1854
20479,2021,BS,Not Applicable,Gasoline,1996,ICE,Not Applicable,1,Statewide,2
20480,2021,BS,Not Applicable,Gasoline,2007,ICE,Not Applicable,3,Statewide,2
20481,2021,T4,2,Gasoline,1985,ICE,Not Applicable,3,Statewide,188
20482,2021,T2,Unknown,Gasoline,2000,ICE,Not Applicable,1,Statewide,184
20483,2021,T2,1,Gasoline,1982,ICE,Not Applicable,2,Statewide,184
20484,2021,T4,Unknown,Electric,1979,BEV,Unknown,≥4,Statewide,2
20485,2021,T3,2,Electric,2018,BEV,Unknown,≥4,Statewide,2
20486,2021,T3,Unknown,Electric,2013,BEV,Unknown,2,Statewide,2
20487,2021,T6,6,Gasoline,2003,ICE,Not Applicable,≥4,Statewide,181
20488,2021,T3,Unknown,Gasoline,2003,ICE,Not Applicable,3,Statewide,181
20489,2021,T6,7,Diesel,2014,ICE,Not Applicable,1,Statewide,181
20490,2021,MH,Not Applicable,Diesel,2015,ICE,Not Applicable,≥4,Statewide,181
20491,2021,T3,Unknown,Electric,2011,BEV,Unknown,1,Statewide,2
20492,2021,T3,Unknown,Electric,2011,BEV,Unknown,≥4,Statewide,2
20493,2021,T4,Unknown,Electric,1991,BEV,Unknown,≥4,Statewide,2
20494,2021,T3,Unknown,Electric,2006,BEV,Unknown,≥4,Statewide,2
20495,2021,B,Not Applicable,Gasoline,2013,ICE,Not Applicable,1,Statewide,180
20496,2021,P,Not Applicable,Electric,2020,BEV,>150 miles,3,Statewide,1882
20497,2021,T3,Unknown,Electric,1993,BEV,Unknown,≥4,Statewide,2
20498,2021,T3,Unknown,Electric,1988,BEV,Unknown,≥4,Statewide,2
20499,2021,T2,Unknown,Electric,2017,BEV,Unknown,1,Statewide,2
20500,2021,T2,Unknown,Electric,2016,BEV,Unknown,2,Statewide,2
20501,2021,T2,Unknown,Electric,2014,BEV,Unknown,2,Statewide,2
20502,2021,T1,1,Gasoline,1981,ICE,Not Applicable,1,Statewide,179
20503,2021,T5,3,Diesel,2000,ICE,Not Applicable,1,Statewide,179
20504,2021,T3,Unknown,Electric,1998,BEV,Unknown,2,Statewide,2
20505,2021,T2,1,Gasoline,1985,ICE,Not Applicable,1,Statewide,184
20506,2021,T4,2,Electric,2001,BEV,Unknown,≥4,Statewide,2
20507,2021,P,Not Applicable,Electric,2018,BEV,101 to 150 miles,1,Statewide,1878
20508,2021,BT,Not Applicable,Diesel,1988,ICE,Not Applicable,≥4,Statewide,184
20509,2021,MC,Not Applicable,Gasoline,1989,ICE,Not Applicable,≥4,Statewide,1870
20510,2021,B,Not Applicable,Gasoline,1989,ICE,Not Applicable,2,Statewide,2
20511,2021,T6,6,Electric,2018,BEV,Unknown,≥4,Statewide,2
20512,2021,T5,3,Electric,2015,BEV,Unknown,1,Statewide,2
20513,2021,BT,Not Applicable,Natural Gas,2005,ICE,Not Applicable,≥4,Statewide,183
20514,2021,T5,3,Gasoline,2019,ICE,Not Applicable,2,Statewide,183
20515,2021,MH,Not Applicable,Gasoline,2000,ICE,Not Applicable,≥4,Statewide,1873
20516,2021,P,Not Applicable,Electric,2022,BEV,101 to 150 miles,2,Statewide,1874
20517,2021,T4,2,Electric,2020,BEV,Unknown,1,Statewide,2
20518,2021,P,Not Applicable,Gasoline,2021,PHEV,51 to 100 miles,2,Statewide,1875
20519,2021,T4,2,Electric,2021,BEV,Unknown,1,Statewide,2
20520,2021,BS,Not Applicable,Natural Gas,2017,ICE,Not Applicable,≥4,Statewide,182
20521,2021,T6,7,Gasoline,2014,ICE,Not Applicable,≥4,Statewide,182
20522,2021,T2,1,Gasoline,1985,ICE,Not Applicable,3,Statewide,182
20523,2021,T2,1,Gasoline,1982,ICE,Not Applicable,1,Statewide,182
20524,2021,MH,Not Applicable,Gasoline,2017,ICE,Not Applicable,1,Statewide,182
20525,2021,MH,Not Applicable,Gasoline,1978,ICE,Not Applicable,3,Statewide,182
20526,2021,T1,Unknown,Electric,2007,BEV,Unknown,≥4,Statewide,182
20527,2021,MH,Not Applicable,Diesel,2005,ICE,Not Applicable,1,Statewide,182
20528,2021,P,Not Applicable,Electric,2018,BEV,101 to 150 miles,≥4,Statewide,1877
20529,2021,T6,7,Gasoline,2000,ICE,Not Applicable,2,Statewide,3
20530,2021,T6,Unknown,Gasoline,1999,ICE,Not Applicable,≥4,Statewide,3
20531,2021,T2,1,Gasoline,2016,ICE,Not Applicable,3,Statewide,45674
20532,2021,T2,1,Gasoline,2021,ICE,Not Applicable,≥4,Statewide,99045
20533,2021,T7,8,Diesel,1990,ICE,Not Applicable,≥4,Statewide,634
20534,2021,T5,3,Diesel,2018,ICE,Not Applicable,2,Statewide,634
20535,2021,BS,Not Applicable,Diesel,2015,ICE,Not Applicable,≥4,Statewide,634
20536,2021,P,Not Applicable,Gasoline,2021,BEV,51 to 100 miles,1,Statewide,633
20537,2021,T4,2,Diesel,1998,ICE,Not Applicable,2,Statewide,633
20538,2021,MC,Not Applicable,Gasoline,1998,ICE,Not Applicable,1,Statewide,632
20539,2021,P,Not Applicable,Electric,2022,BEV,101 to 150 miles,3,Statewide,1238
20540,2021,MC,Not Applicable,Gasoline,1981,ICE,Not Applicable,≥4,Statewide,1238
20541,2021,P,Not Applicable,Gasoline,2005,ICE,Not Applicable,1,Statewide,98770
20542,2021,P,Not Applicable,Gasoline,2004,ICE,Not Applicable,≥4,Statewide,98488
20543,2021,T3,2,Gasoline,2021,PHEV,0 to 50 miles,2,Statewide,631
20544,2021,MC,Not Applicable,Gasoline,2000,ICE,Not Applicable,3,Statewide,1238
20545,2021,P,Not Applicable,Gasoline,2008,ICE,Not Applicable,3,Statewide,97325
20546,2021,T4,2,Gasoline,1993,ICE,Not Applicable,1,Statewide,629
20547,2021,T4,2,Diesel,2003,ICE,Not Applicable,2,Statewide,629
20548,2021,T6,7,Diesel,2004,ICE,Not Applicable,≥4,Statewide,1239
20549,2021,T5,3,Diesel,2004,ICE,Not Applicable,2,Statewide,628
20550,2021,P,Not Applicable,Gasoline,1998,ICE,Not Applicable,2,Statewide,16542
20551,2021,MC,Not Applicable,Gasoline,1995,ICE,Not Applicable,3,Statewide,635
20552,2021,MC,Not Applicable,Gasoline,1994,ICE,Not Applicable,3,Statewide,636
20553,2021,T4,2,Gasoline,1999,ICE,Not Applicable,3,Statewide,1234
20554,2021,T3,2,Gasoline,2023,ICE,Not Applicable,3,Statewide,1233
20555,2021,T5,3,Gasoline,2014,ICE,Not Applicable,≥4,Statewide,1224
20556,2021,T3,Unknown,Gasoline,2011,ICE,Not Applicable,2,Statewide,17420
20557,2021,T4,2,Diesel,1999,ICE,Not Applicable,2,Statewide,651
20558,2021,T3,2,Gasoline,2000,ICE,Not Applicable,≥4,Statewide,17411
20559,2021,P,Not Applicable,Gasoline,2016,ICE,Not Applicable,3,Statewide,103201
20560,2021,T3,2,Gasoline,2001,ICE,Not Applicable,≥4,Statewide,17333
20561,2021,T3,2,Gasoline,2009,ICE,Not Applicable,≥4,Statewide,100238
20562,2021,MH,Not Applicable,Gasoline,2002,ICE,Not Applicable,2,Statewide,646
20563,2021,T5,3,Diesel,2000,ICE,Not Applicable,≥4,Statewide,646
20564,2021,T6,7,Diesel,1996,ICE,Not Applicable,≥4,Statewide,627
20565,2021,P,Not Applicable,Gasoline,2006,ICE,Not Applicable,2,Statewide,100142
20566,2021,T1,1,Gasoline,1978,ICE,Not Applicable,1,Statewide,643
20567,2021,T4,2,Diesel,1999,ICE,Not Applicable,3,Statewide,643
20568,2021,T2,1,Gasoline,2020,ICE,Not Applicable,1,Statewide,100040
20569,2021,T4,2,Gasoline,1994,ICE,Not Applicable,3,Statewide,1231
20570,2021,T4,Unknown,Gasoline,2022,ICE,Not Applicable,2,Statewide,640
20571,2021,T5,3,Diesel,2008,ICE,Not Applicable,2,Statewide,639
20572,2021,P,Not Applicable,Gasoline,2009,ICE,Not Applicable,3,Statewide,99327
20573,2021,T5,3,Diesel,2004,ICE,Not Applicable,1,Statewide,637
20574,2021,T4,2,Diesel,1998,ICE,Not Applicable,1,Statewide,637
20575,2021,T2,Unknown,Gasoline,2020,ICE,Not Applicable,2,Statewide,643
20576,2021,BS,Not Applicable,Diesel,1995,ICE,Not Applicable,≥4,Statewide,627
20577,2021,T4,2,Gasoline,2009,ICE,Not Applicable,≥4,Statewide,16492
20578,2021,T1,1,Gasoline,2018,ICE,Not Applicable,2,Statewide,16483
20579,2021,P,Not Applicable,Diesel,2011,ICE,Not Applicable,≥4,Statewide,615
20580,2021,T1,1,Gasoline,2007,ICE,Not Applicable,2,Statewide,15892
20581,2021,T4,2,Gasoline,2016,ICE,Not Applicable,2,Statewide,614
20582,2021,MH,Not Applicable,Diesel,2010,ICE,Not Applicable,3,Statewide,614
20583,2021,T2,1,Gasoline,2020,ICE,Not Applicable,2,Statewide,94553
20584,2021,T5,3,Diesel,2007,ICE,Not Applicable,3,Statewide,612
20585,2021,T7,8,Diesel,1999,ICE,Not Applicable,≥4,Statewide,1247
20586,2021,P,Not Applicable,Gasoline,2019,BEV,51 to 100 miles,1,Statewide,611
20587,2021,MC,Not Applicable,Gasoline,2009,ICE,Not Applicable,≥4,Statewide,15772
20588,2021,MC,Not Applicable,Gasoline,1988,ICE,Not Applicable,3,Statewide,615
20589,2021,P,Not Applicable,Gasoline,2021,BEV,51 to 100 miles,2,Statewide,610
20590,2021,MH,Not Applicable,Gasoline,2016,ICE,Not Applicable,3,Statewide,608
20591,2021,T3,2,Gasoline,1990,ICE,Not Applicable,2,Statewide,606
20592,2021,MH,Not Applicable,Gasoline,2001,ICE,Not Applicable,3,Statewide,606
20593,2021,MH,Not Applicable,Gasoline,2003,ICE,Not Applicable,≥4,Statewide,1249
20594,2021,P,Not Applicable,Gasoline,2005,ICE,Not Applicable,2,Statewide,92297
20595,2021,MH,Not Applicable,Diesel,2020,ICE,Not Applicable,≥4,Statewide,604
20596,2021,T4,2,Gasoline,1999,ICE,Not Applicable,2,Statewide,1249
20597,2021,T6,7,Diesel,1999,ICE,Not Applicable,≥4,Statewide,602
20598,2021,T1,1,Gasoline,2014,ICE,Not Applicable,2,Statewide,15630
20599,2021,T2,1,Gasoline,2021,ICE,Not Applicable,2,Statewide,93973
20600,2021,MH,Not Applicable,Gasoline,2022,ICE,Not Applicable,3,Statewide,652
20601,2021,MH,Not Applicable,Gasoline,1994,ICE,Not Applicable,3,Statewide,615
20602,2021,T3,2,Gasoline,1990,ICE,Not Applicable,3,Statewide,615
20603,2021,P,Not Applicable,Gasoline,2022,BEV,51 to 100 miles,≥4,Statewide,626
20604,2021,P,Not Applicable,Gasoline,2020,BEV,51 to 100 miles,3,Statewide,626
20605,2021,P,Not Applicable,Gasoline,2020,BEV,51 to 100 miles,≥4,Statewide,626
20606,2021,T7,8,Diesel,2005,ICE,Not Applicable,1,Statewide,625
20607,2021,BS,Not Applicable,Diesel,2003,ICE,Not Applicable,≥4,Statewide,625
20608,2021,MH,Not Applicable,Diesel,2011,ICE,Not Applicable,3,Statewide,624
20609,2021,T3,2,Gasoline,2022,PHEV,0 to 50 miles,1,Statewide,621
20610,2021,T4,2,Diesel,2003,ICE,Not Applicable,3,Statewide,621
20611,2021,P,Not Applicable,Diesel,2007,ICE,Not Applicable,≥4,Statewide,621
20612,2021,T1,1,Gasoline,1988,ICE,Not Applicable,2,Statewide,615
20613,2021,T3,2,Gasoline,2008,ICE,Not Applicable,≥4,Statewide,96265
20614,2021,MH,Not Applicable,Gasoline,2003,ICE,Not Applicable,3,Statewide,619
20615,2021,T5,3,Diesel,2006,ICE,Not Applicable,1,Statewide,619
20616,2021,BS,Not Applicable,Diesel,2007,ICE,Not Applicable,≥4,Statewide,619
20617,2021,T3,2,Gasoline,2014,ICE,Not Applicable,2,Statewide,16205
20618,2021,T2,Unknown,Gasoline,2022,ICE,Not Applicable,3,Statewide,618
20619,2021,P,Not Applicable,Gasoline,2019,BEV,51 to 100 miles,2,Statewide,617
20620,2021,T4,2,Gasoline,1999,ICE,Not Applicable,1,Statewide,1243
20621,2021,T4,2,Gasoline,2006,ICE,Not Applicable,≥4,Statewide,15923
20622,2021,T4,2,Gasoline,1983,ICE,Not Applicable,≥4,Statewide,616
20623,2021,T4,Unknown,Diesel,2021,ICE,Not Applicable,2,Statewide,620
20624,2021,T6,4,Gasoline,2000,ICE,Not Applicable,≥4,Statewide,601
20625,2021,T4,2,Diesel,2001,ICE,Not Applicable,3,Statewide,1224
20626,2021,P,Not Applicable,Electric,2017,BEV,51 to 100 miles,1,Statewide,656
20627,2021,T2,1,Diesel,2020,ICE,Not Applicable,3,Statewide,689
20628,2021,T1,1,Gasoline,2019,ICE,Not Applicable,2,Statewide,19054
20629,2021,T1,1,Gasoline,2021,ICE,Not Applicable,3,Statewide,18969
20630,2021,MC,Not Applicable,Gasoline,1992,ICE,Not Applicable,3,Statewide,687
20631,2021,T7,8,Diesel,2020,ICE,Not Applicable,1,Statewide,687
20632,2021,T2,1,Gasoline,1978,ICE,Not Applicable,1,Statewide,686
20633,2021,T6,4,Diesel,2003,ICE,Not Applicable,≥4,Statewide,686
20634,2021,BT,Not Applicable,Natural Gas,2018,ICE,Not Applicable,≥4,Statewide,685
20635,2021,T7,8,Natural Gas,2021,ICE,Not Applicable,≥4,Statewide,683
20636,2021,MH,Not Applicable,Diesel,2004,ICE,Not Applicable,≥4,Statewide,683
20637,2021,T2,1,Gasoline,1987,ICE,Not Applicable,≥4,Statewide,682
20638,2021,T2,1,Gasoline,2002,ICE,Not Applicable,3,Statewide,18705
20639,2021,T3,2,Gasoline,2015,ICE,Not Applicable,1,Statewide,18676
20640,2021,P,Not Applicable,Gasoline,2023,ICE,Not Applicable,≥4,Statewide,18676
20641,2021,MH,Not Applicable,Gasoline,2021,ICE,Not Applicable,1,Statewide,680
20642,2021,T5,3,Diesel,2006,ICE,Not Applicable,2,Statewide,680
20643,2021,BT,Not Applicable,Diesel,2018,ICE,Not Applicable,≥4,Statewide,680
20644,2021,MC,Not Applicable,Gasoline,2014,ICE,Not Applicable,≥4,Statewide,18616
20645,2021,T3,2,Gasoline,1991,ICE,Not Applicable,1,Statewide,679
20646,2021,T4,2,Gasoline,2019,ICE,Not Applicable,1,Statewide,1212
20647,2021,T1,1,Gasoline,1980,ICE,Not Applicable,≥4,Statewide,691
20648,2021,T3,2,Gasoline,1988,ICE,Not Applicable,≥4,Statewide,691
20649,2021,P,Not Applicable,Gasoline,2014,ICE,Not Applicable,2,Statewide,124557
20650,2021,T2,Unknown,Gasoline,2004,ICE,Not Applicable,≥4,Statewide,702
20651,2021,P,Not Applicable,Gasoline,2008,ICE,Not Applicable,2,Statewide,126191
20652,2021,T1,1,Gasoline,2002,ICE,Not Applicable,≥4,Statewide,19437
20653,2021,MC,Not Applicable,Gasoline,2021,ICE,Not Applicable,≥4,Statewide,19435
20654,2021,T3,Unknown,Gasoline,2018,ICE,Not Applicable,3,Statewide,701
20655,2021,MC,Not Applicable,Gasoline,1987,ICE,Not Applicable,3,Statewide,701
20656,2021,T5,3,Diesel,2018,ICE,Not Applicable,1,Statewide,700
20657,2021,T4,2,Gasoline,1984,ICE,Not Applicable,≥4,Statewide,699
20658,2021,T2,1,Gasoline,2000,ICE,Not Applicable,≥4,Statewide,19384
20659,2021,T6,4,Diesel,2000,ICE,Not Applicable,≥4,Statewide,679
20660,2021,P,Not Applicable,Gasoline,2011,ICE,Not Applicable,3,Statewide,125060
20661,2021,T7,8,Diesel,2021,ICE,Not Applicable,1,Statewide,698
20662,2021,T5,3,Diesel,2018,ICE,Not Applicable,3,Statewide,698
20663,2021,MC,Not Applicable,Gasoline,1998,ICE,Not Applicable,2,Statewide,697
20664,2021,P,Not Applicable,Electric,2022,BEV,101 to 150 miles,≥4,Statewide,1208
20665,2021,MC,Not Applicable,Gasoline,1999,ICE,Not Applicable,1,Statewide,696
20666,2021,MH,Not Applicable,Gasoline,2009,ICE,Not Applicable,1,Statewide,695
20667,2021,MC,Not Applicable,Gasoline,1990,ICE,Not Applicable,3,Statewide,694
20668,2021,T5,3,Diesel,2008,ICE,Not Applicable,3,Statewide,694
20669,2021,T6,4,Gasoline,2007,ICE,Not Applicable,≥4,Statewide,1211
20670,2021,T3,2,Gasoline,1984,ICE,Not Applicable,1,Statewide,698
20671,2021,T5,3,Diesel,2009,ICE,Not Applicable,2,Statewide,679
20672,2021,P,Not Applicable,Diesel,2015,ICE,Not Applicable,≥4,Statewide,679
20673,2021,T1,1,Gasoline,1986,ICE,Not Applicable,≥4,Statewide,1214
20674,2021,MH,Not Applicable,Gasoline,2007,ICE,Not Applicable,3,Statewide,1220
20675,2021,T3,2,Gasoline,2015,ICE,Not Applicable,3,Statewide,18179
20676,2021,P,Not Applicable,Gasoline,2013,ICE,Not Applicable,3,Statewide,114166
20677,2021,T2,1,Gasoline,2021,ICE,Not Applicable,1,Statewide,113058
20678,2021,P,Not Applicable,Gasoline,2007,ICE,Not Applicable,2,Statewide,111739
20679,2021,T7,8,Natural Gas,2018,ICE,Not Applicable,≥4,Statewide,667
20680,2021,MC,Not Applicable,Gasoline,2008,ICE,Not Applicable,≥4,Statewide,17998
20681,2021,T4,2,Diesel,2015,ICE,Not Applicable,1,Statewide,666
20682,2021,T6,5,Diesel,2006,ICE,Not Applicable,≥4,Statewide,1221
20683,2021,MC,Not Applicable,Gasoline,1982,ICE,Not Applicable,≥4,Statewide,1220
20684,2021,T3,Unknown,Gasoline,2011,ICE,Not Applicable,≥4,Statewide,17880
20685,2021,P,Not Applicable,Gasoline,1998,ICE,Not Applicable,1,Statewide,17825
20686,2021,T5,3,Diesel,2009,ICE,Not Applicable,1,Statewide,663
20687,2021,MC,Not Applicable,Gasoline,1991,ICE,Not Applicable,2,Statewide,662
20688,2021,T4,2,Gasoline,2021,ICE,Not Applicable,≥4,Statewide,17753
20689,2021,T1,1,Gasoline,1988,ICE,Not Applicable,3,Statewide,661
20690,2021,T3,2,Gasoline,1983,ICE,Not Applicable,2,Statewide,660
20691,2021,P,Not Applicable,Gasoline,2015,ICE,Not Applicable,3,Statewide,107678
20692,2021,MH,Not Applicable,Gasoline,1998,ICE,Not Applicable,≥4,Statewide,1223
20693,2021,P,Not Applicable,Gasoline,2006,ICE,Not Applicable,1,Statewide,107238
20694,2021,MC,Not Applicable,Gasoline,2019,ICE,Not Applicable,≥4,Statewide,17828
20695,2021,P,Not Applicable,Gasoline,1999,ICE,Not Applicable,3,Statewide,17558
20696,2021,MH,Not Applicable,Gasoline,2006,ICE,Not Applicable,3,Statewide,672
20697,2021,T1,1,Gasoline,2018,ICE,Not Applicable,1,Statewide,18367
20698,2021,T4,2,Gasoline,1995,ICE,Not Applicable,2,Statewide,1216
20699,2021,T4,2,Gasoline,1987,ICE,Not Applicable,≥4,Statewide,678
20700,2021,P,Not Applicable,Electric,2017,BEV,51 to 100 miles,3,Statewide,677
20701,2021,T5,3,Diesel,1999,ICE,Not Applicable,≥4,Statewide,677
20702,2021,P,Not Applicable,Gasoline,2007,ICE,Not Applicable,1,Statewide,118365
20703,2021,MC,Not Applicable,Gasoline,2013,ICE,Not Applicable,≥4,Statewide,18432
20704,2021,P,Not Applicable,Gasoline,2010,ICE,Not Applicable,3,Statewide,117175
20705,2021,T4,2,Gasoline,2008,ICE,Not Applicable,≥4,Statewide,18404
20706,2021,T4,2,Gasoline,1988,ICE,Not Applicable,≥4,Statewide,676
20707,2021,T4,2,Gasoline,1993,ICE,Not Applicable,3,Statewide,672
20708,2021,T3,Unknown,Gasoline,2016,ICE,Not Applicable,1,Statewide,676
20709,2021,T6,6,Gasoline,2020,ICE,Not Applicable,≥4,Statewide,1217
20710,2021,BT,Not Applicable,Natural Gas,2013,ICE,Not Applicable,≥4,Statewide,675
20711,2021,T6,5,Diesel,2021,ICE,Not Applicable,1,Statewide,675
20712,2021,T4,2,Diesel,1989,ICE,Not Applicable,≥4,Statewide,675
20713,2021,T6,6,Gasoline,2021,ICE,Not Applicable,≥4,Statewide,674
20714,2021,T2,1,Gasoline,1978,ICE,Not Applicable,2,Statewide,674
20715,2021,T2,Unknown,Gasoline,2022,ICE,Not Applicable,1,Statewide,1218
20716,2021,T7,8,Diesel,2018,ICE,Not Applicable,1,Statewide,1219
20717,2021,BS,Not Applicable,Diesel,2005,ICE,Not Applicable,≥4,Statewide,673
20718,2021,MH,Not Applicable,Gasoline,2022,ICE,Not Applicable,1,Statewide,676
20719,2021,T2,1,Gasoline,2022,ICE,Not Applicable,2,Statewide,91712
20720,2021,T5,3,Diesel,2003,ICE,Not Applicable,≥4,Statewide,599
20721,2021,P,Not Applicable,Gasoline,2014,ICE,Not Applicable,3,Statewide,91108
20722,2021,P,Not Applicable,Diesel,1988,ICE,Not Applicable,2,Statewide,544
20723,2021,T6,Unknown,Gasoline,1977,ICE,Not Applicable,3,Statewide,543
20724,2021,T1,1,Gasoline,1982,ICE,Not Applicable,≥4,Statewide,543
20725,2021,BS,Not Applicable,Diesel,2017,ICE,Not Applicable,≥4,Statewide,543
20726,2021,T7,8,Diesel,2014,ICE,Not Applicable,2,Statewide,1284
20727,2021,T2,1,Gasoline,2011,ICE,Not Applicable,≥4,Statewide,80229
20728,2021,T1,1,Gasoline,1979,ICE,Not Applicable,3,Statewide,541
20729,2021,T5,3,Diesel,2007,ICE,Not Applicable,1,Statewide,541
20730,2021,T4,2,Gasoline,2016,ICE,Not Applicable,3,Statewide,539
20731,2021,T4,2,Gasoline,1980,ICE,Not Applicable,≥4,Statewide,539
20732,2021,T2,Unknown,Gasoline,2006,ICE,Not Applicable,1,Statewide,538
20733,2021,BS,Not Applicable,Diesel,2018,ICE,Not Applicable,≥4,Statewide,538
20734,2021,T5,3,Diesel,2013,ICE,Not Applicable,2,Statewide,1292
20735,2021,P,Not Applicable,Gasoline,2006,ICE,Not Applicable,3,Statewide,79686
20736,2021,T2,1,Gasoline,1982,ICE,Not Applicable,≥4,Statewide,536
20737,2021,MC,Not Applicable,Gasoline,1990,ICE,Not Applicable,1,Statewide,536
20738,2021,T6,7,Diesel,1998,ICE,Not Applicable,≥4,Statewide,536
20739,2021,T7,8,Diesel,2015,ICE,Not Applicable,1,Statewide,1292
20740,2021,MC,Not Applicable,Gasoline,1989,ICE,Not Applicable,3,Statewide,535
20741,2021,T2,Unknown,Gasoline,2008,ICE,Not Applicable,≥4,Statewide,545
20742,2021,P,Not Applicable,Diesel,2021,ICE,Not Applicable,1,Statewide,546
20743,2021,BT,Not Applicable,Gasoline,2021,ICE,Not Applicable,≥4,Statewide,546
20744,2021,MC,Not Applicable,Gasoline,1987,ICE,Not Applicable,2,Statewide,546
20745,2021,T4,2,Gasoline,2005,ICE,Not Applicable,≥4,Statewide,14380
20746,2021,T1,1,Gasoline,2014,ICE,Not Applicable,1,Statewide,14368
20747,2021,T1,1,Gasoline,2014,ICE,Not Applicable,≥4,Statewide,14367
20748,2021,T2,1,Gasoline,1999,ICE,Not Applicable,≥4,Statewide,14345
20749,2021,T1,1,Gasoline,1987,ICE,Not Applicable,2,Statewide,556
20750,2021,T6,5,Diesel,2022,ICE,Not Applicable,1,Statewide,556
20751,2021,MH,Not Applicable,Gasoline,2000,ICE,Not Applicable,2,Statewide,555
20752,2021,T2,1,Gasoline,2018,ICE,Not Applicable,2,Statewide,81988
20753,2021,MH,Not Applicable,Diesel,2013,ICE,Not Applicable,3,Statewide,554
20754,2021,T7,8,Gasoline,1977,ICE,Not Applicable,1,Statewide,1293
20755,2021,T5,3,Gasoline,2004,ICE,Not Applicable,1,Statewide,551
20756,2021,T4,Unknown,Diesel,2021,ICE,Not Applicable,3,Statewide,551
20757,2021,T2,1,Gasoline,2019,ICE,Not Applicable,1,Statewide,81537
20758,2021,T5,3,Diesel,1995,ICE,Not Applicable,≥4,Statewide,550
20759,2021,T1,1,Gasoline,1988,ICE,Not Applicable,1,Statewide,549
20760,2021,MH,Not Applicable,Diesel,2012,ICE,Not Applicable,3,Statewide,548
20761,2021,MH,Not Applicable,Diesel,2009,ICE,Not Applicable,3,Statewide,548
20762,2021,B,Not Applicable,Diesel,1977,ICE,Not Applicable,≥4,Statewide,547
20763,2021,T3,2,Gasoline,2020,ICE,Not Applicable,≥4,Statewide,81337
20764,2021,MC,Not Applicable,Gasoline,1996,ICE,Not Applicable,2,Statewide,546
20765,2021,B,Not Applicable,Gasoline,2008,ICE,Not Applicable,≥4,Statewide,551
20766,2021,B,Not Applicable,Gasoline,1977,ICE,Not Applicable,≥4,Statewide,534
20767,2021,T6,4,Gasoline,2017,ICE,Not Applicable,≥4,Statewide,533
20768,2021,T5,3,Gasoline,2011,ICE,Not Applicable,1,Statewide,533
20769,2021,T3,2,Gasoline,1986,ICE,Not Applicable,≥4,Statewide,522
20770,2021,MC,Not Applicable,Gasoline,1997,ICE,Not Applicable,1,Statewide,521
20771,2021,T2,1,Gasoline,2018,ICE,Not Applicable,1,Statewide,75070
20772,2021,T6,7,Diesel,1997,ICE,Not Applicable,≥4,Statewide,520
20773,2021,P,Not Applicable,Diesel,2015,ICE,Not Applicable,3,Statewide,520
20774,2021,P,Not Applicable,Diesel,2010,ICE,Not Applicable,≥4,Statewide,520
20775,2021,BS,Not Applicable,Diesel,2016,ICE,Not Applicable,≥4,Statewide,520
20776,2021,MH,Not Applicable,Gasoline,2000,ICE,Not Applicable,1,Statewide,519
20777,2021,T6,7,Diesel,2023,ICE,Not Applicable,≥4,Statewide,519
20778,2021,T5,3,Gasoline,2006,ICE,Not Applicable,1,Statewide,522
20779,2021,T3,2,Gasoline,2011,ICE,Not Applicable,≥4,Statewide,74313
20780,2021,P,Not Applicable,Gasoline,2004,ICE,Not Applicable,1,Statewide,74058
20781,2021,T6,7,Diesel,1992,ICE,Not Applicable,≥4,Statewide,517
20782,2021,P,Not Applicable,Diesel,1990,ICE,Not Applicable,2,Statewide,517
20783,2021,P,Not Applicable,Gasoline,2005,ICE,Not Applicable,3,Statewide,73854
20784,2021,T3,2,Gasoline,1980,ICE,Not Applicable,1,Statewide,516
20785,2021,T3,2,Diesel,2021,ICE,Not Applicable,3,Statewide,1301
20786,2021,T2,1,Gasoline,2012,ICE,Not Applicable,≥4,Statewide,72911
20787,2021,T3,2,Gasoline,1987,ICE,Not Applicable,≥4,Statewide,515
20788,2021,MH,Not Applicable,Diesel,2019,ICE,Not Applicable,≥4,Statewide,515
20789,2021,MC,Not Applicable,Gasoline,1983,ICE,Not Applicable,3,Statewide,518
20790,2021,MC,Not Applicable,Gasoline,1985,ICE,Not Applicable,3,Statewide,559
20791,2021,T2,1,Gasoline,2019,ICE,Not Applicable,2,Statewide,76629
20792,2021,MH,Not Applicable,Gasoline,1999,ICE,Not Applicable,2,Statewide,523
20793,2021,MH,Not Applicable,Gasoline,1998,ICE,Not Applicable,3,Statewide,533
20794,2021,MH,Not Applicable,Diesel,2003,ICE,Not Applicable,≥4,Statewide,533
20795,2021,BT,Not Applicable,Diesel,2008,ICE,Not Applicable,≥4,Statewide,532
20796,2021,T1,Unknown,Gasoline,2017,ICE,Not Applicable,≥4,Statewide,1295
20797,2021,T3,2,Gasoline,2006,ICE,Not Applicable,≥4,Statewide,78295
20798,2021,T6,4,Gasoline,2020,ICE,Not Applicable,≥4,Statewide,530
20799,2021,BS,Not Applicable,Gasoline,2014,ICE,Not Applicable,≥4,Statewide,530
20800,2021,P,Not Applicable,Diesel,2008,ICE,Not Applicable,2,Statewide,530
20801,2021,P,Not Applicable,Diesel,1988,ICE,Not Applicable,3,Statewide,530
20802,2021,P,Not Applicable,Diesel,1992,ICE,Not Applicable,≥4,Statewide,523
20803,2021,T2,Unknown,Electric,2021,BEV,>150 miles,2,Statewide,1296
20804,2021,T6,6,Gasoline,2018,ICE,Not Applicable,≥4,Statewide,528
20805,2021,BS,Not Applicable,Diesel,2008,ICE,Not Applicable,≥4,Statewide,526
20806,2021,BS,Not Applicable,Diesel,2002,ICE,Not Applicable,≥4,Statewide,526
20807,2021,T2,1,Gasoline,2010,ICE,Not Applicable,2,Statewide,77821
20808,2021,T3,2,Gasoline,1978,ICE,Not Applicable,3,Statewide,525
20809,2021,P,Not Applicable,Diesel,1989,ICE,Not Applicable,2,Statewide,525
20810,2021,T2,Unknown,Gasoline,2006,ICE,Not Applicable,3,Statewide,524
20811,2021,MC,Not Applicable,Gasoline,1992,ICE,Not Applicable,2,Statewide,524
20812,2021,T4,2,Gasoline,1979,ICE,Not Applicable,≥4,Statewide,523
20813,2021,T3,2,Gasoline,2019,ICE,Not Applicable,≥4,Statewide,78144
20814,2021,T3,2,Gasoline,1999,ICE,Not Applicable,≥4,Statewide,14415
20815,2021,T3,Unknown,Gasoline,2019,ICE,Not Applicable,2,Statewide,560
20816,2021,T6,6,Gasoline,1977,ICE,Not Applicable,1,Statewide,560
20817,2021,T4,2,Gasoline,2022,ICE,Not Applicable,≥4,Statewide,15023
20818,2021,MC,Not Applicable,Gasoline,1986,ICE,Not Applicable,3,Statewide,583
20819,2021,T7,8,Diesel,2021,ICE,Not Applicable,3,Statewide,583
20820,2021,T3,2,Gasoline,2012,ICE,Not Applicable,≥4,Statewide,86146
20821,2021,T2,1,Gasoline,1979,ICE,Not Applicable,1,Statewide,582
20822,2021,MC,Not Applicable,Gasoline,1991,ICE,Not Applicable,1,Statewide,582
20823,2021,MC,Not Applicable,Gasoline,1990,ICE,Not Applicable,2,Statewide,582
20824,2021,T3,2,Diesel,2016,ICE,Not Applicable,1,Statewide,582
20825,2021,T2,1,Gasoline,2020,ICE,Not Applicable,≥4,Statewide,85891
20826,2021,P,Not Applicable,Gasoline,2007,ICE,Not Applicable,3,Statewide,86828
20827,2021,T1,1,Gasoline,1989,ICE,Not Applicable,3,Statewide,1262
20828,2021,MH,Not Applicable,Gasoline,1997,ICE,Not Applicable,3,Statewide,580
20829,2021,T7,8,Diesel,1991,ICE,Not Applicable,≥4,Statewide,580
20830,2021,T1,1,Gasoline,2022,ICE,Not Applicable,≥4,Statewide,14883
20831,2021,T6,6,Diesel,2010,ICE,Not Applicable,1,Statewide,578
20832,2021,T3,2,Gasoline,2022,ICE,Not Applicable,≥4,Statewide,85449
20833,2021,T7,8,Natural Gas,2015,ICE,Not Applicable,≥4,Statewide,577
20834,2021,T3,2,Gasoline,1990,ICE,Not Applicable,1,Statewide,577
20835,2021,MH,Not Applicable,Gasoline,2013,ICE,Not Applicable,3,Statewide,577
20836,2021,MH,Not Applicable,Gasoline,2010,ICE,Not Applicable,2,Statewide,577
20837,2021,P,Not Applicable,Gasoline,2003,ICE,Not Applicable,≥4,Statewide,85803
20838,2021,BS,Not Applicable,Gasoline,2021,ICE,Not Applicable,≥4,Statewide,577
20839,2021,MH,Not Applicable,Gasoline,2005,ICE,Not Applicable,1,Statewide,585
20840,2021,B,Not Applicable,Gasoline,2009,ICE,Not Applicable,≥4,Statewide,587
20841,2021,MC,Not Applicable,Gasoline,2018,ICE,Not Applicable,≥4,Statewide,15589
20842,2021,T6,6,Gasoline,2022,ICE,Not Applicable,≥4,Statewide,598
20843,2021,T4,2,Gasoline,1993,ICE,Not Applicable,2,Statewide,598
20844,2021,T3,2,Gasoline,1993,ICE,Not Applicable,2,Statewide,1251
20845,2021,T2,1,Gasoline,2010,ICE,Not Applicable,≥4,Statewide,89999
20846,2021,MC,Not Applicable,Gasoline,2007,ICE,Not Applicable,≥4,Statewide,15543
20847,2021,T7,8,Diesel,2019,ICE,Not Applicable,3,Statewide,595
20848,2021,P,Not Applicable,Diesel,2015,ICE,Not Applicable,1,Statewide,594
20849,2021,T3,2,Gasoline,2010,ICE,Not Applicable,≥4,Statewide,88676
20850,2021,T3,2,Gasoline,1993,ICE,Not Applicable,3,Statewide,1258
20851,2021,P,Not Applicable,Diesel,2016,ICE,Not Applicable,2,Statewide,1253
20852,2021,T6,6,Diesel,2011,ICE,Not Applicable,1,Statewide,591
20853,2021,T1,1,Gasoline,2019,ICE,Not Applicable,≥4,Statewide,15339
20854,2021,T5,3,Gasoline,1995,ICE,Not Applicable,≥4,Statewide,590
20855,2021,T1,1,Gasoline,2001,ICE,Not Applicable,≥4,Statewide,15174
20856,2021,T1,1,Gasoline,2023,ICE,Not Applicable,1,Statewide,589
20857,2021,MC,Not Applicable,Gasoline,1997,ICE,Not Applicable,2,Statewide,589
20858,2021,T5,3,Diesel,2008,ICE,Not Applicable,1,Statewide,588
20859,2021,T5,3,Diesel,2007,ICE,Not Applicable,2,Statewide,588
20860,2021,T3,2,Gasoline,1978,ICE,Not Applicable,1,Statewide,587
20861,2021,T7,8,Diesel,2021,ICE,Not Applicable,2,Statewide,591
20862,2021,T1,1,Gasoline,2022,ICE,Not Applicable,1,Statewide,19542
20863,2021,T6,4,Diesel,2022,ICE,Not Applicable,≥4,Statewide,577
20864,2021,T3,Unknown,Gasoline,1977,ICE,Not Applicable,2,Statewide,576
20865,2021,T2,Unknown,Gasoline,2010,ICE,Not Applicable,2,Statewide,568
20866,2021,P,Not Applicable,Electric,2016,BEV,51 to 100 miles,1,Statewide,568
20867,2021,T7,8,Diesel,2019,ICE,Not Applicable,2,Statewide,567
20868,2021,P,Not Applicable,Gasoline,1997,ICE,Not Applicable,1,Statewide,14553
20869,2021,MH,Not Applicable,Gasoline,1995,ICE,Not Applicable,3,Statewide,566
20870,2021,BS,Not Applicable,Diesel,2006,ICE,Not Applicable,≥4,Statewide,566
20871,2021,T2,1,Gasoline,1980,ICE,Not Applicable,3,Statewide,565
20872,2021,MH,Not Applicable,Gasoline,1983,ICE,Not Applicable,≥4,Statewide,565
20873,2021,T2,Unknown,Gasoline,2010,ICE,Not Applicable,≥4,Statewide,564
20874,2021,T3,2,Gasoline,2003,ICE,Not Applicable,2,Statewide,14576
20875,2021,T1,1,Gasoline,1987,ICE,Not Applicable,3,Statewide,564
20876,2021,T5,3,Diesel,2010,ICE,Not Applicable,1,Statewide,1275
20877,2021,T5,3,Gasoline,2010,ICE,Not Applicable,1,Statewide,563
20878,2021,MH,Not Applicable,Gasoline,2021,ICE,Not Applicable,2,Statewide,563
20879,2021,T6,4,Diesel,2001,ICE,Not Applicable,≥4,Statewide,563
20880,2021,P,Not Applicable,Gasoline,1994,ICE,Not Applicable,≥4,Statewide,14515
20881,2021,T4,2,Gasoline,2007,ICE,Not Applicable,≥4,Statewide,14491
20882,2021,T3,2,Gasoline,2022,PHEV,0 to 50 miles,2,Statewide,562
20883,2021,T2,Unknown,Gasoline,2010,ICE,Not Applicable,1,Statewide,562
20884,2021,T7,8,Diesel,2016,ICE,Not Applicable,1,Statewide,1276
20885,2021,T4,2,Diesel,2003,ICE,Not Applicable,1,Statewide,564
20886,2021,T5,3,Diesel,1998,ICE,Not Applicable,≥4,Statewide,577
20887,2021,B,Not Applicable,Gasoline,2018,ICE,Not Applicable,≥4,Statewide,569
20888,2021,T2,1,Diesel,2019,ICE,Not Applicable,≥4,Statewide,570
20889,2021,T2,Unknown,Gasoline,2006,ICE,Not Applicable,2,Statewide,576
20890,2021,T4,2,Diesel,1999,ICE,Not Applicable,1,Statewide,576
20891,2021,T1,Unknown,Gasoline,2017,ICE,Not Applicable,3,Statewide,1266
20892,2021,T4,2,Diesel,2011,ICE,Not Applicable,≥4,Statewide,14798
20893,2021,T3,2,Diesel,2018,ICE,Not Applicable,2,Statewide,575
20894,2021,P,Not Applicable,Diesel,2018,ICE,Not Applicable,≥4,Statewide,1267
20895,2021,T5,3,Diesel,2013,ICE,Not Applicable,3,Statewide,1267
20896,2021,MH,Not Applicable,Gasoline,1977,ICE,Not Applicable,≥4,Statewide,1268
20897,2021,P,Not Applicable,Gasoline,1980,ICE,Not Applicable,3,Statewide,1268
20898,2021,T3,2,Gasoline,2007,ICE,Not Applicable,≥4,Statewide,84102
20899,2021,MC,Not Applicable,Gasoline,1993,ICE,Not Applicable,3,Statewide,573
20900,2021,P,Not Applicable,Gasoline,2021,PHEV,51 to 100 miles,≥4,Statewide,1268
20901,2021,T1,1,Gasoline,2006,ICE,Not Applicable,2,Statewide,14692
20902,2021,T7,8,Diesel,1977,ICE,Not Applicable,1,Statewide,572
20903,2021,T3,2,Gasoline,2021,ICE,Not Applicable,≥4,Statewide,84301
20904,2021,T3,2,Diesel,2016,ICE,Not Applicable,3,Statewide,571
20905,2021,BS,Not Applicable,Diesel,2000,ICE,Not Applicable,≥4,Statewide,571
20906,2021,T2,1,Gasoline,2009,ICE,Not Applicable,≥4,Statewide,84296
20907,2021,T1,1,Gasoline,1999,ICE,Not Applicable,≥4,Statewide,14656
20908,2021,MH,Not Applicable,Gasoline,2002,ICE,Not Applicable,1,Statewide,570
20909,2021,BS,Not Applicable,Diesel,2022,ICE,Not Applicable,≥4,Statewide,573
20910,2021,P,Not Applicable,Gasoline,2022,ICE,Not Applicable,3,Statewide,126248
20911,2021,T2,1,Diesel,2019,ICE,Not Applicable,2,Statewide,706
20912,2021,P,Not Applicable,Diesel,2016,ICE,Not Applicable,≥4,Statewide,1200
20913,2021,T3,2,Gasoline,1992,ICE,Not Applicable,2,Statewide,946
20914,2021,P,Not Applicable,Electric,2017,BEV,51 to 100 miles,2,Statewide,945
20915,2021,T5,3,Diesel,2012,ICE,Not Applicable,2,Statewide,1102
20916,2021,P,Not Applicable,Gasoline,2017,ICE,Not Applicable,1,Statewide,217298
20917,2021,T4,2,Gasoline,1996,ICE,Not Applicable,2,Statewide,943
20918,2021,T4,2,Gasoline,2018,ICE,Not Applicable,2,Statewide,1102
20919,2021,T7,8,Diesel,1998,ICE,Not Applicable,≥4,Statewide,937
20920,2021,T3,Unknown,Gasoline,2016,ICE,Not Applicable,2,Statewide,935
20921,2021,MH,Not Applicable,Gasoline,2020,ICE,Not Applicable,≥4,Statewide,932
20922,2021,T4,2,Diesel,2014,ICE,Not Applicable,2,Statewide,929
20923,2021,BT,Not Applicable,Diesel,1977,ICE,Not Applicable,≥4,Statewide,929
20924,2021,P,Not Applicable,Gasoline,2012,ICE,Not Applicable,≥4,Statewide,208739
20925,2021,P,Not Applicable,Gasoline,2017,ICE,Not Applicable,2,Statewide,203400
20926,2021,P,Not Applicable,Gasoline,1977,ICE,Not Applicable,≥4,Statewide,202200
20927,2021,T2,Unknown,Gasoline,2009,ICE,Not Applicable,≥4,Statewide,927
20928,2021,T5,3,Diesel,2015,ICE,Not Applicable,≥4,Statewide,927
20929,2021,P,Not Applicable,Gasoline,1982,ICE,Not Applicable,1,Statewide,926
20930,2021,T2,Unknown,Gasoline,2011,ICE,Not Applicable,3,Statewide,925
20931,2021,MH,Not Applicable,Diesel,2005,ICE,Not Applicable,≥4,Statewide,925
20932,2021,P,Not Applicable,Diesel,1987,ICE,Not Applicable,≥4,Statewide,948
20933,2021,T4,2,Diesel,1996,ICE,Not Applicable,≥4,Statewide,1102
20934,2021,T2,1,Diesel,2020,ICE,Not Applicable,2,Statewide,1102
20935,2021,T2,1,Gasoline,1988,ICE,Not Applicable,≥4,Statewide,952
20936,2021,BS,Not Applicable,Gasoline,1977,ICE,Not Applicable,≥4,Statewide,1099
20937,2021,MC,Not Applicable,Gasoline,2002,ICE,Not Applicable,1,Statewide,970
20938,2021,T6,6,Diesel,2002,ICE,Not Applicable,≥4,Statewide,970
20939,2021,T4,2,Diesel,1991,ICE,Not Applicable,≥4,Statewide,970
20940,2021,T5,3,Diesel,2019,ICE,Not Applicable,2,Statewide,968
20941,2021,P,Not Applicable,Gasoline,1987,ICE,Not Applicable,1,Statewide,966
20942,2021,T3,2,Gasoline,1982,ICE,Not Applicable,3,Statewide,963
20943,2021,T3,Unknown,Gasoline,2016,ICE,Not Applicable,≥4,Statewide,962
20944,2021,T4,2,Gasoline,1998,ICE,Not Applicable,1,Statewide,959
20945,2021,T5,3,Gasoline,2001,ICE,Not Applicable,≥4,Statewide,924
20946,2021,MH,Not Applicable,Gasoline,2012,ICE,Not Applicable,3,Statewide,959
20947,2021,MH,Not Applicable,Gasoline,1990,ICE,Not Applicable,≥4,Statewide,958
20948,2021,P,Not Applicable,Gasoline,2017,ICE,Not Applicable,≥4,Statewide,221130
20949,2021,MH,Not Applicable,Gasoline,2021,ICE,Not Applicable,3,Statewide,956
20950,2021,P,Not Applicable,Gasoline,1985,ICE,Not Applicable,2,Statewide,954
20951,2021,T7,8,Diesel,2016,ICE,Not Applicable,3,Statewide,954
20952,2021,MH,Not Applicable,Diesel,2021,ICE,Not Applicable,≥4,Statewide,954
20953,2021,P,Not Applicable,Gasoline,1987,ICE,Not Applicable,3,Statewide,1101
20954,2021,P,Not Applicable,Gasoline,2019,ICE,Not Applicable,2,Statewide,220034
20955,2021,T3,Unknown,Gasoline,2018,ICE,Not Applicable,≥4,Statewide,953
20956,2021,MH,Not Applicable,Gasoline,2011,ICE,Not Applicable,2,Statewide,959
20957,2021,P,Not Applicable,Gasoline,1980,ICE,Not Applicable,1,Statewide,924
20958,2021,T3,2,Diesel,2017,ICE,Not Applicable,1,Statewide,924
20959,2021,MC,Not Applicable,Gasoline,2000,ICE,Not Applicable,2,Statewide,923
20960,2021,T2,Unknown,Electric,2021,BEV,>150 miles,3,Statewide,891
20961,2021,P,Not Applicable,Electric,2016,BEV,51 to 100 miles,3,Statewide,890
20962,2021,T1,1,Gasoline,1984,ICE,Not Applicable,≥4,Statewide,887
20963,2021,T2,Unknown,Electric,2021,BEV,>150 miles,1,Statewide,885
20964,2021,T5,3,Diesel,2019,ICE,Not Applicable,3,Statewide,885
20965,2021,T4,2,Diesel,2015,ICE,Not Applicable,2,Statewide,884
20966,2021,T4,2,Gasoline,2019,ICE,Not Applicable,3,Statewide,883
20967,2021,MC,Not Applicable,Gasoline,1991,ICE,Not Applicable,3,Statewide,882
20968,2021,P,Not Applicable,Gasoline,2013,ICE,Not Applicable,≥4,Statewide,179897
20969,2021,T2,Unknown,Gasoline,2011,ICE,Not Applicable,1,Statewide,892
20970,2021,T4,2,Gasoline,1996,ICE,Not Applicable,1,Statewide,881
20971,2021,P,Not Applicable,Gasoline,2012,ICE,Not Applicable,2,Statewide,179711
20972,2021,MH,Not Applicable,Gasoline,2019,ICE,Not Applicable,3,Statewide,879
20973,2021,T4,2,Diesel,2014,ICE,Not Applicable,3,Statewide,879
20974,2021,P,Not Applicable,Gasoline,1986,ICE,Not Applicable,1,Statewide,878
20975,2021,T4,2,Gasoline,1989,ICE,Not Applicable,≥4,Statewide,1119
20976,2021,P,Not Applicable,Natural Gas,2017,ICE,Not Applicable,≥4,Statewide,876
20977,2021,T3,2,Gasoline,1992,ICE,Not Applicable,3,Statewide,869
20978,2021,MC,Not Applicable,Gasoline,1999,ICE,Not Applicable,2,Statewide,869
20979,2021,MH,Not Applicable,Diesel,2007,ICE,Not Applicable,≥4,Statewide,867
20980,2021,P,Not Applicable,Diesel,2018,ICE,Not Applicable,3,Statewide,881
20981,2021,T2,Unknown,Gasoline,2009,ICE,Not Applicable,1,Statewide,972
20982,2021,P,Not Applicable,Gasoline,2012,ICE,Not Applicable,1,Statewide,185857
20983,2021,T7,8,Diesel,1995,ICE,Not Applicable,≥4,Statewide,1113
20984,2021,P,Not Applicable,Gasoline,2011,ICE,Not Applicable,≥4,Statewide,199102
20985,2021,T6,7,Diesel,2008,ICE,Not Applicable,≥4,Statewide,1109
20986,2021,P,Not Applicable,Gasoline,1980,ICE,Not Applicable,2,Statewide,1109
20987,2021,T7,8,Diesel,2019,ICE,Not Applicable,1,Statewide,918
20988,2021,T3,2,Diesel,2017,ICE,Not Applicable,3,Statewide,918
20989,2021,T6,7,Diesel,2003,ICE,Not Applicable,≥4,Statewide,912
20990,2021,T4,2,Gasoline,2017,ICE,Not Applicable,1,Statewide,1111
20991,2021,T5,3,Gasoline,2000,ICE,Not Applicable,≥4,Statewide,1112
20992,2021,T6,4,Gasoline,2009,ICE,Not Applicable,≥4,Statewide,908
20993,2021,T1,Unknown,Gasoline,2017,ICE,Not Applicable,1,Statewide,1114
20994,2021,T2,1,Gasoline,1990,ICE,Not Applicable,2,Statewide,906
20995,2021,T4,Unknown,Gasoline,2022,ICE,Not Applicable,≥4,Statewide,902
20996,2021,T5,3,Diesel,2001,ICE,Not Applicable,≥4,Statewide,902
20997,2021,T4,2,Diesel,1997,ICE,Not Applicable,≥4,Statewide,1113
20998,2021,MH,Not Applicable,Gasoline,2004,ICE,Not Applicable,2,Statewide,898
20999,2021,T4,2,Gasoline,2017,ICE,Not Applicable,2,Statewide,897
21000,2021,P,Not Applicable,Electric,2016,BEV,51 to 100 miles,≥4,Statewide,897
21001,2021,P,Not Applicable,Gasoline,2010,ICE,Not Applicable,≥4,Statewide,186677
21002,2021,P,Not Applicable,Gasoline,2020,ICE,Not Applicable,3,Statewide,186583
21003,2021,T3,2,Gasoline,1982,ICE,Not Applicable,1,Statewide,896
21004,2021,T3,Unknown,Gasoline,2006,ICE,Not Applicable,2,Statewide,905
21005,2021,P,Not Applicable,Gasoline,2018,ICE,Not Applicable,2,Statewide,237334
21006,2021,T4,2,Gasoline,1995,ICE,Not Applicable,1,Statewide,1098
21007,2021,T6,7,Diesel,2007,ICE,Not Applicable,≥4,Statewide,975
21008,2021,T6,4,Diesel,2002,ICE,Not Applicable,≥4,Statewide,1088
21009,2021,MH,Not Applicable,Gasoline,1993,ICE,Not Applicable,≥4,Statewide,1045
21010,2021,MH,Not Applicable,Gasoline,1992,ICE,Not Applicable,≥4,Statewide,1045
21011,2021,T5,3,Diesel,2014,ICE,Not Applicable,≥4,Statewide,1045
21012,2021,B,Not Applicable,Gasoline,2013,ICE,Not Applicable,≥4,Statewide,1043
21013,2021,P,Not Applicable,Gasoline,1982,ICE,Not Applicable,2,Statewide,1088
21014,2021,T6,Unknown,Gasoline,1977,ICE,Not Applicable,1,Statewide,1041
21015,2021,T4,2,Gasoline,1997,ICE,Not Applicable,3,Statewide,1039
21016,2021,MH,Not Applicable,Diesel,2008,ICE,Not Applicable,≥4,Statewide,1037
21017,2021,T6,6,Gasoline,1977,ICE,Not Applicable,≥4,Statewide,1046
21018,2021,P,Not Applicable,Gasoline,2022,ICE,Not Applicable,≥4,Statewide,307614
21019,2021,P,Not Applicable,Gasoline,2020,ICE,Not Applicable,≥4,Statewide,304634
21020,2021,P,Not Applicable,Gasoline,2020,BEV,51 to 100 miles,2,Statewide,1033
21021,2021,T3,2,Diesel,2019,ICE,Not Applicable,3,Statewide,1031
21022,2021,MH,Not Applicable,Gasoline,2016,ICE,Not Applicable,≥4,Statewide,1028
21023,2021,T7,8,Diesel,2013,ICE,Not Applicable,2,Statewide,1027
21024,2021,T6,5,Diesel,2014,ICE,Not Applicable,≥4,Statewide,1026
21025,2021,T5,3,Diesel,2022,ICE,Not Applicable,2,Statewide,1026
21026,2021,P,Not Applicable,Gasoline,1986,ICE,Not Applicable,3,Statewide,1090
21027,2021,P,Not Applicable,Gasoline,1986,ICE,Not Applicable,2,Statewide,1090
21028,2021,T3,Unknown,Gasoline,2015,ICE,Not Applicable,3,Statewide,1035
21029,2021,T6,4,Gasoline,2011,ICE,Not Applicable,≥4,Statewide,1025
21030,2021,T4,2,Diesel,2000,ICE,Not Applicable,1,Statewide,1048
21031,2021,T5,3,Diesel,2012,ICE,Not Applicable,1,Statewide,1054
21032,2021,T5,3,Diesel,2017,ICE,Not Applicable,1,Statewide,1076
21033,2021,P,Not Applicable,Gasoline,2020,ICE,Not Applicable,1,Statewide,349406
21034,2021,P,Not Applicable,Diesel,2017,ICE,Not Applicable,≥4,Statewide,1079
21035,2021,T4,2,Diesel,2001,ICE,Not Applicable,1,Statewide,1081
21036,2021,T3,2,Gasoline,1981,ICE,Not Applicable,≥4,Statewide,1069
21037,2021,MH,Not Applicable,Gasoline,1996,ICE,Not Applicable,≥4,Statewide,1068
21038,2021,T3,2,Diesel,2017,ICE,Not Applicable,2,Statewide,1082
21039,2021,T4,2,Diesel,1995,ICE,Not Applicable,≥4,Statewide,1067
21040,2021,MH,Not Applicable,Gasoline,2010,ICE,Not Applicable,3,Statewide,1082
21041,2021,T6,6,Diesel,2015,ICE,Not Applicable,≥4,Statewide,1049
21042,2021,P,Not Applicable,Diesel,2018,ICE,Not Applicable,1,Statewide,1083
21043,2021,T6,5,Gasoline,2022,ICE,Not Applicable,≥4,Statewide,1060
21044,2021,T3,2,Gasoline,1979,ICE,Not Applicable,≥4,Statewide,1086
21045,2021,P,Not Applicable,Gasoline,2021,ICE,Not Applicable,1,Statewide,332578
21046,2021,T1,1,Gasoline,1989,ICE,Not Applicable,1,Statewide,1059
21047,2021,T4,2,Gasoline,1998,ICE,Not Applicable,3,Statewide,1086
21048,2021,P,Not Applicable,Diesel,2016,ICE,Not Applicable,1,Statewide,1057
21049,2021,MH,Not Applicable,Gasoline,2013,ICE,Not Applicable,≥4,Statewide,1056
21050,2021,MH,Not Applicable,Gasoline,2002,ICE,Not Applicable,3,Statewide,1087
21051,2021,P,Not Applicable,Gasoline,2021,ICE,Not Applicable,≥4,Statewide,325602
21052,2021,T7,8,Diesel,2013,ICE,Not Applicable,3,Statewide,1083
21053,2021,T5,3,Diesel,2017,ICE,Not Applicable,3,Statewide,1123
21054,2021,T7,8,Diesel,2015,ICE,Not Applicable,3,Statewide,1024
21055,2021,T5,3,Diesel,2019,ICE,Not Applicable,1,Statewide,1023
21056,2021,T3,Unknown,Gasoline,2006,ICE,Not Applicable,1,Statewide,999
21057,2021,T4,2,Gasoline,1998,ICE,Not Applicable,2,Statewide,997
21058,2021,T4,Unknown,Gasoline,2020,ICE,Not Applicable,≥4,Statewide,991
21059,2021,T4,2,Gasoline,2019,ICE,Not Applicable,2,Statewide,991
21060,2021,MC,Not Applicable,Gasoline,2001,ICE,Not Applicable,1,Statewide,991
21061,2021,T6,5,Diesel,2007,ICE,Not Applicable,≥4,Statewide,991
21062,2021,T2,Unknown,Gasoline,2009,ICE,Not Applicable,2,Statewide,990
21063,2021,T4,2,Gasoline,1996,ICE,Not Applicable,3,Statewide,985
21064,2021,P,Not Applicable,Diesel,1988,ICE,Not Applicable,≥4,Statewide,983
21065,2021,T4,2,Gasoline,1978,ICE,Not Applicable,≥4,Statewide,999
21066,2021,T4,2,Gasoline,1997,ICE,Not Applicable,2,Statewide,982
21067,2021,T3,2,Gasoline,1985,ICE,Not Applicable,≥4,Statewide,980
21068,2021,T6,5,Diesel,2004,ICE,Not Applicable,≥4,Statewide,980
21069,2021,T3,2,Diesel,2016,ICE,Not Applicable,≥4,Statewide,980
21070,2021,T5,3,Gasoline,2003,ICE,Not Applicable,≥4,Statewide,1097
21071,2021,P,Not Applicable,Gasoline,2021,ICE,Not Applicable,2,Statewide,238798
21072,2021,T4,2,Gasoline,2018,ICE,Not Applicable,3,Statewide,979
21073,2021,T2,Unknown,Gasoline,2022,ICE,Not Applicable,2,Statewide,979
21074,2021,P,Not Applicable,Gasoline,1981,ICE,Not Applicable,3,Statewide,979
21075,2021,P,Not Applicable,Gasoline,1985,ICE,Not Applicable,3,Statewide,977
21076,2021,P,Not Applicable,Electric,2016,BEV,51 to 100 miles,2,Statewide,1097
21077,2021,T6,6,Diesel,2000,ICE,Not Applicable,≥4,Statewide,1023
21078,2021,T6,4,Diesel,2020,ICE,Not Applicable,≥4,Statewide,1000
21079,2021,P,Not Applicable,Gasoline,2019,ICE,Not Applicable,≥4,Statewide,256406
21080,2021,P,Not Applicable,Gasoline,2021,PHEV,51 to 100 miles,3,Statewide,1090
21081,2021,P,Not Applicable,Diesel,2017,ICE,Not Applicable,2,Statewide,1022
21082,2021,T6,7,Diesel,2009,ICE,Not Applicable,≥4,Statewide,1021
21083,2021,P,Not Applicable,Gasoline,2022,ICE,Not Applicable,1,Statewide,272113
21084,2021,T6,4,Diesel,2021,ICE,Not Applicable,≥4,Statewide,1019
21085,2021,P,Not Applicable,Gasoline,2020,BEV,51 to 100 miles,1,Statewide,1017
21086,2021,T4,2,Diesel,2000,ICE,Not Applicable,2,Statewide,1091
21087,2021,T5,3,Diesel,2022,ICE,Not Applicable,3,Statewide,1016
21088,2021,P,Not Applicable,Gasoline,2019,ICE,Not Applicable,1,Statewide,271457
21089,2021,T6,7,Diesel,2000,ICE,Not Applicable,≥4,Statewide,1001
21090,2021,P,Not Applicable,Gasoline,2018,ICE,Not Applicable,1,Statewide,271277
21091,2021,T7,8,Diesel,1994,ICE,Not Applicable,≥4,Statewide,1092
21092,2021,P,Not Applicable,Gasoline,2018,ICE,Not Applicable,≥4,Statewide,261931
21093,2021,MC,Not Applicable,Gasoline,1999,ICE,Not Applicable,3,Statewide,1092
21094,2021,P,Not Applicable,Gasoline,2020,ICE,Not Applicable,2,Statewide,260113
21095,2021,T6,4,Gasoline,2012,ICE,Not Applicable,≥4,Statewide,1008
21096,2021,MH,Not Applicable,Gasoline,1989,ICE,Not Applicable,≥4,Statewide,1007
21097,2021,MC,Not Applicable,Gasoline,1998,ICE,Not Applicable,3,Statewide,1006
21098,2021,MH,Not Applicable,Gasoline,2009,ICE,Not Applicable,2,Statewide,1005
21099,2021,T4,Unknown,Gasoline,2022,ICE,Not Applicable,1,Statewide,1004
21100,2021,T2,Unknown,Gasoline,2006,ICE,Not Applicable,≥4,Statewide,1015
21101,2021,T2,1,Gasoline,2008,ICE,Not Applicable,≥4,Statewide,72781
21102,2021,T7,8,Diesel,1993,ICE,Not Applicable,≥4,Statewide,865
21103,2021,T5,3,Diesel,2016,ICE,Not Applicable,3,Statewide,864
21104,2021,T1,1,Gasoline,1985,ICE,Not Applicable,≥4,Statewide,757
21105,2021,T2,Unknown,Gasoline,2019,ICE,Not Applicable,3,Statewide,1177
21106,2021,P,Not Applicable,Gasoline,2014,ICE,Not Applicable,≥4,Statewide,139589
21107,2021,P,Not Applicable,Gasoline,2006,ICE,Not Applicable,≥4,Statewide,138857
21108,2021,MH,Not Applicable,Gasoline,1991,ICE,Not Applicable,≥4,Statewide,752
21109,2021,P,Not Applicable,Gasoline,1987,ICE,Not Applicable,2,Statewide,1178
21110,2021,P,Not Applicable,Gasoline,1999,ICE,Not Applicable,2,Statewide,21043
21111,2021,P,Not Applicable,Gasoline,1981,ICE,Not Applicable,1,Statewide,750
21112,2021,T7,8,Diesel,2018,ICE,Not Applicable,2,Statewide,750
21113,2021,P,Not Applicable,Diesel,2017,ICE,Not Applicable,3,Statewide,749
21114,2021,T3,Unknown,Gasoline,2016,ICE,Not Applicable,3,Statewide,748
21115,2021,T2,1,Gasoline,1983,ICE,Not Applicable,≥4,Statewide,748
21116,2021,T3,2,Gasoline,1984,ICE,Not Applicable,2,Statewide,747
21117,2021,MC,Not Applicable,Gasoline,1996,ICE,Not Applicable,3,Statewide,747
21118,2021,T1,1,Gasoline,2004,ICE,Not Applicable,≥4,Statewide,20858
21119,2021,MH,Not Applicable,Gasoline,2008,ICE,Not Applicable,2,Statewide,746
21120,2021,T2,1,Diesel,2019,ICE,Not Applicable,1,Statewide,745
21121,2021,T6,5,Gasoline,2018,ICE,Not Applicable,≥4,Statewide,744
21122,2021,T2,1,Gasoline,2002,ICE,Not Applicable,1,Statewide,20687
21123,2021,T4,2,Diesel,2014,ICE,Not Applicable,1,Statewide,758
21124,2021,T2,1,Gasoline,2002,ICE,Not Applicable,2,Statewide,21351
21125,2021,T7,8,Diesel,1977,ICE,Not Applicable,≥4,Statewide,760
21126,2021,T6,6,Diesel,2001,ICE,Not Applicable,≥4,Statewide,761
21127,2021,T3,2,Gasoline,1993,ICE,Not Applicable,1,Statewide,1165
21128,2021,T3,2,Gasoline,1991,ICE,Not Applicable,2,Statewide,783
21129,2021,T4,2,Diesel,1990,ICE,Not Applicable,≥4,Statewide,782
21130,2021,P,Not Applicable,Diesel,2008,ICE,Not Applicable,≥4,Statewide,782
21131,2021,T5,3,Diesel,2012,ICE,Not Applicable,3,Statewide,1167
21132,2021,P,Not Applicable,Gasoline,2017,ICE,Not Applicable,3,Statewide,147209
21133,2021,T5,3,Diesel,2013,ICE,Not Applicable,1,Statewide,1168
21134,2021,P,Not Applicable,Gasoline,2007,ICE,Not Applicable,≥4,Statewide,145320
21135,2021,T6,6,Gasoline,2019,ICE,Not Applicable,≥4,Statewide,776
21136,2021,T4,2,Gasoline,2011,ICE,Not Applicable,≥4,Statewide,20620
21137,2021,MC,Not Applicable,Gasoline,2002,ICE,Not Applicable,2,Statewide,1170
21138,2021,P,Not Applicable,Gasoline,2022,BEV,51 to 100 miles,1,Statewide,774
21139,2021,P,Not Applicable,Gasoline,2016,ICE,Not Applicable,2,Statewide,142108
21140,2021,T3,2,Gasoline,1992,ICE,Not Applicable,1,Statewide,771
21141,2021,T2,1,Gasoline,1984,ICE,Not Applicable,≥4,Statewide,770
21142,2021,T2,Unknown,Gasoline,2009,ICE,Not Applicable,3,Statewide,768
21143,2021,T4,2,Gasoline,1995,ICE,Not Applicable,3,Statewide,1174
21144,2021,MC,Not Applicable,Gasoline,1997,ICE,Not Applicable,3,Statewide,766
21145,2021,T7,8,Natural Gas,2016,ICE,Not Applicable,≥4,Statewide,764
21146,2021,T3,2,Gasoline,2021,PHEV,0 to 50 miles,1,Statewide,763
21147,2021,T3,Unknown,Gasoline,2006,ICE,Not Applicable,3,Statewide,775
21148,2021,MC,Not Applicable,Gasoline,2010,ICE,Not Applicable,≥4,Statewide,20614
21149,2021,T7,8,Diesel,1992,ICE,Not Applicable,≥4,Statewide,740
21150,2021,T6,4,Gasoline,2002,ICE,Not Applicable,≥4,Statewide,739
21151,2021,P,Not Applicable,Gasoline,2022,BEV,51 to 100 miles,2,Statewide,724
21152,2021,BS,Not Applicable,Diesel,2004,ICE,Not Applicable,≥4,Statewide,723
21153,2021,T2,1,Gasoline,2022,ICE,Not Applicable,1,Statewide,130929
21154,2021,P,Not Applicable,Gasoline,2005,ICE,Not Applicable,≥4,Statewide,130817
21155,2021,T3,2,Diesel,2018,ICE,Not Applicable,≥4,Statewide,721
21156,2021,T1,1,Gasoline,2013,ICE,Not Applicable,1,Statewide,19896
21157,2021,P,Not Applicable,Gasoline,2009,ICE,Not Applicable,2,Statewide,129914
21158,2021,P,Not Applicable,Gasoline,2014,ICE,Not Applicable,1,Statewide,128873
21159,2021,MH,Not Applicable,Diesel,2013,ICE,Not Applicable,≥4,Statewide,1191
21160,2021,T6,4,Gasoline,2010,ICE,Not Applicable,≥4,Statewide,724
21161,2021,T5,3,Diesel,2004,ICE,Not Applicable,3,Statewide,719
21162,2021,T1,1,Gasoline,1978,ICE,Not Applicable,2,Statewide,718
21163,2021,T6,4,Gasoline,2021,ICE,Not Applicable,≥4,Statewide,715
21164,2021,P,Not Applicable,Diesel,2015,ICE,Not Applicable,2,Statewide,714
21165,2021,T2,1,Gasoline,2022,ICE,Not Applicable,≥4,Statewide,128187
21166,2021,T5,3,Diesel,2006,ICE,Not Applicable,3,Statewide,712
21167,2021,MH,Not Applicable,Gasoline,2005,ICE,Not Applicable,2,Statewide,711
21168,2021,T6,6,Diesel,2012,ICE,Not Applicable,1,Statewide,709
21169,2021,T4,2,Diesel,1998,ICE,Not Applicable,3,Statewide,708
21170,2021,T2,1,Gasoline,1986,ICE,Not Applicable,≥4,Statewide,707
21171,2021,T4,2,Gasoline,1994,ICE,Not Applicable,2,Statewide,1191
21172,2021,T3,Unknown,Gasoline,1977,ICE,Not Applicable,3,Statewide,784
21173,2021,T6,5,Diesel,2015,ICE,Not Applicable,≥4,Statewide,725
21174,2021,P,Not Applicable,Gasoline,1995,ICE,Not Applicable,≥4,Statewide,20118
21175,2021,MH,Not Applicable,Gasoline,2004,ICE,Not Applicable,1,Statewide,739
21176,2021,MC,Not Applicable,Gasoline,2020,ICE,Not Applicable,≥4,Statewide,20496
21177,2021,T1,1,Gasoline,1983,ICE,Not Applicable,≥4,Statewide,738
21178,2021,P,Not Applicable,Gasoline,1985,ICE,Not Applicable,1,Statewide,737
21179,2021,P,Not Applicable,Gasoline,2009,ICE,Not Applicable,1,Statewide,136284
21180,2021,T4,2,Gasoline,2016,ICE,Not Applicable,1,Statewide,734
21181,2021,MH,Not Applicable,Gasoline,2018,ICE,Not Applicable,3,Statewide,734
21182,2021,T2,1,Gasoline,1989,ICE,Not Applicable,1,Statewide,733
21183,2021,T1,1,Gasoline,2013,ICE,Not Applicable,2,Statewide,20341
21184,2021,BS,Not Applicable,Diesel,2021,ICE,Not Applicable,≥4,Statewide,726
21185,2021,T1,1,Gasoline,2023,ICE,Not Applicable,≥4,Statewide,732
21186,2021,MH,Not Applicable,Gasoline,2007,ICE,Not Applicable,2,Statewide,731
21187,2021,T7,8,Diesel,2017,ICE,Not Applicable,2,Statewide,1184
21188,2021,P,Not Applicable,Gasoline,2008,ICE,Not Applicable,1,Statewide,134225
21189,2021,T6,7,Diesel,2015,ICE,Not Applicable,≥4,Statewide,1186
21190,2021,MC,Not Applicable,Gasoline,2023,ICE,Not Applicable,≥4,Statewide,728
21191,2021,P,Not Applicable,Gasoline,2012,ICE,Not Applicable,3,Statewide,133908
21192,2021,T2,1,Gasoline,2001,ICE,Not Applicable,≥4,Statewide,20162
21193,2021,T6,7,Diesel,2001,ICE,Not Applicable,≥4,Statewide,727
21194,2021,T2,1,Gasoline,2014,ICE,Not Applicable,3,Statewide,20157
21195,2021,T7,8,Natural Gas,2014,ICE,Not Applicable,≥4,Statewide,731
21196,2021,T4,2,Gasoline,1986,ICE,Not Applicable,≥4,Statewide,785
21197,2021,T5,3,Gasoline,2015,ICE,Not Applicable,≥4,Statewide,785
21198,2021,T2,Unknown,Gasoline,2011,ICE,Not Applicable,2,Statewide,1164
21199,2021,T5,3,Diesel,2016,ICE,Not Applicable,2,Statewide,842
21200,2021,MH,Not Applicable,Gasoline,2000,ICE,Not Applicable,3,Statewide,839
21201,2021,P,Not Applicable,Gasoline,2011,ICE,Not Applicable,2,Statewide,164004
21202,2021,MH,Not Applicable,Gasoline,2011,ICE,Not Applicable,1,Statewide,837
21203,2021,T2,1,Diesel,2020,ICE,Not Applicable,≥4,Statewide,837
21204,2021,T2,1,Gasoline,1979,ICE,Not Applicable,3,Statewide,836
21205,2021,P,Not Applicable,Diesel,2016,ICE,Not Applicable,3,Statewide,835
21206,2021,BS,Not Applicable,Diesel,2011,ICE,Not Applicable,≥4,Statewide,835
21207,2021,T3,2,Gasoline,1989,ICE,Not Applicable,≥4,Statewide,1139
21208,2021,P,Not Applicable,Gasoline,2021,ICE,Not Applicable,3,Statewide,169789
21209,2021,T4,Unknown,Gasoline,2020,ICE,Not Applicable,3,Statewide,834
21210,2021,P,Not Applicable,Gasoline,2010,ICE,Not Applicable,1,Statewide,162469
21211,2021,T6,7,Diesel,1995,ICE,Not Applicable,≥4,Statewide,832
21212,2021,P,Not Applicable,Gasoline,2019,ICE,Not Applicable,3,Statewide,161432
21213,2021,T4,2,Diesel,1994,ICE,Not Applicable,≥4,Statewide,831
21214,2021,T7,8,Natural Gas,2020,ICE,Not Applicable,≥4,Statewide,830
21215,2021,T6,5,Gasoline,2016,ICE,Not Applicable,≥4,Statewide,829
21216,2021,T6,4,Diesel,2019,ICE,Not Applicable,≥4,Statewide,829
21217,2021,T3,2,Gasoline,1983,ICE,Not Applicable,1,Statewide,828
21218,2021,T3,2,Gasoline,1982,ICE,Not Applicable,2,Statewide,828
21219,2021,T7,8,Natural Gas,2017,ICE,Not Applicable,≥4,Statewide,833
21220,2021,P,Not Applicable,Gasoline,2008,ICE,Not Applicable,≥4,Statewide,160377
21221,2021,P,Not Applicable,Diesel,2017,ICE,Not Applicable,1,Statewide,845
21222,2021,P,Not Applicable,Gasoline,2011,ICE,Not Applicable,1,Statewide,170170
21223,2021,T7,8,Diesel,2016,ICE,Not Applicable,2,Statewide,863
21224,2021,T7,8,Diesel,2015,ICE,Not Applicable,2,Statewide,862
21225,2021,MC,Not Applicable,Gasoline,2001,ICE,Not Applicable,2,Statewide,1125
21226,2021,T1,1,Gasoline,1978,ICE,Not Applicable,3,Statewide,861
21227,2021,T5,3,Diesel,2002,ICE,Not Applicable,≥4,Statewide,859
21228,2021,T6,5,Gasoline,2019,ICE,Not Applicable,≥4,Statewide,856
21229,2021,BS,Not Applicable,Diesel,2020,ICE,Not Applicable,≥4,Statewide,856
21230,2021,T4,2,Gasoline,1997,ICE,Not Applicable,1,Statewide,855
21231,2021,T3,Unknown,Gasoline,2018,ICE,Not Applicable,2,Statewide,1127
21232,2021,T6,4,Gasoline,2008,ICE,Not Applicable,≥4,Statewide,845
21233,2021,P,Not Applicable,Gasoline,2022,ICE,Not Applicable,2,Statewide,171942
21234,2021,P,Not Applicable,Gasoline,1981,ICE,Not Applicable,2,Statewide,852
21235,2021,T5,3,Diesel,2016,ICE,Not Applicable,1,Statewide,851
21236,2021,T3,Unknown,Gasoline,2018,ICE,Not Applicable,1,Statewide,850
21237,2021,T2,1,Gasoline,1990,ICE,Not Applicable,3,Statewide,850
21238,2021,T2,1,Gasoline,1978,ICE,Not Applicable,3,Statewide,850
21239,2021,T7,8,Diesel,1997,ICE,Not Applicable,≥4,Statewide,850
21240,2021,T7,8,Diesel,1996,ICE,Not Applicable,≥4,Statewide,850
21241,2021,MC,Not Applicable,Gasoline,2000,ICE,Not Applicable,1,Statewide,849
21242,2021,P,Not Applicable,Gasoline,2018,ICE,Not Applicable,3,Statewide,170951
21243,2021,T2,1,Gasoline,1981,ICE,Not Applicable,≥4,Statewide,852
21244,2021,T5,3,Diesel,2017,ICE,Not Applicable,2,Statewide,1125
21245,2021,B,Not Applicable,Gasoline,2012,ICE,Not Applicable,≥4,Statewide,825
21246,2021,P,Not Applicable,Diesel,1990,ICE,Not Applicable,≥4,Statewide,823
21247,2021,P,Not Applicable,Gasoline,2013,ICE,Not Applicable,2,Statewide,153551
21248,2021,MH,Not Applicable,Gasoline,1999,ICE,Not Applicable,3,Statewide,799
21249,2021,MC,Not Applicable,Gasoline,2003,ICE,Not Applicable,1,Statewide,1155
21250,2021,T2,Unknown,Electric,2021,BEV,>150 miles,≥4,Statewide,1157
21251,2021,T3,Unknown,Gasoline,2006,ICE,Not Applicable,≥4,Statewide,1157
21252,2021,MH,Not Applicable,Gasoline,2017,ICE,Not Applicable,≥4,Statewide,796
21253,2021,T4,2,Diesel,2015,ICE,Not Applicable,3,Statewide,795
21254,2021,T1,1,Gasoline,1989,ICE,Not Applicable,2,Statewide,1158
21255,2021,P,Not Applicable,Gasoline,2016,ICE,Not Applicable,1,Statewide,151037
21256,2021,P,Not Applicable,Gasoline,1983,ICE,Not Applicable,1,Statewide,1153
21257,2021,T4,2,Gasoline,2017,ICE,Not Applicable,3,Statewide,793
21258,2021,T4,2,Diesel,2000,ICE,Not Applicable,3,Statewide,1161
21259,2021,T3,2,Gasoline,1984,ICE,Not Applicable,3,Statewide,789
21260,2021,T2,1,Gasoline,1990,ICE,Not Applicable,1,Statewide,789
21261,2021,P,Not Applicable,Gasoline,2015,ICE,Not Applicable,2,Statewide,150142
21262,2021,T6,4,Diesel,2017,ICE,Not Applicable,≥4,Statewide,787
21263,2021,T5,3,Diesel,2009,ICE,Not Applicable,3,Statewide,787
21264,2021,T2,1,Diesel,2020,ICE,Not Applicable,1,Statewide,1164
21265,2021,T2,1,Gasoline,1989,ICE,Not Applicable,2,Statewide,786
21266,2021,T4,Unknown,Diesel,2021,ICE,Not Applicable,1,Statewide,786
21267,2021,T5,3,Gasoline,1999,ICE,Not Applicable,≥4,Statewide,791
21268,2021,P,Not Applicable,Gasoline,2015,ICE,Not Applicable,≥4,Statewide,159613
21269,2021,P,Not Applicable,Diesel,1986,ICE,Not Applicable,≥4,Statewide,801
21270,2021,T2,Unknown,Gasoline,2005,ICE,Not Applicable,≥4,Statewide,801
21271,2021,BT,Not Applicable,Diesel,1977,ICE,Not Applicable,1,Statewide,1145
21272,2021,P,Not Applicable,Gasoline,1982,ICE,Not Applicable,3,Statewide,1145
21273,2021,P,Not Applicable,Gasoline,2009,ICE,Not Applicable,≥4,Statewide,159492
21274,2021,MH,Not Applicable,Diesel,2006,ICE,Not Applicable,≥4,Statewide,819
21275,2021,P,Not Applicable,Gasoline,2013,ICE,Not Applicable,1,Statewide,159006
21276,2021,T3,2,Gasoline,1983,ICE,Not Applicable,3,Statewide,818
21277,2021,T2,1,Gasoline,1979,ICE,Not Applicable,2,Statewide,818
21278,2021,T4,2,Gasoline,1994,ICE,Not Applicable,1,Statewide,1148
21279,2021,P,Not Applicable,Diesel,1989,ICE,Not Applicable,≥4,Statewide,813
21280,2021,T2,1,Gasoline,1989,ICE,Not Applicable,3,Statewide,801
21281,2021,P,Not Applicable,Electric,2017,BEV,51 to 100 miles,≥4,Statewide,812
21282,2021,P,Not Applicable,Gasoline,2016,ICE,Not Applicable,≥4,Statewide,157880
21283,2021,P,Not Applicable,Gasoline,2015,ICE,Not Applicable,1,Statewide,155998
21284,2021,T3,2,Gasoline,1991,ICE,Not Applicable,3,Statewide,807
21285,2021,T4,2,Gasoline,1985,ICE,Not Applicable,≥4,Statewide,805
21286,2021,P,Not Applicable,Gasoline,2010,ICE,Not Applicable,2,Statewide,155504
21287,2021,T6,7,Diesel,2002,ICE,Not Applicable,≥4,Statewide,802
21288,2021,T3,2,Diesel,2016,ICE,Not Applicable,2,Statewide,802
21289,2021,BS,Not Applicable,Diesel,2019,ICE,Not Applicable,≥4,Statewide,802
21290,2021,P,Not Applicable,Diesel,2018,ICE,Not Applicable,2,Statewide,1153
21291,2021,T7,8,Diesel,2018,ICE,Not Applicable,3,Statewide,811
21292,2021,P,Not Applicable,Diesel,2020,BEV,51 to 100 miles,1,Statewide,1
21293,2021,T4,2,Gasoline,1991,ICE,Not Applicable,1,Statewide,514
21294,2021,MH,Not Applicable,Gasoline,2007,ICE,Not Applicable,1,Statewide,513
21295,2021,B,Not Applicable,Electric,2008,BEV,Unknown,≥4,Statewide,3
21296,2021,BT,Not Applicable,Electric,2014,BEV,Unknown,3,Statewide,3
21297,2021,MC,Not Applicable,Electric,1992,BEV,Unknown,≥4,Statewide,3
21298,2021,MC,Not Applicable,Electric,2005,BEV,Unknown,1,Statewide,3
21299,2021,MC,Not Applicable,Electric,2011,BEV,Unknown,1,Statewide,3
21300,2021,MC,Not Applicable,Electric,2015,BEV,Unknown,3,Statewide,3
21301,2021,T6,4,Gasoline,2019,ICE,Not Applicable,≥4,Statewide,387
21302,2021,MH,Not Applicable,Gasoline,2001,ICE,Not Applicable,1,Statewide,387
21303,2021,P,Not Applicable,Diesel,2007,ICE,Not Applicable,2,Statewide,387
21304,2021,T3,2,Gasoline,2008,ICE,Not Applicable,3,Statewide,50772
21305,2021,MC,Not Applicable,Electric,2023,BEV,Unknown,1,Statewide,3
21306,2021,P,Not Applicable,Electric,1977,BEV,Unknown,2,Statewide,3
21307,2021,P,Not Applicable,Electric,1984,BEV,Unknown,≥4,Statewide,3
21308,2021,T6,6,Diesel,2017,ICE,Not Applicable,1,Statewide,386
21309,2021,BT,Not Applicable,Diesel,1993,ICE,Not Applicable,≥4,Statewide,386
21310,2021,P,Not Applicable,Electric,1985,BEV,Unknown,3,Statewide,3
21311,2021,P,Not Applicable,Electric,1989,BEV,Unknown,≥4,Statewide,3
21312,2021,P,Not Applicable,Electric,1995,BEV,Unknown,≥4,Statewide,3
21313,2021,P,Not Applicable,Electric,1998,BEV,Unknown,1,Statewide,3
21314,2021,B,Not Applicable,Gasoline,2011,ICE,Not Applicable,≥4,Statewide,1419
21315,2021,P,Not Applicable,Diesel,2010,ICE,Not Applicable,2,Statewide,389
21316,2021,T6,6,Diesel,2009,ICE,Not Applicable,1,Statewide,389
21317,2021,MC,Not Applicable,Gasoline,1989,ICE,Not Applicable,2,Statewide,389
21318,2021,T6,Unknown,Diesel,1996,ICE,Not Applicable,3,Statewide,3
21319,2021,T6,Unknown,Diesel,1998,ICE,Not Applicable,1,Statewide,3
21320,2021,T3,2,Natural Gas,2009,ICE,Not Applicable,≥4,Statewide,391
21321,2021,T3,2,Gasoline,1981,ICE,Not Applicable,1,Statewide,391
21322,2021,T6,Unknown,Diesel,2001,ICE,Not Applicable,2,Statewide,3
21323,2021,T6,Unknown,Diesel,2002,ICE,Not Applicable,2,Statewide,3
21324,2021,T6,Unknown,Diesel,2004,ICE,Not Applicable,2,Statewide,3
21325,2021,T6,Unknown,Diesel,2005,ICE,Not Applicable,1,Statewide,3
21326,2021,T6,Unknown,Diesel,2008,ICE,Not Applicable,2,Statewide,3
21327,2021,P,Not Applicable,Electric,2000,BEV,Unknown,1,Statewide,3
21328,2021,T5,3,Gasoline,2005,ICE,Not Applicable,3,Statewide,390
21329,2021,T6,5,Diesel,2021,ICE,Not Applicable,2,Statewide,390
21330,2021,T6,Unknown,Diesel,2009,ICE,Not Applicable,1,Statewide,3
21331,2021,T6,Unknown,Diesel,2010,ICE,Not Applicable,3,Statewide,3
21332,2021,T6,Unknown,Diesel,2010,ICE,Not Applicable,2,Statewide,3
21333,2021,T6,Unknown,Diesel,2012,ICE,Not Applicable,3,Statewide,3
21334,2021,T6,Unknown,Diesel,2013,ICE,Not Applicable,2,Statewide,3
21335,2021,B,Not Applicable,Electric,2003,BEV,Unknown,≥4,Statewide,3
21336,2021,B,Not Applicable,Electric,2006,BEV,Unknown,≥4,Statewide,3
21337,2021,T3,Unknown,Gasoline,2014,ICE,Not Applicable,1,Statewide,389
21338,2021,MC,Not Applicable,Gasoline,1986,ICE,Not Applicable,1,Statewide,390
21339,2021,P,Not Applicable,Electric,2001,BEV,Unknown,2,Statewide,3
21340,2021,T4,2,Gasoline,1978,ICE,Not Applicable,3,Statewide,385
21341,2021,MH,Not Applicable,Gasoline,1984,ICE,Not Applicable,≥4,Statewide,385
21342,2021,T2,Unknown,Electric,2016,BEV,Unknown,1,Statewide,3
21343,2021,T2,1,Electric,2017,BEV,Unknown,2,Statewide,3
21344,2021,MH,Not Applicable,Gasoline,1998,ICE,Not Applicable,2,Statewide,381
21345,2021,BS,Not Applicable,Gasoline,1977,ICE,Not Applicable,1,Statewide,381
21346,2021,P,Not Applicable,Gasoline,2000,ICE,Not Applicable,≥4,Statewide,50043
21347,2021,T2,1,Electric,2017,BEV,Unknown,1,Statewide,3
21348,2021,T2,Unknown,Electric,2020,BEV,Unknown,2,Statewide,3
21349,2021,T3,Unknown,Gasoline,2023,ICE,Not Applicable,≥4,Statewide,380
21350,2021,P,Not Applicable,Diesel,2010,ICE,Not Applicable,1,Statewide,380
21351,2021,T2,Unknown,Electric,2013,BEV,Unknown,1,Statewide,3
21352,2021,T2,Unknown,Electric,2021,BEV,Unknown,≥4,Statewide,3
21353,2021,T2,Unknown,Gasoline,2012,ICE,Not Applicable,3,Statewide,1431
21354,2021,T3,Unknown,Electric,2004,BEV,Unknown,≥4,Statewide,3
21355,2021,T4,Unknown,Electric,1977,BEV,Unknown,≥4,Statewide,3
21356,2021,T4,Unknown,Electric,1981,BEV,Unknown,≥4,Statewide,3
21357,2021,T4,Unknown,Electric,1981,BEV,Unknown,3,Statewide,3
21358,2021,T4,Unknown,Electric,1983,BEV,Unknown,≥4,Statewide,3
21359,2021,T4,Unknown,Electric,1984,BEV,Unknown,≥4,Statewide,3
21360,2021,T4,Unknown,Electric,1986,BEV,Unknown,≥4,Statewide,3
21361,2021,MC,Not Applicable,Gasoline,1983,ICE,Not Applicable,2,Statewide,379
21362,2021,T2,1,Gasoline,2019,ICE,Not Applicable,3,Statewide,49871
21363,2021,T2,1,Gasoline,2012,ICE,Not Applicable,3,Statewide,51305
21364,2021,T2,1,Electric,2004,BEV,Unknown,1,Statewide,3
21365,2021,T6,6,Diesel,2022,ICE,Not Applicable,1,Statewide,382
21366,2021,T6,5,Diesel,2019,ICE,Not Applicable,1,Statewide,385
21367,2021,BT,Not Applicable,Diesel,2015,ICE,Not Applicable,≥4,Statewide,385
21368,2021,T1,Unknown,Electric,1983,BEV,Unknown,≥4,Statewide,3
21369,2021,T1,Unknown,Electric,1997,BEV,Unknown,≥4,Statewide,3
21370,2021,T1,Unknown,Electric,2001,BEV,Unknown,≥4,Statewide,3
21371,2021,P,Not Applicable,Diesel,2011,ICE,Not Applicable,2,Statewide,384
21372,2021,T1,1,Electric,2003,BEV,Unknown,2,Statewide,3
21373,2021,T1,1,Electric,2004,BEV,Unknown,2,Statewide,3
21374,2021,T2,1,Gasoline,1991,ICE,Not Applicable,2,Statewide,1426
21375,2021,P,Not Applicable,Gasoline,2002,ICE,Not Applicable,1,Statewide,50115
21376,2021,T1,Unknown,Electric,2005,BEV,Unknown,1,Statewide,3
21377,2021,T1,Unknown,Electric,2010,BEV,Unknown,≥4,Statewide,3
21378,2021,T1,Unknown,Electric,2014,BEV,Unknown,2,Statewide,3
21379,2021,MH,Not Applicable,Gasoline,2022,ICE,Not Applicable,2,Statewide,383
21380,2021,BS,Not Applicable,Gasoline,2013,ICE,Not Applicable,≥4,Statewide,383
21381,2021,T4,2,Diesel,1995,ICE,Not Applicable,3,Statewide,383
21382,2021,T1,Unknown,Electric,2017,BEV,Unknown,2,Statewide,3
21383,2021,T2,Unknown,Electric,1985,BEV,Unknown,≥4,Statewide,3
21384,2021,T2,1,Electric,1998,BEV,Unknown,≥4,Statewide,3
21385,2021,T7,8,Natural Gas,2013,ICE,Not Applicable,≥4,Statewide,382
21386,2021,T1,Unknown,Electric,2008,BEV,Unknown,≥4,Statewide,3
21387,2021,T4,Unknown,Electric,1990,BEV,Unknown,3,Statewide,3
21388,2021,P,Not Applicable,Diesel,2007,ICE,Not Applicable,1,Statewide,392
21389,2021,T2,1,Gasoline,1988,ICE,Not Applicable,2,Statewide,392
21390,2021,T3,Unknown,Diesel,2010,ICE,Not Applicable,3,Statewide,3
21391,2021,T1,1,Gasoline,2023,ICE,Not Applicable,2,Statewide,401
21392,2021,MH,Not Applicable,Gasoline,1997,ICE,Not Applicable,2,Statewide,401
21393,2021,MH,Not Applicable,Gasoline,1993,ICE,Not Applicable,3,Statewide,401
21394,2021,T6,7,Diesel,1991,ICE,Not Applicable,≥4,Statewide,401
21395,2021,T3,Unknown,Diesel,2011,ICE,Not Applicable,2,Statewide,3
21396,2021,T3,2,Gasoline,2019,ICE,Not Applicable,2,Statewide,52245
21397,2021,T4,Unknown,Diesel,1979,ICE,Not Applicable,3,Statewide,3
21398,2021,T5,3,Gasoline,1996,ICE,Not Applicable,≥4,Statewide,400
21399,2021,T2,Unknown,Gasoline,2005,ICE,Not Applicable,3,Statewide,400
21400,2021,MH,Not Applicable,Gasoline,1992,ICE,Not Applicable,3,Statewide,400
21401,2021,MC,Not Applicable,Gasoline,1995,ICE,Not Applicable,1,Statewide,400
21402,2021,MC,Not Applicable,Gasoline,1985,ICE,Not Applicable,1,Statewide,400
21403,2021,BS,Not Applicable,Gasoline,2020,ICE,Not Applicable,≥4,Statewide,400
21404,2021,T4,Unknown,Diesel,1979,ICE,Not Applicable,1,Statewide,3
21405,2021,T4,Unknown,Diesel,1983,ICE,Not Applicable,3,Statewide,3
21406,2021,T4,2,Diesel,1986,ICE,Not Applicable,≥4,Statewide,3
21407,2021,T4,Unknown,Diesel,1986,ICE,Not Applicable,2,Statewide,3
21408,2021,T4,Unknown,Diesel,1986,ICE,Not Applicable,1,Statewide,3
21409,2021,T3,Unknown,Diesel,2008,ICE,Not Applicable,≥4,Statewide,3
21410,2021,T3,2,Diesel,2005,ICE,Not Applicable,1,Statewide,3
21411,2021,MH,Not Applicable,Diesel,2008,ICE,Not Applicable,3,Statewide,402
21412,2021,P,Not Applicable,Diesel,2011,ICE,Not Applicable,1,Statewide,402
21413,2021,T6,5,Diesel,2011,ICE,Not Applicable,1,Statewide,405
21414,2021,T2,Unknown,Diesel,2021,ICE,Not Applicable,≥4,Statewide,405
21415,2021,T3,Unknown,Diesel,1986,ICE,Not Applicable,1,Statewide,3
21416,2021,T3,Unknown,Diesel,1987,ICE,Not Applicable,1,Statewide,3
21417,2021,T3,Unknown,Diesel,1988,ICE,Not Applicable,3,Statewide,3
21418,2021,T2,1,Gasoline,2013,ICE,Not Applicable,2,Statewide,52700
21419,2021,T3,Unknown,Diesel,1991,ICE,Not Applicable,3,Statewide,3
21420,2021,T3,Unknown,Diesel,1992,ICE,Not Applicable,2,Statewide,3
21421,2021,T3,2,Gasoline,2010,ICE,Not Applicable,2,Statewide,52694
21422,2021,T4,Unknown,Diesel,1992,ICE,Not Applicable,2,Statewide,3
21423,2021,T2,1,Gasoline,2018,ICE,Not Applicable,3,Statewide,52434
21424,2021,T3,2,Diesel,1993,ICE,Not Applicable,3,Statewide,3
21425,2021,T3,Unknown,Diesel,1993,ICE,Not Applicable,≥4,Statewide,3
21426,2021,T5,3,Gasoline,2008,ICE,Not Applicable,1,Statewide,403
21427,2021,MH,Not Applicable,Gasoline,2012,ICE,Not Applicable,1,Statewide,403
21428,2021,MH,Not Applicable,Gasoline,2001,ICE,Not Applicable,≥4,Statewide,1397
21429,2021,P,Not Applicable,Gasoline,2001,ICE,Not Applicable,≥4,Statewide,52393
21430,2021,T3,2,Diesel,1994,ICE,Not Applicable,3,Statewide,3
21431,2021,T3,Unknown,Diesel,1994,ICE,Not Applicable,≥4,Statewide,3
21432,2021,T3,2,Diesel,1995,ICE,Not Applicable,3,Statewide,3
21433,2021,T3,Unknown,Diesel,1992,ICE,Not Applicable,1,Statewide,3
21434,2021,T4,Unknown,Diesel,1996,ICE,Not Applicable,1,Statewide,3
21435,2021,T4,Unknown,Diesel,2001,ICE,Not Applicable,3,Statewide,3
21436,2021,P,Not Applicable,Natural Gas,2014,ICE,Not Applicable,≥4,Statewide,399
21437,2021,T6,Unknown,Diesel,1982,ICE,Not Applicable,3,Statewide,3
21438,2021,T6,6,Diesel,1984,ICE,Not Applicable,3,Statewide,3
21439,2021,T6,Unknown,Diesel,1985,ICE,Not Applicable,2,Statewide,3
21440,2021,T6,6,Diesel,1986,ICE,Not Applicable,2,Statewide,3
21441,2021,T6,6,Diesel,1987,ICE,Not Applicable,3,Statewide,3
21442,2021,T6,5,Diesel,1990,ICE,Not Applicable,1,Statewide,3
21443,2021,T7,8,Natural Gas,2023,ICE,Not Applicable,≥4,Statewide,394
21444,2021,MH,Not Applicable,Gasoline,2003,ICE,Not Applicable,2,Statewide,394
21445,2021,P,Not Applicable,Diesel,2014,ICE,Not Applicable,1,Statewide,394
21446,2021,MC,Not Applicable,Gasoline,1985,ICE,Not Applicable,2,Statewide,395
21447,2021,T6,4,Diesel,1990,ICE,Not Applicable,3,Statewide,3
21448,2021,BT,Not Applicable,Diesel,2020,ICE,Not Applicable,≥4,Statewide,393
21449,2021,MC,Not Applicable,Gasoline,1977,ICE,Not Applicable,1,Statewide,1410
21450,2021,T5,3,Diesel,2010,ICE,Not Applicable,2,Statewide,1412
21451,2021,T6,6,Diesel,2023,ICE,Not Applicable,≥4,Statewide,1413
21452,2021,T6,Unknown,Diesel,1991,ICE,Not Applicable,1,Statewide,3
21453,2021,T6,Unknown,Diesel,1992,ICE,Not Applicable,2,Statewide,3
21454,2021,T6,5,Diesel,1993,ICE,Not Applicable,2,Statewide,3
21455,2021,T6,Unknown,Diesel,1995,ICE,Not Applicable,2,Statewide,3
21456,2021,T2,Unknown,Gasoline,2020,ICE,Not Applicable,≥4,Statewide,392
21457,2021,T6,Unknown,Diesel,1991,ICE,Not Applicable,3,Statewide,3
21458,2021,T6,4,Diesel,2015,ICE,Not Applicable,≥4,Statewide,392
21459,2021,T6,Unknown,Diesel,1980,ICE,Not Applicable,3,Statewide,3
21460,2021,T5,3,Diesel,1987,ICE,Not Applicable,2,Statewide,3
21461,2021,MC,Not Applicable,Gasoline,1993,ICE,Not Applicable,1,Statewide,399
21462,2021,T4,Unknown,Diesel,2003,ICE,Not Applicable,2,Statewide,3
21463,2021,T4,Unknown,Diesel,2004,ICE,Not Applicable,3,Statewide,3
21464,2021,T4,Unknown,Diesel,2004,ICE,Not Applicable,2,Statewide,3
21465,2021,T4,Unknown,Diesel,2009,ICE,Not Applicable,2,Statewide,3
21466,2021,T3,2,Gasoline,1979,ICE,Not Applicable,1,Statewide,398
21467,2021,T4,Unknown,Diesel,2014,ICE,Not Applicable,3,Statewide,3
21468,2021,T4,Unknown,Diesel,2015,ICE,Not Applicable,≥4,Statewide,3
21469,2021,T4,Unknown,Diesel,2016,ICE,Not Applicable,≥4,Statewide,3
21470,2021,T6,7,Diesel,1978,ICE,Not Applicable,3,Statewide,3
21471,2021,T4,Unknown,Diesel,2016,ICE,Not Applicable,3,Statewide,3
21472,2021,MH,Not Applicable,Gasoline,2015,ICE,Not Applicable,≥4,Statewide,397
21473,2021,T4,Unknown,Diesel,2019,ICE,Not Applicable,2,Statewide,3
21474,2021,T2,1,Gasoline,2013,ICE,Not Applicable,≥4,Statewide,52030
21475,2021,T5,3,Diesel,1977,ICE,Not Applicable,3,Statewide,3
21476,2021,T2,1,Gasoline,2008,ICE,Not Applicable,1,Statewide,51916
21477,2021,T2,Unknown,Gasoline,2022,ICE,Not Applicable,≥4,Statewide,1407
21478,2021,T5,3,Diesel,1980,ICE,Not Applicable,≥4,Statewide,3
21479,2021,T6,4,Gasoline,2013,ICE,Not Applicable,≥4,Statewide,1409
21480,2021,T5,3,Diesel,1983,ICE,Not Applicable,≥4,Statewide,3
21481,2021,T4,Unknown,Diesel,2017,ICE,Not Applicable,2,Statewide,3
21482,2021,T4,Unknown,Electric,1992,BEV,Unknown,≥4,Statewide,3
21483,2021,T4,Unknown,Electric,2011,BEV,Unknown,≥4,Statewide,3
21484,2021,T4,Unknown,Electric,2012,BEV,Unknown,≥4,Statewide,3
21485,2021,T6,4,Diesel,2004,ICE,Not Applicable,1,Statewide,364
21486,2021,T4,Unknown,Gasoline,1999,ICE,Not Applicable,1,Statewide,3
21487,2021,T2,1,Gasoline,2006,ICE,Not Applicable,2,Statewide,46718
21488,2021,T4,Unknown,Gasoline,2001,ICE,Not Applicable,1,Statewide,3
21489,2021,T4,Unknown,Gasoline,2003,ICE,Not Applicable,3,Statewide,3
21490,2021,T4,Unknown,Gasoline,2003,ICE,Not Applicable,1,Statewide,3
21491,2021,T5,3,Gasoline,1997,ICE,Not Applicable,≥4,Statewide,363
21492,2021,T4,2,Gasoline,2014,ICE,Not Applicable,2,Statewide,363
21493,2021,T6,4,Diesel,2005,ICE,Not Applicable,1,Statewide,363
21494,2021,T3,2,Diesel,2011,ICE,Not Applicable,≥4,Statewide,363
21495,2021,T4,Unknown,Gasoline,2006,ICE,Not Applicable,≥4,Statewide,3
21496,2021,T4,Unknown,Gasoline,2009,ICE,Not Applicable,2,Statewide,3
21497,2021,T3,2,Gasoline,2010,ICE,Not Applicable,3,Statewide,46594
21498,2021,T4,Unknown,Gasoline,2010,ICE,Not Applicable,3,Statewide,3
21499,2021,T6,4,Diesel,2013,ICE,Not Applicable,3,Statewide,362
21500,2021,T6,5,Diesel,2013,ICE,Not Applicable,1,Statewide,362
21501,2021,T5,3,Diesel,1996,ICE,Not Applicable,≥4,Statewide,362
21502,2021,P,Not Applicable,Diesel,2004,ICE,Not Applicable,≥4,Statewide,362
21503,2021,T2,Unknown,Gasoline,2011,ICE,Not Applicable,≥4,Statewide,1454
21504,2021,T3,2,Gasoline,1981,ICE,Not Applicable,2,Statewide,364
21505,2021,T3,2,Gasoline,1989,ICE,Not Applicable,1,Statewide,364
21506,2021,T4,Unknown,Gasoline,1999,ICE,Not Applicable,3,Statewide,3
21507,2021,MH,Not Applicable,Gasoline,1990,ICE,Not Applicable,1,Statewide,365
21508,2021,T5,3,Diesel,2020,ICE,Not Applicable,3,Statewide,1447
21509,2021,BT,Not Applicable,Gasoline,2020,ICE,Not Applicable,3,Statewide,3
21510,2021,T3,2,Gasoline,2017,ICE,Not Applicable,≥4,Statewide,47145
21511,2021,T1,Unknown,Gasoline,1996,ICE,Not Applicable,1,Statewide,3
21512,2021,T1,Unknown,Gasoline,1997,ICE,Not Applicable,1,Statewide,3
21513,2021,T1,Unknown,Gasoline,2000,ICE,Not Applicable,3,Statewide,3
21514,2021,T1,Unknown,Gasoline,2011,ICE,Not Applicable,2,Statewide,3
21515,2021,T1,Unknown,Gasoline,2019,ICE,Not Applicable,3,Statewide,3
21516,2021,T1,1,Gasoline,1986,ICE,Not Applicable,1,Statewide,366
21517,2021,T2,1,Gasoline,2015,ICE,Not Applicable,≥4,Statewide,46563
21518,2021,MC,Not Applicable,Gasoline,1984,ICE,Not Applicable,2,Statewide,366
21519,2021,T2,1,Gasoline,2023,PHEV,0 to 50 miles,≥4,Statewide,3
21520,2021,T4,Unknown,Gasoline,1983,ICE,Not Applicable,1,Statewide,3
21521,2021,P,Not Applicable,Gasoline,2003,ICE,Not Applicable,3,Statewide,46969
21522,2021,T4,Unknown,Gasoline,1991,ICE,Not Applicable,2,Statewide,3
21523,2021,T4,Unknown,Gasoline,1991,ICE,Not Applicable,1,Statewide,3
21524,2021,T4,Unknown,Gasoline,1993,ICE,Not Applicable,1,Statewide,3
21525,2021,T4,Unknown,Gasoline,1995,ICE,Not Applicable,3,Statewide,3
21526,2021,T3,Unknown,Gasoline,2023,ICE,Not Applicable,1,Statewide,365
21527,2021,T3,Unknown,Gasoline,2005,ICE,Not Applicable,1,Statewide,365
21528,2021,T7,8,Diesel,2003,ICE,Not Applicable,1,Statewide,366
21529,2021,T1,1,Gasoline,2020,ICE,Not Applicable,1,Statewide,46563
21530,2021,T2,1,Gasoline,2005,ICE,Not Applicable,2,Statewide,46449
21531,2021,T4,Unknown,Gasoline,2010,ICE,Not Applicable,2,Statewide,3
21532,2021,T6,5,Gasoline,1988,ICE,Not Applicable,1,Statewide,3
21533,2021,T6,6,Gasoline,1989,ICE,Not Applicable,2,Statewide,3
21534,2021,T6,4,Gasoline,1989,ICE,Not Applicable,3,Statewide,3
21535,2021,T2,Unknown,Gasoline,2004,ICE,Not Applicable,3,Statewide,358
21536,2021,T2,1,Gasoline,1988,ICE,Not Applicable,1,Statewide,358
21537,2021,MH,Not Applicable,Gasoline,1990,ICE,Not Applicable,3,Statewide,358
21538,2021,BS,Not Applicable,Diesel,1998,ICE,Not Applicable,≥4,Statewide,358
21539,2021,T6,5,Gasoline,2017,ICE,Not Applicable,≥4,Statewide,1456
21540,2021,T6,5,Gasoline,1991,ICE,Not Applicable,1,Statewide,3
21541,2021,P,Not Applicable,Gasoline,2002,ICE,Not Applicable,2,Statewide,45906
21542,2021,T2,1,Gasoline,2015,ICE,Not Applicable,1,Statewide,45816
21543,2021,T6,5,Gasoline,1993,ICE,Not Applicable,2,Statewide,3
21544,2021,T6,5,Gasoline,1994,ICE,Not Applicable,3,Statewide,3
21545,2021,BT,Not Applicable,Natural Gas,2021,ICE,Not Applicable,≥4,Statewide,357
21546,2021,BT,Not Applicable,Natural Gas,2017,ICE,Not Applicable,≥4,Statewide,357
21547,2021,T6,7,Gasoline,1998,ICE,Not Applicable,3,Statewide,3
21548,2021,T5,3,Diesel,2010,ICE,Not Applicable,3,Statewide,1461
21549,2021,T2,1,Gasoline,1980,ICE,Not Applicable,≥4,Statewide,1462
21550,2021,T2,1,Gasoline,2008,ICE,Not Applicable,3,Statewide,45727
21551,2021,T2,1,Gasoline,2007,ICE,Not Applicable,1,Statewide,45692
21552,2021,T6,5,Gasoline,1992,ICE,Not Applicable,3,Statewide,3
21553,2021,T2,Unknown,Diesel,2017,ICE,Not Applicable,1,Statewide,367
21554,2021,T6,6,Gasoline,1988,ICE,Not Applicable,3,Statewide,3
21555,2021,T6,4,Diesel,2007,ICE,Not Applicable,≥4,Statewide,1456
21556,2021,T7,8,Diesel,2005,ICE,Not Applicable,2,Statewide,361
21557,2021,T5,3,Gasoline,1980,ICE,Not Applicable,3,Statewide,3
21558,2021,T5,3,Gasoline,1982,ICE,Not Applicable,2,Statewide,3
21559,2021,T5,3,Gasoline,1983,ICE,Not Applicable,3,Statewide,3
21560,2021,T5,3,Gasoline,1985,ICE,Not Applicable,2,Statewide,3
21561,2021,T6,7,Gasoline,1978,ICE,Not Applicable,3,Statewide,3
21562,2021,T6,7,Gasoline,1979,ICE,Not Applicable,3,Statewide,3
21563,2021,T6,7,Gasoline,1979,ICE,Not Applicable,2,Statewide,3
21564,2021,T6,5,Gasoline,1979,ICE,Not Applicable,3,Statewide,3
21565,2021,T6,7,Gasoline,1988,ICE,Not Applicable,2,Statewide,3
21566,2021,T6,7,Gasoline,1980,ICE,Not Applicable,3,Statewide,3
21567,2021,T6,5,Gasoline,1981,ICE,Not Applicable,2,Statewide,3
21568,2021,T6,4,Gasoline,1981,ICE,Not Applicable,1,Statewide,3
21569,2021,T6,5,Gasoline,1983,ICE,Not Applicable,1,Statewide,3
21570,2021,T6,Unknown,Gasoline,1984,ICE,Not Applicable,2,Statewide,3
21571,2021,T6,7,Gasoline,1986,ICE,Not Applicable,2,Statewide,3
21572,2021,T6,Unknown,Gasoline,1986,ICE,Not Applicable,3,Statewide,3
21573,2021,T6,7,Gasoline,1987,ICE,Not Applicable,3,Statewide,3
21574,2021,T4,Unknown,Gasoline,1977,ICE,Not Applicable,1,Statewide,359
21575,2021,T6,7,Gasoline,1987,ICE,Not Applicable,2,Statewide,3
21576,2021,T6,Unknown,Gasoline,1980,ICE,Not Applicable,1,Statewide,3
21577,2021,T3,2,Diesel,2015,ICE,Not Applicable,2,Statewide,367
21578,2021,T6,6,Diesel,2011,ICE,Not Applicable,2,Statewide,367
21579,2021,MC,Not Applicable,Gasoline,1979,ICE,Not Applicable,2,Statewide,367
21580,2021,T3,2,Gasoline,1981,ICE,Not Applicable,3,Statewide,375
21581,2021,T2,1,Gasoline,1980,ICE,Not Applicable,1,Statewide,375
21582,2021,T4,2,Diesel,1991,ICE,Not Applicable,3,Statewide,375
21583,2021,T3,Unknown,Gasoline,2015,ICE,Not Applicable,≥4,Statewide,1438
21584,2021,BS,Not Applicable,Gasoline,1979,ICE,Not Applicable,2,Statewide,3
21585,2021,BS,Not Applicable,Gasoline,1980,ICE,Not Applicable,1,Statewide,3
21586,2021,T3,2,Gasoline,2016,ICE,Not Applicable,≥4,Statewide,49013
21587,2021,T3,2,Gasoline,2012,ICE,Not Applicable,2,Statewide,48942
21588,2021,BS,Not Applicable,Gasoline,1981,ICE,Not Applicable,2,Statewide,3
21589,2021,BS,Not Applicable,Gasoline,1978,ICE,Not Applicable,3,Statewide,3
21590,2021,T6,6,Diesel,2006,ICE,Not Applicable,1,Statewide,374
21591,2021,T6,5,Gasoline,2020,ICE,Not Applicable,≥4,Statewide,1440
21592,2021,BS,Not Applicable,Gasoline,1982,ICE,Not Applicable,3,Statewide,3
21593,2021,BS,Not Applicable,Gasoline,1984,ICE,Not Applicable,1,Statewide,3
21594,2021,BS,Not Applicable,Gasoline,1986,ICE,Not Applicable,2,Statewide,3
21595,2021,BS,Not Applicable,Gasoline,1993,ICE,Not Applicable,3,Statewide,3
21596,2021,BS,Not Applicable,Gasoline,1994,ICE,Not Applicable,2,Statewide,3
21597,2021,T5,3,Gasoline,2009,ICE,Not Applicable,2,Statewide,373
21598,2021,B,Not Applicable,Gasoline,2015,ICE,Not Applicable,≥4,Statewide,373
21599,2021,T3,2,Diesel,2022,ICE,Not Applicable,≥4,Statewide,373
21600,2021,T2,Unknown,Diesel,2022,ICE,Not Applicable,≥4,Statewide,374
21601,2021,BS,Not Applicable,Gasoline,1995,ICE,Not Applicable,2,Statewide,3
21602,2021,B,Not Applicable,Gasoline,1994,ICE,Not Applicable,3,Statewide,3
21603,2021,P,Not Applicable,Gasoline,1983,ICE,Not Applicable,3,Statewide,1436
21604,2021,P,Not Applicable,Natural Gas,2017,ICE,Not Applicable,3,Statewide,378
21605,2021,T4,2,Gasoline,2015,ICE,Not Applicable,2,Statewide,378
21606,2021,T3,2,Gasoline,2021,PHEV,0 to 50 miles,3,Statewide,378
21607,2021,T6,5,Diesel,2021,ICE,Not Applicable,3,Statewide,378
21608,2021,T2,Unknown,Diesel,2017,ICE,Not Applicable,≥4,Statewide,378
21609,2021,T4,2,Electric,2020,BEV,Unknown,≥4,Statewide,3
21610,2021,T2,1,Gasoline,2004,ICE,Not Applicable,≥4,Statewide,49352
21611,2021,T5,3,Electric,2012,BEV,Unknown,≥4,Statewide,3
21612,2021,T6,Unknown,Electric,1980,BEV,Unknown,≥4,Statewide,3
21613,2021,B,Not Applicable,Gasoline,1991,ICE,Not Applicable,3,Statewide,3
21614,2021,T5,3,Gasoline,2002,ICE,Not Applicable,1,Statewide,377
21615,2021,P,Not Applicable,Diesel,2022,ICE,Not Applicable,≥4,Statewide,377
21616,2021,T2,Unknown,Gasoline,1977,ICE,Not Applicable,1,Statewide,1435
21617,2021,T7,8,Electric,2018,BEV,Unknown,3,Statewide,3
21618,2021,T3,2,Gasoline,2004,ICE,Not Applicable,≥4,Statewide,49275
21619,2021,B,Not Applicable,Gasoline,1981,ICE,Not Applicable,3,Statewide,3
21620,2021,B,Not Applicable,Gasoline,1985,ICE,Not Applicable,3,Statewide,3
21621,2021,B,Not Applicable,Gasoline,1988,ICE,Not Applicable,3,Statewide,3
21622,2021,B,Not Applicable,Gasoline,1990,ICE,Not Applicable,2,Statewide,3
21623,2021,T4,2,Gasoline,2014,ICE,Not Applicable,3,Statewide,376
21624,2021,T7,8,Diesel,1986,ICE,Not Applicable,≥4,Statewide,377
21625,2021,T2,Unknown,Gasoline,2004,ICE,Not Applicable,1,Statewide,405
21626,2021,T2,1,Gasoline,2007,ICE,Not Applicable,2,Statewide,48669
21627,2021,BS,Not Applicable,Gasoline,1997,ICE,Not Applicable,2,Statewide,3
21628,2021,BS,Not Applicable,Gasoline,2018,ICE,Not Applicable,3,Statewide,3
21629,2021,BS,Not Applicable,Gasoline,2018,ICE,Not Applicable,1,Statewide,3
21630,2021,BS,Not Applicable,Gasoline,2019,ICE,Not Applicable,1,Statewide,3
21631,2021,BS,Not Applicable,Gasoline,2023,ICE,Not Applicable,1,Statewide,3
21632,2021,BT,Not Applicable,Gasoline,1987,ICE,Not Applicable,≥4,Statewide,3
21633,2021,BT,Not Applicable,Gasoline,1989,ICE,Not Applicable,2,Statewide,3
21634,2021,T3,Unknown,Gasoline,2004,ICE,Not Applicable,≥4,Statewide,369
21635,2021,T6,6,Diesel,2010,ICE,Not Applicable,2,Statewide,369
21636,2021,BT,Not Applicable,Gasoline,1989,ICE,Not Applicable,1,Statewide,3
21637,2021,BS,Not Applicable,Gasoline,2017,ICE,Not Applicable,2,Statewide,3
21638,2021,BT,Not Applicable,Gasoline,1994,ICE,Not Applicable,3,Statewide,3
21639,2021,BT,Not Applicable,Gasoline,1998,ICE,Not Applicable,1,Statewide,3
21640,2021,MH,Not Applicable,Gasoline,1997,ICE,Not Applicable,1,Statewide,368
21641,2021,BT,Not Applicable,Gasoline,2000,ICE,Not Applicable,2,Statewide,3
21642,2021,T3,2,Gasoline,2007,ICE,Not Applicable,2,Statewide,47516
21643,2021,BT,Not Applicable,Gasoline,2002,ICE,Not Applicable,1,Statewide,3
21644,2021,BT,Not Applicable,Gasoline,2003,ICE,Not Applicable,2,Statewide,3
21645,2021,BT,Not Applicable,Gasoline,2014,ICE,Not Applicable,3,Statewide,3
21646,2021,BT,Not Applicable,Gasoline,2017,ICE,Not Applicable,2,Statewide,3
21647,2021,T3,Unknown,Gasoline,2019,ICE,Not Applicable,3,Statewide,367
21648,2021,BT,Not Applicable,Gasoline,1998,ICE,Not Applicable,2,Statewide,3
21649,2021,BS,Not Applicable,Gasoline,1995,ICE,Not Applicable,1,Statewide,3
21650,2021,BS,Not Applicable,Gasoline,2014,ICE,Not Applicable,2,Statewide,3
21651,2021,MC,Not Applicable,Gasoline,1978,ICE,Not Applicable,2,Statewide,370
21652,2021,BS,Not Applicable,Gasoline,1997,ICE,Not Applicable,1,Statewide,3
21653,2021,T4,2,Gasoline,1978,ICE,Not Applicable,2,Statewide,372
21654,2021,MC,Not Applicable,Gasoline,1989,ICE,Not Applicable,1,Statewide,372
21655,2021,T3,2,Gasoline,2009,ICE,Not Applicable,1,Statewide,48653
21656,2021,MH,Not Applicable,Gasoline,1997,ICE,Not Applicable,≥4,Statewide,1443
21657,2021,BS,Not Applicable,Gasoline,1999,ICE,Not Applicable,1,Statewide,3
21658,2021,BS,Not Applicable,Gasoline,2003,ICE,Not Applicable,2,Statewide,3
21659,2021,BS,Not Applicable,Gasoline,2004,ICE,Not Applicable,2,Statewide,3
21660,2021,MC,Not Applicable,Gasoline,1984,ICE,Not Applicable,1,Statewide,371
21661,2021,P,Not Applicable,Electric,2017,BEV,>150 miles,2,Statewide,370
21662,2021,P,Not Applicable,Diesel,1986,ICE,Not Applicable,3,Statewide,371
21663,2021,BS,Not Applicable,Gasoline,2005,ICE,Not Applicable,2,Statewide,3
21664,2021,MC,Not Applicable,Gasoline,2003,ICE,Not Applicable,2,Statewide,1445
21665,2021,T3,2,Gasoline,2019,ICE,Not Applicable,1,Statewide,48163
21666,2021,BS,Not Applicable,Gasoline,2008,ICE,Not Applicable,2,Statewide,3
21667,2021,BS,Not Applicable,Gasoline,2012,ICE,Not Applicable,2,Statewide,3
21668,2021,T6,4,Gasoline,1995,ICE,Not Applicable,≥4,Statewide,370
21669,2021,T3,Unknown,Gasoline,2020,ICE,Not Applicable,≥4,Statewide,370
21670,2021,T2,Unknown,Gasoline,2004,ICE,Not Applicable,2,Statewide,370
21671,2021,T2,1,Gasoline,1981,ICE,Not Applicable,3,Statewide,370
21672,2021,MH,Not Applicable,Diesel,2011,ICE,Not Applicable,2,Statewide,371
21673,2021,T3,Unknown,Diesel,1984,ICE,Not Applicable,2,Statewide,3
21674,2021,T3,2,Diesel,1984,ICE,Not Applicable,≥4,Statewide,3
21675,2021,T3,Unknown,Diesel,1983,ICE,Not Applicable,3,Statewide,3
21676,2021,T2,1,Gasoline,2017,ICE,Not Applicable,2,Statewide,63017
21677,2021,MH,Not Applicable,Gasoline,1996,ICE,Not Applicable,3,Statewide,464
21678,2021,MH,Not Applicable,Diesel,2018,ICE,Not Applicable,≥4,Statewide,464
21679,2021,T2,1,Gasoline,2009,ICE,Not Applicable,1,Statewide,62610
21680,2021,P,Not Applicable,Diesel,1990,ICE,Not Applicable,1,Statewide,463
21681,2021,T4,2,Diesel,1997,ICE,Not Applicable,1,Statewide,461
21682,2021,P,Not Applicable,Diesel,2014,ICE,Not Applicable,2,Statewide,461
21683,2021,T4,2,Diesel,1993,ICE,Not Applicable,≥4,Statewide,460
21684,2021,T4,Unknown,Gasoline,2021,ICE,Not Applicable,3,Statewide,1344
21685,2021,P,Not Applicable,Gasoline,2003,ICE,Not Applicable,1,Statewide,62558
21686,2021,T7,8,Diesel,2011,ICE,Not Applicable,1,Statewide,459
21687,2021,T4,2,Gasoline,1992,ICE,Not Applicable,3,Statewide,457
21688,2021,T3,2,Gasoline,1978,ICE,Not Applicable,2,Statewide,457
21689,2021,T2,1,Gasoline,2016,ICE,Not Applicable,≥4,Statewide,61511
21690,2021,T6,6,Diesel,2012,ICE,Not Applicable,3,Statewide,456
21691,2021,T5,3,Gasoline,2010,ICE,Not Applicable,2,Statewide,455
21692,2021,T4,Unknown,Gasoline,2022,ICE,Not Applicable,3,Statewide,455
21693,2021,T3,2,Gasoline,1980,ICE,Not Applicable,3,Statewide,455
21694,2021,T2,Unknown,Gasoline,2008,ICE,Not Applicable,2,Statewide,455
21695,2021,B,Not Applicable,Diesel,2021,ICE,Not Applicable,≥4,Statewide,465
21696,2021,P,Not Applicable,Electric,2017,BEV,>150 miles,≥4,Statewide,466
21697,2021,MH,Not Applicable,Gasoline,1988,ICE,Not Applicable,≥4,Statewide,466
21698,2021,T1,1,Gasoline,1986,ICE,Not Applicable,3,Statewide,466
21699,2021,P,Not Applicable,Gasoline,2019,BEV,51 to 100 miles,3,Statewide,471
21700,2021,MC,Not Applicable,Gasoline,1996,ICE,Not Applicable,1,Statewide,471
21701,2021,BS,Not Applicable,Diesel,2012,ICE,Not Applicable,≥4,Statewide,471
21702,2021,BS,Not Applicable,Diesel,2001,ICE,Not Applicable,≥4,Statewide,471
21703,2021,MH,Not Applicable,Gasoline,2018,ICE,Not Applicable,≥4,Statewide,1332
21704,2021,T5,3,Gasoline,2006,ICE,Not Applicable,3,Statewide,470
21705,2021,P,Not Applicable,Diesel,1988,ICE,Not Applicable,1,Statewide,470
21706,2021,MC,Not Applicable,Gasoline,1979,ICE,Not Applicable,3,Statewide,469
21707,2021,P,Not Applicable,Diesel,2008,ICE,Not Applicable,3,Statewide,469
21708,2021,T2,1,Gasoline,1988,ICE,Not Applicable,3,Statewide,455
21709,2021,BT,Not Applicable,Diesel,2021,ICE,Not Applicable,≥4,Statewide,469
21710,2021,T3,Unknown,Gasoline,2014,ICE,Not Applicable,≥4,Statewide,468
21711,2021,MH,Not Applicable,Gasoline,2020,ICE,Not Applicable,3,Statewide,468
21712,2021,MC,Not Applicable,Gasoline,1992,ICE,Not Applicable,1,Statewide,468
21713,2021,T7,8,Diesel,2017,ICE,Not Applicable,3,Statewide,1336
21714,2021,MC,Not Applicable,Gasoline,1988,ICE,Not Applicable,2,Statewide,467
21715,2021,MH,Not Applicable,Diesel,2021,ICE,Not Applicable,3,Statewide,467
21716,2021,BT,Not Applicable,Diesel,2007,ICE,Not Applicable,≥4,Statewide,467
21717,2021,T6,5,Diesel,2008,ICE,Not Applicable,≥4,Statewide,1337
21718,2021,T3,2,Gasoline,2013,ICE,Not Applicable,≥4,Statewide,63912
21719,2021,T4,2,Diesel,2017,ICE,Not Applicable,3,Statewide,1335
21720,2021,T6,5,Diesel,2005,ICE,Not Applicable,≥4,Statewide,1348
21721,2021,T2,1,Gasoline,1980,ICE,Not Applicable,2,Statewide,454
21722,2021,MH,Not Applicable,Gasoline,1995,ICE,Not Applicable,1,Statewide,454
21723,2021,P,Not Applicable,Electric,2019,BEV,>150 miles,3,Statewide,1356
21724,2021,T2,1,Gasoline,2016,ICE,Not Applicable,1,Statewide,60233
21725,2021,T7,8,Natural Gas,2022,ICE,Not Applicable,≥4,Statewide,445
21726,2021,T5,3,Gasoline,2004,ICE,Not Applicable,3,Statewide,445
21727,2021,T3,2,Gasoline,2005,ICE,Not Applicable,≥4,Statewide,60099
21728,2021,T2,1,Gasoline,1985,ICE,Not Applicable,≥4,Statewide,444
21729,2021,B,Not Applicable,Gasoline,2007,ICE,Not Applicable,≥4,Statewide,444
21730,2021,T6,6,Diesel,2005,ICE,Not Applicable,1,Statewide,443
21731,2021,P,Not Applicable,Gasoline,1988,ICE,Not Applicable,3,Statewide,1356
21732,2021,T3,Unknown,Gasoline,2005,ICE,Not Applicable,≥4,Statewide,446
21733,2021,T2,1,Gasoline,2011,ICE,Not Applicable,1,Statewide,59864
21734,2021,T3,Unknown,Gasoline,1979,ICE,Not Applicable,≥4,Statewide,441
21735,2021,T4,2,Diesel,2003,ICE,Not Applicable,≥4,Statewide,1358
21736,2021,T3,2,Gasoline,2021,ICE,Not Applicable,1,Statewide,59815
21737,2021,T2,1,Gasoline,2020,ICE,Not Applicable,3,Statewide,59670
21738,2021,B,Not Applicable,Gasoline,2020,ICE,Not Applicable,≥4,Statewide,440
21739,2021,T5,3,Gasoline,2002,ICE,Not Applicable,≥4,Statewide,1358
21740,2021,T5,3,Gasoline,2011,ICE,Not Applicable,3,Statewide,439
21741,2021,T2,Unknown,Gasoline,2008,ICE,Not Applicable,1,Statewide,439
21742,2021,T4,2,Diesel,1996,ICE,Not Applicable,3,Statewide,439
21743,2021,T5,3,Diesel,1994,ICE,Not Applicable,≥4,Statewide,442
21744,2021,T4,2,Gasoline,2014,ICE,Not Applicable,1,Statewide,471
21745,2021,BS,Not Applicable,Diesel,2014,ICE,Not Applicable,≥4,Statewide,447
21746,2021,B,Not Applicable,Gasoline,2021,ICE,Not Applicable,≥4,Statewide,448
21747,2021,T3,2,Diesel,2018,ICE,Not Applicable,3,Statewide,454
21748,2021,P,Not Applicable,Diesel,1989,ICE,Not Applicable,1,Statewide,454
21749,2021,T2,1,Gasoline,1991,ICE,Not Applicable,1,Statewide,1348
21750,2021,P,Not Applicable,Gasoline,2021,BEV,51 to 100 miles,≥4,Statewide,453
21751,2021,T6,7,Diesel,2016,ICE,Not Applicable,≥4,Statewide,1349
21752,2021,T4,2,Gasoline,2018,ICE,Not Applicable,1,Statewide,1349
21753,2021,T6,4,Diesel,2008,ICE,Not Applicable,≥4,Statewide,1350
21754,2021,T2,1,Gasoline,2012,ICE,Not Applicable,1,Statewide,60781
21755,2021,T5,3,Gasoline,2005,ICE,Not Applicable,1,Statewide,451
21756,2021,T7,8,Diesel,2006,ICE,Not Applicable,1,Statewide,447
21757,2021,BS,Not Applicable,Diesel,2013,ICE,Not Applicable,≥4,Statewide,451
21758,2021,MC,Not Applicable,Gasoline,1995,ICE,Not Applicable,2,Statewide,450
21759,2021,P,Not Applicable,Diesel,2021,ICE,Not Applicable,≥4,Statewide,450
21760,2021,P,Not Applicable,Diesel,1987,ICE,Not Applicable,1,Statewide,450
21761,2021,P,Not Applicable,Gasoline,1988,ICE,Not Applicable,1,Statewide,1353
21762,2021,T5,3,Diesel,2005,ICE,Not Applicable,1,Statewide,449
21763,2021,T2,Unknown,Gasoline,2012,ICE,Not Applicable,1,Statewide,1353
21764,2021,T2,1,Gasoline,2021,ICE,Not Applicable,3,Statewide,60607
21765,2021,T2,Unknown,Gasoline,2005,ICE,Not Applicable,2,Statewide,448
21766,2021,MC,Not Applicable,Gasoline,1978,ICE,Not Applicable,3,Statewide,448
21767,2021,P,Not Applicable,Electric,2022,BEV,51 to 100 miles,3,Statewide,1352
21768,2021,T5,3,Gasoline,2006,ICE,Not Applicable,2,Statewide,471
21769,2021,T5,3,Gasoline,2010,ICE,Not Applicable,3,Statewide,471
21770,2021,MH,Not Applicable,Gasoline,2019,ICE,Not Applicable,2,Statewide,472
21771,2021,T2,1,Gasoline,2011,ICE,Not Applicable,2,Statewide,70077
21772,2021,T6,4,Diesel,2016,ICE,Not Applicable,≥4,Statewide,501
21773,2021,T6,7,Diesel,2022,ICE,Not Applicable,≥4,Statewide,1311
21774,2021,T2,1,Gasoline,2005,ICE,Not Applicable,≥4,Statewide,69952
21775,2021,MH,Not Applicable,Gasoline,2008,ICE,Not Applicable,1,Statewide,500
21776,2021,P,Not Applicable,Gasoline,2002,ICE,Not Applicable,≥4,Statewide,69796
21777,2021,T5,3,Gasoline,2009,ICE,Not Applicable,1,Statewide,499
21778,2021,T5,3,Diesel,2005,ICE,Not Applicable,3,Statewide,499
21779,2021,T6,4,Gasoline,2018,ICE,Not Applicable,≥4,Statewide,497
21780,2021,T7,8,Diesel,2020,ICE,Not Applicable,2,Statewide,502
21781,2021,T2,Unknown,Gasoline,2020,ICE,Not Applicable,1,Statewide,497
21782,2021,MH,Not Applicable,Gasoline,2019,ICE,Not Applicable,1,Statewide,496
21783,2021,MH,Not Applicable,Gasoline,2008,ICE,Not Applicable,3,Statewide,1313
21784,2021,P,Not Applicable,Gasoline,2004,ICE,Not Applicable,2,Statewide,69004
21785,2021,T2,1,Gasoline,2010,ICE,Not Applicable,1,Statewide,68799
21786,2021,T7,8,Natural Gas,2019,ICE,Not Applicable,≥4,Statewide,495
21787,2021,T4,2,Gasoline,1991,ICE,Not Applicable,2,Statewide,494
21788,2021,T4,2,Diesel,1992,ICE,Not Applicable,≥4,Statewide,494
21789,2021,T3,2,Diesel,2018,ICE,Not Applicable,1,Statewide,494
21790,2021,B,Not Applicable,Diesel,2020,ICE,Not Applicable,≥4,Statewide,494
21791,2021,T6,5,Gasoline,2013,ICE,Not Applicable,≥4,Statewide,496
21792,2021,T1,1,Gasoline,1987,ICE,Not Applicable,1,Statewide,493
21793,2021,T6,6,Gasoline,2017,ICE,Not Applicable,≥4,Statewide,502
21794,2021,MH,Not Applicable,Gasoline,1994,ICE,Not Applicable,2,Statewide,503
21795,2021,T1,1,Gasoline,1981,ICE,Not Applicable,≥4,Statewide,512
21796,2021,T2,1,Gasoline,2009,ICE,Not Applicable,2,Statewide,71920
21797,2021,B,Not Applicable,Gasoline,2016,ICE,Not Applicable,≥4,Statewide,509
21798,2021,P,Not Applicable,Diesel,2021,ICE,Not Applicable,2,Statewide,509
21799,2021,P,Not Applicable,Diesel,1987,ICE,Not Applicable,2,Statewide,509
21800,2021,T4,2,Diesel,2017,ICE,Not Applicable,1,Statewide,1306
21801,2021,T3,Unknown,Gasoline,2015,ICE,Not Applicable,1,Statewide,1306
21802,2021,T2,1,Gasoline,2012,ICE,Not Applicable,2,Statewide,71439
21803,2021,T2,1,Gasoline,2018,ICE,Not Applicable,≥4,Statewide,71370
21804,2021,MC,Not Applicable,Gasoline,1984,ICE,Not Applicable,3,Statewide,503
21805,2021,T2,Unknown,Gasoline,2007,ICE,Not Applicable,≥4,Statewide,507
21806,2021,T2,1,Gasoline,2019,ICE,Not Applicable,≥4,Statewide,71213
21807,2021,P,Not Applicable,Hydrogen,2022,FCEV,>150 miles,1,Statewide,505
21808,2021,T3,Unknown,Gasoline,2019,ICE,Not Applicable,1,Statewide,505
21809,2021,MC,Not Applicable,Gasoline,1987,ICE,Not Applicable,1,Statewide,505
21810,2021,T6,4,Gasoline,2003,ICE,Not Applicable,≥4,Statewide,504
21811,2021,MH,Not Applicable,Gasoline,1994,ICE,Not Applicable,1,Statewide,504
21812,2021,T7,8,Diesel,2004,ICE,Not Applicable,1,Statewide,504
21813,2021,P,Not Applicable,Diesel,2008,ICE,Not Applicable,1,Statewide,504
21814,2021,T2,1,Gasoline,2016,ICE,Not Applicable,2,Statewide,70892
21815,2021,T6,4,Gasoline,2006,ICE,Not Applicable,≥4,Statewide,1308
21816,2021,T3,2,Gasoline,2009,ICE,Not Applicable,2,Statewide,59550
21817,2021,P,Not Applicable,Gasoline,2019,BEV,51 to 100 miles,≥4,Statewide,493
21818,2021,BT,Not Applicable,Diesel,2019,ICE,Not Applicable,≥4,Statewide,492
21819,2021,B,Not Applicable,Diesel,2013,ICE,Not Applicable,≥4,Statewide,482
21820,2021,T3,Unknown,Gasoline,2014,ICE,Not Applicable,2,Statewide,480
21821,2021,T5,3,Gasoline,1998,ICE,Not Applicable,≥4,Statewide,479
21822,2021,MH,Not Applicable,Gasoline,1995,ICE,Not Applicable,≥4,Statewide,1322
21823,2021,MH,Not Applicable,Gasoline,2005,ICE,Not Applicable,3,Statewide,1322
21824,2021,BT,Not Applicable,Natural Gas,2020,ICE,Not Applicable,≥4,Statewide,478
21825,2021,T4,2,Gasoline,1982,ICE,Not Applicable,≥4,Statewide,478
21826,2021,P,Not Applicable,Gasoline,2022,BEV,51 to 100 miles,3,Statewide,478
21827,2021,BT,Not Applicable,Natural Gas,2010,ICE,Not Applicable,≥4,Statewide,477
21828,2021,MC,Not Applicable,Gasoline,1993,ICE,Not Applicable,2,Statewide,482
21829,2021,T7,8,Diesel,1989,ICE,Not Applicable,≥4,Statewide,477
21830,2021,T2,1,Gasoline,2007,ICE,Not Applicable,≥4,Statewide,65576
21831,2021,T5,3,Gasoline,2013,ICE,Not Applicable,1,Statewide,475
21832,2021,MH,Not Applicable,Gasoline,1999,ICE,Not Applicable,1,Statewide,475
21833,2021,T7,8,Diesel,2020,ICE,Not Applicable,3,Statewide,474
21834,2021,P,Not Applicable,Gasoline,1977,ICE,Not Applicable,3,Statewide,65247
21835,2021,T2,1,Gasoline,2022,ICE,Not Applicable,3,Statewide,65185
21836,2021,T5,3,Gasoline,2020,ICE,Not Applicable,1,Statewide,473
21837,2021,P,Not Applicable,Diesel,2014,ICE,Not Applicable,≥4,Statewide,473
21838,2021,P,Not Applicable,Diesel,1987,ICE,Not Applicable,3,Statewide,473
21839,2021,T5,3,Diesel,2005,ICE,Not Applicable,2,Statewide,476
21840,2021,T6,7,Diesel,1994,ICE,Not Applicable,≥4,Statewide,492
21841,2021,MH,Not Applicable,Gasoline,2012,ICE,Not Applicable,2,Statewide,482
21842,2021,MC,Not Applicable,Gasoline,1994,ICE,Not Applicable,2,Statewide,483
21843,2021,T7,8,Diesel,2012,ICE,Not Applicable,1,Statewide,491
21844,2021,T6,Unknown,Gasoline,1977,ICE,Not Applicable,2,Statewide,490
21845,2021,T5,3,Diesel,2021,ICE,Not Applicable,2,Statewide,1316
21846,2021,T3,2,Gasoline,1980,ICE,Not Applicable,≥4,Statewide,1316
21847,2021,BT,Not Applicable,Gasoline,2013,ICE,Not Applicable,≥4,Statewide,489
21848,2021,T4,2,Diesel,1997,ICE,Not Applicable,2,Statewide,489
21849,2021,T5,3,Diesel,2021,ICE,Not Applicable,3,Statewide,1317
21850,2021,P,Not Applicable,Hydrogen,2022,FCEV,>150 miles,2,Statewide,488
21851,2021,T3,Unknown,Gasoline,2020,ICE,Not Applicable,1,Statewide,488
21852,2021,T2,1,Diesel,2019,ICE,Not Applicable,3,Statewide,483
21853,2021,P,Not Applicable,Diesel,1985,ICE,Not Applicable,≥4,Statewide,487
21854,2021,B,Not Applicable,Gasoline,2014,ICE,Not Applicable,≥4,Statewide,486
21855,2021,T7,8,Diesel,2022,ICE,Not Applicable,1,Statewide,486
21856,2021,T6,4,Diesel,2013,ICE,Not Applicable,1,Statewide,486
21857,2021,T6,6,Diesel,1999,ICE,Not Applicable,≥4,Statewide,486
21858,2021,T6,7,Diesel,1993,ICE,Not Applicable,≥4,Statewide,486
21859,2021,T2,1,Gasoline,2006,ICE,Not Applicable,≥4,Statewide,67105
21860,2021,MH,Not Applicable,Gasoline,1977,ICE,Not Applicable,3,Statewide,484
21861,2021,MC,Not Applicable,Gasoline,1986,ICE,Not Applicable,2,Statewide,484
21862,2021,T6,4,Gasoline,2001,ICE,Not Applicable,≥4,Statewide,483
21863,2021,T4,2,Diesel,2001,ICE,Not Applicable,2,Statewide,1319
21864,2021,T4,2,Gasoline,1991,ICE,Not Applicable,3,Statewide,514
21865,2021,B,Not Applicable,Gasoline,2006,ICE,Not Applicable,≥4,Statewide,438
21866,2021,T2,Unknown,Diesel,2017,ICE,Not Applicable,2,Statewide,438
21867,2021,T3,2,Diesel,2019,ICE,Not Applicable,1,Statewide,1383
21868,2021,MH,Not Applicable,Diesel,1986,ICE,Not Applicable,1,Statewide,3
21869,2021,T5,3,Gasoline,2021,ICE,Not Applicable,1,Statewide,414
21870,2021,T3,2,Gasoline,1980,ICE,Not Applicable,2,Statewide,414
21871,2021,T3,2,Diesel,2022,ICE,Not Applicable,1,Statewide,414
21872,2021,P,Not Applicable,Diesel,1986,ICE,Not Applicable,2,Statewide,414
21873,2021,BT,Not Applicable,Diesel,2005,ICE,Not Applicable,≥4,Statewide,414
21874,2021,T1,Unknown,Diesel,1980,ICE,Not Applicable,3,Statewide,3
21875,2021,MH,Not Applicable,Diesel,2009,ICE,Not Applicable,≥4,Statewide,1385
21876,2021,T6,7,Diesel,2011,ICE,Not Applicable,≥4,Statewide,1385
21877,2021,T2,1,Gasoline,2017,ICE,Not Applicable,1,Statewide,54960
21878,2021,T1,Unknown,Diesel,1984,ICE,Not Applicable,3,Statewide,3
21879,2021,T1,Unknown,Diesel,1984,ICE,Not Applicable,1,Statewide,3
21880,2021,T1,Unknown,Diesel,1986,ICE,Not Applicable,1,Statewide,3
21881,2021,T1,Unknown,Diesel,1987,ICE,Not Applicable,2,Statewide,3
21882,2021,T4,2,Gasoline,2015,ICE,Not Applicable,1,Statewide,413
21883,2021,T3,2,Gasoline,1989,ICE,Not Applicable,3,Statewide,413
21884,2021,T1,Unknown,Diesel,1990,ICE,Not Applicable,1,Statewide,3
21885,2021,MH,Not Applicable,Gasoline,1982,ICE,Not Applicable,≥4,Statewide,412
21886,2021,MH,Not Applicable,Gasoline,2017,ICE,Not Applicable,3,Statewide,415
21887,2021,MH,Not Applicable,Diesel,1985,ICE,Not Applicable,2,Statewide,3
21888,2021,MH,Not Applicable,Diesel,1981,ICE,Not Applicable,1,Statewide,3
21889,2021,MH,Not Applicable,Diesel,1980,ICE,Not Applicable,1,Statewide,3
21890,2021,MC,Not Applicable,Diesel,2006,ICE,Not Applicable,2,Statewide,3
21891,2021,MC,Not Applicable,Diesel,2007,ICE,Not Applicable,≥4,Statewide,3
21892,2021,MC,Not Applicable,Diesel,2008,ICE,Not Applicable,3,Statewide,3
21893,2021,MC,Not Applicable,Diesel,2012,ICE,Not Applicable,2,Statewide,3
21894,2021,MH,Not Applicable,Gasoline,2001,ICE,Not Applicable,2,Statewide,418
21895,2021,MH,Not Applicable,Gasoline,1989,ICE,Not Applicable,3,Statewide,418
21896,2021,P,Not Applicable,Diesel,1989,ICE,Not Applicable,3,Statewide,418
21897,2021,MC,Not Applicable,Diesel,2013,ICE,Not Applicable,3,Statewide,3
21898,2021,MC,Not Applicable,Diesel,2013,ICE,Not Applicable,2,Statewide,3
21899,2021,B,Not Applicable,Gasoline,2004,ICE,Not Applicable,≥4,Statewide,412
21900,2021,MC,Not Applicable,Diesel,2020,ICE,Not Applicable,≥4,Statewide,3
21901,2021,MC,Not Applicable,Gasoline,1994,ICE,Not Applicable,1,Statewide,417
21902,2021,T7,8,Diesel,2010,ICE,Not Applicable,1,Statewide,417
21903,2021,T4,2,Diesel,1995,ICE,Not Applicable,1,Statewide,417
21904,2021,MH,Not Applicable,Diesel,1979,ICE,Not Applicable,2,Statewide,3
21905,2021,MH,Not Applicable,Diesel,1980,ICE,Not Applicable,≥4,Statewide,3
21906,2021,MH,Not Applicable,Diesel,1980,ICE,Not Applicable,2,Statewide,3
21907,2021,T2,Unknown,Gasoline,2010,ICE,Not Applicable,3,Statewide,416
21908,2021,T2,Unknown,Gasoline,2003,ICE,Not Applicable,≥4,Statewide,416
21909,2021,MH,Not Applicable,Gasoline,1989,ICE,Not Applicable,1,Statewide,416
21910,2021,MH,Not Applicable,Diesel,1978,ICE,Not Applicable,1,Statewide,3
21911,2021,T6,4,Diesel,2010,ICE,Not Applicable,1,Statewide,412
21912,2021,T6,6,Diesel,1998,ICE,Not Applicable,≥4,Statewide,412
21913,2021,T4,2,Diesel,1996,ICE,Not Applicable,2,Statewide,412
21914,2021,T2,1,Diesel,1990,ICE,Not Applicable,1,Statewide,3
21915,2021,T5,3,Gasoline,2007,ICE,Not Applicable,1,Statewide,409
21916,2021,T2,1,Diesel,1992,ICE,Not Applicable,≥4,Statewide,3
21917,2021,T2,Unknown,Diesel,1993,ICE,Not Applicable,2,Statewide,3
21918,2021,T2,Unknown,Diesel,1995,ICE,Not Applicable,2,Statewide,3
21919,2021,T7,8,Gasoline,1977,ICE,Not Applicable,2,Statewide,408
21920,2021,P,Not Applicable,Diesel,1986,ICE,Not Applicable,1,Statewide,408
21921,2021,T2,1,Gasoline,2015,ICE,Not Applicable,2,Statewide,53680
21922,2021,T2,Unknown,Diesel,1999,ICE,Not Applicable,≥4,Statewide,3
21923,2021,T2,1,Diesel,1990,ICE,Not Applicable,3,Statewide,3
21924,2021,T2,Unknown,Diesel,1999,ICE,Not Applicable,1,Statewide,3
21925,2021,T2,Unknown,Diesel,2010,ICE,Not Applicable,≥4,Statewide,3
21926,2021,T2,Unknown,Diesel,2015,ICE,Not Applicable,2,Statewide,3
21927,2021,MH,Not Applicable,Gasoline,2018,ICE,Not Applicable,2,Statewide,407
21928,2021,T3,Unknown,Diesel,1980,ICE,Not Applicable,≥4,Statewide,3
21929,2021,T3,2,Diesel,1981,ICE,Not Applicable,3,Statewide,3
21930,2021,T3,Unknown,Diesel,1981,ICE,Not Applicable,≥4,Statewide,3
21931,2021,T3,2,Diesel,1983,ICE,Not Applicable,3,Statewide,3
21932,2021,T5,3,Gasoline,2009,ICE,Not Applicable,3,Statewide,406
21933,2021,T2,1,Gasoline,2011,ICE,Not Applicable,3,Statewide,53223
21934,2021,T2,Unknown,Diesel,2004,ICE,Not Applicable,≥4,Statewide,3
21935,2021,T3,Unknown,Gasoline,2020,ICE,Not Applicable,2,Statewide,419
21936,2021,T2,Unknown,Diesel,1987,ICE,Not Applicable,1,Statewide,3
21937,2021,T3,2,Gasoline,2018,ICE,Not Applicable,≥4,Statewide,53880
21938,2021,T3,2,Diesel,2019,ICE,Not Applicable,2,Statewide,1386
21939,2021,T3,2,Gasoline,2020,ICE,Not Applicable,1,Statewide,54459
21940,2021,T1,Unknown,Diesel,1991,ICE,Not Applicable,2,Statewide,3
21941,2021,T1,Unknown,Diesel,1992,ICE,Not Applicable,3,Statewide,3
21942,2021,T1,Unknown,Diesel,1992,ICE,Not Applicable,1,Statewide,3
21943,2021,T4,2,Gasoline,1992,ICE,Not Applicable,1,Statewide,411
21944,2021,T1,Unknown,Gasoline,1978,ICE,Not Applicable,≥4,Statewide,411
21945,2021,T1,Unknown,Diesel,1995,ICE,Not Applicable,2,Statewide,3
21946,2021,T1,Unknown,Diesel,1999,ICE,Not Applicable,1,Statewide,3
21947,2021,T2,Unknown,Diesel,1987,ICE,Not Applicable,2,Statewide,3
21948,2021,T3,2,Gasoline,2009,ICE,Not Applicable,3,Statewide,53989
21949,2021,T1,Unknown,Diesel,2014,ICE,Not Applicable,1,Statewide,3
21950,2021,T2,Unknown,Diesel,1985,ICE,Not Applicable,3,Statewide,3
21951,2021,T4,2,Gasoline,1992,ICE,Not Applicable,2,Statewide,410
21952,2021,T3,2,Diesel,2015,ICE,Not Applicable,≥4,Statewide,410
21953,2021,T2,Unknown,Diesel,1985,ICE,Not Applicable,2,Statewide,3
21954,2021,T6,7,Diesel,2006,ICE,Not Applicable,≥4,Statewide,1391
21955,2021,T6,5,Gasoline,2021,ICE,Not Applicable,≥4,Statewide,1391
21956,2021,T2,Unknown,Diesel,1985,ICE,Not Applicable,1,Statewide,3
21957,2021,T2,Unknown,Diesel,1986,ICE,Not Applicable,2,Statewide,3
21958,2021,T1,1,Diesel,2014,ICE,Not Applicable,1,Statewide,3
21959,2021,T5,3,Gasoline,2011,ICE,Not Applicable,2,Statewide,419
21960,2021,MC,Not Applicable,Diesel,2002,ICE,Not Applicable,≥4,Statewide,3
21961,2021,MC,Not Applicable,Diesel,2001,ICE,Not Applicable,≥4,Statewide,3
21962,2021,P,Not Applicable,Natural Gas,2017,ICE,Not Applicable,2,Statewide,429
21963,2021,P,Not Applicable,Hydrogen,2022,FCEV,>150 miles,≥4,Statewide,429
21964,2021,T3,2,Gasoline,2020,ICE,Not Applicable,2,Statewide,57337
21965,2021,B,Not Applicable,Diesel,1978,ICE,Not Applicable,3,Statewide,3
21966,2021,B,Not Applicable,Diesel,1984,ICE,Not Applicable,3,Statewide,3
21967,2021,B,Not Applicable,Diesel,1984,ICE,Not Applicable,2,Statewide,3
21968,2021,T3,2,Gasoline,2022,PHEV,0 to 50 miles,≥4,Statewide,428
21969,2021,MH,Not Applicable,Gasoline,1978,ICE,Not Applicable,≥4,Statewide,428
21970,2021,T2,1,Gasoline,2017,ICE,Not Applicable,≥4,Statewide,56825
21971,2021,T6,5,Diesel,2020,ICE,Not Applicable,1,Statewide,430
21972,2021,B,Not Applicable,Diesel,1985,ICE,Not Applicable,2,Statewide,3
21973,2021,T3,2,Gasoline,1989,ICE,Not Applicable,2,Statewide,427
21974,2021,MH,Not Applicable,Gasoline,1995,ICE,Not Applicable,2,Statewide,427
21975,2021,T6,7,Diesel,2010,ICE,Not Applicable,≥4,Statewide,1369
21976,2021,B,Not Applicable,Diesel,1987,ICE,Not Applicable,2,Statewide,3
21977,2021,T4,2,Diesel,1995,ICE,Not Applicable,2,Statewide,426
21978,2021,MH,Not Applicable,Diesel,2002,ICE,Not Applicable,≥4,Statewide,426
21979,2021,T2,Unknown,Gasoline,1977,ICE,Not Applicable,2,Statewide,1371
21980,2021,BS,Not Applicable,Diesel,1981,ICE,Not Applicable,1,Statewide,3
21981,2021,BS,Not Applicable,Diesel,1984,ICE,Not Applicable,1,Statewide,3
21982,2021,T6,5,Gasoline,1977,ICE,Not Applicable,≥4,Statewide,427
21983,2021,BS,Not Applicable,Diesel,1986,ICE,Not Applicable,1,Statewide,3
21984,2021,T4,2,Gasoline,1990,ICE,Not Applicable,1,Statewide,430
21985,2021,MC,Not Applicable,Gasoline,2023,ICE,Not Applicable,1,Statewide,431
21986,2021,T2,Unknown,Gasoline,2005,ICE,Not Applicable,1,Statewide,437
21987,2021,B,Not Applicable,Gasoline,2017,ICE,Not Applicable,≥4,Statewide,437
21988,2021,B,Not Applicable,Gasoline,2010,ICE,Not Applicable,≥4,Statewide,437
21989,2021,T6,4,Diesel,2018,ICE,Not Applicable,≥4,Statewide,436
21990,2021,P,Not Applicable,Diesel,1984,ICE,Not Applicable,≥4,Statewide,436
21991,2021,T2,1,Gasoline,2010,ICE,Not Applicable,3,Statewide,59148
21992,2021,BT,Not Applicable,Natural Gas,2006,ICE,Not Applicable,≥4,Statewide,434
21993,2021,T5,3,Gasoline,2004,ICE,Not Applicable,2,Statewide,434
21994,2021,MH,Not Applicable,Diesel,2012,ICE,Not Applicable,≥4,Statewide,1364
21995,2021,T3,2,Gasoline,2022,ICE,Not Applicable,1,Statewide,57349
21996,2021,T3,2,Gasoline,2021,ICE,Not Applicable,2,Statewide,58310
21997,2021,MH,Not Applicable,Diesel,2021,ICE,Not Applicable,1,Statewide,433
21998,2021,P,Not Applicable,Gasoline,1983,ICE,Not Applicable,2,Statewide,1365
21999,2021,P,Not Applicable,Gasoline,1984,ICE,Not Applicable,1,Statewide,1365
22000,2021,P,Not Applicable,Gasoline,2003,ICE,Not Applicable,2,Statewide,58206
22001,2021,T3,Unknown,Gasoline,1977,ICE,Not Applicable,1,Statewide,432
22002,2021,T6,4,Diesel,2012,ICE,Not Applicable,1,Statewide,432
22003,2021,T2,1,Gasoline,2008,ICE,Not Applicable,2,Statewide,57854
22004,2021,MH,Not Applicable,Gasoline,2010,ICE,Not Applicable,1,Statewide,431
22005,2021,MH,Not Applicable,Gasoline,2006,ICE,Not Applicable,2,Statewide,431
22006,2021,T4,2,Gasoline,1990,ICE,Not Applicable,2,Statewide,433
22007,2021,T6,4,Diesel,2014,ICE,Not Applicable,≥4,Statewide,438
22008,2021,BS,Not Applicable,Diesel,1988,ICE,Not Applicable,1,Statewide,3
22009,2021,T6,4,Diesel,2011,ICE,Not Applicable,1,Statewide,425
22010,2021,T3,2,Diesel,2012,ICE,Not Applicable,≥4,Statewide,422
22011,2021,B,Not Applicable,Diesel,2019,ICE,Not Applicable,≥4,Statewide,422
22012,2021,BT,Not Applicable,Diesel,1999,ICE,Not Applicable,2,Statewide,3
22013,2021,BT,Not Applicable,Diesel,2000,ICE,Not Applicable,2,Statewide,3
22014,2021,T4,2,Gasoline,1990,ICE,Not Applicable,3,Statewide,421
22015,2021,T1,1,Gasoline,1986,ICE,Not Applicable,2,Statewide,421
22016,2021,BT,Not Applicable,Diesel,2001,ICE,Not Applicable,3,Statewide,3
22017,2021,BT,Not Applicable,Diesel,2004,ICE,Not Applicable,3,Statewide,3
22018,2021,T3,2,Gasoline,2008,ICE,Not Applicable,2,Statewide,55428
22019,2021,T4,2,Diesel,1996,ICE,Not Applicable,1,Statewide,422
22020,2021,BT,Not Applicable,Diesel,2004,ICE,Not Applicable,2,Statewide,3
22021,2021,BT,Not Applicable,Diesel,2018,ICE,Not Applicable,2,Statewide,3
22022,2021,BT,Not Applicable,Diesel,2022,ICE,Not Applicable,3,Statewide,3
22023,2021,MC,Not Applicable,Diesel,1977,ICE,Not Applicable,≥4,Statewide,3
22024,2021,T1,1,Gasoline,1979,ICE,Not Applicable,1,Statewide,420
22025,2021,MC,Not Applicable,Gasoline,1980,ICE,Not Applicable,3,Statewide,420
22026,2021,P,Not Applicable,Diesel,1990,ICE,Not Applicable,3,Statewide,420
22027,2021,MC,Not Applicable,Diesel,1997,ICE,Not Applicable,≥4,Statewide,3
22028,2021,P,Not Applicable,Gasoline,2004,ICE,Not Applicable,3,Statewide,55362
22029,2021,MC,Not Applicable,Diesel,2000,ICE,Not Applicable,≥4,Statewide,3
22030,2021,BT,Not Applicable,Diesel,2005,ICE,Not Applicable,3,Statewide,3
22031,2021,MH,Not Applicable,Gasoline,1977,ICE,Not Applicable,1,Statewide,425
22032,2021,T6,6,Diesel,2012,ICE,Not Applicable,2,Statewide,422
22033,2021,T3,Unknown,Gasoline,2019,ICE,Not Applicable,≥4,Statewide,422
22034,2021,T5,3,Diesel,1997,ICE,Not Applicable,≥4,Statewide,425
22035,2021,B,Not Applicable,Diesel,2018,ICE,Not Applicable,≥4,Statewide,425
22036,2021,T2,1,Gasoline,2009,ICE,Not Applicable,3,Statewide,56149
22037,2021,BS,Not Applicable,Diesel,1990,ICE,Not Applicable,3,Statewide,3
22038,2021,BS,Not Applicable,Diesel,1992,ICE,Not Applicable,3,Statewide,3
22039,2021,BT,Not Applicable,Diesel,1978,ICE,Not Applicable,3,Statewide,3
22040,2021,MC,Not Applicable,Gasoline,1988,ICE,Not Applicable,1,Statewide,424
22041,2021,BT,Not Applicable,Diesel,2006,ICE,Not Applicable,≥4,Statewide,424
22042,2021,BT,Not Applicable,Diesel,1987,ICE,Not Applicable,3,Statewide,3
22043,2021,MH,Not Applicable,Gasoline,1977,ICE,Not Applicable,2,Statewide,422
22044,2021,BT,Not Applicable,Diesel,1987,ICE,Not Applicable,2,Statewide,3
22045,2021,BT,Not Applicable,Diesel,1992,ICE,Not Applicable,1,Statewide,3
22046,2021,T3,2,Gasoline,2021,PHEV,0 to 50 miles,≥4,Statewide,423
22047,2021,T1,1,Gasoline,1979,ICE,Not Applicable,2,Statewide,423
22048,2021,T4,2,Diesel,1997,ICE,Not Applicable,3,Statewide,423
22049,2021,T6,4,Gasoline,2004,ICE,Not Applicable,≥4,Statewide,1374
22050,2021,BT,Not Applicable,Diesel,1993,ICE,Not Applicable,2,Statewide,3
22051,2021,BT,Not Applicable,Diesel,1995,ICE,Not Applicable,2,Statewide,3
22052,2021,BT,Not Applicable,Diesel,1997,ICE,Not Applicable,2,Statewide,3
22053,2021,BT,Not Applicable,Diesel,1998,ICE,Not Applicable,2,Statewide,3
22054,2021,BT,Not Applicable,Diesel,1992,ICE,Not Applicable,2,Statewide,3
22055,2021,BS,Not Applicable,Natural Gas,2023,ICE,Not Applicable,≥4,Statewide,139
22056,2021,T4,Unknown,Diesel,2022,ICE,Not Applicable,1,Statewide,199
22057,2021,T4,2,Gasoline,1979,ICE,Not Applicable,2,Statewide,139
22058,2021,T6,6,Gasoline,1983,ICE,Not Applicable,1,Statewide,77
22059,2021,T3,Unknown,Gasoline,1992,ICE,Not Applicable,3,Statewide,77
22060,2021,T2,Unknown,Gasoline,1982,ICE,Not Applicable,≥4,Statewide,77
22061,2021,T1,Unknown,Gasoline,1989,ICE,Not Applicable,≥4,Statewide,77
22062,2021,T1,1,Electric,2017,BEV,101 to 150 miles,3,Statewide,77
22063,2021,T6,7,Diesel,2011,ICE,Not Applicable,3,Statewide,77
22064,2021,T6,Unknown,Diesel,1983,ICE,Not Applicable,≥4,Statewide,77
22065,2021,T4,2,Diesel,1987,ICE,Not Applicable,3,Statewide,77
22066,2021,T1,1,Diesel,1990,ICE,Not Applicable,≥4,Statewide,77
22067,2021,B,Not Applicable,Diesel,1992,ICE,Not Applicable,≥4,Statewide,77
22068,2021,P,Not Applicable,Gasoline,1979,ICE,Not Applicable,3,Statewide,2556
22069,2021,T6,7,Gasoline,2017,ICE,Not Applicable,1,Statewide,1
22070,2021,T6,Unknown,Gasoline,2017,ICE,Not Applicable,3,Statewide,1
22071,2021,T6,4,Diesel,2013,ICE,Not Applicable,≥4,Statewide,2559
22072,2021,T6,Unknown,Gasoline,2019,ICE,Not Applicable,3,Statewide,1
22073,2021,T6,7,Gasoline,2020,ICE,Not Applicable,3,Statewide,1
22074,2021,T6,6,Diesel,2006,ICE,Not Applicable,≥4,Statewide,2567
22075,2021,P,Not Applicable,Hydrogen,2021,FCEV,>150 miles,3,Statewide,77
22076,2021,T6,7,Gasoline,2017,ICE,Not Applicable,2,Statewide,1
22077,2021,T6,7,Gasoline,2017,ICE,Not Applicable,3,Statewide,1
22078,2021,T6,Unknown,Gasoline,2016,ICE,Not Applicable,3,Statewide,1
22079,2021,T5,3,Gasoline,1988,ICE,Not Applicable,≥4,Statewide,78
22080,2021,T3,Unknown,Gasoline,2001,ICE,Not Applicable,3,Statewide,78
22081,2021,T3,Unknown,Gasoline,2000,ICE,Not Applicable,3,Statewide,78
22082,2021,BS,Not Applicable,Gasoline,1995,ICE,Not Applicable,≥4,Statewide,78
22083,2021,B,Not Applicable,Gasoline,2006,ICE,Not Applicable,3,Statewide,78
22084,2021,P,Not Applicable,Electric,2015,BEV,Unknown,1,Statewide,78
22085,2021,T7,8,Diesel,1998,ICE,Not Applicable,2,Statewide,78
22086,2021,T6,4,Diesel,2017,ICE,Not Applicable,3,Statewide,78
22087,2021,T6,7,Gasoline,2021,ICE,Not Applicable,2,Statewide,1
22088,2021,T6,6,Diesel,1998,ICE,Not Applicable,1,Statewide,78
22089,2021,BT,Not Applicable,Diesel,2001,ICE,Not Applicable,≥4,Statewide,78
22090,2021,T3,2,Gasoline,1982,ICE,Not Applicable,≥4,Statewide,2544
22091,2021,P,Not Applicable,Gasoline,1989,ICE,Not Applicable,2,Statewide,2548
22092,2021,T6,Unknown,Gasoline,2012,ICE,Not Applicable,3,Statewide,1
22093,2021,T6,Unknown,Gasoline,2013,ICE,Not Applicable,2,Statewide,1
22094,2021,T6,Unknown,Gasoline,2013,ICE,Not Applicable,1,Statewide,1
22095,2021,T6,Unknown,Gasoline,2014,ICE,Not Applicable,≥4,Statewide,1
22096,2021,T6,Unknown,Gasoline,2016,ICE,Not Applicable,≥4,Statewide,1
22097,2021,P,Not Applicable,Diesel,2002,ICE,Not Applicable,3,Statewide,78
22098,2021,T6,5,Gasoline,2023,ICE,Not Applicable,3,Statewide,1
22099,2021,T6,5,Gasoline,2023,ICE,Not Applicable,1,Statewide,1
22100,2021,T7,8,Gasoline,1981,ICE,Not Applicable,3,Statewide,1
22101,2021,B,Not Applicable,Diesel,1999,ICE,Not Applicable,≥4,Statewide,76
22102,2021,P,Not Applicable,Gasoline,1987,ICE,Not Applicable,≥4,Statewide,2579
22103,2021,P,Not Applicable,Diesel,2019,ICE,Not Applicable,2,Statewide,2580
22104,2021,MC,Not Applicable,Gasoline,2004,ICE,Not Applicable,3,Statewide,2581
22105,2021,T7,8,Gasoline,1998,ICE,Not Applicable,3,Statewide,1
22106,2021,T7,8,Gasoline,2001,ICE,Not Applicable,2,Statewide,1
22107,2021,T7,8,Gasoline,2001,ICE,Not Applicable,1,Statewide,1
22108,2021,T7,8,Gasoline,2002,ICE,Not Applicable,1,Statewide,1
22109,2021,T3,2,Diesel,2000,ICE,Not Applicable,≥4,Statewide,76
22110,2021,T3,2,Natural Gas,2003,ICE,Not Applicable,≥4,Statewide,75
22111,2021,T6,6,Gasoline,1981,ICE,Not Applicable,1,Statewide,75
22112,2021,T4,Unknown,Gasoline,2019,ICE,Not Applicable,≥4,Statewide,75
22113,2021,T4,Unknown,Gasoline,2013,ICE,Not Applicable,≥4,Statewide,75
22114,2021,T3,Unknown,Gasoline,1980,ICE,Not Applicable,1,Statewide,75
22115,2021,T2,1,Electric,2019,BEV,101 to 150 miles,2,Statewide,75
22116,2021,T7,8,Diesel,1996,ICE,Not Applicable,3,Statewide,75
22117,2021,T7,8,Diesel,1993,ICE,Not Applicable,2,Statewide,75
22118,2021,T7,8,Diesel,1991,ICE,Not Applicable,1,Statewide,75
22119,2021,T6,5,Gasoline,2020,ICE,Not Applicable,3,Statewide,75
22120,2021,T6,7,Gasoline,1986,ICE,Not Applicable,≥4,Statewide,78
22121,2021,T3,2,Diesel,2009,ICE,Not Applicable,2,Statewide,76
22122,2021,BT,Not Applicable,Gasoline,2010,ICE,Not Applicable,≥4,Statewide,76
22123,2021,T7,8,Gasoline,1982,ICE,Not Applicable,2,Statewide,1
22124,2021,T7,8,Gasoline,1983,ICE,Not Applicable,3,Statewide,1
22125,2021,T7,8,Gasoline,1984,ICE,Not Applicable,3,Statewide,1
22126,2021,T7,8,Gasoline,1985,ICE,Not Applicable,3,Statewide,1
22127,2021,T7,8,Gasoline,1986,ICE,Not Applicable,3,Statewide,1
22128,2021,T7,8,Gasoline,1988,ICE,Not Applicable,1,Statewide,1
22129,2021,T7,8,Gasoline,1989,ICE,Not Applicable,1,Statewide,1
22130,2021,T7,8,Gasoline,1991,ICE,Not Applicable,2,Statewide,1
22131,2021,T6,4,Diesel,2016,ICE,Not Applicable,1,Statewide,76
22132,2021,T7,8,Gasoline,1991,ICE,Not Applicable,1,Statewide,1
22133,2021,T7,8,Gasoline,1992,ICE,Not Applicable,1,Statewide,1
22134,2021,T7,8,Gasoline,1996,ICE,Not Applicable,1,Statewide,1
22135,2021,T6,5,Gasoline,2020,ICE,Not Applicable,2,Statewide,76
22136,2021,T6,7,Gasoline,1994,ICE,Not Applicable,≥4,Statewide,76
22137,2021,T6,7,Gasoline,1992,ICE,Not Applicable,≥4,Statewide,76
22138,2021,T6,7,Gasoline,1991,ICE,Not Applicable,≥4,Statewide,76
22139,2021,T3,Unknown,Gasoline,1992,ICE,Not Applicable,1,Statewide,76
22140,2021,T1,Unknown,Gasoline,1983,ICE,Not Applicable,3,Statewide,76
22141,2021,T7,8,Gasoline,1992,ICE,Not Applicable,3,Statewide,1
22142,2021,P,Not Applicable,Natural Gas,2019,ICE,Not Applicable,2,Statewide,78
22143,2021,T6,Unknown,Gasoline,2012,ICE,Not Applicable,≥4,Statewide,1
22144,2021,T6,7,Gasoline,2012,ICE,Not Applicable,1,Statewide,1
22145,2021,T3,Unknown,Diesel,2014,ICE,Not Applicable,3,Statewide,81
22146,2021,T2,1,Diesel,2018,ICE,Not Applicable,3,Statewide,81
22147,2021,P,Not Applicable,Diesel,1982,ICE,Not Applicable,≥4,Statewide,81
22148,2021,MH,Not Applicable,Diesel,2017,ICE,Not Applicable,1,Statewide,81
22149,2021,T6,5,Gasoline,1995,ICE,Not Applicable,2,Statewide,1
22150,2021,T1,1,Gasoline,1977,ICE,Not Applicable,1,Statewide,2511
22151,2021,T6,5,Gasoline,1995,ICE,Not Applicable,1,Statewide,1
22152,2021,T6,Unknown,Gasoline,1995,ICE,Not Applicable,3,Statewide,1
22153,2021,T3,Unknown,Diesel,2015,ICE,Not Applicable,3,Statewide,81
22154,2021,T6,5,Gasoline,1997,ICE,Not Applicable,1,Statewide,1
22155,2021,T6,Unknown,Gasoline,1997,ICE,Not Applicable,3,Statewide,1
22156,2021,T6,7,Gasoline,1998,ICE,Not Applicable,2,Statewide,1
22157,2021,T6,6,Gasoline,2013,ICE,Not Applicable,≥4,Statewide,139
22158,2021,T6,Unknown,Gasoline,1998,ICE,Not Applicable,1,Statewide,1
22159,2021,T6,5,Gasoline,2000,ICE,Not Applicable,1,Statewide,1
22160,2021,T6,Unknown,Gasoline,2000,ICE,Not Applicable,3,Statewide,1
22161,2021,T6,Unknown,Gasoline,2000,ICE,Not Applicable,1,Statewide,1
22162,2021,T6,5,Gasoline,2001,ICE,Not Applicable,3,Statewide,1
22163,2021,T6,Unknown,Gasoline,1997,ICE,Not Applicable,≥4,Statewide,1
22164,2021,T7,8,Natural Gas,2008,ICE,Not Applicable,≥4,Statewide,80
22165,2021,T6,7,Diesel,1999,ICE,Not Applicable,1,Statewide,81
22166,2021,T7,8,Diesel,1998,ICE,Not Applicable,3,Statewide,81
22167,2021,T6,5,Gasoline,1988,ICE,Not Applicable,2,Statewide,1
22168,2021,T6,Unknown,Gasoline,1988,ICE,Not Applicable,3,Statewide,1
22169,2021,T6,4,Gasoline,1989,ICE,Not Applicable,1,Statewide,1
22170,2021,T6,Unknown,Gasoline,1989,ICE,Not Applicable,3,Statewide,1
22171,2021,T6,4,Gasoline,1990,ICE,Not Applicable,2,Statewide,1
22172,2021,T6,7,Gasoline,1991,ICE,Not Applicable,2,Statewide,1
22173,2021,T6,5,Gasoline,1991,ICE,Not Applicable,3,Statewide,1
22174,2021,T6,5,Gasoline,1991,ICE,Not Applicable,2,Statewide,1
22175,2021,T6,7,Diesel,2012,ICE,Not Applicable,3,Statewide,81
22176,2021,T6,4,Gasoline,1991,ICE,Not Applicable,1,Statewide,1
22177,2021,T6,7,Gasoline,1993,ICE,Not Applicable,1,Statewide,1
22178,2021,T6,Unknown,Gasoline,1993,ICE,Not Applicable,2,Statewide,1
22179,2021,T6,5,Gasoline,1994,ICE,Not Applicable,1,Statewide,1
22180,2021,T6,Unknown,Gasoline,1994,ICE,Not Applicable,2,Statewide,1
22181,2021,T6,5,Gasoline,1995,ICE,Not Applicable,3,Statewide,1
22182,2021,T5,3,Gasoline,1996,ICE,Not Applicable,3,Statewide,81
22183,2021,T1,Unknown,Gasoline,1980,ICE,Not Applicable,1,Statewide,81
22184,2021,MH,Not Applicable,Gasoline,1979,ICE,Not Applicable,2,Statewide,81
22185,2021,T6,Unknown,Gasoline,1991,ICE,Not Applicable,2,Statewide,1
22186,2021,T6,7,Diesel,2017,ICE,Not Applicable,3,Statewide,75
22187,2021,P,Not Applicable,Natural Gas,2013,ICE,Not Applicable,1,Statewide,80
22188,2021,T6,4,Gasoline,2017,ICE,Not Applicable,1,Statewide,80
22189,2021,T1,Unknown,Gasoline,1979,ICE,Not Applicable,2,Statewide,79
22190,2021,BS,Not Applicable,Gasoline,2007,ICE,Not Applicable,≥4,Statewide,79
22191,2021,T6,6,Diesel,1988,ICE,Not Applicable,≥4,Statewide,79
22192,2021,T5,3,Diesel,1994,ICE,Not Applicable,3,Statewide,79
22193,2021,T5,3,Diesel,1990,ICE,Not Applicable,≥4,Statewide,79
22194,2021,P,Not Applicable,Diesel,1991,ICE,Not Applicable,3,Statewide,79
22195,2021,B,Not Applicable,Diesel,1993,ICE,Not Applicable,≥4,Statewide,79
22196,2021,T6,5,Diesel,2018,ICE,Not Applicable,≥4,Statewide,2536
22197,2021,T5,3,Gasoline,1997,ICE,Not Applicable,1,Statewide,79
22198,2021,T6,Unknown,Gasoline,2008,ICE,Not Applicable,3,Statewide,1
22199,2021,T6,Unknown,Gasoline,2008,ICE,Not Applicable,1,Statewide,1
22200,2021,T6,7,Gasoline,2009,ICE,Not Applicable,1,Statewide,1
22201,2021,T6,Unknown,Gasoline,2009,ICE,Not Applicable,2,Statewide,1
22202,2021,T6,Unknown,Gasoline,2009,ICE,Not Applicable,1,Statewide,1
22203,2021,T6,Unknown,Gasoline,2010,ICE,Not Applicable,≥4,Statewide,1
22204,2021,T6,Unknown,Gasoline,2010,ICE,Not Applicable,1,Statewide,1
22205,2021,T6,7,Gasoline,2012,ICE,Not Applicable,3,Statewide,1
22206,2021,T6,7,Gasoline,2012,ICE,Not Applicable,2,Statewide,1
22207,2021,T3,2,Diesel,2021,ICE,Not Applicable,≥4,Statewide,2540
22208,2021,BS,Not Applicable,Natural Gas,2022,ICE,Not Applicable,≥4,Statewide,80
22209,2021,T6,4,Gasoline,2000,ICE,Not Applicable,2,Statewide,79
22210,2021,T6,Unknown,Gasoline,2006,ICE,Not Applicable,1,Statewide,1
22211,2021,T6,6,Gasoline,1988,ICE,Not Applicable,≥4,Statewide,80
22212,2021,T6,7,Diesel,2003,ICE,Not Applicable,2,Statewide,80
22213,2021,T2,Unknown,Diesel,2020,ICE,Not Applicable,3,Statewide,80
22214,2021,T1,1,Diesel,1987,ICE,Not Applicable,1,Statewide,80
22215,2021,BT,Not Applicable,Diesel,2010,ICE,Not Applicable,≥4,Statewide,80
22216,2021,BS,Not Applicable,Diesel,1990,ICE,Not Applicable,≥4,Statewide,80
22217,2021,BS,Not Applicable,Diesel,1977,ICE,Not Applicable,1,Statewide,80
22218,2021,T6,5,Gasoline,2001,ICE,Not Applicable,2,Statewide,1
22219,2021,T6,Unknown,Gasoline,2007,ICE,Not Applicable,3,Statewide,1
22220,2021,T6,5,Gasoline,2002,ICE,Not Applicable,3,Statewide,1
22221,2021,T6,7,Diesel,2020,ICE,Not Applicable,≥4,Statewide,2526
22222,2021,T6,Unknown,Gasoline,2002,ICE,Not Applicable,2,Statewide,1
22223,2021,T6,7,Gasoline,2003,ICE,Not Applicable,3,Statewide,1
22224,2021,T6,5,Gasoline,2003,ICE,Not Applicable,≥4,Statewide,1
22225,2021,T6,Unknown,Gasoline,2003,ICE,Not Applicable,2,Statewide,1
22226,2021,T6,Unknown,Gasoline,2003,ICE,Not Applicable,1,Statewide,1
22227,2021,T6,Unknown,Gasoline,2004,ICE,Not Applicable,3,Statewide,1
22228,2021,T6,Unknown,Gasoline,2006,ICE,Not Applicable,2,Statewide,1
22229,2021,T6,Unknown,Gasoline,2002,ICE,Not Applicable,3,Statewide,1
22230,2021,T6,5,Diesel,2016,ICE,Not Applicable,≥4,Statewide,2503
22231,2021,T6,7,Diesel,2000,ICE,Not Applicable,3,Statewide,75
22232,2021,T6,7,Diesel,1997,ICE,Not Applicable,1,Statewide,75
22233,2021,T6,7,Diesel,1995,ICE,Not Applicable,2,Statewide,71
22234,2021,P,Not Applicable,Diesel,1980,ICE,Not Applicable,≥4,Statewide,71
22235,2021,MH,Not Applicable,Diesel,2017,ICE,Not Applicable,2,Statewide,71
22236,2021,MH,Not Applicable,Diesel,2002,ICE,Not Applicable,2,Statewide,71
22237,2021,BT,Not Applicable,Diesel,1991,ICE,Not Applicable,≥4,Statewide,71
22238,2021,T4,2,Gasoline,1996,ICE,Not Applicable,≥4,Statewide,2660
22239,2021,T7,8,Gasoline,1977,ICE,Not Applicable,≥4,Statewide,2661
22240,2021,T4,2,Gasoline,2021,ICE,Not Applicable,3,Statewide,2665
22241,2021,MH,Not Applicable,Gasoline,2007,ICE,Not Applicable,≥4,Statewide,2668
22242,2021,T3,2,Diesel,2020,ICE,Not Applicable,1,Statewide,2672
22243,2021,BT,Not Applicable,Natural Gas,2004,ICE,Not Applicable,1,Statewide,1
22244,2021,BT,Not Applicable,Natural Gas,2006,ICE,Not Applicable,3,Statewide,1
22245,2021,BT,Not Applicable,Natural Gas,2007,ICE,Not Applicable,3,Statewide,1
22246,2021,BT,Not Applicable,Natural Gas,2008,ICE,Not Applicable,3,Statewide,1
22247,2021,BT,Not Applicable,Natural Gas,2011,ICE,Not Applicable,1,Statewide,1
22248,2021,BT,Not Applicable,Natural Gas,2013,ICE,Not Applicable,3,Statewide,1
22249,2021,BT,Not Applicable,Natural Gas,2014,ICE,Not Applicable,1,Statewide,1
22250,2021,T6,7,Diesel,2022,ICE,Not Applicable,2,Statewide,71
22251,2021,B,Not Applicable,Gasoline,2014,ICE,Not Applicable,3,Statewide,71
22252,2021,T5,3,Gasoline,2015,ICE,Not Applicable,3,Statewide,71
22253,2021,T6,6,Gasoline,2005,ICE,Not Applicable,1,Statewide,71
22254,2021,BS,Not Applicable,Natural Gas,2014,ICE,Not Applicable,1,Statewide,1
22255,2021,BS,Not Applicable,Natural Gas,2015,ICE,Not Applicable,2,Statewide,1
22256,2021,BS,Not Applicable,Natural Gas,2017,ICE,Not Applicable,3,Statewide,1
22257,2021,BS,Not Applicable,Natural Gas,2017,ICE,Not Applicable,1,Statewide,1
22258,2021,BS,Not Applicable,Natural Gas,2018,ICE,Not Applicable,3,Statewide,1
22259,2021,BS,Not Applicable,Natural Gas,2018,ICE,Not Applicable,2,Statewide,1
22260,2021,BS,Not Applicable,Natural Gas,2020,ICE,Not Applicable,3,Statewide,1
22261,2021,BS,Not Applicable,Natural Gas,2021,ICE,Not Applicable,3,Statewide,1
22262,2021,MC,Not Applicable,Natural Gas,1977,ICE,Not Applicable,≥4,Statewide,1
22263,2021,BT,Not Applicable,Natural Gas,1994,ICE,Not Applicable,≥4,Statewide,1
22264,2021,BT,Not Applicable,Natural Gas,1999,ICE,Not Applicable,1,Statewide,1
22265,2021,BT,Not Applicable,Natural Gas,2000,ICE,Not Applicable,3,Statewide,1
22266,2021,BT,Not Applicable,Natural Gas,2000,ICE,Not Applicable,2,Statewide,1
22267,2021,BT,Not Applicable,Natural Gas,2000,ICE,Not Applicable,1,Statewide,1
22268,2021,BT,Not Applicable,Natural Gas,2002,ICE,Not Applicable,2,Statewide,1
22269,2021,T3,2,Natural Gas,2004,ICE,Not Applicable,≥4,Statewide,71
22270,2021,P,Not Applicable,Natural Gas,2012,ICE,Not Applicable,1,Statewide,71
22271,2021,BS,Not Applicable,Natural Gas,2013,ICE,Not Applicable,≥4,Statewide,71
22272,2021,BT,Not Applicable,Natural Gas,1997,ICE,Not Applicable,1,Statewide,1
22273,2021,T6,Unknown,Natural Gas,2019,ICE,Not Applicable,≥4,Statewide,70
22274,2021,T6,7,Gasoline,2012,ICE,Not Applicable,≥4,Statewide,70
22275,2021,T6,4,Gasoline,2009,ICE,Not Applicable,3,Statewide,70
22276,2021,MC,Not Applicable,Natural Gas,2000,ICE,Not Applicable,1,Statewide,1
22277,2021,MC,Not Applicable,Natural Gas,2001,ICE,Not Applicable,3,Statewide,1
22278,2021,MC,Not Applicable,Natural Gas,2002,ICE,Not Applicable,3,Statewide,1
22279,2021,MC,Not Applicable,Natural Gas,2004,ICE,Not Applicable,≥4,Statewide,1
22280,2021,MC,Not Applicable,Natural Gas,2006,ICE,Not Applicable,3,Statewide,1
22281,2021,MC,Not Applicable,Natural Gas,2007,ICE,Not Applicable,≥4,Statewide,1
22282,2021,MC,Not Applicable,Natural Gas,2010,ICE,Not Applicable,1,Statewide,1
22283,2021,P,Not Applicable,Natural Gas,2006,ICE,Not Applicable,1,Statewide,69
22284,2021,MC,Not Applicable,Natural Gas,1993,ICE,Not Applicable,≥4,Statewide,1
22285,2021,T6,6,Gasoline,2020,ICE,Not Applicable,3,Statewide,69
22286,2021,T2,Unknown,Gasoline,2001,ICE,Not Applicable,1,Statewide,69
22287,2021,T1,Unknown,Gasoline,1984,ICE,Not Applicable,3,Statewide,69
22288,2021,BS,Not Applicable,Gasoline,1990,ICE,Not Applicable,≥4,Statewide,69
22289,2021,T6,Unknown,Diesel,2016,ICE,Not Applicable,≥4,Statewide,69
22290,2021,T6,6,Diesel,1999,ICE,Not Applicable,2,Statewide,69
22291,2021,T6,7,Diesel,1990,ICE,Not Applicable,1,Statewide,69
22292,2021,T3,2,Diesel,2009,ICE,Not Applicable,3,Statewide,69
22293,2021,T2,Unknown,Diesel,1977,ICE,Not Applicable,≥4,Statewide,69
22294,2021,T5,3,Gasoline,1997,ICE,Not Applicable,3,Statewide,69
22295,2021,T3,Unknown,Gasoline,2013,ICE,Not Applicable,3,Statewide,2647
22296,2021,MC,Not Applicable,Natural Gas,1990,ICE,Not Applicable,≥4,Statewide,1
22297,2021,MC,Not Applicable,Natural Gas,1988,ICE,Not Applicable,2,Statewide,1
22298,2021,T5,3,Gasoline,1977,ICE,Not Applicable,≥4,Statewide,70
22299,2021,T1,Unknown,Gasoline,2014,ICE,Not Applicable,≥4,Statewide,70
22300,2021,T1,Unknown,Gasoline,1985,ICE,Not Applicable,1,Statewide,70
22301,2021,T7,8,Diesel,1977,ICE,Not Applicable,2,Statewide,70
22302,2021,T6,5,Diesel,2014,ICE,Not Applicable,3,Statewide,70
22303,2021,T6,7,Diesel,1982,ICE,Not Applicable,≥4,Statewide,70
22304,2021,T3,Unknown,Diesel,2015,ICE,Not Applicable,1,Statewide,70
22305,2021,T3,2,Diesel,2006,ICE,Not Applicable,≥4,Statewide,70
22306,2021,MC,Not Applicable,Natural Gas,1989,ICE,Not Applicable,≥4,Statewide,1
22307,2021,P,Not Applicable,Diesel,2001,ICE,Not Applicable,2,Statewide,70
22308,2021,MH,Not Applicable,Diesel,1977,ICE,Not Applicable,≥4,Statewide,70
22309,2021,T4,2,Diesel,2000,ICE,Not Applicable,≥4,Statewide,2680
22310,2021,T4,2,Gasoline,2022,ICE,Not Applicable,3,Statewide,2681
22311,2021,T4,2,Diesel,2005,ICE,Not Applicable,3,Statewide,2687
22312,2021,MC,Not Applicable,Natural Gas,1977,ICE,Not Applicable,1,Statewide,1
22313,2021,MC,Not Applicable,Gasoline,2005,ICE,Not Applicable,2,Statewide,2694
22314,2021,MC,Not Applicable,Natural Gas,1979,ICE,Not Applicable,3,Statewide,1
22315,2021,MC,Not Applicable,Natural Gas,1985,ICE,Not Applicable,3,Statewide,1
22316,2021,MH,Not Applicable,Diesel,2000,ICE,Not Applicable,2,Statewide,70
22317,2021,T4,2,Diesel,2005,ICE,Not Applicable,2,Statewide,2645
22318,2021,P,Not Applicable,Gasoline,1982,ICE,Not Applicable,≥4,Statewide,2639
22319,2021,T1,1,Gasoline,1977,ICE,Not Applicable,2,Statewide,2637
22320,2021,T6,4,Diesel,2019,ICE,Not Applicable,2,Statewide,74
22321,2021,T6,7,Diesel,2019,ICE,Not Applicable,2,Statewide,74
22322,2021,T6,7,Diesel,2016,ICE,Not Applicable,2,Statewide,74
22323,2021,T4,Unknown,Diesel,2011,ICE,Not Applicable,≥4,Statewide,74
22324,2021,T7,8,Gasoline,2013,ICE,Not Applicable,2,Statewide,1
22325,2021,MC,Not Applicable,Gasoline,2016,ICE,Not Applicable,2,Statewide,2602
22326,2021,T7,8,Gasoline,2017,ICE,Not Applicable,≥4,Statewide,1
22327,2021,T7,8,Gasoline,2018,ICE,Not Applicable,2,Statewide,1
22328,2021,T6,7,Diesel,2020,ICE,Not Applicable,2,Statewide,74
22329,2021,T7,8,Gasoline,2018,ICE,Not Applicable,1,Statewide,1
22330,2021,T7,8,Gasoline,2019,ICE,Not Applicable,3,Statewide,1
22331,2021,T7,8,Gasoline,2020,ICE,Not Applicable,2,Statewide,1
22332,2021,T7,8,Gasoline,2021,ICE,Not Applicable,3,Statewide,1
22333,2021,P,Not Applicable,Hydrogen,2016,FCEV,Unknown,≥4,Statewide,1
22334,2021,P,Not Applicable,Hydrogen,2017,FCEV,Unknown,3,Statewide,1
22335,2021,P,Not Applicable,Hydrogen,2017,FCEV,Unknown,1,Statewide,1
22336,2021,P,Not Applicable,Hydrogen,2018,FCEV,Unknown,≥4,Statewide,1
22337,2021,B,Not Applicable,Natural Gas,1988,ICE,Not Applicable,2,Statewide,1
22338,2021,T7,8,Gasoline,2019,ICE,Not Applicable,≥4,Statewide,1
22339,2021,B,Not Applicable,Natural Gas,1997,ICE,Not Applicable,≥4,Statewide,1
22340,2021,T7,8,Diesel,1994,ICE,Not Applicable,3,Statewide,74
22341,2021,B,Not Applicable,Gasoline,2005,ICE,Not Applicable,2,Statewide,74
22342,2021,T6,6,Diesel,1987,ICE,Not Applicable,≥4,Statewide,75
22343,2021,T4,2,Diesel,1987,ICE,Not Applicable,1,Statewide,75
22344,2021,T3,2,Diesel,1988,ICE,Not Applicable,3,Statewide,75
22345,2021,P,Not Applicable,Diesel,1991,ICE,Not Applicable,1,Statewide,75
22346,2021,T5,3,Diesel,2009,ICE,Not Applicable,≥4,Statewide,2587
22347,2021,P,Not Applicable,Gasoline,2017,PHEV,0 to 50 miles,≥4,Statewide,2587
22348,2021,T7,8,Gasoline,2004,ICE,Not Applicable,≥4,Statewide,1
22349,2021,T7,8,Gasoline,2005,ICE,Not Applicable,2,Statewide,1
22350,2021,T7,8,Diesel,1995,ICE,Not Applicable,3,Statewide,74
22351,2021,T7,8,Gasoline,2006,ICE,Not Applicable,1,Statewide,1
22352,2021,T7,8,Gasoline,2009,ICE,Not Applicable,2,Statewide,1
22353,2021,T7,8,Gasoline,2010,ICE,Not Applicable,≥4,Statewide,1
22354,2021,T7,8,Gasoline,2010,ICE,Not Applicable,1,Statewide,1
22355,2021,T4,2,Natural Gas,2021,ICE,Not Applicable,≥4,Statewide,74
22356,2021,T6,4,Gasoline,2013,ICE,Not Applicable,1,Statewide,74
22357,2021,T3,Unknown,Gasoline,1990,ICE,Not Applicable,≥4,Statewide,74
22358,2021,T1,Unknown,Gasoline,2008,ICE,Not Applicable,3,Statewide,74
22359,2021,BS,Not Applicable,Gasoline,1998,ICE,Not Applicable,≥4,Statewide,74
22360,2021,T7,8,Gasoline,2007,ICE,Not Applicable,3,Statewide,1
22361,2021,T6,5,Diesel,1997,ICE,Not Applicable,≥4,Statewide,75
22362,2021,B,Not Applicable,Natural Gas,1997,ICE,Not Applicable,3,Statewide,1
22363,2021,B,Not Applicable,Natural Gas,2001,ICE,Not Applicable,2,Statewide,1
22364,2021,B,Not Applicable,Natural Gas,2014,ICE,Not Applicable,2,Statewide,1
22365,2021,BS,Not Applicable,Natural Gas,1999,ICE,Not Applicable,≥4,Statewide,1
22366,2021,BS,Not Applicable,Natural Gas,2002,ICE,Not Applicable,3,Statewide,1
22367,2021,BS,Not Applicable,Natural Gas,2003,ICE,Not Applicable,3,Statewide,1
22368,2021,BS,Not Applicable,Natural Gas,2003,ICE,Not Applicable,2,Statewide,1
22369,2021,BS,Not Applicable,Natural Gas,2003,ICE,Not Applicable,1,Statewide,1
22370,2021,BS,Not Applicable,Natural Gas,2007,ICE,Not Applicable,3,Statewide,1
22371,2021,BS,Not Applicable,Natural Gas,2012,ICE,Not Applicable,3,Statewide,1
22372,2021,B,Not Applicable,Natural Gas,2013,ICE,Not Applicable,1,Statewide,1
22373,2021,BS,Not Applicable,Natural Gas,2012,ICE,Not Applicable,1,Statewide,1
22374,2021,T6,7,Natural Gas,2019,ICE,Not Applicable,≥4,Statewide,72
22375,2021,T6,4,Gasoline,2022,ICE,Not Applicable,1,Statewide,72
22376,2021,T6,6,Gasoline,1987,ICE,Not Applicable,≥4,Statewide,72
22377,2021,T2,Unknown,Gasoline,2001,ICE,Not Applicable,3,Statewide,72
22378,2021,T2,Unknown,Gasoline,1993,ICE,Not Applicable,≥4,Statewide,72
22379,2021,T6,7,Diesel,2008,ICE,Not Applicable,2,Statewide,72
22380,2021,T2,1,Diesel,2011,ICE,Not Applicable,≥4,Statewide,72
22381,2021,P,Not Applicable,Diesel,2001,ICE,Not Applicable,3,Statewide,72
22382,2021,BS,Not Applicable,Natural Gas,2013,ICE,Not Applicable,2,Statewide,1
22383,2021,B,Not Applicable,Natural Gas,2000,ICE,Not Applicable,1,Statewide,1
22384,2021,B,Not Applicable,Natural Gas,2012,ICE,Not Applicable,1,Statewide,1
22385,2021,T5,3,Gasoline,2006,ICE,Not Applicable,≥4,Statewide,2627
22386,2021,B,Not Applicable,Natural Gas,2002,ICE,Not Applicable,1,Statewide,1
22387,2021,B,Not Applicable,Natural Gas,2003,ICE,Not Applicable,2,Statewide,1
22388,2021,B,Not Applicable,Natural Gas,2004,ICE,Not Applicable,3,Statewide,1
22389,2021,T6,5,Gasoline,2022,ICE,Not Applicable,1,Statewide,73
22390,2021,T6,4,Gasoline,2021,ICE,Not Applicable,2,Statewide,73
22391,2021,T6,6,Gasoline,2009,ICE,Not Applicable,≥4,Statewide,73
22392,2021,T1,Unknown,Gasoline,2009,ICE,Not Applicable,≥4,Statewide,73
22393,2021,T1,Unknown,Gasoline,1984,ICE,Not Applicable,1,Statewide,73
22394,2021,T6,4,Diesel,2011,ICE,Not Applicable,≥4,Statewide,2634
22395,2021,T1,Unknown,Gasoline,1982,ICE,Not Applicable,1,Statewide,73
22396,2021,B,Not Applicable,Gasoline,2014,ICE,Not Applicable,2,Statewide,73
22397,2021,T6,Unknown,Diesel,2017,ICE,Not Applicable,≥4,Statewide,73
22398,2021,T6,7,Diesel,1993,ICE,Not Applicable,1,Statewide,73
22399,2021,P,Not Applicable,Diesel,2013,ICE,Not Applicable,1,Statewide,73
22400,2021,MH,Not Applicable,Diesel,1998,ICE,Not Applicable,2,Statewide,73
22401,2021,B,Not Applicable,Natural Gas,2008,ICE,Not Applicable,2,Statewide,1
22402,2021,B,Not Applicable,Natural Gas,2011,ICE,Not Applicable,1,Statewide,1
22403,2021,P,Not Applicable,Electric,2020,BEV,>150 miles,2,Statewide,2626
22404,2021,B,Not Applicable,Gasoline,2021,ICE,Not Applicable,1,Statewide,73
22405,2021,MH,Not Applicable,Diesel,2000,ICE,Not Applicable,1,Statewide,69
22406,2021,T6,7,Gasoline,1988,ICE,Not Applicable,3,Statewide,1
22407,2021,P,Not Applicable,Diesel,2001,ICE,Not Applicable,1,Statewide,82
22408,2021,T4,2,Gasoline,2014,ICE,Not Applicable,≥4,Statewide,2405
22409,2021,BS,Not Applicable,Gasoline,1982,ICE,Not Applicable,1,Statewide,1
22410,2021,T4,2,Gasoline,2002,ICE,Not Applicable,3,Statewide,2406
22411,2021,BS,Not Applicable,Gasoline,1983,ICE,Not Applicable,2,Statewide,1
22412,2021,T6,7,Gasoline,2013,ICE,Not Applicable,1,Statewide,4
22413,2021,BS,Not Applicable,Gasoline,1983,ICE,Not Applicable,1,Statewide,1
22414,2021,BS,Not Applicable,Gasoline,1984,ICE,Not Applicable,2,Statewide,1
22415,2021,BS,Not Applicable,Gasoline,1985,ICE,Not Applicable,2,Statewide,1
22416,2021,BS,Not Applicable,Gasoline,1989,ICE,Not Applicable,3,Statewide,1
22417,2021,BS,Not Applicable,Gasoline,1990,ICE,Not Applicable,3,Statewide,1
22418,2021,BS,Not Applicable,Gasoline,1996,ICE,Not Applicable,3,Statewide,1
22419,2021,BS,Not Applicable,Gasoline,1997,ICE,Not Applicable,3,Statewide,1
22420,2021,BS,Not Applicable,Gasoline,1998,ICE,Not Applicable,3,Statewide,1
22421,2021,BS,Not Applicable,Gasoline,1998,ICE,Not Applicable,2,Statewide,1
22422,2021,BS,Not Applicable,Gasoline,1999,ICE,Not Applicable,3,Statewide,1
22423,2021,BS,Not Applicable,Gasoline,1999,ICE,Not Applicable,2,Statewide,1
22424,2021,BS,Not Applicable,Gasoline,2002,ICE,Not Applicable,1,Statewide,1
22425,2021,MH,Not Applicable,Diesel,2002,ICE,Not Applicable,1,Statewide,91
22426,2021,P,Not Applicable,Diesel,2000,ICE,Not Applicable,3,Statewide,91
22427,2021,T5,3,Diesel,1996,ICE,Not Applicable,3,Statewide,91
22428,2021,T6,7,Diesel,1992,ICE,Not Applicable,1,Statewide,91
22429,2021,T7,8,Electric,2021,BEV,Unknown,≥4,Statewide,1
22430,2021,B,Not Applicable,Gasoline,1981,ICE,Not Applicable,1,Statewide,1
22431,2021,B,Not Applicable,Gasoline,1982,ICE,Not Applicable,2,Statewide,1
22432,2021,B,Not Applicable,Gasoline,1986,ICE,Not Applicable,3,Statewide,1
22433,2021,BS,Not Applicable,Gasoline,1980,ICE,Not Applicable,2,Statewide,1
22434,2021,BS,Not Applicable,Gasoline,1982,ICE,Not Applicable,2,Statewide,1
22435,2021,T6,6,Gasoline,1994,ICE,Not Applicable,3,Statewide,4
22436,2021,T6,7,Gasoline,1998,ICE,Not Applicable,1,Statewide,4
22437,2021,T6,6,Gasoline,2013,ICE,Not Applicable,2,Statewide,4
22438,2021,T6,5,Gasoline,1998,ICE,Not Applicable,3,Statewide,4
22439,2021,T6,7,Gasoline,1999,ICE,Not Applicable,1,Statewide,4
22440,2021,T6,7,Gasoline,2005,ICE,Not Applicable,2,Statewide,4
22441,2021,T6,7,Gasoline,2006,ICE,Not Applicable,1,Statewide,4
22442,2021,T6,7,Gasoline,2007,ICE,Not Applicable,3,Statewide,4
22443,2021,T6,6,Gasoline,2008,ICE,Not Applicable,1,Statewide,4
22444,2021,T3,Unknown,Gasoline,1978,ICE,Not Applicable,3,Statewide,91
22445,2021,T2,1,Gasoline,2021,PHEV,0 to 50 miles,1,Statewide,91
22446,2021,T6,7,Diesel,2011,ICE,Not Applicable,2,Statewide,91
22447,2021,T6,7,Gasoline,1999,ICE,Not Applicable,2,Statewide,4
22448,2021,T6,5,Gasoline,2015,ICE,Not Applicable,3,Statewide,4
22449,2021,T6,4,Gasoline,2015,ICE,Not Applicable,3,Statewide,4
22450,2021,T6,6,Gasoline,2016,ICE,Not Applicable,2,Statewide,4
22451,2021,BT,Not Applicable,Gasoline,1983,ICE,Not Applicable,≥4,Statewide,1
22452,2021,BT,Not Applicable,Gasoline,1984,ICE,Not Applicable,3,Statewide,1
22453,2021,BT,Not Applicable,Gasoline,1984,ICE,Not Applicable,2,Statewide,1
22454,2021,T7,8,Gasoline,2014,ICE,Not Applicable,≥4,Statewide,4
22455,2021,T7,8,Gasoline,2018,ICE,Not Applicable,≥4,Statewide,4
22456,2021,P,Not Applicable,Hydrogen,2017,FCEV,Unknown,≥4,Statewide,4
22457,2021,B,Not Applicable,Natural Gas,2010,ICE,Not Applicable,≥4,Statewide,4
22458,2021,BS,Not Applicable,Natural Gas,1997,ICE,Not Applicable,≥4,Statewide,4
22459,2021,BT,Not Applicable,Gasoline,1981,ICE,Not Applicable,1,Statewide,1
22460,2021,BS,Not Applicable,Natural Gas,2007,ICE,Not Applicable,1,Statewide,4
22461,2021,BS,Not Applicable,Natural Gas,2018,ICE,Not Applicable,1,Statewide,4
22462,2021,BS,Not Applicable,Natural Gas,2019,ICE,Not Applicable,1,Statewide,4
22463,2021,BT,Not Applicable,Natural Gas,2003,ICE,Not Applicable,2,Statewide,4
22464,2021,BT,Not Applicable,Natural Gas,2007,ICE,Not Applicable,2,Statewide,4
22465,2021,P,Not Applicable,Natural Gas,2015,ICE,Not Applicable,3,Statewide,89
22466,2021,P,Not Applicable,Natural Gas,2014,ICE,Not Applicable,2,Statewide,89
22467,2021,BS,Not Applicable,Natural Gas,2004,ICE,Not Applicable,≥4,Statewide,89
22468,2021,T4,Unknown,Gasoline,2017,ICE,Not Applicable,≥4,Statewide,89
22469,2021,BS,Not Applicable,Natural Gas,2010,ICE,Not Applicable,1,Statewide,4
22470,2021,T7,8,Electric,2011,BEV,Unknown,≥4,Statewide,1
22471,2021,BT,Not Applicable,Gasoline,1979,ICE,Not Applicable,3,Statewide,1
22472,2021,BS,Not Applicable,Gasoline,2023,ICE,Not Applicable,2,Statewide,1
22473,2021,T6,6,Gasoline,2017,ICE,Not Applicable,3,Statewide,4
22474,2021,T6,6,Gasoline,2021,ICE,Not Applicable,3,Statewide,4
22475,2021,T6,4,Gasoline,2023,ICE,Not Applicable,≥4,Statewide,4
22476,2021,T7,8,Gasoline,1980,ICE,Not Applicable,2,Statewide,4
22477,2021,T7,8,Gasoline,1990,ICE,Not Applicable,1,Statewide,4
22478,2021,T7,8,Gasoline,1999,ICE,Not Applicable,≥4,Statewide,4
22479,2021,T6,6,Gasoline,1977,ICE,Not Applicable,2,Statewide,90
22480,2021,P,Not Applicable,Electric,2015,BEV,>150 miles,≥4,Statewide,90
22481,2021,BT,Not Applicable,Gasoline,1978,ICE,Not Applicable,1,Statewide,1
22482,2021,T6,6,Diesel,2015,ICE,Not Applicable,2,Statewide,90
22483,2021,P,Not Applicable,Diesel,2012,ICE,Not Applicable,≥4,Statewide,90
22484,2021,B,Not Applicable,Diesel,1994,ICE,Not Applicable,≥4,Statewide,90
22485,2021,BS,Not Applicable,Gasoline,2003,ICE,Not Applicable,3,Statewide,1
22486,2021,T7,8,Gasoline,2008,ICE,Not Applicable,≥4,Statewide,4
22487,2021,BS,Not Applicable,Gasoline,2015,ICE,Not Applicable,3,Statewide,1
22488,2021,BS,Not Applicable,Gasoline,2017,ICE,Not Applicable,3,Statewide,1
22489,2021,BS,Not Applicable,Gasoline,2019,ICE,Not Applicable,3,Statewide,1
22490,2021,BS,Not Applicable,Gasoline,2023,ICE,Not Applicable,3,Statewide,1
22491,2021,T6,6,Diesel,2001,ICE,Not Applicable,3,Statewide,90
22492,2021,T7,8,Electric,2009,BEV,Unknown,≥4,Statewide,1
22493,2021,T7,8,Electric,2005,BEV,Unknown,≥4,Statewide,1
22494,2021,T7,8,Electric,1996,BEV,Unknown,≥4,Statewide,1
22495,2021,T4,Unknown,Electric,2004,BEV,Unknown,2,Statewide,1
22496,2021,T4,Unknown,Electric,2006,BEV,Unknown,≥4,Statewide,1
22497,2021,T4,Unknown,Electric,2008,BEV,Unknown,1,Statewide,1
22498,2021,T4,Unknown,Electric,2011,BEV,Unknown,1,Statewide,1
22499,2021,T4,2,Electric,2019,BEV,Unknown,1,Statewide,1
22500,2021,T4,2,Electric,2020,BEV,Unknown,2,Statewide,1
22501,2021,T4,2,Electric,2022,BEV,Unknown,≥4,Statewide,1
22502,2021,T4,Unknown,Electric,2022,BEV,Unknown,≥4,Statewide,1
22503,2021,T4,Unknown,Electric,2001,BEV,Unknown,≥4,Statewide,1
22504,2021,T5,3,Electric,1999,BEV,Unknown,≥4,Statewide,1
22505,2021,T5,3,Electric,2006,BEV,Unknown,≥4,Statewide,1
22506,2021,T5,3,Electric,2016,BEV,Unknown,1,Statewide,1
22507,2021,T6,4,Gasoline,1979,ICE,Not Applicable,1,Statewide,4
22508,2021,T6,Unknown,Gasoline,1979,ICE,Not Applicable,3,Statewide,4
22509,2021,T6,Unknown,Gasoline,1979,ICE,Not Applicable,1,Statewide,4
22510,2021,T6,5,Gasoline,1980,ICE,Not Applicable,2,Statewide,4
22511,2021,T6,4,Gasoline,1980,ICE,Not Applicable,≥4,Statewide,4
22512,2021,T6,5,Gasoline,1981,ICE,Not Applicable,3,Statewide,4
22513,2021,T5,3,Electric,2001,BEV,Unknown,2,Statewide,1
22514,2021,T6,Unknown,Gasoline,1982,ICE,Not Applicable,≥4,Statewide,4
22515,2021,MC,Not Applicable,Gasoline,2016,ICE,Not Applicable,1,Statewide,2387
22516,2021,T6,4,Diesel,2012,ICE,Not Applicable,≥4,Statewide,2381
22517,2021,T5,3,Gasoline,1978,ICE,Not Applicable,1,Statewide,4
22518,2021,T5,3,Gasoline,1980,ICE,Not Applicable,1,Statewide,4
22519,2021,T5,3,Gasoline,1983,ICE,Not Applicable,2,Statewide,4
22520,2021,T5,3,Gasoline,1983,ICE,Not Applicable,1,Statewide,4
22521,2021,T6,5,Gasoline,1978,ICE,Not Applicable,2,Statewide,4
22522,2021,P,Not Applicable,Natural Gas,2014,ICE,Not Applicable,3,Statewide,94
22523,2021,P,Not Applicable,Natural Gas,2011,ICE,Not Applicable,≥4,Statewide,94
22524,2021,T6,7,Gasoline,1995,ICE,Not Applicable,≥4,Statewide,94
22525,2021,MH,Not Applicable,Gasoline,2002,ICE,Not Applicable,≥4,Statewide,2386
22526,2021,T4,Unknown,Gasoline,2019,ICE,Not Applicable,1,Statewide,94
22527,2021,T7,8,Diesel,1994,ICE,Not Applicable,2,Statewide,94
22528,2021,T6,7,Diesel,2010,ICE,Not Applicable,2,Statewide,94
22529,2021,T6,7,Diesel,2006,ICE,Not Applicable,3,Statewide,94
22530,2021,T1,1,Diesel,1986,ICE,Not Applicable,≥4,Statewide,94
22531,2021,BT,Not Applicable,Diesel,2012,ICE,Not Applicable,1,Statewide,94
22532,2021,T4,Unknown,Electric,1994,BEV,Unknown,1,Statewide,1
22533,2021,T6,6,Diesel,2013,ICE,Not Applicable,≥4,Statewide,2377
22534,2021,T4,Unknown,Electric,1999,BEV,Unknown,1,Statewide,1
22535,2021,B,Not Applicable,Gasoline,2017,ICE,Not Applicable,1,Statewide,94
22536,2021,T4,Unknown,Gasoline,2011,ICE,Not Applicable,1,Statewide,89
22537,2021,T6,5,Gasoline,1983,ICE,Not Applicable,2,Statewide,4
22538,2021,B,Not Applicable,Gasoline,2012,ICE,Not Applicable,3,Statewide,93
22539,2021,T6,7,Gasoline,1992,ICE,Not Applicable,2,Statewide,4
22540,2021,T6,5,Gasoline,1992,ICE,Not Applicable,1,Statewide,4
22541,2021,T6,4,Gasoline,1992,ICE,Not Applicable,3,Statewide,4
22542,2021,T6,Unknown,Gasoline,1992,ICE,Not Applicable,≥4,Statewide,4
22543,2021,T5,3,Gasoline,1998,ICE,Not Applicable,2,Statewide,92
22544,2021,T3,Unknown,Gasoline,1999,ICE,Not Applicable,≥4,Statewide,92
22545,2021,P,Not Applicable,Electric,2018,BEV,0 to 50 miles,≥4,Statewide,92
22546,2021,T7,8,Diesel,1983,ICE,Not Applicable,1,Statewide,92
22547,2021,T6,5,Gasoline,1989,ICE,Not Applicable,3,Statewide,4
22548,2021,P,Not Applicable,Diesel,2013,ICE,Not Applicable,2,Statewide,92
22549,2021,T6,Unknown,Electric,2013,BEV,Unknown,≥4,Statewide,1
22550,2021,T6,Unknown,Electric,2017,BEV,Unknown,≥4,Statewide,1
22551,2021,T6,7,Gasoline,1993,ICE,Not Applicable,3,Statewide,4
22552,2021,T6,Unknown,Electric,2018,BEV,Unknown,≥4,Statewide,1
22553,2021,T6,Unknown,Gasoline,1993,ICE,Not Applicable,≥4,Statewide,4
22554,2021,T6,Unknown,Electric,2019,BEV,Unknown,1,Statewide,1
22555,2021,T7,8,Diesel,2007,ICE,Not Applicable,≥4,Statewide,2403
22556,2021,T6,Unknown,Electric,2020,BEV,Unknown,≥4,Statewide,1
22557,2021,T6,Unknown,Electric,2004,BEV,Unknown,≥4,Statewide,1
22558,2021,T6,7,Gasoline,1984,ICE,Not Applicable,2,Statewide,4
22559,2021,T6,7,Gasoline,1989,ICE,Not Applicable,2,Statewide,4
22560,2021,T6,6,Gasoline,1987,ICE,Not Applicable,2,Statewide,4
22561,2021,T6,7,Diesel,2017,ICE,Not Applicable,2,Statewide,93
22562,2021,T6,6,Diesel,1999,ICE,Not Applicable,1,Statewide,93
22563,2021,MH,Not Applicable,Diesel,1997,ICE,Not Applicable,3,Statewide,93
22564,2021,MC,Not Applicable,Gasoline,1990,ICE,Not Applicable,≥4,Statewide,2392
22565,2021,MC,Not Applicable,Gasoline,1992,ICE,Not Applicable,≥4,Statewide,2395
22566,2021,P,Not Applicable,Gasoline,2021,PHEV,0 to 50 miles,3,Statewide,2395
22567,2021,T5,3,Electric,2018,BEV,Unknown,≥4,Statewide,1
22568,2021,T5,3,Electric,2020,BEV,Unknown,≥4,Statewide,1
22569,2021,T6,4,Gasoline,1988,ICE,Not Applicable,≥4,Statewide,4
22570,2021,T6,Unknown,Electric,1977,BEV,Unknown,≥4,Statewide,1
22571,2021,T6,Unknown,Electric,1984,BEV,Unknown,≥4,Statewide,1
22572,2021,T6,Unknown,Electric,1987,BEV,Unknown,1,Statewide,1
22573,2021,T6,5,Gasoline,1984,ICE,Not Applicable,1,Statewide,4
22574,2021,T6,5,Gasoline,1985,ICE,Not Applicable,1,Statewide,4
22575,2021,T6,Unknown,Gasoline,1985,ICE,Not Applicable,1,Statewide,4
22576,2021,T6,5,Gasoline,1986,ICE,Not Applicable,2,Statewide,4
22577,2021,T6,5,Gasoline,1986,ICE,Not Applicable,1,Statewide,4
22578,2021,T6,6,Gasoline,1987,ICE,Not Applicable,3,Statewide,4
22579,2021,T6,Unknown,Electric,1979,BEV,Unknown,≥4,Statewide,1
22580,2021,MH,Not Applicable,Diesel,2016,ICE,Not Applicable,1,Statewide,82
22581,2021,T4,2,Gasoline,1981,ICE,Not Applicable,2,Statewide,89
22582,2021,T6,7,Diesel,2018,ICE,Not Applicable,2,Statewide,89
22583,2021,T4,Unknown,Gasoline,2023,PHEV,0 to 50 miles,≥4,Statewide,1
22584,2021,T5,3,Gasoline,1978,ICE,Not Applicable,2,Statewide,1
22585,2021,T5,3,Gasoline,1979,ICE,Not Applicable,1,Statewide,1
22586,2021,T5,3,Gasoline,1981,ICE,Not Applicable,1,Statewide,1
22587,2021,T5,3,Gasoline,1985,ICE,Not Applicable,3,Statewide,1
22588,2021,T5,3,Gasoline,1985,ICE,Not Applicable,1,Statewide,1
22589,2021,T5,3,Gasoline,1987,ICE,Not Applicable,2,Statewide,1
22590,2021,T5,3,Gasoline,2023,ICE,Not Applicable,3,Statewide,1
22591,2021,T6,4,Gasoline,1978,ICE,Not Applicable,3,Statewide,1
22592,2021,T6,5,Gasoline,1979,ICE,Not Applicable,2,Statewide,1
22593,2021,P,Not Applicable,Natural Gas,2015,ICE,Not Applicable,2,Statewide,84
22594,2021,P,Not Applicable,Natural Gas,2012,ICE,Not Applicable,2,Statewide,84
22595,2021,T6,4,Gasoline,2020,ICE,Not Applicable,1,Statewide,84
22596,2021,T6,4,Gasoline,2003,ICE,Not Applicable,1,Statewide,84
22597,2021,T5,3,Gasoline,2015,ICE,Not Applicable,2,Statewide,84
22598,2021,MH,Not Applicable,Gasoline,1979,ICE,Not Applicable,1,Statewide,84
22599,2021,BT,Not Applicable,Gasoline,2007,ICE,Not Applicable,≥4,Statewide,84
22600,2021,T4,Unknown,Gasoline,2008,ICE,Not Applicable,1,Statewide,1
22601,2021,T4,Unknown,Gasoline,2008,ICE,Not Applicable,3,Statewide,1
22602,2021,T4,Unknown,Gasoline,2006,ICE,Not Applicable,2,Statewide,1
22603,2021,T4,Unknown,Gasoline,2005,ICE,Not Applicable,1,Statewide,1
22604,2021,P,Not Applicable,Diesel,1983,ICE,Not Applicable,3,Statewide,86
22605,2021,B,Not Applicable,Diesel,1989,ICE,Not Applicable,≥4,Statewide,86
22606,2021,P,Not Applicable,Gasoline,1986,ICE,Not Applicable,≥4,Statewide,2465
22607,2021,T4,Unknown,Gasoline,1992,ICE,Not Applicable,3,Statewide,1
22608,2021,T4,Unknown,Gasoline,1994,ICE,Not Applicable,3,Statewide,1
22609,2021,T4,Unknown,Gasoline,1997,ICE,Not Applicable,1,Statewide,1
22610,2021,T4,Unknown,Gasoline,1998,ICE,Not Applicable,2,Statewide,1
22611,2021,T4,Unknown,Gasoline,2001,ICE,Not Applicable,2,Statewide,1
22612,2021,BT,Not Applicable,Gasoline,2005,ICE,Not Applicable,≥4,Statewide,84
22613,2021,T4,Unknown,Gasoline,2002,ICE,Not Applicable,3,Statewide,1
22614,2021,T4,Unknown,Gasoline,2004,ICE,Not Applicable,2,Statewide,1
22615,2021,B,Not Applicable,Gasoline,2000,ICE,Not Applicable,≥4,Statewide,85
22616,2021,P,Not Applicable,Electric,2012,BEV,Unknown,≥4,Statewide,85
22617,2021,T6,6,Diesel,2015,ICE,Not Applicable,3,Statewide,85
22618,2021,T6,7,Diesel,1983,ICE,Not Applicable,≥4,Statewide,85
22619,2021,T5,3,Diesel,1996,ICE,Not Applicable,2,Statewide,85
22620,2021,MH,Not Applicable,Diesel,1999,ICE,Not Applicable,2,Statewide,85
22621,2021,T4,Unknown,Gasoline,2005,ICE,Not Applicable,2,Statewide,1
22622,2021,T4,Unknown,Gasoline,2003,ICE,Not Applicable,2,Statewide,1
22623,2021,T6,7,Diesel,2004,ICE,Not Applicable,2,Statewide,84
22624,2021,T6,7,Diesel,1980,ICE,Not Applicable,≥4,Statewide,84
22625,2021,T4,Unknown,Diesel,2022,ICE,Not Applicable,3,Statewide,84
22626,2021,T6,Unknown,Gasoline,1983,ICE,Not Applicable,3,Statewide,1
22627,2021,T6,5,Gasoline,1984,ICE,Not Applicable,2,Statewide,1
22628,2021,T6,Unknown,Gasoline,1985,ICE,Not Applicable,3,Statewide,1
22629,2021,T6,4,Gasoline,1986,ICE,Not Applicable,≥4,Statewide,1
22630,2021,T6,5,Gasoline,1987,ICE,Not Applicable,3,Statewide,1
22631,2021,T6,4,Gasoline,1987,ICE,Not Applicable,≥4,Statewide,1
22632,2021,T6,Unknown,Gasoline,1987,ICE,Not Applicable,2,Statewide,1
22633,2021,T6,7,Gasoline,2010,ICE,Not Applicable,≥4,Statewide,82
22634,2021,T6,5,Gasoline,1983,ICE,Not Applicable,3,Statewide,1
22635,2021,T6,4,Gasoline,2008,ICE,Not Applicable,2,Statewide,82
22636,2021,T2,Unknown,Gasoline,2001,ICE,Not Applicable,2,Statewide,82
22637,2021,T1,Unknown,Gasoline,2014,ICE,Not Applicable,1,Statewide,82
22638,2021,T1,Unknown,Gasoline,1983,ICE,Not Applicable,2,Statewide,82
22639,2021,BS,Not Applicable,Gasoline,2008,ICE,Not Applicable,≥4,Statewide,82
22640,2021,B,Not Applicable,Gasoline,2007,ICE,Not Applicable,3,Statewide,82
22641,2021,B,Not Applicable,Gasoline,1999,ICE,Not Applicable,≥4,Statewide,82
22642,2021,T7,8,Diesel,1995,ICE,Not Applicable,2,Statewide,82
22643,2021,T6,5,Diesel,2015,ICE,Not Applicable,1,Statewide,82
22644,2021,T6,4,Gasoline,2008,ICE,Not Applicable,3,Statewide,82
22645,2021,P,Not Applicable,Diesel,2000,ICE,Not Applicable,1,Statewide,86
22646,2021,T6,Unknown,Gasoline,1982,ICE,Not Applicable,2,Statewide,1
22647,2021,T6,5,Gasoline,1982,ICE,Not Applicable,3,Statewide,1
22648,2021,T3,2,Diesel,2008,ICE,Not Applicable,≥4,Statewide,84
22649,2021,T6,4,Gasoline,1979,ICE,Not Applicable,3,Statewide,1
22650,2021,T6,7,Gasoline,1980,ICE,Not Applicable,2,Statewide,1
22651,2021,T5,3,Diesel,2006,ICE,Not Applicable,≥4,Statewide,2487
22652,2021,MC,Not Applicable,Gasoline,1997,ICE,Not Applicable,≥4,Statewide,2488
22653,2021,T6,4,Gasoline,1980,ICE,Not Applicable,2,Statewide,1
22654,2021,T6,4,Gasoline,1980,ICE,Not Applicable,1,Statewide,1
22655,2021,T6,Unknown,Gasoline,1980,ICE,Not Applicable,2,Statewide,1
22656,2021,T6,Unknown,Gasoline,1982,ICE,Not Applicable,3,Statewide,1
22657,2021,T6,7,Gasoline,1981,ICE,Not Applicable,2,Statewide,1
22658,2021,T6,Unknown,Gasoline,1981,ICE,Not Applicable,3,Statewide,1
22659,2021,T6,Unknown,Gasoline,1981,ICE,Not Applicable,1,Statewide,1
22660,2021,T6,7,Natural Gas,2017,ICE,Not Applicable,≥4,Statewide,83
22661,2021,T3,2,Natural Gas,2018,ICE,Not Applicable,≥4,Statewide,83
22662,2021,B,Not Applicable,Gasoline,2010,ICE,Not Applicable,2,Statewide,83
22663,2021,T6,4,Diesel,2018,ICE,Not Applicable,1,Statewide,83
22664,2021,T6,7,Diesel,2000,ICE,Not Applicable,2,Statewide,83
22665,2021,T6,7,Gasoline,1982,ICE,Not Applicable,2,Statewide,1
22666,2021,T6,4,Gasoline,1981,ICE,Not Applicable,≥4,Statewide,1
22667,2021,T6,7,Diesel,2004,ICE,Not Applicable,3,Statewide,86
22668,2021,T6,6,Diesel,2019,ICE,Not Applicable,2,Statewide,86
22669,2021,T1,1,Electric,2004,BEV,Unknown,≥4,Statewide,86
22670,2021,T2,Unknown,Natural Gas,2007,ICE,Not Applicable,1,Statewide,4
22671,2021,T2,Unknown,Natural Gas,2016,ICE,Not Applicable,≥4,Statewide,4
22672,2021,T3,2,Natural Gas,2000,ICE,Not Applicable,2,Statewide,4
22673,2021,T3,2,Natural Gas,2018,ICE,Not Applicable,1,Statewide,4
22674,2021,T3,2,Natural Gas,2019,ICE,Not Applicable,≥4,Statewide,4
22675,2021,T5,3,Gasoline,1995,ICE,Not Applicable,2,Statewide,88
22676,2021,T5,3,Gasoline,1986,ICE,Not Applicable,≥4,Statewide,88
22677,2021,T3,Unknown,Gasoline,1996,ICE,Not Applicable,≥4,Statewide,88
22678,2021,T2,Unknown,Natural Gas,2007,ICE,Not Applicable,≥4,Statewide,4
22679,2021,T3,Unknown,Gasoline,1980,ICE,Not Applicable,2,Statewide,88
22680,2021,T1,1,Electric,2019,BEV,101 to 150 miles,3,Statewide,88
22681,2021,T7,8,Diesel,1979,ICE,Not Applicable,1,Statewide,88
22682,2021,T6,4,Diesel,2021,ICE,Not Applicable,2,Statewide,88
22683,2021,T6,7,Diesel,2014,ICE,Not Applicable,3,Statewide,88
22684,2021,T5,3,Diesel,1996,ICE,Not Applicable,1,Statewide,88
22685,2021,MH,Not Applicable,Diesel,2001,ICE,Not Applicable,2,Statewide,88
22686,2021,T4,2,Natural Gas,1999,ICE,Not Applicable,≥4,Statewide,4
22687,2021,T5,3,Diesel,2018,ICE,Not Applicable,≥4,Statewide,2447
22688,2021,B,Not Applicable,Gasoline,2007,ICE,Not Applicable,2,Statewide,88
22689,2021,BT,Not Applicable,Gasoline,2004,ICE,Not Applicable,2,Statewide,1
22690,2021,T2,Unknown,Natural Gas,2006,ICE,Not Applicable,≥4,Statewide,4
22691,2021,BT,Not Applicable,Gasoline,2002,ICE,Not Applicable,2,Statewide,1
22692,2021,T6,7,Diesel,2010,ICE,Not Applicable,3,Statewide,89
22693,2021,T6,5,Diesel,1999,ICE,Not Applicable,≥4,Statewide,89
22694,2021,T6,7,Diesel,1996,ICE,Not Applicable,1,Statewide,89
22695,2021,T3,Unknown,Diesel,2014,ICE,Not Applicable,1,Statewide,89
22696,2021,BT,Not Applicable,Diesel,2006,ICE,Not Applicable,1,Statewide,89
22697,2021,BT,Not Applicable,Gasoline,1985,ICE,Not Applicable,2,Statewide,1
22698,2021,BT,Not Applicable,Gasoline,1986,ICE,Not Applicable,2,Statewide,1
22699,2021,BT,Not Applicable,Natural Gas,2008,ICE,Not Applicable,2,Statewide,4
22700,2021,T1,Unknown,Natural Gas,1977,ICE,Not Applicable,≥4,Statewide,4
22701,2021,BT,Not Applicable,Natural Gas,2013,ICE,Not Applicable,1,Statewide,4
22702,2021,BT,Not Applicable,Gasoline,1991,ICE,Not Applicable,1,Statewide,1
22703,2021,BT,Not Applicable,Natural Gas,2018,ICE,Not Applicable,3,Statewide,4
22704,2021,MH,Not Applicable,Natural Gas,2019,ICE,Not Applicable,≥4,Statewide,4
22705,2021,BT,Not Applicable,Gasoline,1994,ICE,Not Applicable,2,Statewide,1
22706,2021,BT,Not Applicable,Gasoline,1995,ICE,Not Applicable,3,Statewide,1
22707,2021,BT,Not Applicable,Gasoline,2001,ICE,Not Applicable,3,Statewide,1
22708,2021,BT,Not Applicable,Gasoline,2001,ICE,Not Applicable,1,Statewide,1
22709,2021,BT,Not Applicable,Gasoline,2002,ICE,Not Applicable,3,Statewide,1
22710,2021,BT,Not Applicable,Gasoline,1990,ICE,Not Applicable,3,Statewide,1
22711,2021,T2,Unknown,Gasoline,1994,ICE,Not Applicable,≥4,Statewide,89
22712,2021,BT,Not Applicable,Gasoline,2005,ICE,Not Applicable,2,Statewide,1
22713,2021,BT,Not Applicable,Gasoline,2011,ICE,Not Applicable,3,Statewide,1
22714,2021,T1,Unknown,Gasoline,2018,ICE,Not Applicable,3,Statewide,1
22715,2021,T6,5,Natural Gas,2014,ICE,Not Applicable,≥4,Statewide,4
22716,2021,T6,7,Natural Gas,2019,ICE,Not Applicable,1,Statewide,4
22717,2021,T6,4,Natural Gas,2019,ICE,Not Applicable,≥4,Statewide,4
22718,2021,T1,1,Gasoline,2022,PHEV,0 to 50 miles,≥4,Statewide,1
22719,2021,T2,1,Gasoline,2023,PHEV,0 to 50 miles,2,Statewide,1
22720,2021,T3,2,Gasoline,2023,PHEV,0 to 50 miles,2,Statewide,1
22721,2021,T4,Unknown,Gasoline,1981,ICE,Not Applicable,1,Statewide,1
22722,2021,T7,8,Diesel,2009,ICE,Not Applicable,≥4,Statewide,2450
22723,2021,T4,Unknown,Gasoline,1986,ICE,Not Applicable,3,Statewide,1
22724,2021,T4,Unknown,Gasoline,1991,ICE,Not Applicable,3,Statewide,1
22725,2021,T6,Unknown,Natural Gas,2020,ICE,Not Applicable,≥4,Statewide,4
22726,2021,T6,7,Natural Gas,2021,ICE,Not Applicable,2,Statewide,4
22727,2021,T6,7,Natural Gas,2021,ICE,Not Applicable,1,Statewide,4
22728,2021,T7,8,Natural Gas,2009,ICE,Not Applicable,1,Statewide,4
22729,2021,T7,8,Natural Gas,2019,ICE,Not Applicable,2,Statewide,4
22730,2021,P,Not Applicable,Natural Gas,2013,ICE,Not Applicable,3,Statewide,86
22731,2021,T5,3,Gasoline,1996,ICE,Not Applicable,1,Statewide,86
22732,2021,T4,Unknown,Gasoline,1988,ICE,Not Applicable,1,Statewide,1
22733,2021,BT,Not Applicable,Gasoline,2008,ICE,Not Applicable,2,Statewide,1
22734,2021,MC,Not Applicable,Gasoline,1996,ICE,Not Applicable,≥4,Statewide,2447
22735,2021,MH,Not Applicable,Diesel,2015,ICE,Not Applicable,3,Statewide,87
22736,2021,BT,Not Applicable,Gasoline,2014,ICE,Not Applicable,2,Statewide,1
22737,2021,P,Not Applicable,Gasoline,2020,PHEV,Unknown,≥4,Statewide,1
22738,2021,T1,Unknown,Gasoline,1997,ICE,Not Applicable,3,Statewide,1
22739,2021,T1,Unknown,Gasoline,1997,ICE,Not Applicable,2,Statewide,1
22740,2021,T4,2,Natural Gas,2009,ICE,Not Applicable,2,Statewide,4
22741,2021,T4,2,Natural Gas,2019,ICE,Not Applicable,≥4,Statewide,4
22742,2021,T4,2,Natural Gas,2020,ICE,Not Applicable,2,Statewide,4
22743,2021,T4,2,Natural Gas,2020,ICE,Not Applicable,1,Statewide,4
22744,2021,MH,Not Applicable,Diesel,1998,ICE,Not Applicable,1,Statewide,87
22745,2021,T5,3,Natural Gas,2020,ICE,Not Applicable,≥4,Statewide,4
22746,2021,T6,6,Natural Gas,2010,ICE,Not Applicable,≥4,Statewide,4
22747,2021,P,Not Applicable,Natural Gas,2014,ICE,Not Applicable,1,Statewide,87
22748,2021,T1,Unknown,Gasoline,1986,ICE,Not Applicable,≥4,Statewide,87
22749,2021,T1,Unknown,Gasoline,1985,ICE,Not Applicable,2,Statewide,87
22750,2021,B,Not Applicable,Gasoline,2004,ICE,Not Applicable,2,Statewide,87
22751,2021,T1,1,Electric,2018,BEV,101 to 150 miles,1,Statewide,87
22752,2021,T6,4,Diesel,2001,ICE,Not Applicable,2,Statewide,87
22753,2021,T3,2,Diesel,2002,ICE,Not Applicable,≥4,Statewide,87
22754,2021,T6,6,Natural Gas,2006,ICE,Not Applicable,≥4,Statewide,4
22755,2021,T4,Unknown,Gasoline,2009,ICE,Not Applicable,1,Statewide,4
22756,2021,P,Not Applicable,Diesel,2020,ICE,Not Applicable,1,Statewide,2699
22757,2021,P,Not Applicable,Diesel,2019,ICE,Not Applicable,≥4,Statewide,2702
22758,2021,MC,Not Applicable,Electric,2018,BEV,Unknown,≥4,Statewide,60
22759,2021,T7,8,Diesel,1993,ICE,Not Applicable,3,Statewide,60
22760,2021,T6,6,Diesel,1998,ICE,Not Applicable,3,Statewide,60
22761,2021,T6,7,Diesel,1994,ICE,Not Applicable,2,Statewide,60
22762,2021,T4,2,Diesel,1987,ICE,Not Applicable,2,Statewide,60
22763,2021,T3,2,Diesel,1989,ICE,Not Applicable,3,Statewide,60
22764,2021,P,Not Applicable,Diesel,1998,ICE,Not Applicable,≥4,Statewide,60
22765,2021,P,Not Applicable,Diesel,1977,ICE,Not Applicable,1,Statewide,60
22766,2021,MH,Not Applicable,Diesel,1997,ICE,Not Applicable,1,Statewide,60
22767,2021,B,Not Applicable,Diesel,2008,ICE,Not Applicable,1,Statewide,60
22768,2021,T4,2,Diesel,2004,ICE,Not Applicable,2,Statewide,2890
22769,2021,T2,1,Gasoline,2023,ICE,Not Applicable,3,Statewide,2896
22770,2021,BT,Not Applicable,Diesel,2021,ICE,Not Applicable,2,Statewide,2
22771,2021,BT,Not Applicable,Diesel,2016,ICE,Not Applicable,2,Statewide,2
22772,2021,BT,Not Applicable,Diesel,2012,ICE,Not Applicable,3,Statewide,2
22773,2021,BT,Not Applicable,Diesel,2007,ICE,Not Applicable,2,Statewide,2
22774,2021,BT,Not Applicable,Diesel,2005,ICE,Not Applicable,2,Statewide,2
22775,2021,MC,Not Applicable,Electric,2020,BEV,Unknown,≥4,Statewide,60
22776,2021,T2,1,Electric,2019,BEV,101 to 150 miles,3,Statewide,60
22777,2021,BT,Not Applicable,Gasoline,1986,ICE,Not Applicable,≥4,Statewide,60
22778,2021,T2,Unknown,Gasoline,1978,ICE,Not Applicable,3,Statewide,60
22779,2021,MC,Not Applicable,Diesel,2007,ICE,Not Applicable,3,Statewide,2
22780,2021,MC,Not Applicable,Diesel,2006,ICE,Not Applicable,3,Statewide,2
22781,2021,MC,Not Applicable,Diesel,2005,ICE,Not Applicable,1,Statewide,2
22782,2021,MC,Not Applicable,Diesel,2004,ICE,Not Applicable,3,Statewide,2
22783,2021,MC,Not Applicable,Diesel,2003,ICE,Not Applicable,≥4,Statewide,2
22784,2021,MC,Not Applicable,Diesel,1988,ICE,Not Applicable,3,Statewide,2
22785,2021,MC,Not Applicable,Diesel,1985,ICE,Not Applicable,≥4,Statewide,2
22786,2021,MC,Not Applicable,Diesel,1983,ICE,Not Applicable,≥4,Statewide,2
22787,2021,P,Not Applicable,Gasoline,2017,PHEV,0 to 50 miles,2,Statewide,2905
22788,2021,BT,Not Applicable,Diesel,2022,ICE,Not Applicable,1,Statewide,2
22789,2021,P,Not Applicable,Natural Gas,2012,ICE,Not Applicable,3,Statewide,60
22790,2021,T6,4,Gasoline,2012,ICE,Not Applicable,3,Statewide,60
22791,2021,T6,4,Gasoline,1994,ICE,Not Applicable,1,Statewide,60
22792,2021,T4,Unknown,Gasoline,2021,PHEV,0 to 50 miles,2,Statewide,60
22793,2021,T3,Unknown,Gasoline,1995,ICE,Not Applicable,2,Statewide,60
22794,2021,T2,Unknown,Gasoline,1997,ICE,Not Applicable,≥4,Statewide,60
22795,2021,T2,Unknown,Gasoline,1995,ICE,Not Applicable,≥4,Statewide,60
22796,2021,T2,Unknown,Gasoline,1979,ICE,Not Applicable,3,Statewide,60
22797,2021,T6,7,Natural Gas,2022,ICE,Not Applicable,≥4,Statewide,60
22798,2021,BT,Not Applicable,Diesel,2002,ICE,Not Applicable,2,Statewide,2
22799,2021,T4,2,Diesel,2012,ICE,Not Applicable,1,Statewide,2907
22800,2021,BT,Not Applicable,Diesel,2000,ICE,Not Applicable,1,Statewide,2
22801,2021,T2,Unknown,Gasoline,1983,ICE,Not Applicable,1,Statewide,59
22802,2021,T1,Unknown,Gasoline,2006,ICE,Not Applicable,≥4,Statewide,59
22803,2021,B,Not Applicable,Gasoline,2018,ICE,Not Applicable,2,Statewide,59
22804,2021,T6,7,Diesel,2015,ICE,Not Applicable,2,Statewide,59
22805,2021,T6,6,Diesel,1996,ICE,Not Applicable,1,Statewide,59
22806,2021,T5,3,Diesel,1993,ICE,Not Applicable,1,Statewide,59
22807,2021,P,Not Applicable,Diesel,1981,ICE,Not Applicable,2,Statewide,59
22808,2021,BS,Not Applicable,Diesel,2014,ICE,Not Applicable,1,Statewide,59
22809,2021,T3,Unknown,Gasoline,1999,ICE,Not Applicable,1,Statewide,59
22810,2021,B,Not Applicable,Diesel,2013,ICE,Not Applicable,1,Statewide,59
22811,2021,BS,Not Applicable,Diesel,1983,ICE,Not Applicable,3,Statewide,2
22812,2021,BS,Not Applicable,Diesel,1980,ICE,Not Applicable,2,Statewide,2
22813,2021,BS,Not Applicable,Diesel,1978,ICE,Not Applicable,3,Statewide,2
22814,2021,B,Not Applicable,Diesel,1989,ICE,Not Applicable,2,Statewide,2
22815,2021,T5,3,Diesel,2019,ICE,Not Applicable,≥4,Statewide,2921
22816,2021,B,Not Applicable,Diesel,1989,ICE,Not Applicable,3,Statewide,2
22817,2021,B,Not Applicable,Diesel,1985,ICE,Not Applicable,1,Statewide,2
22818,2021,B,Not Applicable,Diesel,1985,ICE,Not Applicable,3,Statewide,2
22819,2021,T4,2,Diesel,2001,ICE,Not Applicable,≥4,Statewide,2912
22820,2021,MC,Not Applicable,Diesel,2008,ICE,Not Applicable,1,Statewide,2
22821,2021,T5,3,Gasoline,1992,ICE,Not Applicable,3,Statewide,59
22822,2021,T6,4,Gasoline,2013,ICE,Not Applicable,2,Statewide,59
22823,2021,BT,Not Applicable,Diesel,1999,ICE,Not Applicable,3,Statewide,2
22824,2021,BT,Not Applicable,Diesel,1998,ICE,Not Applicable,3,Statewide,2
22825,2021,BT,Not Applicable,Diesel,1990,ICE,Not Applicable,1,Statewide,2
22826,2021,BT,Not Applicable,Diesel,1990,ICE,Not Applicable,3,Statewide,2
22827,2021,BT,Not Applicable,Diesel,1988,ICE,Not Applicable,2,Statewide,2
22828,2021,BT,Not Applicable,Diesel,1986,ICE,Not Applicable,2,Statewide,2
22829,2021,BT,Not Applicable,Diesel,1986,ICE,Not Applicable,3,Statewide,2
22830,2021,BT,Not Applicable,Diesel,1981,ICE,Not Applicable,2,Statewide,2
22831,2021,T6,7,Gasoline,1989,ICE,Not Applicable,≥4,Statewide,59
22832,2021,BT,Not Applicable,Diesel,1979,ICE,Not Applicable,2,Statewide,2
22833,2021,BS,Not Applicable,Diesel,1987,ICE,Not Applicable,2,Statewide,2
22834,2021,BS,Not Applicable,Diesel,1985,ICE,Not Applicable,2,Statewide,2
22835,2021,BS,Not Applicable,Diesel,1983,ICE,Not Applicable,2,Statewide,2
22836,2021,T7,8,Natural Gas,2014,ICE,Not Applicable,1,Statewide,59
22837,2021,P,Not Applicable,Natural Gas,2019,ICE,Not Applicable,1,Statewide,59
22838,2021,P,Not Applicable,Natural Gas,2018,ICE,Not Applicable,≥4,Statewide,59
22839,2021,BS,Not Applicable,Natural Gas,2009,ICE,Not Applicable,≥4,Statewide,59
22840,2021,T6,4,Gasoline,2018,ICE,Not Applicable,1,Statewide,59
22841,2021,BS,Not Applicable,Diesel,1988,ICE,Not Applicable,3,Statewide,2
22842,2021,MC,Not Applicable,Diesel,2010,ICE,Not Applicable,1,Statewide,2
22843,2021,MC,Not Applicable,Diesel,2011,ICE,Not Applicable,2,Statewide,2
22844,2021,MC,Not Applicable,Diesel,2012,ICE,Not Applicable,1,Statewide,2
22845,2021,T1,Unknown,Diesel,2010,ICE,Not Applicable,≥4,Statewide,2
22846,2021,T1,Unknown,Diesel,2005,ICE,Not Applicable,3,Statewide,2
22847,2021,T1,Unknown,Diesel,2004,ICE,Not Applicable,1,Statewide,2
22848,2021,T1,Unknown,Diesel,2004,ICE,Not Applicable,3,Statewide,2
22849,2021,T1,Unknown,Diesel,2003,ICE,Not Applicable,1,Statewide,2
22850,2021,T1,Unknown,Diesel,2000,ICE,Not Applicable,1,Statewide,2
22851,2021,T1,Unknown,Diesel,1998,ICE,Not Applicable,2,Statewide,2
22852,2021,T1,Unknown,Diesel,1997,ICE,Not Applicable,1,Statewide,2
22853,2021,T1,Unknown,Diesel,2013,ICE,Not Applicable,3,Statewide,2
22854,2021,T1,Unknown,Diesel,1993,ICE,Not Applicable,3,Statewide,2
22855,2021,T1,Unknown,Diesel,1990,ICE,Not Applicable,3,Statewide,2
22856,2021,T1,Unknown,Diesel,1988,ICE,Not Applicable,1,Statewide,2
22857,2021,T1,Unknown,Diesel,1988,ICE,Not Applicable,2,Statewide,2
22858,2021,T1,Unknown,Diesel,1988,ICE,Not Applicable,3,Statewide,2
22859,2021,T1,1,Diesel,1984,ICE,Not Applicable,2,Statewide,2
22860,2021,T1,Unknown,Diesel,1983,ICE,Not Applicable,3,Statewide,2
22861,2021,T1,1,Diesel,1983,ICE,Not Applicable,≥4,Statewide,2
22862,2021,T1,Unknown,Diesel,1982,ICE,Not Applicable,1,Statewide,2
22863,2021,T1,Unknown,Diesel,1991,ICE,Not Applicable,3,Statewide,2
22864,2021,T1,Unknown,Diesel,1982,ICE,Not Applicable,2,Statewide,2
22865,2021,T1,Unknown,Diesel,2015,ICE,Not Applicable,1,Statewide,2
22866,2021,T2,Unknown,Diesel,1981,ICE,Not Applicable,≥4,Statewide,2
22867,2021,T3,Unknown,Diesel,1979,ICE,Not Applicable,2,Statewide,2
22868,2021,T3,Unknown,Diesel,1978,ICE,Not Applicable,1,Statewide,2
22869,2021,T2,Unknown,Diesel,2015,ICE,Not Applicable,3,Statewide,2
22870,2021,T2,Unknown,Diesel,2014,ICE,Not Applicable,3,Statewide,2
22871,2021,T2,Unknown,Diesel,2013,ICE,Not Applicable,2,Statewide,2
22872,2021,T2,Unknown,Diesel,2008,ICE,Not Applicable,2,Statewide,2
22873,2021,T2,Unknown,Diesel,2003,ICE,Not Applicable,≥4,Statewide,2
22874,2021,T2,Unknown,Diesel,1999,ICE,Not Applicable,2,Statewide,2
22875,2021,T1,Unknown,Diesel,2019,ICE,Not Applicable,≥4,Statewide,2
22876,2021,T2,Unknown,Diesel,1999,ICE,Not Applicable,3,Statewide,2
22877,2021,T2,Unknown,Diesel,1998,ICE,Not Applicable,2,Statewide,2
22878,2021,T2,Unknown,Diesel,1994,ICE,Not Applicable,2,Statewide,2
22879,2021,T2,Unknown,Diesel,1992,ICE,Not Applicable,3,Statewide,2
22880,2021,T2,1,Diesel,1991,ICE,Not Applicable,1,Statewide,2
22881,2021,T2,Unknown,Diesel,1988,ICE,Not Applicable,1,Statewide,2
22882,2021,T2,Unknown,Diesel,1987,ICE,Not Applicable,3,Statewide,2
22883,2021,T2,Unknown,Diesel,1986,ICE,Not Applicable,3,Statewide,2
22884,2021,T2,Unknown,Diesel,1984,ICE,Not Applicable,3,Statewide,2
22885,2021,T2,Unknown,Diesel,1998,ICE,Not Applicable,1,Statewide,2
22886,2021,B,Not Applicable,Diesel,1981,ICE,Not Applicable,2,Statewide,2
22887,2021,T6,5,Gasoline,2019,ICE,Not Applicable,1,Statewide,61
22888,2021,T6,4,Gasoline,2001,ICE,Not Applicable,1,Statewide,61
22889,2021,T1,Unknown,Diesel,1978,ICE,Not Applicable,1,Statewide,2
22890,2021,MH,Not Applicable,Gasoline,2005,ICE,Not Applicable,≥4,Statewide,2888
22891,2021,T1,1,Diesel,1977,ICE,Not Applicable,≥4,Statewide,2
22892,2021,MH,Not Applicable,Diesel,1984,ICE,Not Applicable,2,Statewide,2
22893,2021,MH,Not Applicable,Diesel,1984,ICE,Not Applicable,3,Statewide,2
22894,2021,MH,Not Applicable,Diesel,1980,ICE,Not Applicable,3,Statewide,2
22895,2021,MH,Not Applicable,Diesel,1978,ICE,Not Applicable,2,Statewide,2
22896,2021,MH,Not Applicable,Diesel,1978,ICE,Not Applicable,3,Statewide,2
22897,2021,T4,Unknown,Gasoline,2021,ICE,Not Applicable,≥4,Statewide,2881
22898,2021,MC,Not Applicable,Diesel,2022,ICE,Not Applicable,1,Statewide,2
22899,2021,MC,Not Applicable,Diesel,2020,ICE,Not Applicable,1,Statewide,2
22900,2021,MC,Not Applicable,Diesel,2017,ICE,Not Applicable,≥4,Statewide,2
22901,2021,MC,Not Applicable,Diesel,2016,ICE,Not Applicable,2,Statewide,2
22902,2021,MC,Not Applicable,Diesel,2015,ICE,Not Applicable,2,Statewide,2
22903,2021,MC,Not Applicable,Diesel,2015,ICE,Not Applicable,3,Statewide,2
22904,2021,MC,Not Applicable,Diesel,2014,ICE,Not Applicable,1,Statewide,2
22905,2021,MC,Not Applicable,Diesel,2014,ICE,Not Applicable,2,Statewide,2
22906,2021,MC,Not Applicable,Diesel,2014,ICE,Not Applicable,3,Statewide,2
22907,2021,MC,Not Applicable,Diesel,2021,ICE,Not Applicable,2,Statewide,2
22908,2021,T6,4,Gasoline,2010,ICE,Not Applicable,3,Statewide,61
22909,2021,T1,1,Diesel,1979,ICE,Not Applicable,3,Statewide,2
22910,2021,T1,1,Diesel,1980,ICE,Not Applicable,2,Statewide,2
22911,2021,T6,4,Gasoline,1999,ICE,Not Applicable,3,Statewide,61
22912,2021,T4,Unknown,Gasoline,2016,ICE,Not Applicable,≥4,Statewide,61
22913,2021,T2,Unknown,Gasoline,1992,ICE,Not Applicable,≥4,Statewide,61
22914,2021,T2,Unknown,Gasoline,1984,ICE,Not Applicable,1,Statewide,61
22915,2021,B,Not Applicable,Gasoline,1998,ICE,Not Applicable,≥4,Statewide,61
22916,2021,T4,Unknown,Electric,2018,BEV,Unknown,≥4,Statewide,61
22917,2021,P,Not Applicable,Electric,2007,BEV,Unknown,3,Statewide,61
22918,2021,MC,Not Applicable,Electric,2022,BEV,Unknown,≥4,Statewide,61
22919,2021,T1,Unknown,Diesel,1979,ICE,Not Applicable,3,Statewide,2
22920,2021,BT,Not Applicable,Electric,2019,BEV,Unknown,1,Statewide,61
22921,2021,T6,7,Diesel,2018,ICE,Not Applicable,3,Statewide,61
22922,2021,T3,2,Diesel,1989,ICE,Not Applicable,2,Statewide,61
22923,2021,T2,1,Diesel,1984,ICE,Not Applicable,≥4,Statewide,61
22924,2021,P,Not Applicable,Diesel,2002,ICE,Not Applicable,1,Statewide,61
22925,2021,BS,Not Applicable,Diesel,1995,ICE,Not Applicable,1,Statewide,61
22926,2021,MC,Not Applicable,Gasoline,1991,ICE,Not Applicable,≥4,Statewide,2862
22927,2021,P,Not Applicable,Electric,2020,BEV,>150 miles,1,Statewide,2868
22928,2021,T1,Unknown,Diesel,1980,ICE,Not Applicable,≥4,Statewide,2
22929,2021,T6,6,Diesel,2023,ICE,Not Applicable,2,Statewide,61
22930,2021,T3,Unknown,Diesel,1979,ICE,Not Applicable,1,Statewide,2
22931,2021,B,Not Applicable,Diesel,1981,ICE,Not Applicable,3,Statewide,2
22932,2021,B,Not Applicable,Diesel,1979,ICE,Not Applicable,3,Statewide,2
22933,2021,T6,7,Diesel,1977,ICE,Not Applicable,1,Statewide,54
22934,2021,T3,2,Diesel,1999,ICE,Not Applicable,≥4,Statewide,54
22935,2021,T2,1,Diesel,2010,ICE,Not Applicable,1,Statewide,54
22936,2021,T1,Unknown,Diesel,1991,ICE,Not Applicable,≥4,Statewide,54
22937,2021,P,Not Applicable,Electric,2021,BEV,>150 miles,≥4,Statewide,3004
22938,2021,P,Not Applicable,Gasoline,1990,ICE,Not Applicable,1,Statewide,3018
22939,2021,P,Not Applicable,Gasoline,1995,ICE,Not Applicable,2,Statewide,10408
22940,2021,T4,2,Gasoline,2012,ICE,Not Applicable,≥4,Statewide,10397
22941,2021,T1,1,Gasoline,2018,ICE,Not Applicable,3,Statewide,10267
22942,2021,MC,Not Applicable,Gasoline,2005,ICE,Not Applicable,≥4,Statewide,10263
22943,2021,T1,1,Gasoline,1994,ICE,Not Applicable,≥4,Statewide,10152
22944,2021,T7,8,Diesel,2013,ICE,Not Applicable,≥4,Statewide,10142
22945,2021,T1,1,Gasoline,2014,ICE,Not Applicable,3,Statewide,10141
22946,2021,MC,Not Applicable,Gasoline,2021,ICE,Not Applicable,1,Statewide,10076
22947,2021,T6,Unknown,Natural Gas,2022,ICE,Not Applicable,≥4,Statewide,53
22948,2021,T4,2,Natural Gas,2006,ICE,Not Applicable,≥4,Statewide,53
22949,2021,P,Not Applicable,Natural Gas,2006,ICE,Not Applicable,2,Statewide,53
22950,2021,T7,8,Diesel,1985,ICE,Not Applicable,1,Statewide,54
22951,2021,B,Not Applicable,Gasoline,1996,ICE,Not Applicable,≥4,Statewide,54
22952,2021,B,Not Applicable,Gasoline,2015,ICE,Not Applicable,2,Statewide,54
22953,2021,B,Not Applicable,Gasoline,2019,ICE,Not Applicable,1,Statewide,54
22954,2021,T4,Unknown,Diesel,2020,ICE,Not Applicable,≥4,Statewide,55
22955,2021,MH,Not Applicable,Diesel,2001,ICE,Not Applicable,1,Statewide,55
22956,2021,BS,Not Applicable,Diesel,2007,ICE,Not Applicable,1,Statewide,55
22957,2021,T5,3,Diesel,2016,ICE,Not Applicable,≥4,Statewide,2979
22958,2021,T6,7,Diesel,2018,ICE,Not Applicable,≥4,Statewide,2991
22959,2021,T4,2,Diesel,2022,ICE,Not Applicable,2,Statewide,2992
22960,2021,T7,8,Diesel,2019,ICE,Not Applicable,≥4,Statewide,10683
22961,2021,T1,1,Gasoline,2008,ICE,Not Applicable,2,Statewide,10629
22962,2021,T5,3,Gasoline,1994,ICE,Not Applicable,2,Statewide,53
22963,2021,T3,2,Gasoline,2002,ICE,Not Applicable,1,Statewide,10590
22964,2021,T2,1,Gasoline,2001,ICE,Not Applicable,3,Statewide,10436
22965,2021,T3,2,Natural Gas,2009,ICE,Not Applicable,1,Statewide,54
22966,2021,P,Not Applicable,Natural Gas,2010,ICE,Not Applicable,1,Statewide,54
22967,2021,P,Not Applicable,Natural Gas,2006,ICE,Not Applicable,3,Statewide,54
22968,2021,BT,Not Applicable,Natural Gas,1998,ICE,Not Applicable,≥4,Statewide,54
22969,2021,T6,4,Gasoline,2021,ICE,Not Applicable,3,Statewide,54
22970,2021,T6,7,Gasoline,2020,ICE,Not Applicable,≥4,Statewide,54
22971,2021,B,Not Applicable,Gasoline,2022,ICE,Not Applicable,1,Statewide,54
22972,2021,P,Not Applicable,Gasoline,1992,ICE,Not Applicable,≥4,Statewide,10580
22973,2021,T4,2,Gasoline,2022,PHEV,0 to 50 miles,2,Statewide,53
22974,2021,T2,Unknown,Gasoline,1983,ICE,Not Applicable,2,Statewide,53
22975,2021,T2,Unknown,Gasoline,1978,ICE,Not Applicable,1,Statewide,53
22976,2021,T6,4,Gasoline,2019,ICE,Not Applicable,1,Statewide,52
22977,2021,T6,7,Gasoline,2000,ICE,Not Applicable,≥4,Statewide,52
22978,2021,T5,3,Gasoline,1991,ICE,Not Applicable,1,Statewide,52
22979,2021,T4,Unknown,Gasoline,2011,ICE,Not Applicable,3,Statewide,52
22980,2021,T3,Unknown,Gasoline,1983,ICE,Not Applicable,≥4,Statewide,52
22981,2021,T3,Unknown,Gasoline,1978,ICE,Not Applicable,1,Statewide,52
22982,2021,T2,Unknown,Gasoline,2020,PHEV,0 to 50 miles,1,Statewide,52
22983,2021,T2,Unknown,Gasoline,1998,ICE,Not Applicable,2,Statewide,52
22984,2021,P,Not Applicable,Gasoline,1988,ICE,Not Applicable,≥4,Statewide,3026
22985,2021,T2,Unknown,Gasoline,1985,ICE,Not Applicable,2,Statewide,52
22986,2021,B,Not Applicable,Gasoline,2001,ICE,Not Applicable,≥4,Statewide,52
22987,2021,T6,5,Electric,2017,BEV,Unknown,≥4,Statewide,52
22988,2021,P,Not Applicable,Electric,2016,BEV,Unknown,2,Statewide,52
22989,2021,T6,4,Diesel,2020,ICE,Not Applicable,3,Statewide,52
22990,2021,T6,7,Diesel,2009,ICE,Not Applicable,2,Statewide,52
22991,2021,T6,6,Diesel,1997,ICE,Not Applicable,1,Statewide,52
22992,2021,T6,4,Diesel,1994,ICE,Not Applicable,1,Statewide,52
22993,2021,T6,7,Diesel,1981,ICE,Not Applicable,≥4,Statewide,52
22994,2021,T1,Unknown,Gasoline,2004,ICE,Not Applicable,≥4,Statewide,52
22995,2021,T6,4,Diesel,1997,ICE,Not Applicable,1,Statewide,55
22996,2021,T2,1,Gasoline,1994,ICE,Not Applicable,3,Statewide,3025
22997,2021,T3,2,Gasoline,1997,ICE,Not Applicable,3,Statewide,3022
22998,2021,T1,Unknown,Gasoline,1991,ICE,Not Applicable,≥4,Statewide,53
22999,2021,T1,Unknown,Gasoline,1988,ICE,Not Applicable,≥4,Statewide,53
23000,2021,MH,Not Applicable,Gasoline,1985,ICE,Not Applicable,2,Statewide,53
23001,2021,BS,Not Applicable,Gasoline,2005,ICE,Not Applicable,≥4,Statewide,53
23002,2021,BS,Not Applicable,Gasoline,2000,ICE,Not Applicable,≥4,Statewide,53
23003,2021,T1,Unknown,Electric,2013,BEV,Unknown,≥4,Statewide,53
23004,2021,P,Not Applicable,Electric,2014,BEV,Unknown,1,Statewide,53
23005,2021,P,Not Applicable,Electric,2013,BEV,>150 miles,3,Statewide,53
23006,2021,T3,2,Gasoline,1993,ICE,Not Applicable,≥4,Statewide,3023
23007,2021,T7,8,Diesel,1990,ICE,Not Applicable,2,Statewide,53
23008,2021,T6,7,Diesel,2007,ICE,Not Applicable,2,Statewide,53
23009,2021,T6,6,Diesel,1999,ICE,Not Applicable,3,Statewide,53
23010,2021,T6,6,Diesel,1995,ICE,Not Applicable,1,Statewide,53
23011,2021,T6,6,Diesel,1977,ICE,Not Applicable,≥4,Statewide,53
23012,2021,T5,3,Diesel,1992,ICE,Not Applicable,3,Statewide,53
23013,2021,T5,3,Diesel,1991,ICE,Not Applicable,3,Statewide,53
23014,2021,T2,1,Diesel,1985,ICE,Not Applicable,≥4,Statewide,53
23015,2021,MH,Not Applicable,Diesel,1991,ICE,Not Applicable,≥4,Statewide,53
23016,2021,T6,7,Diesel,2020,ICE,Not Applicable,3,Statewide,53
23017,2021,P,Not Applicable,Electric,2019,BEV,Unknown,1,Statewide,55
23018,2021,B,Not Applicable,Gasoline,2017,ICE,Not Applicable,2,Statewide,55
23019,2021,T1,Unknown,Gasoline,1982,ICE,Not Applicable,3,Statewide,55
23020,2021,T7,8,Diesel,2020,ICE,Not Applicable,≥4,Statewide,11454
23021,2021,P,Not Applicable,Natural Gas,2005,ICE,Not Applicable,1,Statewide,57
23022,2021,T6,5,Gasoline,2021,ICE,Not Applicable,1,Statewide,57
23023,2021,T6,6,Gasoline,2020,ICE,Not Applicable,2,Statewide,57
23024,2021,T6,5,Gasoline,2008,ICE,Not Applicable,1,Statewide,57
23025,2021,T3,Unknown,Gasoline,1994,ICE,Not Applicable,2,Statewide,57
23026,2021,T3,Unknown,Gasoline,1981,ICE,Not Applicable,1,Statewide,57
23027,2021,T3,Unknown,Gasoline,1978,ICE,Not Applicable,2,Statewide,57
23028,2021,T1,1,Gasoline,2019,ICE,Not Applicable,3,Statewide,11494
23029,2021,T1,Unknown,Gasoline,2005,ICE,Not Applicable,≥4,Statewide,57
23030,2021,T6,7,Diesel,2022,ICE,Not Applicable,3,Statewide,57
23031,2021,T6,4,Diesel,2019,ICE,Not Applicable,3,Statewide,57
23032,2021,T2,Unknown,Diesel,2016,ICE,Not Applicable,≥4,Statewide,57
23033,2021,T2,1,Diesel,1979,ICE,Not Applicable,≥4,Statewide,57
23034,2021,BS,Not Applicable,Diesel,2005,ICE,Not Applicable,1,Statewide,57
23035,2021,T1,1,Gasoline,2017,ICE,Not Applicable,1,Statewide,11430
23036,2021,T3,Unknown,Gasoline,2013,ICE,Not Applicable,1,Statewide,2958
23037,2021,T4,2,Gasoline,1998,ICE,Not Applicable,≥4,Statewide,2970
23038,2021,P,Not Applicable,Electric,2007,BEV,Unknown,1,Statewide,57
23039,2021,P,Not Applicable,Gasoline,1997,ICE,Not Applicable,3,Statewide,11298
23040,2021,T1,1,Gasoline,2005,ICE,Not Applicable,3,Statewide,11581
23041,2021,T4,2,Diesel,2021,ICE,Not Applicable,≥4,Statewide,11649
23042,2021,T6,4,Natural Gas,2012,ICE,Not Applicable,≥4,Statewide,58
23043,2021,P,Not Applicable,Natural Gas,2009,ICE,Not Applicable,2,Statewide,58
23044,2021,T6,4,Gasoline,1995,ICE,Not Applicable,1,Statewide,58
23045,2021,T6,5,Gasoline,1977,ICE,Not Applicable,2,Statewide,58
23046,2021,T5,3,Gasoline,1987,ICE,Not Applicable,≥4,Statewide,58
23047,2021,T2,Unknown,Gasoline,1983,ICE,Not Applicable,3,Statewide,58
23048,2021,T1,Unknown,Gasoline,2012,ICE,Not Applicable,2,Statewide,58
23049,2021,B,Not Applicable,Gasoline,2015,ICE,Not Applicable,1,Statewide,58
23050,2021,MC,Not Applicable,Gasoline,1977,ICE,Not Applicable,≥4,Statewide,11600
23051,2021,T6,4,Diesel,2014,ICE,Not Applicable,1,Statewide,58
23052,2021,T5,3,Diesel,1989,ICE,Not Applicable,≥4,Statewide,58
23053,2021,T3,Unknown,Diesel,2013,ICE,Not Applicable,≥4,Statewide,58
23054,2021,P,Not Applicable,Diesel,1982,ICE,Not Applicable,2,Statewide,58
23055,2021,MH,Not Applicable,Diesel,1992,ICE,Not Applicable,≥4,Statewide,58
23056,2021,BS,Not Applicable,Diesel,2021,ICE,Not Applicable,1,Statewide,58
23057,2021,BS,Not Applicable,Diesel,2004,ICE,Not Applicable,1,Statewide,58
23058,2021,MC,Not Applicable,Gasoline,2006,ICE,Not Applicable,1,Statewide,2930
23059,2021,T2,Unknown,Gasoline,2016,ICE,Not Applicable,3,Statewide,2932
23060,2021,T6,Unknown,Diesel,1986,ICE,Not Applicable,≥4,Statewide,58
23061,2021,B,Not Applicable,Diesel,1979,ICE,Not Applicable,2,Statewide,2
23062,2021,T1,1,Gasoline,2009,ICE,Not Applicable,≥4,Statewide,11221
23063,2021,P,Not Applicable,Gasoline,1995,ICE,Not Applicable,1,Statewide,11079
23064,2021,T4,2,Diesel,2020,ICE,Not Applicable,3,Statewide,2971
23065,2021,T6,6,Diesel,2018,ICE,Not Applicable,≥4,Statewide,2971
23066,2021,P,Not Applicable,Gasoline,1993,ICE,Not Applicable,≥4,Statewide,11011
23067,2021,T1,1,Gasoline,2002,ICE,Not Applicable,2,Statewide,10980
23068,2021,T4,2,Gasoline,2004,ICE,Not Applicable,≥4,Statewide,10947
23069,2021,T2,1,Gasoline,2000,ICE,Not Applicable,2,Statewide,10930
23070,2021,T1,1,Gasoline,1996,ICE,Not Applicable,≥4,Statewide,10907
23071,2021,T4,2,Diesel,2008,ICE,Not Applicable,≥4,Statewide,10905
23072,2021,BT,Not Applicable,Diesel,1978,ICE,Not Applicable,≥4,Statewide,56
23073,2021,T1,1,Gasoline,2017,ICE,Not Applicable,2,Statewide,10875
23074,2021,T6,5,Gasoline,2016,ICE,Not Applicable,1,Statewide,55
23075,2021,T6,4,Gasoline,2003,ICE,Not Applicable,2,Statewide,55
23076,2021,T6,4,Gasoline,1999,ICE,Not Applicable,1,Statewide,55
23077,2021,T5,3,Gasoline,1993,ICE,Not Applicable,1,Statewide,55
23078,2021,T5,3,Gasoline,1992,ICE,Not Applicable,2,Statewide,55
23079,2021,T3,Unknown,Gasoline,1998,ICE,Not Applicable,2,Statewide,55
23080,2021,T2,Unknown,Gasoline,1981,ICE,Not Applicable,≥4,Statewide,55
23081,2021,T1,Unknown,Gasoline,1990,ICE,Not Applicable,≥4,Statewide,55
23082,2021,T6,5,Gasoline,2017,ICE,Not Applicable,1,Statewide,55
23083,2021,T3,2,Gasoline,2002,ICE,Not Applicable,3,Statewide,11182
23084,2021,P,Not Applicable,Diesel,1977,ICE,Not Applicable,2,Statewide,56
23085,2021,T4,Unknown,Diesel,1991,ICE,Not Applicable,≥4,Statewide,56
23086,2021,T1,1,Gasoline,2004,ICE,Not Applicable,1,Statewide,11068
23087,2021,T2,1,Gasoline,2000,ICE,Not Applicable,1,Statewide,11046
23088,2021,T1,1,Gasoline,2004,ICE,Not Applicable,3,Statewide,11043
23089,2021,T6,6,Gasoline,2008,ICE,Not Applicable,≥4,Statewide,56
23090,2021,T3,Unknown,Gasoline,1998,ICE,Not Applicable,1,Statewide,56
23091,2021,T3,Unknown,Gasoline,1994,ICE,Not Applicable,1,Statewide,56
23092,2021,T2,1,Gasoline,2021,PHEV,0 to 50 miles,≥4,Statewide,56
23093,2021,T2,Unknown,Gasoline,1984,ICE,Not Applicable,2,Statewide,56
23094,2021,T4,Unknown,Diesel,1977,ICE,Not Applicable,≥4,Statewide,56
23095,2021,T2,Unknown,Gasoline,1979,ICE,Not Applicable,2,Statewide,56
23096,2021,T1,Unknown,Gasoline,1980,ICE,Not Applicable,2,Statewide,56
23097,2021,BS,Not Applicable,Gasoline,2020,ICE,Not Applicable,1,Statewide,56
23098,2021,P,Not Applicable,Electric,2018,BEV,Unknown,1,Statewide,56
23099,2021,P,Not Applicable,Electric,2014,BEV,Unknown,3,Statewide,56
23100,2021,T6,7,Diesel,2021,ICE,Not Applicable,2,Statewide,56
23101,2021,T6,7,Diesel,2002,ICE,Not Applicable,3,Statewide,56
23102,2021,T5,3,Diesel,1993,ICE,Not Applicable,3,Statewide,56
23103,2021,T5,3,Diesel,1992,ICE,Not Applicable,1,Statewide,56
23104,2021,T1,Unknown,Gasoline,2007,ICE,Not Applicable,≥4,Statewide,56
23105,2021,MC,Not Applicable,Natural Gas,2012,ICE,Not Applicable,3,Statewide,1
23106,2021,T3,Unknown,Diesel,1980,ICE,Not Applicable,3,Statewide,2
23107,2021,MC,Not Applicable,Gasoline,2015,ICE,Not Applicable,3,Statewide,2857
23108,2021,T3,2,Natural Gas,2015,ICE,Not Applicable,2,Statewide,1
23109,2021,T3,2,Natural Gas,2016,ICE,Not Applicable,1,Statewide,1
23110,2021,T3,2,Natural Gas,2017,ICE,Not Applicable,2,Statewide,1
23111,2021,T3,2,Natural Gas,2017,ICE,Not Applicable,1,Statewide,1
23112,2021,T3,2,Natural Gas,2019,ICE,Not Applicable,1,Statewide,1
23113,2021,T4,Unknown,Natural Gas,1987,ICE,Not Applicable,≥4,Statewide,1
23114,2021,T4,Unknown,Natural Gas,1991,ICE,Not Applicable,≥4,Statewide,1
23115,2021,T4,Unknown,Natural Gas,1993,ICE,Not Applicable,≥4,Statewide,1
23116,2021,T4,Unknown,Natural Gas,1994,ICE,Not Applicable,≥4,Statewide,1
23117,2021,T4,Unknown,Natural Gas,1998,ICE,Not Applicable,≥4,Statewide,1
23118,2021,T4,2,Natural Gas,1999,ICE,Not Applicable,2,Statewide,1
23119,2021,T4,2,Natural Gas,2000,ICE,Not Applicable,≥4,Statewide,1
23120,2021,T4,2,Natural Gas,2001,ICE,Not Applicable,3,Statewide,1
23121,2021,T4,2,Natural Gas,2002,ICE,Not Applicable,3,Statewide,1
23122,2021,T4,2,Natural Gas,2016,ICE,Not Applicable,2,Statewide,1
23123,2021,T4,2,Natural Gas,2017,ICE,Not Applicable,1,Statewide,1
23124,2021,T4,2,Natural Gas,2018,ICE,Not Applicable,3,Statewide,1
23125,2021,T3,2,Natural Gas,2014,ICE,Not Applicable,≥4,Statewide,1
23126,2021,T3,2,Natural Gas,2012,ICE,Not Applicable,2,Statewide,1
23127,2021,T4,2,Diesel,2004,ICE,Not Applicable,3,Statewide,2783
23128,2021,T6,Unknown,Diesel,2004,ICE,Not Applicable,3,Statewide,2
23129,2021,T6,Unknown,Diesel,2007,ICE,Not Applicable,1,Statewide,2
23130,2021,T6,Unknown,Diesel,2007,ICE,Not Applicable,2,Statewide,2
23131,2021,T6,4,Gasoline,2012,ICE,Not Applicable,2,Statewide,66
23132,2021,T2,Unknown,Gasoline,1998,ICE,Not Applicable,1,Statewide,66
23133,2021,BS,Not Applicable,Gasoline,2015,ICE,Not Applicable,≥4,Statewide,66
23134,2021,B,Not Applicable,Gasoline,2018,ICE,Not Applicable,1,Statewide,66
23135,2021,B,Not Applicable,Gasoline,2016,ICE,Not Applicable,2,Statewide,66
23136,2021,MC,Not Applicable,Electric,2019,BEV,Unknown,≥4,Statewide,66
23137,2021,T6,Unknown,Diesel,2003,ICE,Not Applicable,1,Statewide,2
23138,2021,T7,8,Diesel,1989,ICE,Not Applicable,1,Statewide,66
23139,2021,T6,4,Diesel,2021,ICE,Not Applicable,3,Statewide,66
23140,2021,T6,5,Diesel,2001,ICE,Not Applicable,≥4,Statewide,66
23141,2021,T6,7,Diesel,2001,ICE,Not Applicable,2,Statewide,66
23142,2021,T4,2,Diesel,2023,ICE,Not Applicable,1,Statewide,66
23143,2021,T2,1,Diesel,2010,ICE,Not Applicable,≥4,Statewide,66
23144,2021,T6,6,Diesel,2009,ICE,Not Applicable,≥4,Statewide,2777
23145,2021,T3,2,Natural Gas,2012,ICE,Not Applicable,≥4,Statewide,1
23146,2021,T3,2,Gasoline,1997,ICE,Not Applicable,1,Statewide,2780
23147,2021,T7,8,Diesel,1980,ICE,Not Applicable,1,Statewide,66
23148,2021,T6,Unknown,Diesel,2003,ICE,Not Applicable,3,Statewide,2
23149,2021,T6,Unknown,Diesel,2002,ICE,Not Applicable,1,Statewide,2
23150,2021,T6,Unknown,Diesel,2001,ICE,Not Applicable,1,Statewide,2
23151,2021,T1,Unknown,Gasoline,1980,ICE,Not Applicable,3,Statewide,65
23152,2021,B,Not Applicable,Gasoline,2005,ICE,Not Applicable,3,Statewide,65
23153,2021,T6,6,Electric,2015,BEV,Unknown,≥4,Statewide,65
23154,2021,P,Not Applicable,Electric,2020,BEV,Unknown,3,Statewide,65
23155,2021,T6,7,Diesel,2008,ICE,Not Applicable,3,Statewide,65
23156,2021,T6,7,Diesel,2007,ICE,Not Applicable,3,Statewide,65
23157,2021,T6,7,Diesel,2003,ICE,Not Applicable,3,Statewide,65
23158,2021,T6,4,Diesel,1999,ICE,Not Applicable,1,Statewide,65
23159,2021,T1,Unknown,Gasoline,1982,ICE,Not Applicable,2,Statewide,65
23160,2021,T6,7,Diesel,1995,ICE,Not Applicable,3,Statewide,65
23161,2021,P,Not Applicable,Diesel,1994,ICE,Not Applicable,≥4,Statewide,65
23162,2021,P,Not Applicable,Diesel,1993,ICE,Not Applicable,≥4,Statewide,65
23163,2021,MH,Not Applicable,Diesel,1997,ICE,Not Applicable,2,Statewide,65
23164,2021,T5,3,Gasoline,2010,ICE,Not Applicable,≥4,Statewide,2786
23165,2021,T6,5,Diesel,1987,ICE,Not Applicable,≥4,Statewide,2
23166,2021,T4,Unknown,Natural Gas,2018,ICE,Not Applicable,≥4,Statewide,1
23167,2021,T4,2,Natural Gas,2019,ICE,Not Applicable,3,Statewide,1
23168,2021,T6,6,Diesel,1986,ICE,Not Applicable,3,Statewide,2
23169,2021,T3,2,Diesel,1988,ICE,Not Applicable,2,Statewide,65
23170,2021,T6,Unknown,Diesel,2011,ICE,Not Applicable,1,Statewide,2
23171,2021,T4,Unknown,Gasoline,2012,ICE,Not Applicable,1,Statewide,65
23172,2021,T6,4,Gasoline,1996,ICE,Not Applicable,1,Statewide,65
23173,2021,T6,Unknown,Diesel,2000,ICE,Not Applicable,1,Statewide,2
23174,2021,T6,Unknown,Diesel,2000,ICE,Not Applicable,2,Statewide,2
23175,2021,T6,Unknown,Diesel,1995,ICE,Not Applicable,1,Statewide,2
23176,2021,T6,Unknown,Diesel,1995,ICE,Not Applicable,3,Statewide,2
23177,2021,T6,Unknown,Diesel,1993,ICE,Not Applicable,2,Statewide,2
23178,2021,T6,5,Diesel,1993,ICE,Not Applicable,1,Statewide,2
23179,2021,T6,Unknown,Diesel,1992,ICE,Not Applicable,1,Statewide,2
23180,2021,T6,4,Diesel,1991,ICE,Not Applicable,2,Statewide,2
23181,2021,T5,3,Gasoline,1992,ICE,Not Applicable,1,Statewide,65
23182,2021,T6,5,Diesel,1991,ICE,Not Applicable,1,Statewide,2
23183,2021,T6,Unknown,Diesel,1990,ICE,Not Applicable,1,Statewide,2
23184,2021,T6,Unknown,Diesel,1990,ICE,Not Applicable,2,Statewide,2
23185,2021,T6,Unknown,Diesel,1990,ICE,Not Applicable,3,Statewide,2
23186,2021,T6,4,Diesel,1989,ICE,Not Applicable,1,Statewide,2
23187,2021,T6,4,Diesel,1989,ICE,Not Applicable,≥4,Statewide,2
23188,2021,T6,Unknown,Diesel,1987,ICE,Not Applicable,1,Statewide,2
23189,2021,T6,4,Gasoline,2009,ICE,Not Applicable,2,Statewide,65
23190,2021,T6,4,Gasoline,2003,ICE,Not Applicable,3,Statewide,65
23191,2021,T6,5,Diesel,1991,ICE,Not Applicable,2,Statewide,2
23192,2021,T6,Unknown,Diesel,2012,ICE,Not Applicable,1,Statewide,2
23193,2021,T6,Unknown,Diesel,2015,ICE,Not Applicable,2,Statewide,2
23194,2021,T6,Unknown,Diesel,2021,ICE,Not Applicable,3,Statewide,2
23195,2021,T1,1,Natural Gas,1999,ICE,Not Applicable,≥4,Statewide,1
23196,2021,P,Not Applicable,Natural Gas,2003,ICE,Not Applicable,≥4,Statewide,68
23197,2021,T6,4,Gasoline,2020,ICE,Not Applicable,2,Statewide,68
23198,2021,T5,3,Gasoline,1996,ICE,Not Applicable,2,Statewide,68
23199,2021,T5,3,Gasoline,1994,ICE,Not Applicable,1,Statewide,68
23200,2021,T3,Unknown,Gasoline,1992,ICE,Not Applicable,2,Statewide,68
23201,2021,T1,Unknown,Gasoline,1984,ICE,Not Applicable,2,Statewide,68
23202,2021,T6,5,Diesel,2014,ICE,Not Applicable,2,Statewide,68
23203,2021,T1,Unknown,Natural Gas,1998,ICE,Not Applicable,≥4,Statewide,1
23204,2021,T6,5,Diesel,1998,ICE,Not Applicable,≥4,Statewide,68
23205,2021,T3,2,Diesel,2009,ICE,Not Applicable,1,Statewide,68
23206,2021,T3,2,Diesel,1991,ICE,Not Applicable,≥4,Statewide,68
23207,2021,P,Not Applicable,Diesel,2002,ICE,Not Applicable,2,Statewide,68
23208,2021,MH,Not Applicable,Diesel,2015,ICE,Not Applicable,2,Statewide,68
23209,2021,T5,3,Gasoline,2009,ICE,Not Applicable,≥4,Statewide,2722
23210,2021,T4,Unknown,Gasoline,2021,ICE,Not Applicable,1,Statewide,2726
23211,2021,T1,Unknown,Natural Gas,2002,ICE,Not Applicable,≥4,Statewide,1
23212,2021,T4,2,Diesel,2013,ICE,Not Applicable,1,Statewide,2742
23213,2021,T6,7,Diesel,1994,ICE,Not Applicable,1,Statewide,68
23214,2021,T1,Unknown,Natural Gas,2004,ICE,Not Applicable,≥4,Statewide,1
23215,2021,T1,Unknown,Natural Gas,1994,ICE,Not Applicable,1,Statewide,1
23216,2021,T1,Unknown,Natural Gas,1977,ICE,Not Applicable,2,Statewide,1
23217,2021,MC,Not Applicable,Natural Gas,2013,ICE,Not Applicable,≥4,Statewide,1
23218,2021,P,Not Applicable,Diesel,2019,ICE,Not Applicable,1,Statewide,2709
23219,2021,T4,2,Diesel,2022,ICE,Not Applicable,3,Statewide,2712
23220,2021,T6,5,Diesel,2011,ICE,Not Applicable,≥4,Statewide,2712
23221,2021,MC,Not Applicable,Natural Gas,2014,ICE,Not Applicable,≥4,Statewide,1
23222,2021,MC,Not Applicable,Natural Gas,2017,ICE,Not Applicable,3,Statewide,1
23223,2021,MC,Not Applicable,Natural Gas,2020,ICE,Not Applicable,≥4,Statewide,1
23224,2021,MH,Not Applicable,Natural Gas,1977,ICE,Not Applicable,2,Statewide,1
23225,2021,T1,Unknown,Natural Gas,1994,ICE,Not Applicable,3,Statewide,1
23226,2021,MH,Not Applicable,Natural Gas,1984,ICE,Not Applicable,3,Statewide,1
23227,2021,MH,Not Applicable,Natural Gas,2015,ICE,Not Applicable,1,Statewide,1
23228,2021,P,Not Applicable,Natural Gas,1978,ICE,Not Applicable,3,Statewide,1
23229,2021,P,Not Applicable,Natural Gas,1980,ICE,Not Applicable,3,Statewide,1
23230,2021,P,Not Applicable,Natural Gas,1980,ICE,Not Applicable,2,Statewide,1
23231,2021,P,Not Applicable,Natural Gas,1982,ICE,Not Applicable,≥4,Statewide,1
23232,2021,P,Not Applicable,Natural Gas,1994,ICE,Not Applicable,≥4,Statewide,1
23233,2021,P,Not Applicable,Natural Gas,2000,ICE,Not Applicable,1,Statewide,1
23234,2021,P,Not Applicable,Natural Gas,2001,ICE,Not Applicable,2,Statewide,1
23235,2021,MH,Not Applicable,Natural Gas,2007,ICE,Not Applicable,2,Statewide,1
23236,2021,T6,6,Diesel,1984,ICE,Not Applicable,1,Statewide,2
23237,2021,T1,Unknown,Natural Gas,2008,ICE,Not Applicable,≥4,Statewide,1
23238,2021,T1,Unknown,Natural Gas,2011,ICE,Not Applicable,≥4,Statewide,1
23239,2021,T4,2,Gasoline,2010,ICE,Not Applicable,3,Statewide,2760
23240,2021,T4,2,Gasoline,2010,ICE,Not Applicable,2,Statewide,2765
23241,2021,P,Not Applicable,Electric,2021,BEV,>150 miles,3,Statewide,2768
23242,2021,T2,Unknown,Gasoline,2013,ICE,Not Applicable,1,Statewide,2768
23243,2021,T2,1,Natural Gas,1999,ICE,Not Applicable,1,Statewide,1
23244,2021,T2,1,Natural Gas,2000,ICE,Not Applicable,2,Statewide,1
23245,2021,T2,1,Natural Gas,2000,ICE,Not Applicable,1,Statewide,1
23246,2021,T2,1,Natural Gas,2001,ICE,Not Applicable,3,Statewide,1
23247,2021,T2,1,Natural Gas,1999,ICE,Not Applicable,2,Statewide,1
23248,2021,T2,Unknown,Natural Gas,2004,ICE,Not Applicable,2,Statewide,1
23249,2021,T2,Unknown,Natural Gas,2006,ICE,Not Applicable,2,Statewide,1
23250,2021,T2,Unknown,Natural Gas,2007,ICE,Not Applicable,2,Statewide,1
23251,2021,T2,Unknown,Natural Gas,2017,ICE,Not Applicable,1,Statewide,1
23252,2021,T2,Unknown,Natural Gas,2019,ICE,Not Applicable,3,Statewide,1
23253,2021,T2,1,Natural Gas,2021,ICE,Not Applicable,≥4,Statewide,1
23254,2021,T3,Unknown,Natural Gas,1998,ICE,Not Applicable,≥4,Statewide,1
23255,2021,T3,2,Natural Gas,1999,ICE,Not Applicable,2,Statewide,1
23256,2021,T3,Unknown,Natural Gas,1999,ICE,Not Applicable,≥4,Statewide,1
23257,2021,T2,Unknown,Natural Gas,2006,ICE,Not Applicable,3,Statewide,1
23258,2021,T1,Unknown,Natural Gas,2010,ICE,Not Applicable,1,Statewide,1
23259,2021,T2,1,Natural Gas,1999,ICE,Not Applicable,3,Statewide,1
23260,2021,MH,Not Applicable,Diesel,2016,ICE,Not Applicable,2,Statewide,67
23261,2021,T1,Unknown,Natural Gas,2015,ICE,Not Applicable,≥4,Statewide,1
23262,2021,T1,Unknown,Natural Gas,2016,ICE,Not Applicable,≥4,Statewide,1
23263,2021,T1,Unknown,Natural Gas,2017,ICE,Not Applicable,≥4,Statewide,1
23264,2021,T2,Unknown,Natural Gas,1977,ICE,Not Applicable,2,Statewide,1
23265,2021,T2,Unknown,Natural Gas,1986,ICE,Not Applicable,3,Statewide,1
23266,2021,P,Not Applicable,Natural Gas,2019,ICE,Not Applicable,3,Statewide,67
23267,2021,T6,6,Gasoline,2020,ICE,Not Applicable,1,Statewide,67
23268,2021,T4,Unknown,Gasoline,2021,PHEV,0 to 50 miles,1,Statewide,67
23269,2021,BS,Not Applicable,Diesel,2011,ICE,Not Applicable,1,Statewide,67
23270,2021,T4,Unknown,Gasoline,2019,ICE,Not Applicable,3,Statewide,67
23271,2021,T1,Unknown,Gasoline,1981,ICE,Not Applicable,1,Statewide,67
23272,2021,T6,7,Diesel,2002,ICE,Not Applicable,2,Statewide,67
23273,2021,T6,7,Diesel,1991,ICE,Not Applicable,1,Statewide,67
23274,2021,T3,2,Diesel,2001,ICE,Not Applicable,≥4,Statewide,67
23275,2021,T3,2,Diesel,1987,ICE,Not Applicable,2,Statewide,67
23276,2021,P,Not Applicable,Diesel,2012,ICE,Not Applicable,2,Statewide,67
23277,2021,P,Not Applicable,Diesel,1982,ICE,Not Applicable,3,Statewide,67
23278,2021,P,Not Applicable,Diesel,1977,ICE,Not Applicable,3,Statewide,67
23279,2021,T4,Unknown,Gasoline,2012,ICE,Not Applicable,≥4,Statewide,67
23280,2021,T3,Unknown,Diesel,1980,ICE,Not Applicable,1,Statewide,2
23281,2021,T4,2,Natural Gas,2019,ICE,Not Applicable,1,Statewide,1
23282,2021,T5,3,Natural Gas,2021,ICE,Not Applicable,≥4,Statewide,1
23283,2021,T7,8,Natural Gas,2011,ICE,Not Applicable,3,Statewide,1
23284,2021,T7,8,Natural Gas,2012,ICE,Not Applicable,3,Statewide,1
23285,2021,T4,Unknown,Diesel,1985,ICE,Not Applicable,2,Statewide,2
23286,2021,T4,2,Diesel,1985,ICE,Not Applicable,2,Statewide,2
23287,2021,T4,Unknown,Diesel,1984,ICE,Not Applicable,1,Statewide,2
23288,2021,T4,Unknown,Diesel,1980,ICE,Not Applicable,3,Statewide,2
23289,2021,T4,Unknown,Diesel,1978,ICE,Not Applicable,1,Statewide,2
23290,2021,T4,2,Diesel,1977,ICE,Not Applicable,≥4,Statewide,2
23291,2021,T3,Unknown,Diesel,2010,ICE,Not Applicable,1,Statewide,2
23292,2021,T3,Unknown,Diesel,2009,ICE,Not Applicable,1,Statewide,2
23293,2021,T3,Unknown,Diesel,2009,ICE,Not Applicable,3,Statewide,2
23294,2021,T3,Unknown,Diesel,2008,ICE,Not Applicable,1,Statewide,2
23295,2021,T3,Unknown,Diesel,2002,ICE,Not Applicable,≥4,Statewide,2
23296,2021,T3,Unknown,Diesel,1999,ICE,Not Applicable,≥4,Statewide,2
23297,2021,T3,Unknown,Diesel,1998,ICE,Not Applicable,2,Statewide,2
23298,2021,T3,Unknown,Diesel,1997,ICE,Not Applicable,1,Statewide,2
23299,2021,T3,Unknown,Diesel,1996,ICE,Not Applicable,≥4,Statewide,2
23300,2021,T7,8,Natural Gas,2010,ICE,Not Applicable,2,Statewide,1
23301,2021,T7,8,Natural Gas,2010,ICE,Not Applicable,3,Statewide,1
23302,2021,T7,8,Natural Gas,2008,ICE,Not Applicable,1,Statewide,1
23303,2021,T7,8,Natural Gas,2005,ICE,Not Applicable,≥4,Statewide,1
23304,2021,P,Not Applicable,Gasoline,1978,ICE,Not Applicable,2,Statewide,2815
23305,2021,T2,Unknown,Gasoline,2016,ICE,Not Applicable,1,Statewide,2816
23306,2021,T6,5,Natural Gas,2019,ICE,Not Applicable,1,Statewide,1
23307,2021,T6,7,Natural Gas,2020,ICE,Not Applicable,3,Statewide,1
23308,2021,T6,4,Natural Gas,2020,ICE,Not Applicable,3,Statewide,1
23309,2021,T4,2,Gasoline,2010,ICE,Not Applicable,1,Statewide,2826
23310,2021,T4,Unknown,Diesel,1985,ICE,Not Applicable,1,Statewide,2
23311,2021,MH,Not Applicable,Gasoline,2008,ICE,Not Applicable,≥4,Statewide,2831
23312,2021,T3,Unknown,Diesel,1995,ICE,Not Applicable,1,Statewide,2
23313,2021,T6,4,Natural Gas,2020,ICE,Not Applicable,2,Statewide,1
23314,2021,T1,1,Gasoline,1992,ICE,Not Applicable,1,Statewide,2834
23315,2021,T6,7,Natural Gas,2021,ICE,Not Applicable,3,Statewide,1
23316,2021,T6,6,Natural Gas,2021,ICE,Not Applicable,≥4,Statewide,1
23317,2021,T6,4,Natural Gas,2021,ICE,Not Applicable,1,Statewide,1
23318,2021,T6,Unknown,Natural Gas,2022,ICE,Not Applicable,3,Statewide,1
23319,2021,T7,8,Natural Gas,1987,ICE,Not Applicable,≥4,Statewide,1
23320,2021,T7,8,Natural Gas,1997,ICE,Not Applicable,≥4,Statewide,1
23321,2021,T7,8,Natural Gas,1999,ICE,Not Applicable,≥4,Statewide,1
23322,2021,T6,4,Natural Gas,2020,ICE,Not Applicable,1,Statewide,1
23323,2021,T3,Unknown,Diesel,1995,ICE,Not Applicable,2,Statewide,2
23324,2021,T3,2,Diesel,1992,ICE,Not Applicable,1,Statewide,2
23325,2021,T3,2,Diesel,1992,ICE,Not Applicable,3,Statewide,2
23326,2021,T6,4,Diesel,2020,ICE,Not Applicable,2,Statewide,62
23327,2021,T6,4,Diesel,2017,ICE,Not Applicable,2,Statewide,62
23328,2021,T6,7,Diesel,2016,ICE,Not Applicable,3,Statewide,62
23329,2021,T6,7,Diesel,2001,ICE,Not Applicable,3,Statewide,62
23330,2021,T6,6,Diesel,1986,ICE,Not Applicable,≥4,Statewide,62
23331,2021,T3,2,Diesel,1988,ICE,Not Applicable,1,Statewide,62
23332,2021,T3,Unknown,Diesel,1984,ICE,Not Applicable,3,Statewide,2
23333,2021,T7,8,Diesel,2008,ICE,Not Applicable,≥4,Statewide,2838
23334,2021,T7,8,Diesel,1992,ICE,Not Applicable,2,Statewide,62
23335,2021,T3,2,Diesel,1983,ICE,Not Applicable,1,Statewide,2
23336,2021,T6,6,Diesel,2005,ICE,Not Applicable,≥4,Statewide,2845
23337,2021,MC,Not Applicable,Gasoline,1998,ICE,Not Applicable,≥4,Statewide,2849
23338,2021,T3,2,Diesel,1983,ICE,Not Applicable,2,Statewide,2
23339,2021,T4,2,Gasoline,1997,ICE,Not Applicable,≥4,Statewide,2852
23340,2021,T3,Unknown,Diesel,1982,ICE,Not Applicable,3,Statewide,2
23341,2021,T1,1,Gasoline,1991,ICE,Not Applicable,1,Statewide,2853
23342,2021,T3,Unknown,Diesel,1982,ICE,Not Applicable,≥4,Statewide,2
23343,2021,T3,2,Diesel,1982,ICE,Not Applicable,1,Statewide,2
23344,2021,T2,1,Gasoline,1994,ICE,Not Applicable,1,Statewide,2842
23345,2021,BT,Not Applicable,Diesel,1992,ICE,Not Applicable,≥4,Statewide,63
23346,2021,P,Not Applicable,Electric,2006,BEV,Unknown,≥4,Statewide,62
23347,2021,BS,Not Applicable,Gasoline,1993,ICE,Not Applicable,≥4,Statewide,62
23348,2021,T3,Unknown,Diesel,1990,ICE,Not Applicable,2,Statewide,2
23349,2021,T3,Unknown,Diesel,1988,ICE,Not Applicable,2,Statewide,2
23350,2021,T3,Unknown,Diesel,1987,ICE,Not Applicable,3,Statewide,2
23351,2021,T3,Unknown,Diesel,1986,ICE,Not Applicable,3,Statewide,2
23352,2021,T3,2,Diesel,1986,ICE,Not Applicable,1,Statewide,2
23353,2021,T3,Unknown,Diesel,1985,ICE,Not Applicable,3,Statewide,2
23354,2021,P,Not Applicable,Natural Gas,2009,ICE,Not Applicable,1,Statewide,62
23355,2021,BT,Not Applicable,Natural Gas,2022,ICE,Not Applicable,≥4,Statewide,62
23356,2021,B,Not Applicable,Gasoline,2020,ICE,Not Applicable,1,Statewide,62
23357,2021,B,Not Applicable,Natural Gas,2015,ICE,Not Applicable,≥4,Statewide,62
23358,2021,T6,6,Gasoline,2017,ICE,Not Applicable,1,Statewide,62
23359,2021,T6,4,Gasoline,2010,ICE,Not Applicable,2,Statewide,62
23360,2021,T6,4,Gasoline,2001,ICE,Not Applicable,2,Statewide,62
23361,2021,T6,6,Gasoline,1984,ICE,Not Applicable,1,Statewide,62
23362,2021,T5,3,Gasoline,1994,ICE,Not Applicable,3,Statewide,62
23363,2021,T3,Unknown,Gasoline,1981,ICE,Not Applicable,3,Statewide,62
23364,2021,T2,Unknown,Gasoline,1984,ICE,Not Applicable,3,Statewide,62
23365,2021,T1,Unknown,Gasoline,1979,ICE,Not Applicable,3,Statewide,62
23366,2021,T6,4,Gasoline,2020,ICE,Not Applicable,3,Statewide,62
23367,2021,MH,Not Applicable,Diesel,2015,ICE,Not Applicable,1,Statewide,63
23368,2021,P,Not Applicable,Diesel,2013,ICE,Not Applicable,3,Statewide,63
23369,2021,T3,2,Diesel,1987,ICE,Not Applicable,3,Statewide,63
23370,2021,T4,Unknown,Diesel,2007,ICE,Not Applicable,2,Statewide,2
23371,2021,T4,Unknown,Diesel,2007,ICE,Not Applicable,3,Statewide,2
23372,2021,T4,Unknown,Diesel,2006,ICE,Not Applicable,1,Statewide,2
23373,2021,T6,7,Gasoline,2007,ICE,Not Applicable,≥4,Statewide,64
23374,2021,T6,7,Gasoline,1996,ICE,Not Applicable,≥4,Statewide,64
23375,2021,T4,Unknown,Gasoline,2013,ICE,Not Applicable,2,Statewide,64
23376,2021,T2,1,Gasoline,2021,PHEV,0 to 50 miles,3,Statewide,64
23377,2021,BS,Not Applicable,Gasoline,1992,ICE,Not Applicable,≥4,Statewide,64
23378,2021,T4,Unknown,Diesel,2010,ICE,Not Applicable,2,Statewide,2
23379,2021,T2,1,Electric,2019,BEV,101 to 150 miles,1,Statewide,64
23380,2021,T6,7,Diesel,2021,ICE,Not Applicable,3,Statewide,64
23381,2021,T3,2,Diesel,1987,ICE,Not Applicable,1,Statewide,64
23382,2021,BT,Not Applicable,Diesel,1990,ICE,Not Applicable,≥4,Statewide,64
23383,2021,T6,7,Natural Gas,2007,ICE,Not Applicable,1,Statewide,1
23384,2021,T4,Unknown,Diesel,2003,ICE,Not Applicable,1,Statewide,2
23385,2021,T6,6,Natural Gas,2007,ICE,Not Applicable,1,Statewide,1
23386,2021,T6,5,Natural Gas,2007,ICE,Not Applicable,≥4,Statewide,1
23387,2021,T6,5,Diesel,2013,ICE,Not Applicable,≥4,Statewide,2805
23388,2021,T7,8,Diesel,1996,ICE,Not Applicable,2,Statewide,64
23389,2021,T6,5,Natural Gas,2007,ICE,Not Applicable,1,Statewide,1
23390,2021,T4,Unknown,Diesel,2010,ICE,Not Applicable,1,Statewide,2
23391,2021,T4,Unknown,Diesel,2018,ICE,Not Applicable,2,Statewide,2
23392,2021,T6,Unknown,Natural Gas,1977,ICE,Not Applicable,3,Statewide,1
23393,2021,T6,Unknown,Natural Gas,2000,ICE,Not Applicable,≥4,Statewide,1
23394,2021,T6,6,Natural Gas,2001,ICE,Not Applicable,≥4,Statewide,1
23395,2021,T6,4,Natural Gas,2002,ICE,Not Applicable,2,Statewide,1
23396,2021,T6,4,Natural Gas,2003,ICE,Not Applicable,≥4,Statewide,1
23397,2021,T6,4,Natural Gas,2006,ICE,Not Applicable,≥4,Statewide,1
23398,2021,T6,7,Natural Gas,2007,ICE,Not Applicable,3,Statewide,1
23399,2021,T6,6,Diesel,1984,ICE,Not Applicable,2,Statewide,2
23400,2021,T4,Unknown,Diesel,2016,ICE,Not Applicable,2,Statewide,2
23401,2021,T6,Unknown,Diesel,1981,ICE,Not Applicable,2,Statewide,2
23402,2021,T6,6,Diesel,1979,ICE,Not Applicable,3,Statewide,2
23403,2021,T6,6,Diesel,1978,ICE,Not Applicable,2,Statewide,2
23404,2021,T6,6,Diesel,1978,ICE,Not Applicable,3,Statewide,2
23405,2021,T6,7,Diesel,1978,ICE,Not Applicable,2,Statewide,2
23406,2021,T6,5,Diesel,1977,ICE,Not Applicable,1,Statewide,2
23407,2021,T5,3,Diesel,1988,ICE,Not Applicable,2,Statewide,2
23408,2021,T5,3,Diesel,1982,ICE,Not Applicable,1,Statewide,2
23409,2021,T4,Unknown,Diesel,2019,ICE,Not Applicable,3,Statewide,2
23410,2021,T6,7,Diesel,1981,ICE,Not Applicable,3,Statewide,2
23411,2021,T4,2,Natural Gas,2021,ICE,Not Applicable,1,Statewide,1
23412,2021,T1,1,Gasoline,1993,ICE,Not Applicable,1,Statewide,2807
23413,2021,T4,Unknown,Diesel,2002,ICE,Not Applicable,2,Statewide,2
23414,2021,T4,Unknown,Diesel,1993,ICE,Not Applicable,2,Statewide,2
23415,2021,T4,Unknown,Diesel,1991,ICE,Not Applicable,1,Statewide,2
23416,2021,T4,Unknown,Diesel,1991,ICE,Not Applicable,2,Statewide,2
23417,2021,T4,Unknown,Diesel,1990,ICE,Not Applicable,3,Statewide,2
23418,2021,T4,Unknown,Diesel,1989,ICE,Not Applicable,1,Statewide,2
23419,2021,T4,Unknown,Diesel,1989,ICE,Not Applicable,2,Statewide,2
23420,2021,T4,Unknown,Diesel,1987,ICE,Not Applicable,1,Statewide,2
23421,2021,BS,Not Applicable,Natural Gas,2011,ICE,Not Applicable,≥4,Statewide,63
23422,2021,T4,Unknown,Diesel,1995,ICE,Not Applicable,3,Statewide,2
23423,2021,T6,7,Gasoline,2006,ICE,Not Applicable,≥4,Statewide,63
23424,2021,T4,2,Gasoline,2022,PHEV,0 to 50 miles,1,Statewide,63
23425,2021,T4,Unknown,Gasoline,2011,ICE,Not Applicable,2,Statewide,63
23426,2021,BS,Not Applicable,Gasoline,2016,ICE,Not Applicable,≥4,Statewide,63
23427,2021,T7,8,Diesel,1997,ICE,Not Applicable,3,Statewide,63
23428,2021,T6,6,Diesel,2019,ICE,Not Applicable,3,Statewide,63
23429,2021,T6,4,Diesel,2015,ICE,Not Applicable,1,Statewide,63
23430,2021,T6,7,Diesel,1998,ICE,Not Applicable,1,Statewide,63
23431,2021,T6,7,Diesel,1977,ICE,Not Applicable,≥4,Statewide,63
23432,2021,T6,4,Gasoline,2001,ICE,Not Applicable,3,Statewide,63
23433,2021,T3,2,Diesel,2020,ICE,Not Applicable,2,Statewide,2808
23434,2021,T4,Unknown,Diesel,1995,ICE,Not Applicable,2,Statewide,2
23435,2021,T4,Unknown,Diesel,1997,ICE,Not Applicable,2,Statewide,2
23436,2021,T6,4,Natural Gas,2007,ICE,Not Applicable,2,Statewide,1
23437,2021,T6,4,Natural Gas,2007,ICE,Not Applicable,1,Statewide,1
23438,2021,T6,7,Natural Gas,2008,ICE,Not Applicable,2,Statewide,1
23439,2021,T6,4,Natural Gas,2008,ICE,Not Applicable,1,Statewide,1
23440,2021,T6,6,Natural Gas,2009,ICE,Not Applicable,3,Statewide,1
23441,2021,T6,6,Natural Gas,2011,ICE,Not Applicable,1,Statewide,1
23442,2021,T6,7,Natural Gas,2014,ICE,Not Applicable,≥4,Statewide,1
23443,2021,T6,Unknown,Natural Gas,2014,ICE,Not Applicable,≥4,Statewide,1
23444,2021,T4,Unknown,Diesel,1995,ICE,Not Applicable,1,Statewide,2
23445,2021,T6,6,Natural Gas,2015,ICE,Not Applicable,2,Statewide,1
23446,2021,T6,Unknown,Natural Gas,2015,ICE,Not Applicable,≥4,Statewide,1
23447,2021,T6,7,Natural Gas,2017,ICE,Not Applicable,2,Statewide,1
23448,2021,T6,4,Natural Gas,2017,ICE,Not Applicable,3,Statewide,1
23449,2021,T6,6,Natural Gas,2018,ICE,Not Applicable,1,Statewide,1
23450,2021,T4,Unknown,Diesel,2001,ICE,Not Applicable,2,Statewide,2
23451,2021,T4,Unknown,Diesel,2000,ICE,Not Applicable,1,Statewide,2
23452,2021,T4,Unknown,Diesel,2000,ICE,Not Applicable,3,Statewide,2
23453,2021,T4,Unknown,Diesel,1999,ICE,Not Applicable,3,Statewide,2
23454,2021,T6,5,Natural Gas,2015,ICE,Not Applicable,1,Statewide,1
23455,2021,T4,Unknown,Gasoline,2009,ICE,Not Applicable,3,Statewide,4
23456,2021,T6,Unknown,Gasoline,1998,ICE,Not Applicable,2,Statewide,1
23457,2021,MH,Not Applicable,Gasoline,2015,ICE,Not Applicable,1,Statewide,99
23458,2021,T3,Unknown,Electric,1996,BEV,Unknown,≥4,Statewide,1
23459,2021,T2,Unknown,Diesel,1988,ICE,Not Applicable,2,Statewide,1
23460,2021,T3,Unknown,Electric,1990,BEV,Unknown,≥4,Statewide,1
23461,2021,T3,Unknown,Electric,1986,BEV,Unknown,≥4,Statewide,1
23462,2021,T2,Unknown,Diesel,1989,ICE,Not Applicable,1,Statewide,1
23463,2021,T6,7,Diesel,1981,ICE,Not Applicable,2,Statewide,4
23464,2021,T2,Unknown,Diesel,1997,ICE,Not Applicable,3,Statewide,1
23465,2021,T7,8,Natural Gas,2007,ICE,Not Applicable,≥4,Statewide,130
23466,2021,T6,4,Gasoline,2021,ICE,Not Applicable,1,Statewide,130
23467,2021,BT,Not Applicable,Diesel,1987,ICE,Not Applicable,≥4,Statewide,123
23468,2021,T6,Unknown,Diesel,1981,ICE,Not Applicable,3,Statewide,4
23469,2021,T4,2,Gasoline,1982,ICE,Not Applicable,3,Statewide,130
23470,2021,T2,Unknown,Gasoline,1999,ICE,Not Applicable,3,Statewide,130
23471,2021,T1,1,Electric,2019,BEV,101 to 150 miles,1,Statewide,130
23472,2021,P,Not Applicable,Diesel,2022,ICE,Not Applicable,3,Statewide,130
23473,2021,P,Not Applicable,Diesel,1996,ICE,Not Applicable,≥4,Statewide,130
23474,2021,T2,1,Diesel,1998,ICE,Not Applicable,3,Statewide,1
23475,2021,BT,Not Applicable,Diesel,2018,ICE,Not Applicable,1,Statewide,123
23476,2021,T2,Unknown,Diesel,2019,ICE,Not Applicable,1,Statewide,123
23477,2021,T2,Unknown,Diesel,1998,ICE,Not Applicable,3,Statewide,1
23478,2021,T2,Unknown,Diesel,2000,ICE,Not Applicable,≥4,Statewide,1
23479,2021,T6,6,Diesel,2023,ICE,Not Applicable,1,Statewide,123
23480,2021,T2,Unknown,Electric,2022,BEV,Unknown,2,Statewide,1
23481,2021,T2,1,Electric,2021,BEV,Unknown,2,Statewide,1
23482,2021,T2,1,Electric,2021,BEV,Unknown,≥4,Statewide,1
23483,2021,T2,Unknown,Diesel,2002,ICE,Not Applicable,≥4,Statewide,1
23484,2021,T2,Unknown,Diesel,2002,ICE,Not Applicable,3,Statewide,1
23485,2021,T6,Unknown,Diesel,1979,ICE,Not Applicable,2,Statewide,4
23486,2021,T3,Unknown,Electric,1998,BEV,Unknown,1,Statewide,1
23487,2021,T6,Unknown,Diesel,1978,ICE,Not Applicable,3,Statewide,4
23488,2021,T2,Unknown,Diesel,1986,ICE,Not Applicable,1,Statewide,1
23489,2021,T1,Unknown,Diesel,2017,ICE,Not Applicable,1,Statewide,1
23490,2021,P,Not Applicable,Electric,1986,BEV,Unknown,1,Statewide,1
23491,2021,T1,1,Diesel,2021,ICE,Not Applicable,2,Statewide,1
23492,2021,T3,Unknown,Electric,2001,BEV,Unknown,1,Statewide,1
23493,2021,P,Not Applicable,Electric,1987,BEV,Unknown,≥4,Statewide,1
23494,2021,T1,Unknown,Diesel,2021,ICE,Not Applicable,1,Statewide,1
23495,2021,T2,1,Diesel,1977,ICE,Not Applicable,3,Statewide,1
23496,2021,T2,1,Diesel,1977,ICE,Not Applicable,2,Statewide,1
23497,2021,T2,1,Diesel,1977,ICE,Not Applicable,1,Statewide,1
23498,2021,P,Not Applicable,Electric,1987,BEV,Unknown,2,Statewide,1
23499,2021,T2,Unknown,Diesel,1978,ICE,Not Applicable,3,Statewide,1
23500,2021,T2,Unknown,Diesel,1980,ICE,Not Applicable,3,Statewide,1
23501,2021,T2,Unknown,Diesel,1980,ICE,Not Applicable,1,Statewide,1
23502,2021,T2,1,Electric,2019,BEV,Unknown,1,Statewide,1
23503,2021,P,Not Applicable,Gasoline,2023,PHEV,0 to 50 miles,1,Statewide,131
23504,2021,P,Not Applicable,Electric,1989,BEV,Unknown,1,Statewide,1
23505,2021,T1,1,Electric,2005,BEV,Unknown,≥4,Statewide,131
23506,2021,T3,Unknown,Diesel,2002,ICE,Not Applicable,1,Statewide,1
23507,2021,MH,Not Applicable,Diesel,1999,ICE,Not Applicable,3,Statewide,131
23508,2021,T2,Unknown,Diesel,1981,ICE,Not Applicable,3,Statewide,1
23509,2021,P,Not Applicable,Electric,2018,BEV,101 to 150 miles,2,Statewide,2105
23510,2021,T4,Unknown,Gasoline,2021,ICE,Not Applicable,2,Statewide,2105
23511,2021,T6,6,Diesel,1978,ICE,Not Applicable,1,Statewide,4
23512,2021,T5,3,Gasoline,2021,ICE,Not Applicable,≥4,Statewide,2107
23513,2021,T3,2,Gasoline,1995,ICE,Not Applicable,3,Statewide,2153
23514,2021,T3,2,Gasoline,1996,ICE,Not Applicable,3,Statewide,2109
23515,2021,T2,Unknown,Diesel,1982,ICE,Not Applicable,1,Statewide,1
23516,2021,T2,Unknown,Diesel,1983,ICE,Not Applicable,2,Statewide,1
23517,2021,MH,Not Applicable,Gasoline,1981,ICE,Not Applicable,3,Statewide,131
23518,2021,T4,2,Diesel,2004,ICE,Not Applicable,1,Statewide,2277
23519,2021,T7,8,Diesel,1982,ICE,Not Applicable,≥4,Statewide,123
23520,2021,T2,1,Electric,2017,BEV,Unknown,3,Statewide,1
23521,2021,T1,Unknown,Gasoline,1987,ICE,Not Applicable,2,Statewide,4
23522,2021,MH,Not Applicable,Diesel,2022,ICE,Not Applicable,2,Statewide,97
23523,2021,T6,6,Diesel,1989,ICE,Not Applicable,≥4,Statewide,97
23524,2021,T2,1,Diesel,2006,ICE,Not Applicable,≥4,Statewide,1
23525,2021,T3,Unknown,Diesel,1996,ICE,Not Applicable,2,Statewide,1
23526,2021,T2,Unknown,Diesel,2006,ICE,Not Applicable,3,Statewide,1
23527,2021,T3,Unknown,Diesel,1996,ICE,Not Applicable,3,Statewide,1
23528,2021,T3,2,Natural Gas,2007,ICE,Not Applicable,≥4,Statewide,128
23529,2021,T3,Unknown,Diesel,1994,ICE,Not Applicable,1,Statewide,1
23530,2021,T6,6,Gasoline,1992,ICE,Not Applicable,≥4,Statewide,128
23531,2021,MH,Not Applicable,Gasoline,1979,ICE,Not Applicable,3,Statewide,97
23532,2021,B,Not Applicable,Gasoline,2002,ICE,Not Applicable,≥4,Statewide,128
23533,2021,T3,Unknown,Gasoline,1995,ICE,Not Applicable,≥4,Statewide,97
23534,2021,T3,Unknown,Gasoline,1997,ICE,Not Applicable,≥4,Statewide,97
23535,2021,T4,2,Gasoline,2023,ICE,Not Applicable,3,Statewide,97
23536,2021,T7,8,Diesel,2023,ICE,Not Applicable,3,Statewide,128
23537,2021,T3,Unknown,Diesel,1993,ICE,Not Applicable,2,Statewide,1
23538,2021,T7,8,Diesel,1980,ICE,Not Applicable,≥4,Statewide,128
23539,2021,T6,7,Diesel,2013,ICE,Not Applicable,2,Statewide,128
23540,2021,T6,7,Diesel,2005,ICE,Not Applicable,2,Statewide,128
23541,2021,T5,3,Gasoline,1995,ICE,Not Applicable,3,Statewide,97
23542,2021,T6,4,Gasoline,1977,ICE,Not Applicable,1,Statewide,97
23543,2021,T3,2,Diesel,2013,ICE,Not Applicable,3,Statewide,128
23544,2021,T2,Unknown,Diesel,2006,ICE,Not Applicable,2,Statewide,1
23545,2021,T3,Unknown,Diesel,1993,ICE,Not Applicable,3,Statewide,1
23546,2021,T2,Unknown,Diesel,2006,ICE,Not Applicable,1,Statewide,1
23547,2021,T4,2,Natural Gas,2020,ICE,Not Applicable,≥4,Statewide,97
23548,2021,P,Not Applicable,Diesel,2020,ICE,Not Applicable,≥4,Statewide,2353
23549,2021,T1,Unknown,Gasoline,1987,ICE,Not Applicable,1,Statewide,4
23550,2021,T3,Unknown,Diesel,1999,ICE,Not Applicable,3,Statewide,1
23551,2021,T2,Unknown,Diesel,2005,ICE,Not Applicable,1,Statewide,1
23552,2021,T2,Unknown,Diesel,2004,ICE,Not Applicable,3,Statewide,1
23553,2021,T6,7,Diesel,1982,ICE,Not Applicable,3,Statewide,4
23554,2021,T2,Unknown,Diesel,2004,ICE,Not Applicable,2,Statewide,1
23555,2021,MH,Not Applicable,Gasoline,1985,ICE,Not Applicable,≥4,Statewide,129
23556,2021,T6,Unknown,Diesel,1986,ICE,Not Applicable,2,Statewide,4
23557,2021,B,Not Applicable,Gasoline,2003,ICE,Not Applicable,≥4,Statewide,129
23558,2021,P,Not Applicable,Electric,2007,BEV,Unknown,≥4,Statewide,123
23559,2021,T6,Unknown,Diesel,2019,ICE,Not Applicable,≥4,Statewide,129
23560,2021,T6,6,Diesel,2014,ICE,Not Applicable,2,Statewide,129
23561,2021,T6,6,Diesel,2001,ICE,Not Applicable,1,Statewide,129
23562,2021,T6,Unknown,Diesel,1986,ICE,Not Applicable,1,Statewide,4
23563,2021,T6,4,Diesel,2000,ICE,Not Applicable,1,Statewide,129
23564,2021,P,Not Applicable,Diesel,2005,ICE,Not Applicable,2,Statewide,129
23565,2021,T2,Unknown,Diesel,2002,ICE,Not Applicable,2,Statewide,1
23566,2021,MH,Not Applicable,Diesel,2022,ICE,Not Applicable,3,Statewide,129
23567,2021,BT,Not Applicable,Diesel,2005,ICE,Not Applicable,1,Statewide,129
23568,2021,T2,Unknown,Electric,2016,BEV,Unknown,3,Statewide,1
23569,2021,MH,Not Applicable,Gasoline,1986,ICE,Not Applicable,3,Statewide,123
23570,2021,T3,Unknown,Gasoline,1979,ICE,Not Applicable,1,Statewide,123
23571,2021,T2,Unknown,Diesel,2005,ICE,Not Applicable,3,Statewide,1
23572,2021,T3,Unknown,Gasoline,1980,ICE,Not Applicable,3,Statewide,123
23573,2021,T3,Unknown,Diesel,2001,ICE,Not Applicable,≥4,Statewide,1
23574,2021,T4,2,Diesel,2019,ICE,Not Applicable,1,Statewide,2119
23575,2021,T3,Unknown,Diesel,2000,ICE,Not Applicable,3,Statewide,1
23576,2021,T2,Unknown,Diesel,2005,ICE,Not Applicable,2,Statewide,1
23577,2021,T3,Unknown,Diesel,2000,ICE,Not Applicable,≥4,Statewide,1
23578,2021,T1,Unknown,Gasoline,1990,ICE,Not Applicable,3,Statewide,4
23579,2021,T4,2,Gasoline,2020,ICE,Not Applicable,1,Statewide,2356
23580,2021,T1,Unknown,Gasoline,1991,ICE,Not Applicable,3,Statewide,4
23581,2021,T2,Unknown,Diesel,2007,ICE,Not Applicable,≥4,Statewide,1
23582,2021,B,Not Applicable,Diesel,2009,ICE,Not Applicable,≥4,Statewide,132
23583,2021,T6,5,Diesel,2012,ICE,Not Applicable,≥4,Statewide,2272
23584,2021,T4,2,Diesel,1982,ICE,Not Applicable,2,Statewide,1
23585,2021,T4,2,Diesel,1982,ICE,Not Applicable,3,Statewide,1
23586,2021,T6,7,Diesel,2006,ICE,Not Applicable,2,Statewide,96
23587,2021,T4,2,Diesel,1982,ICE,Not Applicable,≥4,Statewide,1
23588,2021,T7,8,Diesel,1992,ICE,Not Applicable,1,Statewide,96
23589,2021,P,Not Applicable,Electric,2013,BEV,>150 miles,≥4,Statewide,96
23590,2021,T4,2,Diesel,1981,ICE,Not Applicable,≥4,Statewide,1
23591,2021,T4,Unknown,Diesel,1979,ICE,Not Applicable,2,Statewide,1
23592,2021,T4,2,Diesel,1977,ICE,Not Applicable,1,Statewide,1
23593,2021,T3,Unknown,Diesel,2022,ICE,Not Applicable,≥4,Statewide,1
23594,2021,T3,Unknown,Diesel,2021,ICE,Not Applicable,1,Statewide,1
23595,2021,T3,Unknown,Diesel,2011,ICE,Not Applicable,1,Statewide,1
23596,2021,P,Not Applicable,Gasoline,1979,ICE,Not Applicable,2,Statewide,2167
23597,2021,T5,3,Gasoline,2008,ICE,Not Applicable,≥4,Statewide,2164
23598,2021,T3,Unknown,Diesel,2008,ICE,Not Applicable,2,Statewide,1
23599,2021,P,Not Applicable,Electric,2019,BEV,Unknown,≥4,Statewide,96
23600,2021,T3,Unknown,Diesel,2007,ICE,Not Applicable,2,Statewide,1
23601,2021,B,Not Applicable,Gasoline,2016,ICE,Not Applicable,1,Statewide,103
23602,2021,T3,Unknown,Diesel,2007,ICE,Not Applicable,≥4,Statewide,1
23603,2021,T6,7,Diesel,2019,ICE,Not Applicable,≥4,Statewide,2156
23604,2021,P,Not Applicable,Diesel,2013,ICE,Not Applicable,≥4,Statewide,122
23605,2021,T2,1,Diesel,2018,ICE,Not Applicable,1,Statewide,122
23606,2021,T1,Unknown,Diesel,2012,ICE,Not Applicable,2,Statewide,1
23607,2021,T7,8,Diesel,1993,ICE,Not Applicable,1,Statewide,122
23608,2021,T7,8,Diesel,1998,ICE,Not Applicable,1,Statewide,122
23609,2021,T1,Unknown,Diesel,2013,ICE,Not Applicable,2,Statewide,1
23610,2021,B,Not Applicable,Gasoline,2004,ICE,Not Applicable,1,Statewide,122
23611,2021,T6,6,Diesel,2001,ICE,Not Applicable,2,Statewide,96
23612,2021,T4,2,Diesel,1983,ICE,Not Applicable,≥4,Statewide,1
23613,2021,T6,5,Diesel,2000,ICE,Not Applicable,≥4,Statewide,96
23614,2021,T5,3,Diesel,1994,ICE,Not Applicable,2,Statewide,96
23615,2021,T6,6,Diesel,2014,ICE,Not Applicable,3,Statewide,106
23616,2021,T6,7,Diesel,2001,ICE,Not Applicable,1,Statewide,106
23617,2021,T6,7,Diesel,1995,ICE,Not Applicable,1,Statewide,106
23618,2021,T2,Unknown,Diesel,2019,ICE,Not Applicable,3,Statewide,106
23619,2021,BT,Not Applicable,Diesel,1999,ICE,Not Applicable,≥4,Statewide,106
23620,2021,MC,Not Applicable,Gasoline,1977,ICE,Not Applicable,3,Statewide,2366
23621,2021,T4,Unknown,Gasoline,1980,ICE,Not Applicable,1,Statewide,4
23622,2021,BT,Not Applicable,Diesel,1979,ICE,Not Applicable,1,Statewide,96
23623,2021,B,Not Applicable,Diesel,1995,ICE,Not Applicable,≥4,Statewide,106
23624,2021,T3,2,Diesel,1993,ICE,Not Applicable,1,Statewide,4
23625,2021,T5,3,Diesel,1997,ICE,Not Applicable,1,Statewide,121
23626,2021,T4,2,Gasoline,2001,ICE,Not Applicable,3,Statewide,2258
23627,2021,T6,6,Diesel,2016,ICE,Not Applicable,3,Statewide,121
23628,2021,MH,Not Applicable,Electric,2015,BEV,Unknown,3,Statewide,1
23629,2021,P,Not Applicable,Gasoline,1985,ICE,Not Applicable,≥4,Statewide,2259
23630,2021,P,Not Applicable,Electric,2015,BEV,Unknown,2,Statewide,121
23631,2021,T2,Unknown,Gasoline,1980,ICE,Not Applicable,≥4,Statewide,121
23632,2021,T3,2,Diesel,1994,ICE,Not Applicable,2,Statewide,4
23633,2021,BT,Not Applicable,Diesel,1998,ICE,Not Applicable,≥4,Statewide,96
23634,2021,T5,3,Gasoline,2014,ICE,Not Applicable,2,Statewide,121
23635,2021,T3,2,Diesel,1995,ICE,Not Applicable,1,Statewide,4
23636,2021,MC,Not Applicable,Electric,2010,BEV,Unknown,1,Statewide,1
23637,2021,MH,Not Applicable,Electric,2015,BEV,Unknown,≥4,Statewide,1
23638,2021,T6,7,Gasoline,1990,ICE,Not Applicable,≥4,Statewide,121
23639,2021,P,Not Applicable,Natural Gas,2013,ICE,Not Applicable,2,Statewide,121
23640,2021,P,Not Applicable,Diesel,1991,ICE,Not Applicable,2,Statewide,96
23641,2021,T3,2,Diesel,1990,ICE,Not Applicable,≥4,Statewide,96
23642,2021,T4,2,Diesel,1983,ICE,Not Applicable,3,Statewide,1
23643,2021,T7,8,Diesel,1997,ICE,Not Applicable,1,Statewide,121
23644,2021,T6,6,Diesel,1977,ICE,Not Applicable,3,Statewide,4
23645,2021,T1,Unknown,Gasoline,2012,ICE,Not Applicable,1,Statewide,96
23646,2021,T6,6,Gasoline,1986,ICE,Not Applicable,≥4,Statewide,96
23647,2021,P,Not Applicable,Natural Gas,2020,ICE,Not Applicable,≥4,Statewide,132
23648,2021,T2,1,Gasoline,2023,PHEV,0 to 50 miles,3,Statewide,4
23649,2021,T4,Unknown,Diesel,2003,ICE,Not Applicable,3,Statewide,4
23650,2021,T4,Unknown,Diesel,2007,ICE,Not Applicable,≥4,Statewide,4
23651,2021,T6,4,Gasoline,2008,ICE,Not Applicable,1,Statewide,132
23652,2021,T2,Unknown,Gasoline,2021,PHEV,0 to 50 miles,3,Statewide,4
23653,2021,T1,1,Gasoline,2022,PHEV,0 to 50 miles,2,Statewide,4
23654,2021,T1,Unknown,Gasoline,2019,ICE,Not Applicable,≥4,Statewide,4
23655,2021,T3,2,Gasoline,1986,ICE,Not Applicable,2,Statewide,132
23656,2021,T3,Unknown,Diesel,2006,ICE,Not Applicable,3,Statewide,1
23657,2021,T4,Unknown,Diesel,2016,ICE,Not Applicable,1,Statewide,4
23658,2021,T4,Unknown,Diesel,2017,ICE,Not Applicable,3,Statewide,4
23659,2021,T6,5,Gasoline,2023,ICE,Not Applicable,≥4,Statewide,105
23660,2021,T6,Unknown,Gasoline,1986,ICE,Not Applicable,≥4,Statewide,105
23661,2021,MH,Not Applicable,Gasoline,1986,ICE,Not Applicable,2,Statewide,105
23662,2021,T3,Unknown,Diesel,2004,ICE,Not Applicable,1,Statewide,1
23663,2021,T6,4,Diesel,2003,ICE,Not Applicable,3,Statewide,105
23664,2021,P,Not Applicable,Diesel,1983,ICE,Not Applicable,1,Statewide,105
23665,2021,T4,Unknown,Diesel,2017,ICE,Not Applicable,1,Statewide,4
23666,2021,T3,2,Diesel,2011,ICE,Not Applicable,1,Statewide,132
23667,2021,T3,2,Diesel,2010,ICE,Not Applicable,3,Statewide,132
23668,2021,P,Not Applicable,Electric,1984,BEV,Unknown,1,Statewide,1
23669,2021,T1,Unknown,Gasoline,2015,ICE,Not Applicable,3,Statewide,4
23670,2021,T1,Unknown,Gasoline,1996,ICE,Not Applicable,3,Statewide,4
23671,2021,T2,Unknown,Diesel,2018,ICE,Not Applicable,3,Statewide,132
23672,2021,T3,Unknown,Diesel,2004,ICE,Not Applicable,≥4,Statewide,1
23673,2021,T3,Unknown,Diesel,2003,ICE,Not Applicable,≥4,Statewide,1
23674,2021,T1,Unknown,Diesel,2017,ICE,Not Applicable,3,Statewide,1
23675,2021,T4,Unknown,Diesel,1993,ICE,Not Applicable,1,Statewide,4
23676,2021,T4,Unknown,Diesel,1992,ICE,Not Applicable,3,Statewide,4
23677,2021,T2,Unknown,Gasoline,2023,ICE,Not Applicable,3,Statewide,4
23678,2021,T6,6,Gasoline,1994,ICE,Not Applicable,≥4,Statewide,96
23679,2021,P,Not Applicable,Electric,1977,BEV,Unknown,1,Statewide,1
23680,2021,P,Not Applicable,Electric,1978,BEV,Unknown,2,Statewide,1
23681,2021,P,Not Applicable,Electric,1979,BEV,Unknown,≥4,Statewide,1
23682,2021,T6,4,Gasoline,2011,ICE,Not Applicable,3,Statewide,96
23683,2021,T3,Unknown,Gasoline,1987,ICE,Not Applicable,1,Statewide,4
23684,2021,P,Not Applicable,Electric,1980,BEV,Unknown,3,Statewide,1
23685,2021,P,Not Applicable,Electric,1980,BEV,Unknown,1,Statewide,1
23686,2021,P,Not Applicable,Electric,1982,BEV,Unknown,≥4,Statewide,1
23687,2021,P,Not Applicable,Electric,1982,BEV,Unknown,3,Statewide,1
23688,2021,P,Not Applicable,Electric,1983,BEV,Unknown,≥4,Statewide,1
23689,2021,T3,Unknown,Diesel,1995,ICE,Not Applicable,≥4,Statewide,4
23690,2021,T6,7,Diesel,2018,ICE,Not Applicable,1,Statewide,133
23691,2021,T6,6,Gasoline,1982,ICE,Not Applicable,1,Statewide,96
23692,2021,BT,Not Applicable,Gasoline,1977,ICE,Not Applicable,≥4,Statewide,122
23693,2021,T5,3,Gasoline,2022,ICE,Not Applicable,2,Statewide,122
23694,2021,BS,Not Applicable,Natural Gas,2005,ICE,Not Applicable,≥4,Statewide,122
23695,2021,T3,2,Natural Gas,2005,ICE,Not Applicable,≥4,Statewide,122
23696,2021,T6,5,Diesel,2014,ICE,Not Applicable,1,Statewide,133
23697,2021,T3,Unknown,Diesel,1998,ICE,Not Applicable,≥4,Statewide,4
23698,2021,T4,Unknown,Diesel,1982,ICE,Not Applicable,≥4,Statewide,4
23699,2021,T4,2,Diesel,1985,ICE,Not Applicable,1,Statewide,4
23700,2021,MH,Not Applicable,Diesel,2006,ICE,Not Applicable,1,Statewide,133
23701,2021,T3,Unknown,Diesel,2006,ICE,Not Applicable,1,Statewide,1
23702,2021,T4,Unknown,Diesel,1988,ICE,Not Applicable,1,Statewide,4
23703,2021,T1,Unknown,Diesel,2013,ICE,Not Applicable,1,Statewide,1
23704,2021,T4,Unknown,Diesel,1990,ICE,Not Applicable,1,Statewide,4
23705,2021,T1,1,Diesel,2014,ICE,Not Applicable,≥4,Statewide,1
23706,2021,MH,Not Applicable,Gasoline,1980,ICE,Not Applicable,3,Statewide,122
23707,2021,T7,8,Diesel,1996,ICE,Not Applicable,1,Statewide,106
23708,2021,BT,Not Applicable,Gasoline,2022,ICE,Not Applicable,3,Statewide,4
23709,2021,BT,Not Applicable,Gasoline,2010,ICE,Not Applicable,1,Statewide,4
23710,2021,P,Not Applicable,Electric,1992,BEV,Unknown,3,Statewide,1
23711,2021,T6,Unknown,Diesel,2005,ICE,Not Applicable,3,Statewide,4
23712,2021,T6,Unknown,Diesel,2005,ICE,Not Applicable,2,Statewide,4
23713,2021,T6,Unknown,Diesel,2008,ICE,Not Applicable,3,Statewide,4
23714,2021,T1,Unknown,Electric,2000,BEV,Unknown,≥4,Statewide,1
23715,2021,T1,Unknown,Electric,1999,BEV,Unknown,1,Statewide,1
23716,2021,T1,Unknown,Electric,1998,BEV,Unknown,1,Statewide,1
23717,2021,T1,Unknown,Electric,1996,BEV,Unknown,≥4,Statewide,1
23718,2021,T1,Unknown,Electric,1994,BEV,Unknown,≥4,Statewide,1
23719,2021,T1,Unknown,Electric,1992,BEV,Unknown,3,Statewide,1
23720,2021,T1,Unknown,Electric,1991,BEV,Unknown,1,Statewide,1
23721,2021,T2,1,Gasoline,1993,ICE,Not Applicable,3,Statewide,2311
23722,2021,T1,Unknown,Electric,1990,BEV,Unknown,1,Statewide,1
23723,2021,T1,Unknown,Electric,1989,BEV,Unknown,1,Statewide,1
23724,2021,T6,Unknown,Diesel,2010,ICE,Not Applicable,1,Statewide,4
23725,2021,T1,Unknown,Electric,1989,BEV,Unknown,2,Statewide,1
23726,2021,T6,4,Gasoline,2002,ICE,Not Applicable,1,Statewide,125
23727,2021,T3,Unknown,Gasoline,1979,ICE,Not Applicable,2,Statewide,125
23728,2021,T6,Unknown,Diesel,2013,ICE,Not Applicable,3,Statewide,4
23729,2021,BT,Not Applicable,Diesel,2007,ICE,Not Applicable,1,Statewide,101
23730,2021,T6,Unknown,Diesel,2015,ICE,Not Applicable,3,Statewide,4
23731,2021,MH,Not Applicable,Diesel,1995,ICE,Not Applicable,≥4,Statewide,101
23732,2021,MH,Not Applicable,Diesel,1999,ICE,Not Applicable,1,Statewide,101
23733,2021,T2,1,Diesel,2018,ICE,Not Applicable,≥4,Statewide,101
23734,2021,T6,4,Diesel,2003,ICE,Not Applicable,2,Statewide,101
23735,2021,T6,Unknown,Diesel,2021,ICE,Not Applicable,≥4,Statewide,101
23736,2021,T7,8,Diesel,1979,ICE,Not Applicable,≥4,Statewide,101
23737,2021,T6,7,Gasoline,2013,ICE,Not Applicable,≥4,Statewide,125
23738,2021,P,Not Applicable,Electric,1992,BEV,Unknown,≥4,Statewide,1
23739,2021,P,Not Applicable,Electric,1991,BEV,Unknown,2,Statewide,1
23740,2021,P,Not Applicable,Electric,1990,BEV,Unknown,2,Statewide,1
23741,2021,T2,Unknown,Diesel,2009,ICE,Not Applicable,1,Statewide,1
23742,2021,T2,Unknown,Diesel,2011,ICE,Not Applicable,1,Statewide,1
23743,2021,P,Not Applicable,Natural Gas,2007,ICE,Not Applicable,2,Statewide,126
23744,2021,MH,Not Applicable,Gasoline,1980,ICE,Not Applicable,2,Statewide,126
23745,2021,T6,4,Diesel,2003,ICE,Not Applicable,1,Statewide,126
23746,2021,T6,5,Diesel,1992,ICE,Not Applicable,3,Statewide,4
23747,2021,T6,5,Diesel,1992,ICE,Not Applicable,2,Statewide,4
23748,2021,T3,Unknown,Diesel,2016,ICE,Not Applicable,1,Statewide,126
23749,2021,T6,4,Diesel,1992,ICE,Not Applicable,1,Statewide,4
23750,2021,T4,2,Gasoline,2001,ICE,Not Applicable,2,Statewide,2132
23751,2021,T3,2,Diesel,1977,ICE,Not Applicable,3,Statewide,1
23752,2021,T6,5,Diesel,1993,ICE,Not Applicable,3,Statewide,4
23753,2021,BT,Not Applicable,Natural Gas,2002,ICE,Not Applicable,≥4,Statewide,104
23754,2021,T7,8,Diesel,1999,ICE,Not Applicable,3,Statewide,101
23755,2021,T6,6,Gasoline,1979,ICE,Not Applicable,1,Statewide,104
23756,2021,T4,2,Gasoline,2023,ICE,Not Applicable,2,Statewide,104
23757,2021,T3,2,Diesel,1981,ICE,Not Applicable,1,Statewide,1
23758,2021,T3,2,Diesel,1982,ICE,Not Applicable,2,Statewide,1
23759,2021,T3,Unknown,Diesel,1982,ICE,Not Applicable,1,Statewide,1
23760,2021,T4,Unknown,Gasoline,2022,PHEV,0 to 50 miles,3,Statewide,104
23761,2021,T3,Unknown,Diesel,1983,ICE,Not Applicable,2,Statewide,1
23762,2021,T1,1,Electric,2018,BEV,101 to 150 miles,≥4,Statewide,104
23763,2021,T3,Unknown,Diesel,1983,ICE,Not Applicable,1,Statewide,1
23764,2021,T3,Unknown,Diesel,1987,ICE,Not Applicable,2,Statewide,1
23765,2021,T7,8,Diesel,1999,ICE,Not Applicable,2,Statewide,104
23766,2021,T4,2,Diesel,2023,ICE,Not Applicable,≥4,Statewide,104
23767,2021,MC,Not Applicable,Gasoline,1994,ICE,Not Applicable,≥4,Statewide,2279
23768,2021,T3,Unknown,Diesel,1988,ICE,Not Applicable,1,Statewide,1
23769,2021,T5,3,Gasoline,1998,ICE,Not Applicable,3,Statewide,104
23770,2021,T2,Unknown,Diesel,2009,ICE,Not Applicable,3,Statewide,1
23771,2021,B,Not Applicable,Gasoline,2006,ICE,Not Applicable,2,Statewide,101
23772,2021,T5,3,Diesel,1998,ICE,Not Applicable,3,Statewide,125
23773,2021,T1,Unknown,Gasoline,1979,ICE,Not Applicable,1,Statewide,102
23774,2021,T3,Unknown,Gasoline,1993,ICE,Not Applicable,≥4,Statewide,102
23775,2021,T4,2,Gasoline,1981,ICE,Not Applicable,3,Statewide,102
23776,2021,T6,5,Gasoline,2020,ICE,Not Applicable,1,Statewide,102
23777,2021,P,Not Applicable,Electric,1997,BEV,Unknown,≥4,Statewide,4
23778,2021,P,Not Applicable,Electric,1992,BEV,Unknown,2,Statewide,4
23779,2021,P,Not Applicable,Electric,1985,BEV,Unknown,1,Statewide,4
23780,2021,MC,Not Applicable,Electric,2012,BEV,Unknown,1,Statewide,4
23781,2021,MC,Not Applicable,Electric,2011,BEV,Unknown,2,Statewide,4
23782,2021,MC,Not Applicable,Electric,2006,BEV,Unknown,≥4,Statewide,4
23783,2021,T3,Unknown,Diesel,1990,ICE,Not Applicable,1,Statewide,1
23784,2021,MC,Not Applicable,Electric,1997,BEV,Unknown,≥4,Statewide,4
23785,2021,BT,Not Applicable,Electric,2021,BEV,Unknown,1,Statewide,4
23786,2021,P,Not Applicable,Electric,2001,BEV,Unknown,3,Statewide,1
23787,2021,P,Not Applicable,Electric,1999,BEV,Unknown,3,Statewide,1
23788,2021,P,Not Applicable,Electric,1998,BEV,Unknown,2,Statewide,1
23789,2021,P,Not Applicable,Electric,1997,BEV,Unknown,1,Statewide,1
23790,2021,P,Not Applicable,Electric,1997,BEV,Unknown,2,Statewide,1
23791,2021,P,Not Applicable,Electric,1997,BEV,Unknown,3,Statewide,1
23792,2021,P,Not Applicable,Electric,1996,BEV,Unknown,1,Statewide,1
23793,2021,P,Not Applicable,Electric,1996,BEV,Unknown,≥4,Statewide,1
23794,2021,P,Not Applicable,Electric,1993,BEV,Unknown,3,Statewide,1
23795,2021,P,Not Applicable,Electric,1992,BEV,Unknown,1,Statewide,1
23796,2021,B,Not Applicable,Electric,2018,BEV,Unknown,≥4,Statewide,4
23797,2021,B,Not Applicable,Electric,1999,BEV,Unknown,≥4,Statewide,4
23798,2021,T6,5,Diesel,2023,ICE,Not Applicable,3,Statewide,4
23799,2021,T2,1,Diesel,2018,ICE,Not Applicable,2,Statewide,103
23800,2021,MH,Not Applicable,Gasoline,1981,ICE,Not Applicable,2,Statewide,102
23801,2021,B,Not Applicable,Gasoline,1977,ICE,Not Applicable,2,Statewide,102
23802,2021,P,Not Applicable,Electric,2001,BEV,Unknown,1,Statewide,4
23803,2021,T2,1,Gasoline,1993,ICE,Not Applicable,2,Statewide,2296
23804,2021,T3,2,Diesel,2014,ICE,Not Applicable,1,Statewide,125
23805,2021,T6,Unknown,Diesel,2015,ICE,Not Applicable,1,Statewide,4
23806,2021,T6,Unknown,Diesel,2016,ICE,Not Applicable,2,Statewide,4
23807,2021,P,Not Applicable,Diesel,2006,ICE,Not Applicable,3,Statewide,125
23808,2021,P,Not Applicable,Gasoline,1978,ICE,Not Applicable,1,Statewide,2139
23809,2021,MC,Not Applicable,Gasoline,2005,ICE,Not Applicable,1,Statewide,2141
23810,2021,T3,Unknown,Diesel,1989,ICE,Not Applicable,3,Statewide,1
23811,2021,T6,4,Gasoline,2002,ICE,Not Applicable,3,Statewide,101
23812,2021,T6,7,Gasoline,2011,ICE,Not Applicable,≥4,Statewide,101
23813,2021,T6,4,Gasoline,2011,ICE,Not Applicable,2,Statewide,101
23814,2021,T1,Unknown,Electric,2015,BEV,Unknown,≥4,Statewide,4
23815,2021,T1,1,Electric,2007,BEV,Unknown,≥4,Statewide,4
23816,2021,T1,1,Electric,2006,BEV,Unknown,1,Statewide,4
23817,2021,B,Not Applicable,Gasoline,2009,ICE,Not Applicable,3,Statewide,125
23818,2021,T1,Unknown,Electric,1999,BEV,Unknown,≥4,Statewide,4
23819,2021,T1,Unknown,Electric,1986,BEV,Unknown,≥4,Statewide,4
23820,2021,P,Not Applicable,Electric,2005,BEV,Unknown,3,Statewide,4
23821,2021,T1,Unknown,Electric,1988,BEV,Unknown,≥4,Statewide,1
23822,2021,T3,Unknown,Diesel,1989,ICE,Not Applicable,1,Statewide,1
23823,2021,T1,Unknown,Electric,1987,BEV,Unknown,1,Statewide,1
23824,2021,T1,Unknown,Electric,1985,BEV,Unknown,1,Statewide,1
23825,2021,T1,Unknown,Electric,1984,BEV,Unknown,1,Statewide,1
23826,2021,T1,Unknown,Electric,1981,BEV,Unknown,≥4,Statewide,1
23827,2021,T1,Unknown,Electric,1979,BEV,Unknown,2,Statewide,1
23828,2021,T1,Unknown,Electric,1977,BEV,Unknown,3,Statewide,1
23829,2021,P,Not Applicable,Electric,2023,BEV,Unknown,2,Statewide,1
23830,2021,P,Not Applicable,Electric,2002,BEV,Unknown,2,Statewide,1
23831,2021,P,Not Applicable,Electric,2002,BEV,Unknown,3,Statewide,4
23832,2021,T1,Unknown,Electric,1991,BEV,Unknown,≥4,Statewide,4
23833,2021,BT,Not Applicable,Gasoline,2019,ICE,Not Applicable,2,Statewide,4
23834,2021,T3,2,Diesel,2013,ICE,Not Applicable,2,Statewide,127
23835,2021,T6,4,Diesel,1990,ICE,Not Applicable,≥4,Statewide,4
23836,2021,T1,Unknown,Gasoline,1983,ICE,Not Applicable,1,Statewide,98
23837,2021,P,Not Applicable,Natural Gas,2007,ICE,Not Applicable,3,Statewide,98
23838,2021,BT,Not Applicable,Gasoline,1994,ICE,Not Applicable,1,Statewide,4
23839,2021,BT,Not Applicable,Gasoline,1985,ICE,Not Applicable,3,Statewide,4
23840,2021,BT,Not Applicable,Gasoline,1982,ICE,Not Applicable,≥4,Statewide,4
23841,2021,BT,Not Applicable,Gasoline,1980,ICE,Not Applicable,1,Statewide,4
23842,2021,BS,Not Applicable,Gasoline,2022,ICE,Not Applicable,3,Statewide,4
23843,2021,BS,Not Applicable,Gasoline,2008,ICE,Not Applicable,3,Statewide,4
23844,2021,BS,Not Applicable,Gasoline,2003,ICE,Not Applicable,1,Statewide,4
23845,2021,BS,Not Applicable,Gasoline,2000,ICE,Not Applicable,2,Statewide,4
23846,2021,T6,7,Diesel,2008,ICE,Not Applicable,1,Statewide,124
23847,2021,B,Not Applicable,Gasoline,1977,ICE,Not Applicable,3,Statewide,124
23848,2021,T3,Unknown,Gasoline,1994,ICE,Not Applicable,≥4,Statewide,124
23849,2021,T6,6,Gasoline,2010,ICE,Not Applicable,≥4,Statewide,124
23850,2021,BS,Not Applicable,Gasoline,1994,ICE,Not Applicable,1,Statewide,4
23851,2021,BS,Not Applicable,Gasoline,1980,ICE,Not Applicable,3,Statewide,4
23852,2021,BS,Not Applicable,Gasoline,1979,ICE,Not Applicable,3,Statewide,4
23853,2021,T2,1,Electric,2006,BEV,Unknown,2,Statewide,1
23854,2021,T2,Unknown,Electric,2005,BEV,Unknown,2,Statewide,1
23855,2021,T2,1,Electric,2004,BEV,Unknown,2,Statewide,1
23856,2021,T2,1,Electric,2003,BEV,Unknown,1,Statewide,1
23857,2021,T2,1,Electric,2003,BEV,Unknown,≥4,Statewide,1
23858,2021,T2,1,Electric,2002,BEV,Unknown,1,Statewide,1
23859,2021,T2,1,Electric,2000,BEV,Unknown,≥4,Statewide,1
23860,2021,T2,Unknown,Electric,1998,BEV,Unknown,≥4,Statewide,1
23861,2021,T6,4,Gasoline,2010,ICE,Not Applicable,1,Statewide,124
23862,2021,T2,Unknown,Electric,1977,BEV,Unknown,1,Statewide,1
23863,2021,MC,Not Applicable,Electric,2021,BEV,Unknown,≥4,Statewide,98
23864,2021,T6,7,Diesel,2002,ICE,Not Applicable,1,Statewide,98
23865,2021,BT,Not Applicable,Diesel,2020,ICE,Not Applicable,1,Statewide,98
23866,2021,B,Not Applicable,Diesel,1997,ICE,Not Applicable,≥4,Statewide,98
23867,2021,T2,Unknown,Diesel,2007,ICE,Not Applicable,2,Statewide,1
23868,2021,T2,Unknown,Diesel,2007,ICE,Not Applicable,1,Statewide,1
23869,2021,T2,1,Diesel,2008,ICE,Not Applicable,1,Statewide,1
23870,2021,T3,Unknown,Diesel,1991,ICE,Not Applicable,2,Statewide,1
23871,2021,BT,Not Applicable,Gasoline,2010,ICE,Not Applicable,2,Statewide,4
23872,2021,BT,Not Applicable,Gasoline,2000,ICE,Not Applicable,1,Statewide,4
23873,2021,T2,1,Electric,2016,BEV,Unknown,1,Statewide,1
23874,2021,T2,Unknown,Diesel,2008,ICE,Not Applicable,1,Statewide,1
23875,2021,T2,Unknown,Diesel,2009,ICE,Not Applicable,≥4,Statewide,1
23876,2021,T5,3,Gasoline,1998,ICE,Not Applicable,1,Statewide,127
23877,2021,T3,Unknown,Gasoline,1977,ICE,Not Applicable,≥4,Statewide,2145
23878,2021,T4,2,Gasoline,1982,ICE,Not Applicable,2,Statewide,127
23879,2021,T2,Unknown,Gasoline,1999,ICE,Not Applicable,2,Statewide,127
23880,2021,T2,Unknown,Electric,1977,BEV,Unknown,2,Statewide,1
23881,2021,T6,4,Diesel,2020,ICE,Not Applicable,1,Statewide,127
23882,2021,MH,Not Applicable,Diesel,1998,ICE,Not Applicable,3,Statewide,124
23883,2021,T4,Unknown,Diesel,2022,ICE,Not Applicable,≥4,Statewide,124
23884,2021,T6,4,Diesel,2000,ICE,Not Applicable,3,Statewide,124
23885,2021,T2,1,Electric,2016,BEV,Unknown,2,Statewide,1
23886,2021,T2,Unknown,Electric,2014,BEV,Unknown,1,Statewide,1
23887,2021,T2,Unknown,Electric,2013,BEV,Unknown,2,Statewide,1
23888,2021,T2,Unknown,Electric,2012,BEV,Unknown,1,Statewide,1
23889,2021,T2,1,Electric,2010,BEV,Unknown,≥4,Statewide,1
23890,2021,T2,Unknown,Electric,2009,BEV,Unknown,≥4,Statewide,1
23891,2021,MC,Not Applicable,Gasoline,1995,ICE,Not Applicable,≥4,Statewide,2351
23892,2021,BT,Not Applicable,Gasoline,1997,ICE,Not Applicable,3,Statewide,4
23893,2021,BT,Not Applicable,Gasoline,1996,ICE,Not Applicable,1,Statewide,4
23894,2021,T2,1,Gasoline,1979,ICE,Not Applicable,≥4,Statewide,2344
23895,2021,T6,5,Diesel,2004,ICE,Not Applicable,3,Statewide,127
23896,2021,T6,4,Diesel,2000,ICE,Not Applicable,2,Statewide,127
23897,2021,P,Not Applicable,Electric,2018,BEV,51 to 100 miles,2,Statewide,2338
23898,2021,T2,Unknown,Electric,1977,BEV,Unknown,≥4,Statewide,1
23899,2021,T1,Unknown,Electric,2004,BEV,Unknown,≥4,Statewide,1
23900,2021,T1,Unknown,Electric,2002,BEV,Unknown,≥4,Statewide,1
23901,2021,T1,1,Electric,2002,BEV,Unknown,1,Statewide,1
23902,2021,T4,2,Gasoline,1993,ICE,Not Applicable,≥4,Statewide,2321
23903,2021,T4,2,Gasoline,2002,ICE,Not Applicable,1,Statewide,2320
23904,2021,B,Not Applicable,Gasoline,1978,ICE,Not Applicable,2,Statewide,4
23905,2021,P,Not Applicable,Diesel,1997,ICE,Not Applicable,≥4,Statewide,100
23906,2021,T1,1,Diesel,1989,ICE,Not Applicable,≥4,Statewide,100
23907,2021,T6,4,Diesel,2001,ICE,Not Applicable,1,Statewide,100
23908,2021,P,Not Applicable,Electric,2020,BEV,Unknown,2,Statewide,100
23909,2021,BS,Not Applicable,Gasoline,2017,ICE,Not Applicable,≥4,Statewide,100
23910,2021,T2,Unknown,Gasoline,1989,ICE,Not Applicable,≥4,Statewide,100
23911,2021,T5,3,Gasoline,2015,ICE,Not Applicable,1,Statewide,100
23912,2021,BS,Not Applicable,Natural Gas,2018,ICE,Not Applicable,≥4,Statewide,100
23913,2021,T4,2,Electric,2020,BEV,Unknown,3,Statewide,4
23914,2021,T3,Unknown,Electric,2003,BEV,Unknown,≥4,Statewide,4
23915,2021,T3,Unknown,Electric,1994,BEV,Unknown,≥4,Statewide,4
23916,2021,T2,Unknown,Electric,2020,BEV,Unknown,1,Statewide,4
23917,2021,T2,Unknown,Electric,2018,BEV,Unknown,1,Statewide,4
23918,2021,T2,Unknown,Electric,2018,BEV,Unknown,≥4,Statewide,4
23919,2021,T2,1,Electric,2018,BEV,101 to 150 miles,1,Statewide,4
23920,2021,T2,1,Electric,2018,BEV,101 to 150 miles,2,Statewide,4
23921,2021,T6,Unknown,Diesel,1989,ICE,Not Applicable,2,Statewide,4
23922,2021,T2,Unknown,Electric,2015,BEV,Unknown,3,Statewide,4
23923,2021,T1,Unknown,Electric,2020,BEV,Unknown,≥4,Statewide,4
23924,2021,T1,Unknown,Electric,2000,BEV,Unknown,2,Statewide,1
23925,2021,T6,5,Diesel,1990,ICE,Not Applicable,2,Statewide,4
23926,2021,T1,Unknown,Electric,2004,BEV,Unknown,1,Statewide,1
23927,2021,T1,1,Electric,2006,BEV,Unknown,3,Statewide,1
23928,2021,T1,Unknown,Electric,2006,BEV,Unknown,3,Statewide,1
23929,2021,T1,1,Electric,2007,BEV,Unknown,2,Statewide,1
23930,2021,T1,Unknown,Electric,2021,BEV,Unknown,≥4,Statewide,1
23931,2021,T1,Unknown,Electric,2017,BEV,Unknown,1,Statewide,1
23932,2021,P,Not Applicable,Gasoline,1989,ICE,Not Applicable,3,Statewide,2333
23933,2021,MC,Not Applicable,Gasoline,2015,ICE,Not Applicable,2,Statewide,2331
23934,2021,T4,2,Gasoline,2002,ICE,Not Applicable,2,Statewide,2330
23935,2021,T1,Unknown,Electric,2012,BEV,Unknown,2,Statewide,1
23936,2021,B,Not Applicable,Gasoline,2023,ICE,Not Applicable,≥4,Statewide,4
23937,2021,MH,Not Applicable,Diesel,2014,ICE,Not Applicable,3,Statewide,99
23938,2021,P,Not Applicable,Diesel,1981,ICE,Not Applicable,≥4,Statewide,99
23939,2021,P,Not Applicable,Diesel,1995,ICE,Not Applicable,≥4,Statewide,99
23940,2021,T3,Unknown,Diesel,2014,ICE,Not Applicable,2,Statewide,99
23941,2021,T5,3,Diesel,1997,ICE,Not Applicable,3,Statewide,99
23942,2021,T6,4,Diesel,1993,ICE,Not Applicable,≥4,Statewide,99
23943,2021,P,Not Applicable,Gasoline,1981,ICE,Not Applicable,≥4,Statewide,2337
23944,2021,T6,7,Diesel,2012,ICE,Not Applicable,2,Statewide,99
23945,2021,B,Not Applicable,Gasoline,2005,ICE,Not Applicable,1,Statewide,99
23946,2021,T1,Unknown,Gasoline,1985,ICE,Not Applicable,3,Statewide,99
23947,2021,T6,4,Gasoline,2002,ICE,Not Applicable,2,Statewide,99
23948,2021,B,Not Applicable,Gasoline,1996,ICE,Not Applicable,3,Statewide,4
23949,2021,B,Not Applicable,Gasoline,1992,ICE,Not Applicable,1,Statewide,4
23950,2021,B,Not Applicable,Gasoline,1991,ICE,Not Applicable,1,Statewide,4
23951,2021,B,Not Applicable,Gasoline,1987,ICE,Not Applicable,3,Statewide,4
23952,2021,B,Not Applicable,Gasoline,1985,ICE,Not Applicable,2,Statewide,4
23953,2021,B,Not Applicable,Gasoline,1984,ICE,Not Applicable,1,Statewide,4
23954,2021,B,Not Applicable,Gasoline,1982,ICE,Not Applicable,1,Statewide,4
23955,2021,T1,Unknown,Electric,2010,BEV,Unknown,1,Statewide,1
23956,2021,T1,Unknown,Electric,2009,BEV,Unknown,3,Statewide,1
23957,2021,T1,1,Electric,2007,BEV,Unknown,1,Statewide,1
23958,2021,T6,7,Diesel,2013,ICE,Not Applicable,3,Statewide,99
23959,2021,T2,Unknown,Gasoline,1985,ICE,Not Applicable,≥4,Statewide,106
23960,2021,T1,1,Electric,2018,BEV,101 to 150 miles,3,Statewide,96
23961,2021,T6,Unknown,Diesel,2020,ICE,Not Applicable,2,Statewide,4
23962,2021,BT,Not Applicable,Natural Gas,2016,ICE,Not Applicable,≥4,Statewide,114
23963,2021,T6,6,Diesel,1985,ICE,Not Applicable,2,Statewide,1
23964,2021,T6,6,Diesel,1983,ICE,Not Applicable,1,Statewide,1
23965,2021,P,Not Applicable,Gasoline,1989,ICE,Not Applicable,1,Statewide,2201
23966,2021,T1,Unknown,Diesel,2007,ICE,Not Applicable,1,Statewide,1
23967,2021,P,Not Applicable,Electric,2021,BEV,Unknown,2,Statewide,138
23968,2021,T1,Unknown,Diesel,2008,ICE,Not Applicable,3,Statewide,1
23969,2021,BS,Not Applicable,Electric,1999,BEV,Unknown,≥4,Statewide,1
23970,2021,T6,Unknown,Diesel,1982,ICE,Not Applicable,2,Statewide,1
23971,2021,T1,Unknown,Diesel,2008,ICE,Not Applicable,1,Statewide,1
23972,2021,T1,Unknown,Gasoline,1978,ICE,Not Applicable,1,Statewide,138
23973,2021,T1,Unknown,Diesel,2009,ICE,Not Applicable,≥4,Statewide,1
23974,2021,P,Not Applicable,Gasoline,2023,PHEV,0 to 50 miles,2,Statewide,115
23975,2021,T5,3,Gasoline,2022,ICE,Not Applicable,3,Statewide,115
23976,2021,T6,7,Gasoline,1985,ICE,Not Applicable,≥4,Statewide,138
23977,2021,T6,4,Gasoline,2000,ICE,Not Applicable,1,Statewide,115
23978,2021,T1,Unknown,Diesel,1982,ICE,Not Applicable,3,Statewide,1
23979,2021,T6,6,Diesel,1982,ICE,Not Applicable,1,Statewide,1
23980,2021,T6,6,Diesel,1981,ICE,Not Applicable,2,Statewide,1
23981,2021,T4,Unknown,Electric,1987,BEV,Unknown,2,Statewide,1
23982,2021,T6,Unknown,Diesel,1979,ICE,Not Applicable,3,Statewide,1
23983,2021,T1,Unknown,Diesel,1981,ICE,Not Applicable,3,Statewide,1
23984,2021,T6,7,Diesel,1979,ICE,Not Applicable,2,Statewide,1
23985,2021,T6,6,Gasoline,1978,ICE,Not Applicable,1,Statewide,114
23986,2021,BS,Not Applicable,Electric,2001,BEV,Unknown,≥4,Statewide,1
23987,2021,T3,2,Gasoline,1983,ICE,Not Applicable,≥4,Statewide,2085
23988,2021,T2,Unknown,Gasoline,1998,ICE,Not Applicable,≥4,Statewide,114
23989,2021,BT,Not Applicable,Electric,2000,BEV,Unknown,≥4,Statewide,1
23990,2021,T6,5,Diesel,1991,ICE,Not Applicable,3,Statewide,1
23991,2021,BT,Not Applicable,Electric,1977,BEV,Unknown,1,Statewide,1
23992,2021,T1,Unknown,Diesel,2005,ICE,Not Applicable,2,Statewide,1
23993,2021,T1,Unknown,Diesel,2006,ICE,Not Applicable,1,Statewide,1
23994,2021,T2,Unknown,Diesel,2020,ICE,Not Applicable,≥4,Statewide,121
23995,2021,T6,5,Diesel,1990,ICE,Not Applicable,3,Statewide,1
23996,2021,T1,1,Diesel,2007,ICE,Not Applicable,2,Statewide,1
23997,2021,T1,Unknown,Diesel,2007,ICE,Not Applicable,3,Statewide,1
23998,2021,B,Not Applicable,Gasoline,2006,ICE,Not Applicable,1,Statewide,134
23999,2021,T6,Unknown,Diesel,1989,ICE,Not Applicable,3,Statewide,1
24000,2021,T6,7,Diesel,1979,ICE,Not Applicable,3,Statewide,1
24001,2021,T6,Unknown,Diesel,1988,ICE,Not Applicable,1,Statewide,1
24002,2021,T6,Unknown,Diesel,1986,ICE,Not Applicable,3,Statewide,1
24003,2021,P,Not Applicable,Diesel,2003,ICE,Not Applicable,3,Statewide,134
24004,2021,T6,5,Diesel,1986,ICE,Not Applicable,≥4,Statewide,1
24005,2021,MH,Not Applicable,Diesel,2000,ICE,Not Applicable,3,Statewide,114
24006,2021,BS,Not Applicable,Electric,2002,BEV,Unknown,1,Statewide,1
24007,2021,T2,1,Diesel,1987,ICE,Not Applicable,≥4,Statewide,114
24008,2021,T6,7,Diesel,1984,ICE,Not Applicable,≥4,Statewide,114
24009,2021,B,Not Applicable,Gasoline,2008,ICE,Not Applicable,3,Statewide,114
24010,2021,MH,Not Applicable,Diesel,2004,ICE,Not Applicable,1,Statewide,134
24011,2021,P,Not Applicable,Electric,2013,BEV,Unknown,≥4,Statewide,138
24012,2021,BS,Not Applicable,Electric,2002,BEV,Unknown,≥4,Statewide,1
24013,2021,T6,Unknown,Diesel,1988,ICE,Not Applicable,3,Statewide,1
24014,2021,BT,Not Applicable,Electric,2001,BEV,Unknown,1,Statewide,1
24015,2021,T6,5,Diesel,1978,ICE,Not Applicable,2,Statewide,1
24016,2021,T3,Unknown,Diesel,2014,ICE,Not Applicable,≥4,Statewide,116
24017,2021,T1,Unknown,Gasoline,2012,ICE,Not Applicable,≥4,Statewide,116
24018,2021,T3,2,Gasoline,1995,ICE,Not Applicable,2,Statewide,2070
24019,2021,T1,1,Diesel,1977,ICE,Not Applicable,3,Statewide,1
24020,2021,T3,2,Diesel,2013,ICE,Not Applicable,1,Statewide,110
24021,2021,T3,Unknown,Gasoline,1991,ICE,Not Applicable,2,Statewide,108
24022,2021,T3,Unknown,Gasoline,2001,ICE,Not Applicable,1,Statewide,116
24023,2021,T6,5,Diesel,2007,ICE,Not Applicable,2,Statewide,108
24024,2021,P,Not Applicable,Diesel,2000,ICE,Not Applicable,2,Statewide,108
24025,2021,P,Not Applicable,Diesel,1983,ICE,Not Applicable,2,Statewide,108
24026,2021,BT,Not Applicable,Natural Gas,2008,ICE,Not Applicable,≥4,Statewide,116
24027,2021,T6,4,Diesel,1977,ICE,Not Applicable,≥4,Statewide,1
24028,2021,MH,Not Applicable,Diesel,1994,ICE,Not Applicable,≥4,Statewide,108
24029,2021,T5,3,Gasoline,2004,ICE,Not Applicable,≥4,Statewide,2376
24030,2021,T7,8,Diesel,1990,ICE,Not Applicable,1,Statewide,110
24031,2021,T4,Unknown,Electric,1985,BEV,Unknown,1,Statewide,1
24032,2021,T4,Unknown,Gasoline,1997,ICE,Not Applicable,2,Statewide,4
24033,2021,B,Not Applicable,Diesel,1996,ICE,Not Applicable,≥4,Statewide,108
24034,2021,T7,8,Diesel,2003,ICE,Not Applicable,≥4,Statewide,2246
24035,2021,T5,3,Diesel,2008,ICE,Not Applicable,≥4,Statewide,2247
24036,2021,T1,1,Electric,2017,BEV,101 to 150 miles,2,Statewide,110
24037,2021,MC,Not Applicable,Electric,1994,BEV,Unknown,2,Statewide,1
24038,2021,MC,Not Applicable,Electric,1996,BEV,Unknown,1,Statewide,1
24039,2021,T5,3,Diesel,1988,ICE,Not Applicable,3,Statewide,1
24040,2021,T3,Unknown,Gasoline,2001,ICE,Not Applicable,2,Statewide,108
24041,2021,T6,6,Gasoline,1989,ICE,Not Applicable,≥4,Statewide,108
24042,2021,T2,Unknown,Diesel,2011,ICE,Not Applicable,≥4,Statewide,4
24043,2021,B,Not Applicable,Electric,2015,BEV,Unknown,≥4,Statewide,1
24044,2021,T4,2,Diesel,1988,ICE,Not Applicable,1,Statewide,116
24045,2021,T4,Unknown,Diesel,2022,ICE,Not Applicable,2,Statewide,116
24046,2021,T6,Unknown,Diesel,1984,ICE,Not Applicable,≥4,Statewide,116
24047,2021,T2,1,Diesel,1986,ICE,Not Applicable,1,Statewide,4
24048,2021,T6,Unknown,Diesel,2002,ICE,Not Applicable,3,Statewide,1
24049,2021,T2,Unknown,Diesel,1989,ICE,Not Applicable,3,Statewide,4
24050,2021,T1,1,Diesel,1981,ICE,Not Applicable,≥4,Statewide,1
24051,2021,T2,1,Diesel,1991,ICE,Not Applicable,2,Statewide,4
24052,2021,T1,1,Diesel,1980,ICE,Not Applicable,≥4,Statewide,1
24053,2021,T6,5,Diesel,2016,ICE,Not Applicable,2,Statewide,116
24054,2021,MC,Not Applicable,Diesel,2018,ICE,Not Applicable,1,Statewide,4
24055,2021,T3,Unknown,Gasoline,2017,ICE,Not Applicable,2,Statewide,2197
24056,2021,T1,Unknown,Diesel,1978,ICE,Not Applicable,2,Statewide,1
24057,2021,T6,Unknown,Diesel,2006,ICE,Not Applicable,3,Statewide,1
24058,2021,MC,Not Applicable,Diesel,2018,ICE,Not Applicable,3,Statewide,4
24059,2021,T6,6,Diesel,2020,ICE,Not Applicable,3,Statewide,116
24060,2021,BS,Not Applicable,Electric,1998,BEV,Unknown,≥4,Statewide,1
24061,2021,T6,4,Diesel,2010,ICE,Not Applicable,≥4,Statewide,2237
24062,2021,T1,Unknown,Diesel,1978,ICE,Not Applicable,3,Statewide,1
24063,2021,T7,8,Diesel,1978,ICE,Not Applicable,≥4,Statewide,116
24064,2021,T2,Unknown,Diesel,1998,ICE,Not Applicable,≥4,Statewide,4
24065,2021,T1,1,Diesel,1977,ICE,Not Applicable,1,Statewide,1
24066,2021,MC,Not Applicable,Diesel,2013,ICE,Not Applicable,1,Statewide,4
24067,2021,T2,Unknown,Diesel,2008,ICE,Not Applicable,≥4,Statewide,4
24068,2021,T2,Unknown,Diesel,1993,ICE,Not Applicable,1,Statewide,4
24069,2021,T1,1,Diesel,2005,ICE,Not Applicable,2,Statewide,1
24070,2021,T6,4,Diesel,1991,ICE,Not Applicable,1,Statewide,1
24071,2021,T6,4,Diesel,1992,ICE,Not Applicable,3,Statewide,1
24072,2021,T5,3,Diesel,1997,ICE,Not Applicable,2,Statewide,109
24073,2021,MH,Not Applicable,Diesel,2001,ICE,Not Applicable,3,Statewide,109
24074,2021,T1,Unknown,Diesel,1991,ICE,Not Applicable,1,Statewide,1
24075,2021,T3,Unknown,Gasoline,2000,ICE,Not Applicable,1,Statewide,112
24076,2021,T5,3,Gasoline,1995,ICE,Not Applicable,1,Statewide,112
24077,2021,T1,1,Diesel,1992,ICE,Not Applicable,3,Statewide,1
24078,2021,T1,1,Diesel,1992,ICE,Not Applicable,1,Statewide,1
24079,2021,T6,6,Diesel,2019,ICE,Not Applicable,≥4,Statewide,2241
24080,2021,T6,4,Gasoline,2006,ICE,Not Applicable,3,Statewide,136
24081,2021,T5,3,Gasoline,1989,ICE,Not Applicable,≥4,Statewide,136
24082,2021,T1,Unknown,Diesel,1983,ICE,Not Applicable,2,Statewide,1
24083,2021,MC,Not Applicable,Electric,1978,BEV,Unknown,≥4,Statewide,1
24084,2021,T2,Unknown,Gasoline,2012,ICE,Not Applicable,≥4,Statewide,2244
24085,2021,MC,Not Applicable,Electric,1978,BEV,Unknown,2,Statewide,1
24086,2021,T6,5,Diesel,2005,ICE,Not Applicable,3,Statewide,136
24087,2021,MC,Not Applicable,Electric,1979,BEV,Unknown,3,Statewide,1
24088,2021,MC,Not Applicable,Electric,1982,BEV,Unknown,1,Statewide,1
24089,2021,T5,3,Diesel,1995,ICE,Not Applicable,2,Statewide,136
24090,2021,T6,6,Diesel,2004,ICE,Not Applicable,≥4,Statewide,2073
24091,2021,T2,Unknown,Diesel,2020,ICE,Not Applicable,1,Statewide,112
24092,2021,MC,Not Applicable,Electric,1986,BEV,Unknown,≥4,Statewide,1
24093,2021,T3,2,Diesel,2010,ICE,Not Applicable,2,Statewide,136
24094,2021,T1,Unknown,Diesel,1993,ICE,Not Applicable,1,Statewide,1
24095,2021,T6,5,Diesel,2018,ICE,Not Applicable,3,Statewide,112
24096,2021,T6,6,Diesel,2002,ICE,Not Applicable,3,Statewide,112
24097,2021,T6,Unknown,Diesel,1985,ICE,Not Applicable,≥4,Statewide,109
24098,2021,T5,3,Diesel,1994,ICE,Not Applicable,1,Statewide,112
24099,2021,T1,1,Diesel,1984,ICE,Not Applicable,1,Statewide,1
24100,2021,T1,1,Diesel,1985,ICE,Not Applicable,1,Statewide,1
24101,2021,T1,Unknown,Diesel,1985,ICE,Not Applicable,3,Statewide,4
24102,2021,T3,Unknown,Gasoline,2000,ICE,Not Applicable,≥4,Statewide,137
24103,2021,T1,Unknown,Diesel,1985,ICE,Not Applicable,2,Statewide,4
24104,2021,T1,Unknown,Diesel,1987,ICE,Not Applicable,3,Statewide,4
24105,2021,T3,2,Gasoline,1986,ICE,Not Applicable,1,Statewide,137
24106,2021,T1,Unknown,Diesel,1989,ICE,Not Applicable,1,Statewide,4
24107,2021,P,Not Applicable,Gasoline,2023,PHEV,0 to 50 miles,3,Statewide,137
24108,2021,T1,Unknown,Diesel,1995,ICE,Not Applicable,1,Statewide,4
24109,2021,T1,Unknown,Diesel,2001,ICE,Not Applicable,1,Statewide,4
24110,2021,T1,Unknown,Diesel,1994,ICE,Not Applicable,3,Statewide,1
24111,2021,T1,Unknown,Diesel,2012,ICE,Not Applicable,1,Statewide,4
24112,2021,T6,4,Gasoline,2000,ICE,Not Applicable,3,Statewide,109
24113,2021,T4,Unknown,Gasoline,2013,ICE,Not Applicable,1,Statewide,109
24114,2021,T3,Unknown,Gasoline,1991,ICE,Not Applicable,3,Statewide,109
24115,2021,T6,5,Diesel,2016,ICE,Not Applicable,3,Statewide,109
24116,2021,T2,Unknown,Diesel,2019,ICE,Not Applicable,2,Statewide,137
24117,2021,T6,5,Diesel,2004,ICE,Not Applicable,2,Statewide,109
24118,2021,T6,6,Diesel,2000,ICE,Not Applicable,2,Statewide,109
24119,2021,T1,Unknown,Diesel,1986,ICE,Not Applicable,3,Statewide,1
24120,2021,T1,1,Diesel,1984,ICE,Not Applicable,3,Statewide,1
24121,2021,T6,6,Diesel,2000,ICE,Not Applicable,3,Statewide,109
24122,2021,T1,Unknown,Diesel,1989,ICE,Not Applicable,3,Statewide,1
24123,2021,BS,Not Applicable,Natural Gas,2002,ICE,Not Applicable,≥4,Statewide,109
24124,2021,MC,Not Applicable,Electric,1987,BEV,Unknown,≥4,Statewide,1
24125,2021,MC,Not Applicable,Electric,1991,BEV,Unknown,≥4,Statewide,1
24126,2021,T1,Unknown,Diesel,1995,ICE,Not Applicable,3,Statewide,1
24127,2021,T6,Unknown,Diesel,1998,ICE,Not Applicable,3,Statewide,1
24128,2021,T6,Unknown,Diesel,1997,ICE,Not Applicable,1,Statewide,1
24129,2021,T1,Unknown,Diesel,1978,ICE,Not Applicable,≥4,Statewide,4
24130,2021,T1,Unknown,Diesel,2001,ICE,Not Applicable,2,Statewide,1
24131,2021,T6,Unknown,Diesel,1997,ICE,Not Applicable,2,Statewide,1
24132,2021,MH,Not Applicable,Gasoline,2010,ICE,Not Applicable,≥4,Statewide,2211
24133,2021,MH,Not Applicable,Diesel,1981,ICE,Not Applicable,3,Statewide,4
24134,2021,T6,6,Diesel,2020,ICE,Not Applicable,2,Statewide,138
24135,2021,T6,Unknown,Diesel,1996,ICE,Not Applicable,2,Statewide,1
24136,2021,P,Not Applicable,Diesel,2005,ICE,Not Applicable,3,Statewide,113
24137,2021,T1,1,Diesel,1987,ICE,Not Applicable,2,Statewide,113
24138,2021,T6,Unknown,Diesel,1999,ICE,Not Applicable,3,Statewide,1
24139,2021,T1,1,Diesel,1988,ICE,Not Applicable,≥4,Statewide,113
24140,2021,T1,Unknown,Diesel,2002,ICE,Not Applicable,2,Statewide,1
24141,2021,T1,Unknown,Diesel,2002,ICE,Not Applicable,1,Statewide,1
24142,2021,B,Not Applicable,Gasoline,2010,ICE,Not Applicable,3,Statewide,113
24143,2021,T1,1,Diesel,2004,ICE,Not Applicable,≥4,Statewide,1
24144,2021,BS,Not Applicable,Gasoline,2006,ICE,Not Applicable,≥4,Statewide,113
24145,2021,T5,3,Gasoline,2014,ICE,Not Applicable,3,Statewide,113
24146,2021,T6,Unknown,Diesel,1992,ICE,Not Applicable,3,Statewide,1
24147,2021,BT,Not Applicable,Electric,2008,BEV,Unknown,≥4,Statewide,1
24148,2021,T1,1,Diesel,2004,ICE,Not Applicable,2,Statewide,1
24149,2021,BT,Not Applicable,Electric,2007,BEV,Unknown,1,Statewide,1
24150,2021,T6,4,Diesel,1992,ICE,Not Applicable,2,Statewide,1
24151,2021,T6,5,Diesel,2007,ICE,Not Applicable,3,Statewide,113
24152,2021,T6,Unknown,Diesel,2006,ICE,Not Applicable,1,Statewide,1
24153,2021,T6,Unknown,Diesel,1999,ICE,Not Applicable,1,Statewide,1
24154,2021,T3,2,Gasoline,1984,ICE,Not Applicable,≥4,Statewide,2229
24155,2021,MC,Not Applicable,Electric,1992,BEV,Unknown,2,Statewide,1
24156,2021,BS,Not Applicable,Natural Gas,2014,ICE,Not Applicable,≥4,Statewide,135
24157,2021,T2,Unknown,Diesel,1979,ICE,Not Applicable,≥4,Statewide,4
24158,2021,T6,6,Gasoline,1996,ICE,Not Applicable,≥4,Statewide,135
24159,2021,T6,6,Gasoline,1980,ICE,Not Applicable,1,Statewide,135
24160,2021,B,Not Applicable,Diesel,2001,ICE,Not Applicable,≥4,Statewide,112
24161,2021,T2,Unknown,Diesel,1982,ICE,Not Applicable,3,Statewide,4
24162,2021,T2,Unknown,Diesel,1983,ICE,Not Applicable,≥4,Statewide,4
24163,2021,MH,Not Applicable,Gasoline,1986,ICE,Not Applicable,1,Statewide,135
24164,2021,T2,1,Diesel,1986,ICE,Not Applicable,3,Statewide,4
24165,2021,T6,7,Gasoline,2002,ICE,Not Applicable,≥4,Statewide,112
24166,2021,T1,Unknown,Diesel,1979,ICE,Not Applicable,1,Statewide,4
24167,2021,BS,Not Applicable,Natural Gas,2020,ICE,Not Applicable,≥4,Statewide,112
24168,2021,T4,2,Diesel,2005,ICE,Not Applicable,1,Statewide,2221
24169,2021,T4,2,Diesel,1988,ICE,Not Applicable,2,Statewide,138
24170,2021,B,Not Applicable,Diesel,1980,ICE,Not Applicable,3,Statewide,4
24171,2021,P,Not Applicable,Diesel,2003,ICE,Not Applicable,1,Statewide,135
24172,2021,T6,Unknown,Diesel,2001,ICE,Not Applicable,3,Statewide,1
24173,2021,T1,Unknown,Gasoline,2017,ICE,Not Applicable,2,Statewide,2083
24174,2021,T1,Unknown,Diesel,1996,ICE,Not Applicable,1,Statewide,1
24175,2021,T1,Unknown,Diesel,1997,ICE,Not Applicable,3,Statewide,1
24176,2021,T3,2,Gasoline,1992,ICE,Not Applicable,≥4,Statewide,2223
24177,2021,T1,Unknown,Diesel,1997,ICE,Not Applicable,2,Statewide,1
24178,2021,T4,2,Diesel,2014,ICE,Not Applicable,≥4,Statewide,2225
24179,2021,T6,Unknown,Diesel,2000,ICE,Not Applicable,3,Statewide,1
24180,2021,MC,Not Applicable,Electric,1997,BEV,Unknown,2,Statewide,1
24181,2021,T6,4,Gasoline,2009,ICE,Not Applicable,1,Statewide,116
24182,2021,MC,Not Applicable,Electric,1998,BEV,Unknown,1,Statewide,1
24183,2021,MC,Not Applicable,Electric,2002,BEV,Unknown,≥4,Statewide,1
24184,2021,MC,Not Applicable,Electric,2002,BEV,Unknown,1,Statewide,1
24185,2021,T3,2,Electric,2020,BEV,Unknown,1,Statewide,1
24186,2021,T3,2,Electric,2020,BEV,Unknown,≥4,Statewide,1
24187,2021,BS,Not Applicable,Diesel,1980,ICE,Not Applicable,1,Statewide,4
24188,2021,T2,Unknown,Diesel,2012,ICE,Not Applicable,≥4,Statewide,4
24189,2021,T3,2,Electric,2019,BEV,Unknown,1,Statewide,1
24190,2021,T4,Unknown,Gasoline,2019,ICE,Not Applicable,2,Statewide,111
24191,2021,BS,Not Applicable,Diesel,1983,ICE,Not Applicable,1,Statewide,4
24192,2021,T2,Unknown,Diesel,2013,ICE,Not Applicable,≥4,Statewide,4
24193,2021,T3,Unknown,Electric,2021,BEV,51 to 100 miles,1,Statewide,1
24194,2021,T2,Unknown,Diesel,2014,ICE,Not Applicable,2,Statewide,4
24195,2021,T2,Unknown,Diesel,2014,ICE,Not Applicable,1,Statewide,4
24196,2021,T4,2,Diesel,1985,ICE,Not Applicable,3,Statewide,1
24197,2021,T3,2,Electric,2019,BEV,Unknown,3,Statewide,1
24198,2021,T1,Unknown,Gasoline,2008,ICE,Not Applicable,1,Statewide,107
24199,2021,T3,2,Electric,2018,BEV,Unknown,1,Statewide,1
24200,2021,B,Not Applicable,Gasoline,2012,ICE,Not Applicable,2,Statewide,107
24201,2021,T6,7,Diesel,2015,ICE,Not Applicable,1,Statewide,107
24202,2021,T6,6,Gasoline,1993,ICE,Not Applicable,≥4,Statewide,111
24203,2021,T6,6,Gasoline,1998,ICE,Not Applicable,≥4,Statewide,111
24204,2021,T4,Unknown,Diesel,1984,ICE,Not Applicable,2,Statewide,1
24205,2021,BS,Not Applicable,Diesel,1985,ICE,Not Applicable,1,Statewide,4
24206,2021,T6,7,Diesel,2014,ICE,Not Applicable,2,Statewide,107
24207,2021,T3,2,Electric,2022,BEV,Unknown,≥4,Statewide,1
24208,2021,T3,Unknown,Gasoline,1991,ICE,Not Applicable,1,Statewide,111
24209,2021,B,Not Applicable,Diesel,1982,ICE,Not Applicable,1,Statewide,4
24210,2021,T1,Unknown,Gasoline,2008,ICE,Not Applicable,2,Statewide,119
24211,2021,T3,Unknown,Gasoline,2000,ICE,Not Applicable,2,Statewide,119
24212,2021,T6,6,Diesel,2002,ICE,Not Applicable,2,Statewide,111
24213,2021,T6,4,Gasoline,2007,ICE,Not Applicable,2,Statewide,119
24214,2021,BS,Not Applicable,Natural Gas,2021,ICE,Not Applicable,≥4,Statewide,119
24215,2021,T6,7,Diesel,2007,ICE,Not Applicable,1,Statewide,111
24216,2021,P,Not Applicable,Electric,2015,BEV,Unknown,3,Statewide,111
24217,2021,P,Not Applicable,Electric,2021,BEV,Unknown,3,Statewide,111
24218,2021,B,Not Applicable,Diesel,1988,ICE,Not Applicable,3,Statewide,4
24219,2021,B,Not Applicable,Diesel,1988,ICE,Not Applicable,1,Statewide,4
24220,2021,P,Not Applicable,Natural Gas,2016,ICE,Not Applicable,1,Statewide,119
24221,2021,T4,Unknown,Diesel,1994,ICE,Not Applicable,3,Statewide,1
24222,2021,T4,Unknown,Diesel,1993,ICE,Not Applicable,3,Statewide,1
24223,2021,B,Not Applicable,Gasoline,2014,ICE,Not Applicable,1,Statewide,111
24224,2021,T4,Unknown,Diesel,1991,ICE,Not Applicable,3,Statewide,1
24225,2021,B,Not Applicable,Diesel,1988,ICE,Not Applicable,2,Statewide,4
24226,2021,T4,Unknown,Diesel,1990,ICE,Not Applicable,2,Statewide,1
24227,2021,T4,Unknown,Diesel,1989,ICE,Not Applicable,3,Statewide,1
24228,2021,MC,Not Applicable,Electric,1997,BEV,Unknown,1,Statewide,1
24229,2021,T4,2,Diesel,1986,ICE,Not Applicable,1,Statewide,1
24230,2021,T4,2,Diesel,1986,ICE,Not Applicable,3,Statewide,1
24231,2021,T7,8,Natural Gas,2010,ICE,Not Applicable,≥4,Statewide,119
24232,2021,T6,Unknown,Diesel,1977,ICE,Not Applicable,1,Statewide,111
24233,2021,T3,2,Diesel,2010,ICE,Not Applicable,1,Statewide,107
24234,2021,MH,Not Applicable,Diesel,2003,ICE,Not Applicable,2,Statewide,107
24235,2021,T4,Unknown,Gasoline,1981,ICE,Not Applicable,3,Statewide,4
24236,2021,T3,Unknown,Diesel,1978,ICE,Not Applicable,≥4,Statewide,4
24237,2021,T3,2,Diesel,1982,ICE,Not Applicable,3,Statewide,4
24238,2021,P,Not Applicable,Diesel,2020,ICE,Not Applicable,2,Statewide,2174
24239,2021,T2,1,Gasoline,1978,ICE,Not Applicable,≥4,Statewide,2171
24240,2021,T4,Unknown,Electric,1990,BEV,Unknown,1,Statewide,1
24241,2021,T4,Unknown,Electric,1994,BEV,Unknown,2,Statewide,1
24242,2021,T6,4,Diesel,2022,ICE,Not Applicable,1,Statewide,120
24243,2021,B,Not Applicable,Gasoline,2013,ICE,Not Applicable,3,Statewide,120
24244,2021,BS,Not Applicable,Gasoline,2012,ICE,Not Applicable,≥4,Statewide,120
24245,2021,MC,Not Applicable,Electric,2010,BEV,Unknown,≥4,Statewide,1
24246,2021,MH,Not Applicable,Gasoline,2015,ICE,Not Applicable,2,Statewide,120
24247,2021,T4,2,Diesel,1984,ICE,Not Applicable,1,Statewide,1
24248,2021,T4,Unknown,Gasoline,2000,ICE,Not Applicable,3,Statewide,4
24249,2021,T4,Unknown,Gasoline,2005,ICE,Not Applicable,≥4,Statewide,4
24250,2021,T4,Unknown,Diesel,1983,ICE,Not Applicable,2,Statewide,1
24251,2021,P,Not Applicable,Diesel,2005,ICE,Not Applicable,1,Statewide,121
24252,2021,T3,Unknown,Diesel,1983,ICE,Not Applicable,≥4,Statewide,4
24253,2021,T3,Unknown,Diesel,1985,ICE,Not Applicable,2,Statewide,4
24254,2021,T3,Unknown,Diesel,1985,ICE,Not Applicable,1,Statewide,4
24255,2021,T1,Unknown,Diesel,1977,ICE,Not Applicable,≥4,Statewide,121
24256,2021,T7,8,Natural Gas,2011,ICE,Not Applicable,≥4,Statewide,106
24257,2021,T2,1,Gasoline,2021,PHEV,0 to 50 miles,2,Statewide,120
24258,2021,T1,1,Diesel,1987,ICE,Not Applicable,3,Statewide,107
24259,2021,MC,Not Applicable,Electric,2009,BEV,Unknown,≥4,Statewide,1
24260,2021,MC,Not Applicable,Electric,2007,BEV,Unknown,1,Statewide,1
24261,2021,MC,Not Applicable,Electric,2003,BEV,Unknown,2,Statewide,1
24262,2021,T2,Unknown,Diesel,2015,ICE,Not Applicable,1,Statewide,4
24263,2021,T4,Unknown,Electric,1989,BEV,Unknown,≥4,Statewide,1
24264,2021,T4,Unknown,Diesel,1984,ICE,Not Applicable,3,Statewide,1
24265,2021,T4,Unknown,Electric,1989,BEV,Unknown,2,Statewide,1
24266,2021,T6,4,Gasoline,2007,ICE,Not Applicable,3,Statewide,111
24267,2021,MC,Not Applicable,Electric,2003,BEV,Unknown,1,Statewide,1
24268,2021,T3,Unknown,Electric,2012,BEV,Unknown,1,Statewide,1
24269,2021,P,Not Applicable,Natural Gas,2004,ICE,Not Applicable,≥4,Statewide,111
24270,2021,T3,2,Diesel,2020,ICE,Not Applicable,3,Statewide,2175
24271,2021,MC,Not Applicable,Electric,2008,BEV,Unknown,2,Statewide,1
24272,2021,T5,3,Diesel,2004,ICE,Not Applicable,≥4,Statewide,2251
24273,2021,MC,Not Applicable,Gasoline,1987,ICE,Not Applicable,≥4,Statewide,2252
24274,2021,MC,Not Applicable,Electric,2004,BEV,Unknown,≥4,Statewide,1
24275,2021,BS,Not Applicable,Diesel,1986,ICE,Not Applicable,2,Statewide,4
24276,2021,T3,Unknown,Electric,2005,BEV,Unknown,3,Statewide,1
24277,2021,T3,Unknown,Electric,2004,BEV,Unknown,1,Statewide,1
24278,2021,T4,Unknown,Electric,1989,BEV,Unknown,1,Statewide,1
24279,2021,T3,Unknown,Electric,2003,BEV,Unknown,1,Statewide,1
24280,2021,MC,Not Applicable,Electric,2006,BEV,Unknown,1,Statewide,1
24281,2021,T3,2,Gasoline,2023,ICE,Not Applicable,≥4,Statewide,2369
24282,2021,MC,Not Applicable,Electric,2007,BEV,Unknown,2,Statewide,1
24283,2021,BT,Not Applicable,Diesel,1996,ICE,Not Applicable,2,Statewide,4
24284,2021,T3,Unknown,Diesel,2015,ICE,Not Applicable,2,Statewide,111
24285,2021,T4,Unknown,Diesel,1986,ICE,Not Applicable,3,Statewide,1
24286,2021,BT,Not Applicable,Diesel,2008,ICE,Not Applicable,2,Statewide,4
24287,2021,T4,Unknown,Electric,1985,BEV,Unknown,≥4,Statewide,1
24288,2021,P,Not Applicable,Diesel,2023,ICE,Not Applicable,1,Statewide,1
24289,2021,T6,5,Diesel,2018,ICE,Not Applicable,2,Statewide,139
24290,2021,T6,7,Diesel,2009,ICE,Not Applicable,1,Statewide,118
24291,2021,T6,6,Gasoline,1999,ICE,Not Applicable,≥4,Statewide,110
24292,2021,T5,3,Diesel,1985,ICE,Not Applicable,2,Statewide,1
24293,2021,T5,3,Diesel,1977,ICE,Not Applicable,1,Statewide,1
24294,2021,T5,3,Diesel,1987,ICE,Not Applicable,3,Statewide,1
24295,2021,T5,3,Diesel,1987,ICE,Not Applicable,1,Statewide,1
24296,2021,T2,Unknown,Diesel,2020,ICE,Not Applicable,2,Statewide,118
24297,2021,T4,Unknown,Diesel,2018,ICE,Not Applicable,3,Statewide,1
24298,2021,T4,Unknown,Diesel,2015,ICE,Not Applicable,1,Statewide,1
24299,2021,T4,Unknown,Diesel,2015,ICE,Not Applicable,3,Statewide,1
24300,2021,T1,Unknown,Gasoline,1978,ICE,Not Applicable,2,Statewide,117
24301,2021,T4,Unknown,Diesel,2006,ICE,Not Applicable,2,Statewide,1
24302,2021,MC,Not Applicable,Diesel,2010,ICE,Not Applicable,2,Statewide,4
24303,2021,T4,Unknown,Gasoline,1994,ICE,Not Applicable,1,Statewide,4
24304,2021,T6,6,Gasoline,1977,ICE,Not Applicable,3,Statewide,110
24305,2021,T4,Unknown,Gasoline,1992,ICE,Not Applicable,1,Statewide,4
24306,2021,T4,Unknown,Gasoline,1989,ICE,Not Applicable,1,Statewide,4
24307,2021,T3,Unknown,Gasoline,1998,ICE,Not Applicable,≥4,Statewide,117
24308,2021,T6,4,Diesel,2005,ICE,Not Applicable,≥4,Statewide,2187
24309,2021,B,Not Applicable,Electric,2013,BEV,Unknown,≥4,Statewide,1
24310,2021,T5,3,Diesel,1978,ICE,Not Applicable,1,Statewide,1
24311,2021,T6,4,Diesel,2001,ICE,Not Applicable,3,Statewide,95
24312,2021,T5,3,Diesel,1981,ICE,Not Applicable,≥4,Statewide,1
24313,2021,T7,8,Diesel,1981,ICE,Not Applicable,≥4,Statewide,95
24314,2021,MC,Not Applicable,Diesel,2009,ICE,Not Applicable,≥4,Statewide,4
24315,2021,T5,3,Diesel,1984,ICE,Not Applicable,≥4,Statewide,1
24316,2021,MC,Not Applicable,Diesel,2006,ICE,Not Applicable,≥4,Statewide,4
24317,2021,T5,3,Diesel,1979,ICE,Not Applicable,1,Statewide,1
24318,2021,T5,3,Diesel,1979,ICE,Not Applicable,2,Statewide,1
24319,2021,T5,3,Diesel,1979,ICE,Not Applicable,≥4,Statewide,1
24320,2021,MC,Not Applicable,Diesel,2013,ICE,Not Applicable,≥4,Statewide,4
24321,2021,MC,Not Applicable,Diesel,2005,ICE,Not Applicable,3,Statewide,4
24322,2021,MC,Not Applicable,Diesel,1977,ICE,Not Applicable,2,Statewide,4
24323,2021,BT,Not Applicable,Diesel,2019,ICE,Not Applicable,3,Statewide,4
24324,2021,T6,7,Diesel,2005,ICE,Not Applicable,3,Statewide,139
24325,2021,T6,7,Diesel,2006,ICE,Not Applicable,1,Statewide,139
24326,2021,B,Not Applicable,Gasoline,2004,ICE,Not Applicable,3,Statewide,95
24327,2021,T6,4,Gasoline,2012,ICE,Not Applicable,1,Statewide,110
24328,2021,MH,Not Applicable,Diesel,2017,ICE,Not Applicable,3,Statewide,139
24329,2021,BT,Not Applicable,Diesel,2017,ICE,Not Applicable,1,Statewide,4
24330,2021,T4,Unknown,Gasoline,1996,ICE,Not Applicable,2,Statewide,4
24331,2021,B,Not Applicable,Electric,2014,BEV,Unknown,≥4,Statewide,1
24332,2021,P,Not Applicable,Electric,2020,BEV,Unknown,1,Statewide,117
24333,2021,T4,2,Gasoline,1981,ICE,Not Applicable,1,Statewide,110
24334,2021,T4,Unknown,Diesel,2006,ICE,Not Applicable,3,Statewide,1
24335,2021,B,Not Applicable,Electric,2012,BEV,Unknown,3,Statewide,1
24336,2021,B,Not Applicable,Diesel,1980,ICE,Not Applicable,2,Statewide,4
24337,2021,T4,Unknown,Diesel,1994,ICE,Not Applicable,2,Statewide,1
24338,2021,T3,2,Gasoline,1996,ICE,Not Applicable,2,Statewide,2188
24339,2021,B,Not Applicable,Electric,2005,BEV,Unknown,≥4,Statewide,1
24340,2021,MH,Not Applicable,Diesel,2003,ICE,Not Applicable,1,Statewide,119
24341,2021,B,Not Applicable,Electric,2004,BEV,Unknown,2,Statewide,1
24342,2021,MH,Not Applicable,Gasoline,2014,ICE,Not Applicable,3,Statewide,110
24343,2021,B,Not Applicable,Electric,2002,BEV,Unknown,≥4,Statewide,1
24344,2021,BT,Not Applicable,Diesel,2016,ICE,Not Applicable,3,Statewide,4
24345,2021,MH,Not Applicable,Diesel,2018,ICE,Not Applicable,2,Statewide,119
24346,2021,MC,Not Applicable,Electric,2001,BEV,Unknown,3,Statewide,1
24347,2021,MH,Not Applicable,Diesel,2018,ICE,Not Applicable,1,Statewide,119
24348,2021,T1,1,Electric,2017,BEV,101 to 150 miles,≥4,Statewide,119
24349,2021,B,Not Applicable,Electric,1999,BEV,Unknown,2,Statewide,1
24350,2021,B,Not Applicable,Gasoline,2008,ICE,Not Applicable,2,Statewide,119
24351,2021,T4,Unknown,Gasoline,1982,ICE,Not Applicable,2,Statewide,4
24352,2021,T1,Unknown,Gasoline,2008,ICE,Not Applicable,≥4,Statewide,119
24353,2021,T4,Unknown,Gasoline,1981,ICE,Not Applicable,2,Statewide,4
24354,2021,T4,Unknown,Electric,1983,BEV,Unknown,1,Statewide,1
24355,2021,T4,Unknown,Electric,1978,BEV,Unknown,≥4,Statewide,1
24356,2021,T4,Unknown,Electric,1977,BEV,Unknown,2,Statewide,1
24357,2021,B,Not Applicable,Electric,1998,BEV,Unknown,1,Statewide,1
24358,2021,P,Not Applicable,Electric,2016,BEV,Unknown,≥4,Statewide,119
24359,2021,T4,Unknown,Diesel,1996,ICE,Not Applicable,3,Statewide,1
24360,2021,T1,1,Gasoline,1978,ICE,Not Applicable,≥4,Statewide,2373
24361,2021,B,Not Applicable,Electric,1997,BEV,Unknown,≥4,Statewide,1
24362,2021,T6,Unknown,Diesel,2011,ICE,Not Applicable,3,Statewide,1
24363,2021,T4,Unknown,Diesel,1999,ICE,Not Applicable,2,Statewide,1
24364,2021,P,Not Applicable,Electric,2019,BEV,51 to 100 miles,2,Statewide,2188
24365,2021,T6,4,Diesel,2019,ICE,Not Applicable,1,Statewide,139
24366,2021,T4,Unknown,Diesel,1997,ICE,Not Applicable,3,Statewide,1
24367,2021,T6,Unknown,Diesel,2011,ICE,Not Applicable,2,Statewide,1
24368,2021,T4,Unknown,Diesel,1999,ICE,Not Applicable,1,Statewide,1
24369,2021,T6,Unknown,Diesel,2008,ICE,Not Applicable,1,Statewide,1
24370,2021,T4,Unknown,Diesel,2000,ICE,Not Applicable,2,Statewide,1
24371,2021,T6,Unknown,Diesel,2009,ICE,Not Applicable,2,Statewide,1
24372,2021,MC,Not Applicable,Electric,1999,BEV,Unknown,≥4,Statewide,1
24373,2021,T4,Unknown,Gasoline,1984,ICE,Not Applicable,1,Statewide,4
24374,2021,T4,Unknown,Gasoline,1983,ICE,Not Applicable,3,Statewide,4
24375,2021,T4,2,Diesel,2019,ICE,Not Applicable,2,Statewide,2186
24376,2021,MH,Not Applicable,Gasoline,2022,ICE,Not Applicable,≥4,Statewide,2179
24377,2021,T6,7,Diesel,2022,ICE,Not Applicable,1,Statewide,117
24378,2021,MC,Not Applicable,Electric,2000,BEV,Unknown,≥4,Statewide,1
24379,2021,T4,Unknown,Diesel,2005,ICE,Not Applicable,1,Statewide,1
24380,2021,B,Not Applicable,Electric,2008,BEV,Unknown,1,Statewide,1
24381,2022,T6,6,Natural Gas,2005,ICE,Not Applicable,≥4,Statewide,4
24382,2022,T3,2,Natural Gas,2000,ICE,Not Applicable,1,Statewide,4
24383,2022,BT,Not Applicable,Gasoline,2016,ICE,Not Applicable,2,Statewide,9
24384,2022,BT,Not Applicable,Gasoline,2014,ICE,Not Applicable,1,Statewide,9
24385,2022,P,Not Applicable,Natural Gas,2002,ICE,Not Applicable,1,Statewide,9
24386,2022,BT,Not Applicable,Natural Gas,2007,ICE,Not Applicable,1,Statewide,9
24387,2022,T1,Unknown,Gasoline,1994,ICE,Not Applicable,1,Statewide,9
24388,2022,T1,Unknown,Gasoline,1994,ICE,Not Applicable,3,Statewide,9
24389,2022,BT,Not Applicable,Gasoline,1992,ICE,Not Applicable,≥4,Statewide,9
24390,2022,T1,Unknown,Gasoline,1992,ICE,Not Applicable,1,Statewide,9
24391,2022,BT,Not Applicable,Gasoline,2016,ICE,Not Applicable,3,Statewide,9
24392,2022,BT,Not Applicable,Gasoline,2021,ICE,Not Applicable,2,Statewide,9
24393,2022,BT,Not Applicable,Gasoline,2021,ICE,Not Applicable,3,Statewide,9
24394,2022,BT,Not Applicable,Gasoline,2018,ICE,Not Applicable,1,Statewide,9
24395,2022,T3,2,Natural Gas,2000,ICE,Not Applicable,3,Statewide,4
24396,2022,T1,Unknown,Gasoline,1991,ICE,Not Applicable,1,Statewide,9
24397,2022,B,Not Applicable,Natural Gas,1997,ICE,Not Applicable,≥4,Statewide,9
24398,2022,T1,Unknown,Gasoline,2020,ICE,Not Applicable,≥4,Statewide,9
24399,2022,T6,6,Gasoline,1991,ICE,Not Applicable,2,Statewide,9
24400,2022,T6,6,Gasoline,1993,ICE,Not Applicable,2,Statewide,9
24401,2022,T6,6,Gasoline,2021,ICE,Not Applicable,2,Statewide,9
24402,2022,MC,Not Applicable,Gasoline,2007,ICE,Not Applicable,≥4,Statewide,14345
24403,2022,T6,5,Gasoline,2014,ICE,Not Applicable,2,Statewide,9
24404,2022,T6,6,Natural Gas,2010,ICE,Not Applicable,≥4,Statewide,4
24405,2022,T6,5,Gasoline,1995,ICE,Not Applicable,≥4,Statewide,9
24406,2022,T6,6,Natural Gas,2009,ICE,Not Applicable,≥4,Statewide,4
24407,2022,T6,6,Natural Gas,2007,ICE,Not Applicable,≥4,Statewide,4
24408,2022,T3,Unknown,Gasoline,2009,ICE,Not Applicable,≥4,Statewide,8095
24409,2022,T6,7,Gasoline,1996,ICE,Not Applicable,1,Statewide,9
24410,2022,T6,6,Gasoline,1999,ICE,Not Applicable,1,Statewide,9
24411,2022,T6,7,Gasoline,2010,ICE,Not Applicable,1,Statewide,9
24412,2022,T4,2,Diesel,2013,ICE,Not Applicable,≥4,Statewide,8077
24413,2022,T4,2,Gasoline,2011,ICE,Not Applicable,2,Statewide,8067
24414,2022,T6,6,Gasoline,2003,ICE,Not Applicable,3,Statewide,9
24415,2022,T6,7,Gasoline,2007,ICE,Not Applicable,1,Statewide,9
24416,2022,T6,Unknown,Gasoline,2022,ICE,Not Applicable,≥4,Statewide,9
24417,2022,T3,2,Natural Gas,2001,ICE,Not Applicable,1,Statewide,4
24418,2022,T6,6,Gasoline,2023,ICE,Not Applicable,2,Statewide,9
24419,2022,T7,8,Gasoline,1994,ICE,Not Applicable,≥4,Statewide,9
24420,2022,T4,2,Natural Gas,2004,ICE,Not Applicable,2,Statewide,4
24421,2022,T4,2,Natural Gas,2018,ICE,Not Applicable,3,Statewide,4
24422,2022,T6,6,Natural Gas,2006,ICE,Not Applicable,≥4,Statewide,4
24423,2022,T2,Unknown,Gasoline,1986,ICE,Not Applicable,3,Statewide,9
24424,2022,T2,Unknown,Gasoline,1987,ICE,Not Applicable,3,Statewide,9
24425,2022,T2,Unknown,Gasoline,2021,PHEV,0 to 50 miles,1,Statewide,9
24426,2022,T4,Unknown,Gasoline,1987,ICE,Not Applicable,≥4,Statewide,9
24427,2022,T4,Unknown,Gasoline,1994,ICE,Not Applicable,≥4,Statewide,9
24428,2022,BT,Not Applicable,Natural Gas,2001,ICE,Not Applicable,1,Statewide,9
24429,2022,BS,Not Applicable,Natural Gas,2016,ICE,Not Applicable,1,Statewide,9
24430,2022,T6,6,Gasoline,2014,ICE,Not Applicable,1,Statewide,9
24431,2022,BS,Not Applicable,Natural Gas,2008,ICE,Not Applicable,3,Statewide,9
24432,2022,T6,6,Gasoline,2017,ICE,Not Applicable,2,Statewide,9
24433,2022,T4,Unknown,Gasoline,2014,ICE,Not Applicable,≥4,Statewide,9
24434,2022,T5,3,Gasoline,1988,ICE,Not Applicable,3,Statewide,9
24435,2022,T6,7,Gasoline,1985,ICE,Not Applicable,2,Statewide,9
24436,2022,T6,7,Gasoline,1989,ICE,Not Applicable,1,Statewide,9
24437,2022,T5,3,Natural Gas,2020,ICE,Not Applicable,≥4,Statewide,4
24438,2022,BS,Not Applicable,Gasoline,2022,ICE,Not Applicable,3,Statewide,9
24439,2022,T1,1,Gasoline,2014,ICE,Not Applicable,1,Statewide,13913
24440,2022,BS,Not Applicable,Gasoline,1992,ICE,Not Applicable,1,Statewide,9
24441,2022,T2,1,Gasoline,2002,ICE,Not Applicable,3,Statewide,15754
24442,2022,T3,Unknown,Diesel,1999,ICE,Not Applicable,3,Statewide,2
24443,2022,B,Not Applicable,Diesel,1991,ICE,Not Applicable,3,Statewide,9
24444,2022,T1,1,Gasoline,2002,ICE,Not Applicable,≥4,Statewide,18119
24445,2022,T3,2,Gasoline,2000,ICE,Not Applicable,≥4,Statewide,15847
24446,2022,P,Not Applicable,Gasoline,1995,ICE,Not Applicable,2,Statewide,8251
24447,2022,T4,2,Diesel,2012,ICE,Not Applicable,≥4,Statewide,8267
24448,2022,T2,1,Gasoline,1978,ICE,Not Applicable,≥4,Statewide,15884
24449,2022,T3,Unknown,Diesel,1982,ICE,Not Applicable,3,Statewide,2
24450,2022,T1,1,Gasoline,2022,ICE,Not Applicable,2,Statewide,15891
24451,2022,MC,Not Applicable,Gasoline,2011,ICE,Not Applicable,3,Statewide,8280
24452,2022,T7,8,Diesel,2023,ICE,Not Applicable,≥4,Statewide,8281
24453,2022,T1,1,Gasoline,2018,ICE,Not Applicable,2,Statewide,15979
24454,2022,T3,Unknown,Diesel,1982,ICE,Not Applicable,2,Statewide,2
24455,2022,T3,2,Diesel,1983,ICE,Not Applicable,3,Statewide,2
24456,2022,T1,1,Gasoline,2011,ICE,Not Applicable,2,Statewide,8327
24457,2022,T3,2,Diesel,1983,ICE,Not Applicable,1,Statewide,2
24458,2022,T2,1,Gasoline,1996,ICE,Not Applicable,≥4,Statewide,8329
24459,2022,T4,2,Diesel,2006,ICE,Not Applicable,≥4,Statewide,8276
24460,2022,T3,Unknown,Gasoline,2011,ICE,Not Applicable,2,Statewide,16225
24461,2022,T3,2,Gasoline,2014,ICE,Not Applicable,1,Statewide,13579
24462,2022,T3,2,Gasoline,2001,ICE,Not Applicable,≥4,Statewide,15621
24463,2022,T2,Unknown,Diesel,2014,ICE,Not Applicable,1,Statewide,2
24464,2022,T1,1,Gasoline,2023,ICE,Not Applicable,≥4,Statewide,15347
24465,2022,T3,Unknown,Diesel,1980,ICE,Not Applicable,1,Statewide,2
24466,2022,BS,Not Applicable,Diesel,2016,ICE,Not Applicable,3,Statewide,9
24467,2022,T3,2,Diesel,1982,ICE,Not Applicable,3,Statewide,2
24468,2022,T3,2,Diesel,1982,ICE,Not Applicable,1,Statewide,2
24469,2022,BS,Not Applicable,Diesel,2008,ICE,Not Applicable,3,Statewide,9
24470,2022,T4,2,Gasoline,2009,ICE,Not Applicable,≥4,Statewide,15522
24471,2022,B,Not Applicable,Diesel,1992,ICE,Not Applicable,3,Statewide,9
24472,2022,T3,2,Gasoline,2014,ICE,Not Applicable,2,Statewide,15532
24473,2022,T1,1,Gasoline,2012,ICE,Not Applicable,3,Statewide,8111
24474,2022,BS,Not Applicable,Diesel,1985,ICE,Not Applicable,≥4,Statewide,9
24475,2022,T3,Unknown,Gasoline,2023,ICE,Not Applicable,1,Statewide,8127
24476,2022,T4,2,Gasoline,2007,ICE,Not Applicable,≥4,Statewide,13543
24477,2022,B,Not Applicable,Diesel,1992,ICE,Not Applicable,2,Statewide,9
24478,2022,T1,1,Gasoline,2014,ICE,Not Applicable,≥4,Statewide,14303
24479,2022,T7,8,Diesel,2022,ICE,Not Applicable,≥4,Statewide,8138
24480,2022,T3,Unknown,Diesel,1982,ICE,Not Applicable,≥4,Statewide,2
24481,2022,BS,Not Applicable,Diesel,1993,ICE,Not Applicable,3,Statewide,9
24482,2022,BT,Not Applicable,Diesel,2015,ICE,Not Applicable,3,Statewide,9
24483,2022,T2,1,Gasoline,2002,ICE,Not Applicable,2,Statewide,17973
24484,2022,P,Not Applicable,Gasoline,1999,ICE,Not Applicable,1,Statewide,17938
24485,2022,T1,1,Gasoline,2001,ICE,Not Applicable,≥4,Statewide,13843
24486,2022,T3,2,Diesel,1993,ICE,Not Applicable,≥4,Statewide,2
24487,2022,T3,Unknown,Diesel,1992,ICE,Not Applicable,1,Statewide,2
24488,2022,P,Not Applicable,Gasoline,1999,ICE,Not Applicable,2,Statewide,16552
24489,2022,T3,2,Diesel,1984,ICE,Not Applicable,≥4,Statewide,2
24490,2022,P,Not Applicable,Gasoline,1998,ICE,Not Applicable,1,Statewide,13990
24491,2022,T3,2,Diesel,1992,ICE,Not Applicable,1,Statewide,2
24492,2022,T1,1,Gasoline,1997,ICE,Not Applicable,≥4,Statewide,8530
24493,2022,T3,2,Diesel,1993,ICE,Not Applicable,2,Statewide,2
24494,2022,MC,Not Applicable,Gasoline,2019,ICE,Not Applicable,≥4,Statewide,16959
24495,2022,P,Not Applicable,Gasoline,1995,ICE,Not Applicable,≥4,Statewide,16831
24496,2022,T3,2,Diesel,1992,ICE,Not Applicable,3,Statewide,2
24497,2022,T1,1,Gasoline,2009,ICE,Not Applicable,2,Statewide,8440
24498,2022,P,Not Applicable,Electric,2022,BEV,>150 miles,1,Statewide,8523
24499,2022,T1,1,Gasoline,2011,ICE,Not Applicable,1,Statewide,8449
24500,2022,T3,Unknown,Diesel,1990,ICE,Not Applicable,2,Statewide,2
24501,2022,T4,2,Diesel,2011,ICE,Not Applicable,≥4,Statewide,13912
24502,2022,MC,Not Applicable,Gasoline,2008,ICE,Not Applicable,≥4,Statewide,16763
24503,2022,T2,1,Gasoline,2001,ICE,Not Applicable,≥4,Statewide,16952
24504,2022,T3,Unknown,Diesel,1999,ICE,Not Applicable,≥4,Statewide,2
24505,2022,MC,Not Applicable,Gasoline,2013,ICE,Not Applicable,≥4,Statewide,17263
24506,2022,MC,Not Applicable,Gasoline,2022,ICE,Not Applicable,≥4,Statewide,17393
24507,2022,T3,2,Gasoline,2015,ICE,Not Applicable,1,Statewide,17925
24508,2022,T2,1,Gasoline,2000,ICE,Not Applicable,≥4,Statewide,16335
24509,2022,T3,Unknown,Diesel,1983,ICE,Not Applicable,3,Statewide,2
24510,2022,T7,8,Diesel,2015,ICE,Not Applicable,≥4,Statewide,8377
24511,2022,T1,Unknown,Gasoline,1978,ICE,Not Applicable,2,Statewide,8378
24512,2022,T3,Unknown,Diesel,1983,ICE,Not Applicable,2,Statewide,2
24513,2022,T3,Unknown,Diesel,1983,ICE,Not Applicable,1,Statewide,2
24514,2022,T3,2,Gasoline,2015,ICE,Not Applicable,3,Statewide,17804
24515,2022,T3,Unknown,Diesel,1993,ICE,Not Applicable,2,Statewide,2
24516,2022,T3,Unknown,Gasoline,2012,ICE,Not Applicable,≥4,Statewide,8578
24517,2022,T1,1,Gasoline,2018,ICE,Not Applicable,1,Statewide,17673
24518,2022,T2,1,Gasoline,2002,ICE,Not Applicable,1,Statewide,17518
24519,2022,MC,Not Applicable,Gasoline,2014,ICE,Not Applicable,≥4,Statewide,17511
24520,2022,T4,2,Gasoline,2008,ICE,Not Applicable,≥4,Statewide,17501
24521,2022,T3,Unknown,Gasoline,2011,ICE,Not Applicable,≥4,Statewide,17496
24522,2022,T7,8,Diesel,2017,ICE,Not Applicable,≥4,Statewide,13788
24523,2022,T3,Unknown,Diesel,1995,ICE,Not Applicable,3,Statewide,2
24524,2022,P,Not Applicable,Gasoline,1999,ICE,Not Applicable,3,Statewide,13788
24525,2022,T3,Unknown,Diesel,1995,ICE,Not Applicable,2,Statewide,2
24526,2022,T1,1,Gasoline,2019,ICE,Not Applicable,≥4,Statewide,15147
24527,2022,T3,Unknown,Diesel,2000,ICE,Not Applicable,≥4,Statewide,2
24528,2022,BT,Not Applicable,Diesel,2016,ICE,Not Applicable,1,Statewide,9
24529,2022,T6,5,Diesel,1995,ICE,Not Applicable,3,Statewide,9
24530,2022,T6,7,Diesel,1988,ICE,Not Applicable,2,Statewide,9
24531,2022,T6,Unknown,Diesel,1985,ICE,Not Applicable,1,Statewide,9
24532,2022,T6,6,Diesel,1985,ICE,Not Applicable,≥4,Statewide,9
24533,2022,T6,7,Natural Gas,2012,ICE,Not Applicable,1,Statewide,4
24534,2022,T6,Unknown,Natural Gas,2020,ICE,Not Applicable,≥4,Statewide,4
24535,2022,T6,7,Natural Gas,2021,ICE,Not Applicable,1,Statewide,4
24536,2022,T7,8,Natural Gas,2003,ICE,Not Applicable,≥4,Statewide,4
24537,2022,T6,Unknown,Diesel,1998,ICE,Not Applicable,≥4,Statewide,9
24538,2022,T7,8,Natural Gas,2019,ICE,Not Applicable,2,Statewide,4
24539,2022,BT,Not Applicable,Unknown,2023,ICE,Not Applicable,≥4,Statewide,4
24540,2022,T6,6,Diesel,1980,ICE,Not Applicable,1,Statewide,9
24541,2022,T5,3,Diesel,1990,ICE,Not Applicable,2,Statewide,9
24542,2022,T4,Unknown,Diesel,2004,ICE,Not Applicable,≥4,Statewide,9
24543,2022,T4,Unknown,Diesel,1985,ICE,Not Applicable,≥4,Statewide,9
24544,2022,T4,2,Diesel,1985,ICE,Not Applicable,≥4,Statewide,9
24545,2022,T2,Unknown,Diesel,1988,ICE,Not Applicable,1,Statewide,2
24546,2022,MC,Not Applicable,Unknown,1978,ICE,Not Applicable,≥4,Statewide,4
24547,2022,T7,8,Natural Gas,2024,ICE,Not Applicable,1,Statewide,4
24548,2022,MC,Not Applicable,Unknown,2010,ICE,Not Applicable,≥4,Statewide,4
24549,2022,T6,5,Diesel,1999,ICE,Not Applicable,3,Statewide,9
24550,2022,T6,Unknown,Diesel,2019,ICE,Not Applicable,2,Statewide,9
24551,2022,B,Not Applicable,Gasoline,2000,ICE,Not Applicable,3,Statewide,9
24552,2022,T1,1,Gasoline,2007,ICE,Not Applicable,2,Statewide,14416
24553,2022,B,Not Applicable,Gasoline,1998,ICE,Not Applicable,2,Statewide,9
24554,2022,B,Not Applicable,Gasoline,1998,ICE,Not Applicable,3,Statewide,9
24555,2022,B,Not Applicable,Gasoline,1995,ICE,Not Applicable,3,Statewide,9
24556,2022,B,Not Applicable,Gasoline,1989,ICE,Not Applicable,1,Statewide,9
24557,2022,B,Not Applicable,Gasoline,1984,ICE,Not Applicable,3,Statewide,9
24558,2022,B,Not Applicable,Gasoline,1983,ICE,Not Applicable,1,Statewide,9
24559,2022,T6,Unknown,Diesel,2017,ICE,Not Applicable,2,Statewide,9
24560,2022,T2,Unknown,Electric,2017,BEV,Unknown,≥4,Statewide,9
24561,2022,T1,1,Electric,2005,BEV,Unknown,1,Statewide,9
24562,2022,T1,Unknown,Electric,1978,BEV,Unknown,≥4,Statewide,9
24563,2022,MC,Not Applicable,Electric,2018,BEV,Unknown,1,Statewide,9
24564,2022,MC,Not Applicable,Electric,2016,BEV,Unknown,≥4,Statewide,9
24565,2022,BT,Not Applicable,Electric,2019,BEV,Unknown,≥4,Statewide,9
24566,2022,T7,8,Diesel,1979,ICE,Not Applicable,2,Statewide,9
24567,2022,T7,8,Diesel,1979,ICE,Not Applicable,3,Statewide,9
24568,2022,T6,Unknown,Diesel,2023,ICE,Not Applicable,1,Statewide,9
24569,2022,T1,Unknown,Electric,2013,BEV,Unknown,1,Statewide,9
24570,2022,T2,1,Diesel,1990,ICE,Not Applicable,1,Statewide,2
24571,2022,MC,Not Applicable,Unknown,2021,ICE,Not Applicable,2,Statewide,4
24572,2022,MH,Not Applicable,Unknown,2023,ICE,Not Applicable,3,Statewide,4
24573,2022,T2,1,Diesel,1983,ICE,Not Applicable,2,Statewide,9
24574,2022,T2,1,Diesel,1980,ICE,Not Applicable,1,Statewide,9
24575,2022,T1,1,Gasoline,2006,ICE,Not Applicable,2,Statewide,13465
24576,2022,T4,2,Gasoline,2006,ICE,Not Applicable,≥4,Statewide,14933
24577,2022,T1,Unknown,Diesel,2015,ICE,Not Applicable,≥4,Statewide,9
24578,2022,P,Not Applicable,Gasoline,2024,ICE,Not Applicable,≥4,Statewide,13516
24579,2022,T1,1,Diesel,1991,ICE,Not Applicable,2,Statewide,9
24580,2022,T1,1,Gasoline,2023,ICE,Not Applicable,2,Statewide,13532
24581,2022,T2,1,Diesel,1985,ICE,Not Applicable,3,Statewide,9
24582,2022,MH,Not Applicable,Diesel,2024,ICE,Not Applicable,3,Statewide,9
24583,2022,MH,Not Applicable,Diesel,1982,ICE,Not Applicable,≥4,Statewide,9
24584,2022,MC,Not Applicable,Diesel,2012,ICE,Not Applicable,≥4,Statewide,9
24585,2022,MC,Not Applicable,Diesel,2010,ICE,Not Applicable,≥4,Statewide,9
24586,2022,T2,Unknown,Diesel,2003,ICE,Not Applicable,≥4,Statewide,2
24587,2022,T3,Unknown,Diesel,2002,ICE,Not Applicable,1,Statewide,2
24588,2022,T2,Unknown,Diesel,2014,ICE,Not Applicable,3,Statewide,2
24589,2022,T1,1,Gasoline,2002,ICE,Not Applicable,1,Statewide,8608
24590,2022,BT,Not Applicable,Diesel,2019,ICE,Not Applicable,2,Statewide,9
24591,2022,MH,Not Applicable,Diesel,1986,ICE,Not Applicable,3,Statewide,9
24592,2022,T2,Unknown,Diesel,2002,ICE,Not Applicable,≥4,Statewide,2
24593,2022,T2,1,Diesel,1989,ICE,Not Applicable,2,Statewide,9
24594,2022,T2,Unknown,Diesel,1998,ICE,Not Applicable,1,Statewide,2
24595,2022,T2,1,Diesel,1991,ICE,Not Applicable,1,Statewide,2
24596,2022,T2,1,Diesel,1996,ICE,Not Applicable,≥4,Statewide,2
24597,2022,T4,Unknown,Diesel,1984,ICE,Not Applicable,≥4,Statewide,9
24598,2022,T3,Unknown,Diesel,2020,ICE,Not Applicable,2,Statewide,9
24599,2022,T3,Unknown,Diesel,2011,ICE,Not Applicable,≥4,Statewide,9
24600,2022,T3,Unknown,Diesel,2010,ICE,Not Applicable,≥4,Statewide,9
24601,2022,T3,Unknown,Diesel,1991,ICE,Not Applicable,≥4,Statewide,9
24602,2022,T3,2,Diesel,1983,ICE,Not Applicable,≥4,Statewide,9
24603,2022,T3,Unknown,Diesel,1979,ICE,Not Applicable,≥4,Statewide,9
24604,2022,T2,1,Diesel,2015,ICE,Not Applicable,3,Statewide,9
24605,2022,T2,1,Diesel,2013,ICE,Not Applicable,3,Statewide,9
24606,2022,T2,1,Diesel,2012,ICE,Not Applicable,≥4,Statewide,9
24607,2022,T1,1,Gasoline,2014,ICE,Not Applicable,2,Statewide,14837
24608,2022,T2,Unknown,Diesel,1997,ICE,Not Applicable,3,Statewide,2
24609,2022,T4,2,Gasoline,2021,ICE,Not Applicable,≥4,Statewide,18572
24610,2022,T2,Unknown,Diesel,1997,ICE,Not Applicable,≥4,Statewide,9
24611,2022,T2,1,Diesel,1991,ICE,Not Applicable,≥4,Statewide,9
24612,2022,T3,Unknown,Diesel,2008,ICE,Not Applicable,1,Statewide,2
24613,2022,MC,Not Applicable,Gasoline,2009,ICE,Not Applicable,≥4,Statewide,14841
24614,2022,BS,Not Applicable,Gasoline,2011,ICE,Not Applicable,2,Statewide,9
24615,2022,MC,Not Applicable,Gasoline,2018,ICE,Not Applicable,≥4,Statewide,14738
24616,2022,BT,Not Applicable,Natural Gas,2003,ICE,Not Applicable,1,Statewide,3
24617,2022,T7,8,Natural Gas,2011,ICE,Not Applicable,1,Statewide,9
24618,2022,T6,Unknown,Gasoline,1988,ICE,Not Applicable,≥4,Statewide,6
24619,2022,T6,Unknown,Gasoline,1985,ICE,Not Applicable,1,Statewide,2
24620,2022,T6,4,Gasoline,1986,ICE,Not Applicable,≥4,Statewide,2
24621,2022,T6,Unknown,Gasoline,1986,ICE,Not Applicable,3,Statewide,2
24622,2022,T6,7,Gasoline,1987,ICE,Not Applicable,3,Statewide,2
24623,2022,T6,7,Gasoline,1989,ICE,Not Applicable,2,Statewide,6
24624,2022,T6,7,Gasoline,1987,ICE,Not Applicable,2,Statewide,2
24625,2022,T6,5,Gasoline,1987,ICE,Not Applicable,3,Statewide,2
24626,2022,T6,6,Gasoline,1989,ICE,Not Applicable,3,Statewide,6
24627,2022,T6,7,Gasoline,1988,ICE,Not Applicable,3,Statewide,2
24628,2022,T6,4,Gasoline,1989,ICE,Not Applicable,3,Statewide,2
24629,2022,T6,5,Gasoline,1992,ICE,Not Applicable,3,Statewide,2
24630,2022,T6,4,Gasoline,1991,ICE,Not Applicable,≥4,Statewide,6
24631,2022,T6,5,Gasoline,1992,ICE,Not Applicable,2,Statewide,2
24632,2022,T6,5,Gasoline,1994,ICE,Not Applicable,3,Statewide,2
24633,2022,T6,7,Gasoline,1994,ICE,Not Applicable,3,Statewide,6
24634,2022,T6,Unknown,Gasoline,1994,ICE,Not Applicable,≥4,Statewide,6
24635,2022,T6,4,Gasoline,1988,ICE,Not Applicable,≥4,Statewide,6
24636,2022,T6,7,Gasoline,1988,ICE,Not Applicable,1,Statewide,6
24637,2022,T6,Unknown,Gasoline,1984,ICE,Not Applicable,2,Statewide,2
24638,2022,T6,5,Gasoline,1983,ICE,Not Applicable,3,Statewide,2
24639,2022,T2,Unknown,Gasoline,2021,PHEV,0 to 50 miles,≥4,Statewide,6
24640,2022,T3,Unknown,Gasoline,1985,ICE,Not Applicable,3,Statewide,6
24641,2022,T6,5,Gasoline,1981,ICE,Not Applicable,2,Statewide,2
24642,2022,T4,Unknown,Gasoline,1980,ICE,Not Applicable,3,Statewide,6
24643,2022,T4,Unknown,Gasoline,1980,ICE,Not Applicable,2,Statewide,6
24644,2022,T4,Unknown,Gasoline,1982,ICE,Not Applicable,2,Statewide,6
24645,2022,T6,4,Gasoline,1981,ICE,Not Applicable,≥4,Statewide,2
24646,2022,T4,Unknown,Gasoline,1984,ICE,Not Applicable,2,Statewide,6
24647,2022,MC,Not Applicable,Gasoline,2006,ICE,Not Applicable,≥4,Statewide,11853
24648,2022,T4,Unknown,Gasoline,1992,ICE,Not Applicable,≥4,Statewide,6
24649,2022,T6,4,Gasoline,1981,ICE,Not Applicable,1,Statewide,2
24650,2022,T6,7,Gasoline,1982,ICE,Not Applicable,3,Statewide,2
24651,2022,T5,3,Gasoline,2024,ICE,Not Applicable,1,Statewide,6
24652,2022,T6,7,Gasoline,1984,ICE,Not Applicable,3,Statewide,6
24653,2022,T6,5,Gasoline,1986,ICE,Not Applicable,1,Statewide,6
24654,2022,T6,Unknown,Gasoline,1982,ICE,Not Applicable,2,Statewide,2
24655,2022,T6,6,Gasoline,1987,ICE,Not Applicable,2,Statewide,6
24656,2022,T6,7,Gasoline,1983,ICE,Not Applicable,3,Statewide,2
24657,2022,T4,Unknown,Gasoline,1994,ICE,Not Applicable,3,Statewide,6
24658,2022,T1,1,Gasoline,2003,ICE,Not Applicable,1,Statewide,10985
24659,2022,T6,5,Gasoline,1994,ICE,Not Applicable,1,Statewide,2
24660,2022,T1,1,Gasoline,2007,ICE,Not Applicable,1,Statewide,11826
24661,2022,T1,1,Gasoline,2006,ICE,Not Applicable,1,Statewide,11811
24662,2022,T6,5,Gasoline,2001,ICE,Not Applicable,2,Statewide,2
24663,2022,T6,Unknown,Gasoline,2002,ICE,Not Applicable,1,Statewide,2
24664,2022,T6,7,Gasoline,2006,ICE,Not Applicable,2,Statewide,2
24665,2022,P,Not Applicable,Electric,2023,BEV,>150 miles,≥4,Statewide,11768
24666,2022,T6,Unknown,Gasoline,2006,ICE,Not Applicable,1,Statewide,2
24667,2022,T6,Unknown,Gasoline,2007,ICE,Not Applicable,1,Statewide,2
24668,2022,T6,Unknown,Gasoline,2008,ICE,Not Applicable,1,Statewide,2
24669,2022,T6,6,Gasoline,2016,ICE,Not Applicable,2,Statewide,6
24670,2022,T6,Unknown,Gasoline,2009,ICE,Not Applicable,1,Statewide,2
24671,2022,T6,7,Gasoline,2011,ICE,Not Applicable,3,Statewide,2
24672,2022,T6,Unknown,Gasoline,2011,ICE,Not Applicable,3,Statewide,2
24673,2022,T6,7,Gasoline,2012,ICE,Not Applicable,2,Statewide,2
24674,2022,T6,Unknown,Gasoline,2012,ICE,Not Applicable,2,Statewide,2
24675,2022,T6,Unknown,Gasoline,2013,ICE,Not Applicable,2,Statewide,2
24676,2022,T6,Unknown,Gasoline,2013,ICE,Not Applicable,1,Statewide,2
24677,2022,T6,Unknown,Gasoline,2014,ICE,Not Applicable,≥4,Statewide,2
24678,2022,T6,4,Gasoline,2015,ICE,Not Applicable,2,Statewide,2
24679,2022,T6,Unknown,Gasoline,2010,ICE,Not Applicable,2,Statewide,2
24680,2022,T6,7,Gasoline,1981,ICE,Not Applicable,3,Statewide,2
24681,2022,T6,5,Gasoline,2001,ICE,Not Applicable,3,Statewide,2
24682,2022,T6,6,Gasoline,2014,ICE,Not Applicable,3,Statewide,6
24683,2022,P,Not Applicable,Gasoline,1998,ICE,Not Applicable,3,Statewide,10962
24684,2022,T6,5,Gasoline,1995,ICE,Not Applicable,3,Statewide,2
24685,2022,T6,5,Gasoline,1996,ICE,Not Applicable,3,Statewide,2
24686,2022,T6,7,Gasoline,1995,ICE,Not Applicable,2,Statewide,6
24687,2022,T6,Unknown,Gasoline,1996,ICE,Not Applicable,≥4,Statewide,2
24688,2022,T6,5,Gasoline,1997,ICE,Not Applicable,≥4,Statewide,2
24689,2022,T6,7,Gasoline,2002,ICE,Not Applicable,2,Statewide,6
24690,2022,T6,7,Gasoline,2003,ICE,Not Applicable,1,Statewide,6
24691,2022,T6,5,Gasoline,2000,ICE,Not Applicable,1,Statewide,2
24692,2022,T6,5,Gasoline,1997,ICE,Not Applicable,1,Statewide,2
24693,2022,T6,7,Gasoline,2007,ICE,Not Applicable,2,Statewide,6
24694,2022,T6,Unknown,Gasoline,1999,ICE,Not Applicable,≥4,Statewide,2
24695,2022,T6,5,Gasoline,2000,ICE,Not Applicable,2,Statewide,2
24696,2022,T1,1,Gasoline,1998,ICE,Not Applicable,≥4,Statewide,10896
24697,2022,T1,1,Gasoline,2017,ICE,Not Applicable,1,Statewide,10894
24698,2022,T6,7,Gasoline,2010,ICE,Not Applicable,3,Statewide,6
24699,2022,T1,1,Gasoline,2009,ICE,Not Applicable,≥4,Statewide,10788
24700,2022,T6,6,Gasoline,2013,ICE,Not Applicable,2,Statewide,6
24701,2022,T6,Unknown,Gasoline,1997,ICE,Not Applicable,≥4,Statewide,2
24702,2022,T3,2,Gasoline,2003,ICE,Not Applicable,3,Statewide,11898
24703,2022,T2,Unknown,Gasoline,1987,ICE,Not Applicable,2,Statewide,6
24704,2022,T6,7,Gasoline,1980,ICE,Not Applicable,2,Statewide,2
24705,2022,T1,Unknown,Gasoline,1990,ICE,Not Applicable,2,Statewide,2
24706,2022,BT,Not Applicable,Gasoline,2007,ICE,Not Applicable,1,Statewide,6
24707,2022,T1,Unknown,Gasoline,1991,ICE,Not Applicable,2,Statewide,2
24708,2022,T1,Unknown,Gasoline,1992,ICE,Not Applicable,3,Statewide,2
24709,2022,T1,Unknown,Gasoline,1997,ICE,Not Applicable,1,Statewide,2
24710,2022,T1,Unknown,Gasoline,1999,ICE,Not Applicable,3,Statewide,2
24711,2022,T1,Unknown,Gasoline,1999,ICE,Not Applicable,1,Statewide,2
24712,2022,BT,Not Applicable,Gasoline,2011,ICE,Not Applicable,2,Statewide,6
24713,2022,BT,Not Applicable,Gasoline,2017,ICE,Not Applicable,2,Statewide,2
24714,2022,T1,Unknown,Gasoline,2011,ICE,Not Applicable,2,Statewide,2
24715,2022,T1,Unknown,Gasoline,2011,ICE,Not Applicable,1,Statewide,2
24716,2022,BT,Not Applicable,Gasoline,2013,ICE,Not Applicable,2,Statewide,6
24717,2022,T3,Unknown,Gasoline,1987,ICE,Not Applicable,2,Statewide,2
24718,2022,T3,Unknown,Gasoline,2021,PHEV,0 to 50 miles,≥4,Statewide,2
24719,2022,BT,Not Applicable,Gasoline,2023,ICE,Not Applicable,1,Statewide,6
24720,2022,T4,Unknown,Gasoline,1981,ICE,Not Applicable,3,Statewide,2
24721,2022,T4,Unknown,Gasoline,1981,ICE,Not Applicable,1,Statewide,2
24722,2022,T1,Unknown,Gasoline,1987,ICE,Not Applicable,3,Statewide,6
24723,2022,BT,Not Applicable,Gasoline,2012,ICE,Not Applicable,2,Statewide,6
24724,2022,T4,Unknown,Gasoline,1983,ICE,Not Applicable,3,Statewide,2
24725,2022,BT,Not Applicable,Gasoline,2004,ICE,Not Applicable,1,Statewide,6
24726,2022,BT,Not Applicable,Gasoline,2012,ICE,Not Applicable,3,Statewide,2
24727,2022,T1,1,Gasoline,2004,ICE,Not Applicable,2,Statewide,11556
24728,2022,BT,Not Applicable,Gasoline,2003,ICE,Not Applicable,2,Statewide,2
24729,2022,BT,Not Applicable,Gasoline,2004,ICE,Not Applicable,2,Statewide,2
24730,2022,BT,Not Applicable,Gasoline,2007,ICE,Not Applicable,3,Statewide,2
24731,2022,T1,1,Gasoline,2012,ICE,Not Applicable,1,Statewide,11532
24732,2022,BS,Not Applicable,Gasoline,2006,ICE,Not Applicable,2,Statewide,6
24733,2022,T1,Unknown,Gasoline,1978,ICE,Not Applicable,3,Statewide,11470
24734,2022,BS,Not Applicable,Gasoline,2013,ICE,Not Applicable,2,Statewide,6
24735,2022,T1,1,Gasoline,2012,ICE,Not Applicable,2,Statewide,11986
24736,2022,T4,2,Diesel,2010,ICE,Not Applicable,≥4,Statewide,11453
24737,2022,BS,Not Applicable,Gasoline,2016,ICE,Not Applicable,2,Statewide,6
24738,2022,BS,Not Applicable,Gasoline,2022,ICE,Not Applicable,2,Statewide,6
24739,2022,T4,2,Gasoline,2023,ICE,Not Applicable,≥4,Statewide,12009
24740,2022,T7,8,Diesel,2019,ICE,Not Applicable,≥4,Statewide,12006
24741,2022,BT,Not Applicable,Gasoline,2008,ICE,Not Applicable,2,Statewide,2
24742,2022,BT,Not Applicable,Gasoline,2008,ICE,Not Applicable,1,Statewide,2
24743,2022,BT,Not Applicable,Gasoline,2010,ICE,Not Applicable,1,Statewide,2
24744,2022,BT,Not Applicable,Gasoline,1980,ICE,Not Applicable,1,Statewide,6
24745,2022,T1,1,Gasoline,2019,ICE,Not Applicable,3,Statewide,11434
24746,2022,T6,7,Gasoline,2020,ICE,Not Applicable,1,Statewide,2
24747,2022,T1,Unknown,Gasoline,1988,ICE,Not Applicable,1,Statewide,6
24748,2022,T4,Unknown,Gasoline,1985,ICE,Not Applicable,3,Statewide,2
24749,2022,T1,Unknown,Gasoline,1995,ICE,Not Applicable,1,Statewide,6
24750,2022,T4,Unknown,Gasoline,2007,ICE,Not Applicable,1,Statewide,2
24751,2022,T4,Unknown,Gasoline,2008,ICE,Not Applicable,≥4,Statewide,2
24752,2022,T1,Unknown,Gasoline,1998,ICE,Not Applicable,3,Statewide,6
24753,2022,T4,Unknown,Gasoline,2023,PHEV,0 to 50 miles,2,Statewide,2
24754,2022,T4,Unknown,Gasoline,2024,ICE,Not Applicable,≥4,Statewide,2
24755,2022,T1,Unknown,Gasoline,2001,ICE,Not Applicable,3,Statewide,6
24756,2022,T1,Unknown,Gasoline,2019,ICE,Not Applicable,≥4,Statewide,6
24757,2022,T4,Unknown,Gasoline,2006,ICE,Not Applicable,1,Statewide,2
24758,2022,T4,Unknown,Gasoline,2024,ICE,Not Applicable,1,Statewide,2
24759,2022,T5,3,Gasoline,1982,ICE,Not Applicable,2,Statewide,2
24760,2022,T5,3,Gasoline,1983,ICE,Not Applicable,2,Statewide,2
24761,2022,T5,3,Gasoline,1985,ICE,Not Applicable,3,Statewide,2
24762,2022,P,Not Applicable,Gasoline,1996,ICE,Not Applicable,1,Statewide,11062
24763,2022,T1,1,Gasoline,2022,PHEV,0 to 50 miles,1,Statewide,6
24764,2022,T5,3,Gasoline,1985,ICE,Not Applicable,1,Statewide,2
24765,2022,T6,Unknown,Gasoline,1979,ICE,Not Applicable,3,Statewide,2
24766,2022,T6,Unknown,Gasoline,1979,ICE,Not Applicable,2,Statewide,2
24767,2022,T5,3,Gasoline,1981,ICE,Not Applicable,3,Statewide,2
24768,2022,T1,Unknown,Gasoline,1992,ICE,Not Applicable,2,Statewide,6
24769,2022,T4,Unknown,Gasoline,2003,ICE,Not Applicable,2,Statewide,2
24770,2022,T1,1,Gasoline,1978,ICE,Not Applicable,≥4,Statewide,11223
24771,2022,T1,Unknown,Gasoline,1993,ICE,Not Applicable,2,Statewide,6
24772,2022,T4,2,Diesel,2021,ICE,Not Applicable,≥4,Statewide,11367
24773,2022,T1,Unknown,Gasoline,1993,ICE,Not Applicable,1,Statewide,6
24774,2022,T1,1,Gasoline,2003,ICE,Not Applicable,3,Statewide,11355
24775,2022,P,Not Applicable,Gasoline,1997,ICE,Not Applicable,1,Statewide,11350
24776,2022,T4,Unknown,Gasoline,1986,ICE,Not Applicable,3,Statewide,2
24777,2022,T4,Unknown,Gasoline,1987,ICE,Not Applicable,2,Statewide,2
24778,2022,T4,Unknown,Gasoline,1987,ICE,Not Applicable,1,Statewide,2
24779,2022,T4,Unknown,Gasoline,2001,ICE,Not Applicable,2,Statewide,2
24780,2022,T7,8,Diesel,2014,ICE,Not Applicable,≥4,Statewide,11332
24781,2022,T4,Unknown,Gasoline,1992,ICE,Not Applicable,1,Statewide,2
24782,2022,P,Not Applicable,Electric,2023,BEV,>150 miles,3,Statewide,11327
24783,2022,T1,Unknown,Gasoline,1995,ICE,Not Applicable,2,Statewide,6
24784,2022,T4,Unknown,Gasoline,1993,ICE,Not Applicable,1,Statewide,2
24785,2022,T4,Unknown,Gasoline,1996,ICE,Not Applicable,1,Statewide,2
24786,2022,T4,Unknown,Gasoline,1997,ICE,Not Applicable,3,Statewide,2
24787,2022,T3,2,Gasoline,2003,ICE,Not Applicable,1,Statewide,11263
24788,2022,T4,Unknown,Gasoline,1999,ICE,Not Applicable,1,Statewide,2
24789,2022,T4,Unknown,Gasoline,1990,ICE,Not Applicable,1,Statewide,2
24790,2022,T6,7,Gasoline,2021,ICE,Not Applicable,1,Statewide,2
24791,2022,T1,1,Gasoline,2005,ICE,Not Applicable,1,Statewide,10755
24792,2022,T1,1,Gasoline,2005,ICE,Not Applicable,3,Statewide,10734
24793,2022,T6,7,Natural Gas,2023,ICE,Not Applicable,3,Statewide,2
24794,2022,BT,Not Applicable,Natural Gas,2010,ICE,Not Applicable,1,Statewide,6
24795,2022,T6,7,Natural Gas,2023,ICE,Not Applicable,2,Statewide,2
24796,2022,T6,7,Natural Gas,2023,ICE,Not Applicable,1,Statewide,2
24797,2022,T7,8,Natural Gas,1995,ICE,Not Applicable,≥4,Statewide,2
24798,2022,BT,Not Applicable,Natural Gas,1997,ICE,Not Applicable,≥4,Statewide,6
24799,2022,T7,8,Natural Gas,1999,ICE,Not Applicable,≥4,Statewide,2
24800,2022,T7,8,Natural Gas,2000,ICE,Not Applicable,≥4,Statewide,2
24801,2022,T6,Unknown,Natural Gas,2021,ICE,Not Applicable,≥4,Statewide,2
24802,2022,T7,8,Natural Gas,2002,ICE,Not Applicable,≥4,Statewide,2
24803,2022,T7,8,Natural Gas,2008,ICE,Not Applicable,1,Statewide,2
24804,2022,BS,Not Applicable,Natural Gas,2013,ICE,Not Applicable,3,Statewide,6
24805,2022,T7,8,Natural Gas,2009,ICE,Not Applicable,1,Statewide,2
24806,2022,B,Not Applicable,Natural Gas,2010,ICE,Not Applicable,≥4,Statewide,6
24807,2022,B,Not Applicable,Natural Gas,2009,ICE,Not Applicable,1,Statewide,6
24808,2022,T7,8,Gasoline,2016,ICE,Not Applicable,≥4,Statewide,6
24809,2022,T7,8,Natural Gas,2012,ICE,Not Applicable,3,Statewide,2
24810,2022,T7,8,Natural Gas,2018,ICE,Not Applicable,3,Statewide,2
24811,2022,T7,8,Natural Gas,2005,ICE,Not Applicable,≥4,Statewide,2
24812,2022,MC,Not Applicable,Unknown,2019,ICE,Not Applicable,≥4,Statewide,2
24813,2022,BT,Not Applicable,Natural Gas,2018,ICE,Not Applicable,1,Statewide,6
24814,2022,T6,4,Natural Gas,2021,ICE,Not Applicable,≥4,Statewide,2
24815,2022,T4,2,Natural Gas,2019,ICE,Not Applicable,1,Statewide,2
24816,2022,T4,2,Natural Gas,2023,ICE,Not Applicable,1,Statewide,2
24817,2022,T6,4,Natural Gas,2008,ICE,Not Applicable,≥4,Statewide,6
24818,2022,T5,3,Natural Gas,2020,ICE,Not Applicable,3,Statewide,2
24819,2022,T6,5,Natural Gas,2003,ICE,Not Applicable,≥4,Statewide,2
24820,2022,T6,6,Natural Gas,2004,ICE,Not Applicable,≥4,Statewide,2
24821,2022,T6,4,Natural Gas,2006,ICE,Not Applicable,≥4,Statewide,2
24822,2022,T6,4,Natural Gas,2007,ICE,Not Applicable,1,Statewide,2
24823,2022,T6,4,Natural Gas,2021,ICE,Not Applicable,1,Statewide,2
24824,2022,T6,7,Natural Gas,2009,ICE,Not Applicable,1,Statewide,2
24825,2022,T4,2,Natural Gas,2020,ICE,Not Applicable,1,Statewide,6
24826,2022,T4,2,Natural Gas,2020,ICE,Not Applicable,2,Statewide,6
24827,2022,T6,7,Natural Gas,2011,ICE,Not Applicable,≥4,Statewide,2
24828,2022,T6,6,Natural Gas,2014,ICE,Not Applicable,2,Statewide,2
24829,2022,T6,6,Natural Gas,2015,ICE,Not Applicable,1,Statewide,2
24830,2022,T6,7,Natural Gas,2017,ICE,Not Applicable,1,Statewide,2
24831,2022,T6,6,Natural Gas,2018,ICE,Not Applicable,1,Statewide,2
24832,2022,T3,2,Natural Gas,2020,ICE,Not Applicable,1,Statewide,6
24833,2022,T6,7,Natural Gas,2010,ICE,Not Applicable,2,Statewide,2
24834,2022,T6,4,Natural Gas,2009,ICE,Not Applicable,≥4,Statewide,6
24835,2022,T7,8,Gasoline,2007,ICE,Not Applicable,≥4,Statewide,6
24836,2022,T6,6,Gasoline,2023,ICE,Not Applicable,1,Statewide,6
24837,2022,P,Not Applicable,Diesel,1979,ICE,Not Applicable,2,Statewide,10
24838,2022,P,Not Applicable,Diesel,1979,ICE,Not Applicable,1,Statewide,10
24839,2022,P,Not Applicable,Diesel,1994,ICE,Not Applicable,2,Statewide,10
24840,2022,T1,Unknown,Diesel,1978,ICE,Not Applicable,2,Statewide,10
24841,2022,T1,Unknown,Diesel,1982,ICE,Not Applicable,≥4,Statewide,10
24842,2022,T1,Unknown,Diesel,2016,ICE,Not Applicable,≥4,Statewide,10
24843,2022,T2,Unknown,Diesel,1985,ICE,Not Applicable,≥4,Statewide,10
24844,2022,T2,1,Diesel,1986,ICE,Not Applicable,≥4,Statewide,10
24845,2022,P,Not Applicable,Diesel,1979,ICE,Not Applicable,3,Statewide,10
24846,2022,T2,Unknown,Diesel,1990,ICE,Not Applicable,≥4,Statewide,10
24847,2022,T3,Unknown,Diesel,1978,ICE,Not Applicable,3,Statewide,10
24848,2022,T3,Unknown,Diesel,1978,ICE,Not Applicable,2,Statewide,10
24849,2022,T4,Unknown,Diesel,2008,ICE,Not Applicable,3,Statewide,10
24850,2022,T5,3,Diesel,1987,ICE,Not Applicable,≥4,Statewide,10
24851,2022,T5,3,Diesel,1989,ICE,Not Applicable,3,Statewide,10
24852,2022,T6,7,Diesel,1980,ICE,Not Applicable,3,Statewide,10
24853,2022,T6,6,Diesel,1987,ICE,Not Applicable,1,Statewide,10
24854,2022,T6,Unknown,Diesel,1988,ICE,Not Applicable,≥4,Statewide,10
24855,2022,T2,1,Diesel,2015,ICE,Not Applicable,2,Statewide,10
24856,2022,MC,Not Applicable,Unknown,2019,ICE,Not Applicable,3,Statewide,2
24857,2022,MH,Not Applicable,Diesel,1993,ICE,Not Applicable,3,Statewide,10
24858,2022,MH,Not Applicable,Diesel,1987,ICE,Not Applicable,1,Statewide,10
24859,2022,MH,Not Applicable,Unknown,2023,ICE,Not Applicable,1,Statewide,2
24860,2022,T6,Unknown,Gasoline,2020,ICE,Not Applicable,3,Statewide,6
24861,2022,B,Not Applicable,Diesel,1990,ICE,Not Applicable,2,Statewide,10
24862,2022,B,Not Applicable,Diesel,1993,ICE,Not Applicable,2,Statewide,10
24863,2022,B,Not Applicable,Diesel,1998,ICE,Not Applicable,1,Statewide,10
24864,2022,B,Not Applicable,Diesel,1999,ICE,Not Applicable,1,Statewide,10
24865,2022,B,Not Applicable,Diesel,2015,ICE,Not Applicable,2,Statewide,10
24866,2022,B,Not Applicable,Diesel,2016,ICE,Not Applicable,3,Statewide,10
24867,2022,MH,Not Applicable,Diesel,1989,ICE,Not Applicable,1,Statewide,10
24868,2022,B,Not Applicable,Diesel,2016,ICE,Not Applicable,2,Statewide,10
24869,2022,BS,Not Applicable,Diesel,1991,ICE,Not Applicable,3,Statewide,10
24870,2022,BS,Not Applicable,Diesel,1994,ICE,Not Applicable,3,Statewide,10
24871,2022,BS,Not Applicable,Diesel,2001,ICE,Not Applicable,3,Statewide,10
24872,2022,BS,Not Applicable,Diesel,2009,ICE,Not Applicable,2,Statewide,10
24873,2022,BS,Not Applicable,Diesel,2018,ICE,Not Applicable,3,Statewide,10
24874,2022,BS,Not Applicable,Diesel,2019,ICE,Not Applicable,3,Statewide,10
24875,2022,BS,Not Applicable,Diesel,2024,ICE,Not Applicable,3,Statewide,10
24876,2022,BT,Not Applicable,Diesel,1984,ICE,Not Applicable,≥4,Statewide,10
24877,2022,B,Not Applicable,Diesel,2023,ICE,Not Applicable,3,Statewide,10
24878,2022,BT,Not Applicable,Gasoline,2002,ICE,Not Applicable,3,Statewide,2
24879,2022,T6,6,Natural Gas,2019,ICE,Not Applicable,≥4,Statewide,6
24880,2022,T4,2,Natural Gas,2016,ICE,Not Applicable,2,Statewide,2
24881,2022,T7,8,Gasoline,2024,ICE,Not Applicable,≥4,Statewide,2
24882,2022,P,Not Applicable,Hydrogen,2017,FCEV,>150 miles,≥4,Statewide,2
24883,2022,B,Not Applicable,Natural Gas,1999,ICE,Not Applicable,≥4,Statewide,2
24884,2022,B,Not Applicable,Natural Gas,2005,ICE,Not Applicable,2,Statewide,2
24885,2022,B,Not Applicable,Natural Gas,2006,ICE,Not Applicable,1,Statewide,2
24886,2022,B,Not Applicable,Natural Gas,2009,ICE,Not Applicable,2,Statewide,2
24887,2022,B,Not Applicable,Natural Gas,2014,ICE,Not Applicable,1,Statewide,2
24888,2022,B,Not Applicable,Natural Gas,2018,ICE,Not Applicable,3,Statewide,2
24889,2022,T7,8,Gasoline,2022,ICE,Not Applicable,≥4,Statewide,2
24890,2022,BS,Not Applicable,Natural Gas,1994,ICE,Not Applicable,2,Statewide,2
24891,2022,BS,Not Applicable,Natural Gas,2016,ICE,Not Applicable,2,Statewide,2
24892,2022,BS,Not Applicable,Natural Gas,2017,ICE,Not Applicable,1,Statewide,2
24893,2022,BS,Not Applicable,Natural Gas,2018,ICE,Not Applicable,3,Statewide,2
24894,2022,BS,Not Applicable,Natural Gas,2018,ICE,Not Applicable,2,Statewide,2
24895,2022,BS,Not Applicable,Natural Gas,2019,ICE,Not Applicable,3,Statewide,2
24896,2022,BS,Not Applicable,Natural Gas,2020,ICE,Not Applicable,2,Statewide,2
24897,2022,BS,Not Applicable,Natural Gas,2021,ICE,Not Applicable,2,Statewide,2
24898,2022,BS,Not Applicable,Natural Gas,2024,ICE,Not Applicable,3,Statewide,2
24899,2022,BS,Not Applicable,Natural Gas,2014,ICE,Not Applicable,1,Statewide,2
24900,2022,BT,Not Applicable,Natural Gas,2002,ICE,Not Applicable,1,Statewide,2
24901,2022,T7,8,Gasoline,2021,ICE,Not Applicable,1,Statewide,2
24902,2022,P,Not Applicable,Electric,2023,BEV,>150 miles,1,Statewide,11736
24903,2022,T6,Unknown,Gasoline,2021,ICE,Not Applicable,≥4,Statewide,2
24904,2022,T6,7,Gasoline,2022,ICE,Not Applicable,1,Statewide,2
24905,2022,T6,Unknown,Gasoline,2022,ICE,Not Applicable,2,Statewide,2
24906,2022,T6,Unknown,Gasoline,2024,ICE,Not Applicable,≥4,Statewide,2
24907,2022,P,Not Applicable,Gasoline,1996,ICE,Not Applicable,2,Statewide,10697
24908,2022,P,Not Applicable,Gasoline,1997,ICE,Not Applicable,2,Statewide,10677
24909,2022,T2,1,Gasoline,1998,ICE,Not Applicable,≥4,Statewide,10584
24910,2022,T1,1,Gasoline,2006,ICE,Not Applicable,3,Statewide,11743
24911,2022,T7,8,Gasoline,2005,ICE,Not Applicable,≥4,Statewide,2
24912,2022,T3,2,Gasoline,2002,ICE,Not Applicable,2,Statewide,10525
24913,2022,P,Not Applicable,Electric,2022,BEV,>150 miles,2,Statewide,10507
24914,2022,T4,2,Diesel,2022,ICE,Not Applicable,≥4,Statewide,10498
24915,2022,T7,8,Gasoline,1987,ICE,Not Applicable,3,Statewide,2
24916,2022,T7,8,Gasoline,1987,ICE,Not Applicable,1,Statewide,2
24917,2022,T7,8,Gasoline,1992,ICE,Not Applicable,1,Statewide,2
24918,2022,T7,8,Gasoline,1993,ICE,Not Applicable,1,Statewide,2
24919,2022,T7,8,Gasoline,1994,ICE,Not Applicable,1,Statewide,2
24920,2022,T7,8,Gasoline,2001,ICE,Not Applicable,≥4,Statewide,2
24921,2022,T7,8,Gasoline,1980,ICE,Not Applicable,2,Statewide,2
24922,2022,T4,2,Natural Gas,2017,ICE,Not Applicable,2,Statewide,2
24923,2022,BT,Not Applicable,Natural Gas,2004,ICE,Not Applicable,2,Statewide,2
24924,2022,BT,Not Applicable,Natural Gas,2007,ICE,Not Applicable,2,Statewide,2
24925,2022,T2,Unknown,Natural Gas,2006,ICE,Not Applicable,3,Statewide,2
24926,2022,P,Not Applicable,Gasoline,2022,PHEV,0 to 50 miles,1,Statewide,10064
24927,2022,T2,Unknown,Natural Gas,2017,ICE,Not Applicable,3,Statewide,2
24928,2022,T2,Unknown,Natural Gas,2018,ICE,Not Applicable,1,Statewide,2
24929,2022,T2,1,Natural Gas,2020,ICE,Not Applicable,3,Statewide,2
24930,2022,T3,2,Natural Gas,1998,ICE,Not Applicable,2,Statewide,2
24931,2022,T7,8,Natural Gas,2023,ICE,Not Applicable,2,Statewide,6
24932,2022,T7,8,Natural Gas,2013,ICE,Not Applicable,2,Statewide,6
24933,2022,T4,2,Gasoline,2004,ICE,Not Applicable,≥4,Statewide,10088
24934,2022,T3,2,Natural Gas,1999,ICE,Not Applicable,2,Statewide,2
24935,2022,T3,2,Natural Gas,2016,ICE,Not Applicable,≥4,Statewide,2
24936,2022,T3,2,Natural Gas,2017,ICE,Not Applicable,3,Statewide,2
24937,2022,T3,Unknown,Natural Gas,2017,ICE,Not Applicable,2,Statewide,2
24938,2022,T3,2,Natural Gas,2018,ICE,Not Applicable,2,Statewide,2
24939,2022,T7,8,Natural Gas,2001,ICE,Not Applicable,≥4,Statewide,6
24940,2022,T3,2,Natural Gas,2019,ICE,Not Applicable,2,Statewide,2
24941,2022,T3,2,Natural Gas,2020,ICE,Not Applicable,3,Statewide,2
24942,2022,T4,2,Natural Gas,2001,ICE,Not Applicable,≥4,Statewide,2
24943,2022,T3,2,Natural Gas,2015,ICE,Not Applicable,≥4,Statewide,2
24944,2022,BT,Not Applicable,Natural Gas,2006,ICE,Not Applicable,2,Statewide,2
24945,2022,T1,Unknown,Natural Gas,2018,ICE,Not Applicable,1,Statewide,2
24946,2022,T1,1,Gasoline,2018,ICE,Not Applicable,3,Statewide,10108
24947,2022,BT,Not Applicable,Natural Gas,2008,ICE,Not Applicable,1,Statewide,2
24948,2022,T1,1,Gasoline,2017,ICE,Not Applicable,2,Statewide,10424
24949,2022,BT,Not Applicable,Natural Gas,2012,ICE,Not Applicable,2,Statewide,2
24950,2022,BT,Not Applicable,Natural Gas,2015,ICE,Not Applicable,2,Statewide,2
24951,2022,BT,Not Applicable,Natural Gas,2019,ICE,Not Applicable,1,Statewide,2
24952,2022,BT,Not Applicable,Natural Gas,2020,ICE,Not Applicable,3,Statewide,2
24953,2022,BT,Not Applicable,Natural Gas,2022,ICE,Not Applicable,2,Statewide,2
24954,2022,T4,2,Diesel,2008,ICE,Not Applicable,≥4,Statewide,10261
24955,2022,T1,Unknown,Natural Gas,1978,ICE,Not Applicable,≥4,Statewide,2
24956,2022,T1,1,Gasoline,2004,ICE,Not Applicable,1,Statewide,10240
24957,2022,BT,Not Applicable,Natural Gas,2022,ICE,Not Applicable,1,Statewide,2
24958,2022,T4,2,Gasoline,2012,ICE,Not Applicable,≥4,Statewide,10174
24959,2022,MC,Not Applicable,Natural Gas,1978,ICE,Not Applicable,≥4,Statewide,2
24960,2022,MC,Not Applicable,Natural Gas,2008,ICE,Not Applicable,≥4,Statewide,2
24961,2022,MC,Not Applicable,Natural Gas,2014,ICE,Not Applicable,≥4,Statewide,2
24962,2022,MH,Not Applicable,Natural Gas,1978,ICE,Not Applicable,1,Statewide,2
24963,2022,P,Not Applicable,Natural Gas,1995,ICE,Not Applicable,≥4,Statewide,2
24964,2022,P,Not Applicable,Natural Gas,2002,ICE,Not Applicable,3,Statewide,2
24965,2022,T1,1,Gasoline,2004,ICE,Not Applicable,3,Statewide,10191
24966,2022,BT,Not Applicable,Gasoline,1996,ICE,Not Applicable,2,Statewide,2
24967,2022,BT,Not Applicable,Gasoline,1992,ICE,Not Applicable,1,Statewide,2
24968,2022,BT,Not Applicable,Gasoline,1991,ICE,Not Applicable,2,Statewide,2
24969,2022,T3,2,Diesel,2007,ICE,Not Applicable,1,Statewide,6
24970,2022,T3,Unknown,Diesel,2009,ICE,Not Applicable,≥4,Statewide,6
24971,2022,T4,Unknown,Diesel,1978,ICE,Not Applicable,3,Statewide,6
24972,2022,T4,Unknown,Diesel,1980,ICE,Not Applicable,≥4,Statewide,6
24973,2022,T1,1,Gasoline,2005,ICE,Not Applicable,≥4,Statewide,20508
24974,2022,T3,2,Gasoline,2003,ICE,Not Applicable,2,Statewide,12733
24975,2022,T2,1,Gasoline,2001,ICE,Not Applicable,3,Statewide,8667
24976,2022,T4,Unknown,Diesel,2016,ICE,Not Applicable,≥4,Statewide,2
24977,2022,T4,Unknown,Diesel,2012,ICE,Not Applicable,2,Statewide,2
24978,2022,T4,2,Gasoline,2022,ICE,Not Applicable,≥4,Statewide,20783
24979,2022,T4,Unknown,Diesel,2018,ICE,Not Applicable,3,Statewide,2
24980,2022,T4,Unknown,Diesel,2019,ICE,Not Applicable,2,Statewide,2
24981,2022,T5,3,Diesel,1978,ICE,Not Applicable,3,Statewide,2
24982,2022,T1,1,Gasoline,2019,ICE,Not Applicable,1,Statewide,21126
24983,2022,T3,2,Gasoline,2014,ICE,Not Applicable,3,Statewide,12662
24984,2022,T1,1,Gasoline,2013,ICE,Not Applicable,≥4,Statewide,21173
24985,2022,T5,3,Diesel,1979,ICE,Not Applicable,≥4,Statewide,2
24986,2022,P,Not Applicable,Gasoline,2001,ICE,Not Applicable,3,Statewide,21222
24987,2022,T1,1,Gasoline,2023,ICE,Not Applicable,1,Statewide,20838
24988,2022,T3,2,Gasoline,2004,ICE,Not Applicable,3,Statewide,21277
24989,2022,T3,2,Gasoline,2004,ICE,Not Applicable,1,Statewide,20397
24990,2022,T3,Unknown,Diesel,1998,ICE,Not Applicable,≥4,Statewide,6
24991,2022,T2,Unknown,Diesel,1994,ICE,Not Applicable,3,Statewide,6
24992,2022,T2,Unknown,Diesel,1995,ICE,Not Applicable,1,Statewide,6
24993,2022,T3,Unknown,Diesel,1979,ICE,Not Applicable,3,Statewide,6
24994,2022,P,Not Applicable,Gasoline,2000,ICE,Not Applicable,3,Statewide,20205
24995,2022,P,Not Applicable,Gasoline,1998,ICE,Not Applicable,2,Statewide,12908
24996,2022,P,Not Applicable,Gasoline,1997,ICE,Not Applicable,≥4,Statewide,20215
24997,2022,T3,2,Diesel,1981,ICE,Not Applicable,≥4,Statewide,6
24998,2022,T3,Unknown,Diesel,1988,ICE,Not Applicable,≥4,Statewide,6
24999,2022,T3,Unknown,Diesel,2006,ICE,Not Applicable,≥4,Statewide,6
25000,2022,T4,Unknown,Diesel,2007,ICE,Not Applicable,1,Statewide,2
25001,2022,T7,8,Diesel,2021,ICE,Not Applicable,≥4,Statewide,12845
25002,2022,P,Not Applicable,Electric,2023,BEV,>150 miles,2,Statewide,12838
25003,2022,T3,Unknown,Diesel,1992,ICE,Not Applicable,3,Statewide,6
25004,2022,T4,Unknown,Diesel,2010,ICE,Not Applicable,1,Statewide,2
25005,2022,T3,2,Diesel,1993,ICE,Not Applicable,1,Statewide,6
25006,2022,T3,2,Diesel,1994,ICE,Not Applicable,3,Statewide,6
25007,2022,T3,Unknown,Diesel,1995,ICE,Not Applicable,1,Statewide,6
25008,2022,T3,Unknown,Diesel,1996,ICE,Not Applicable,≥4,Statewide,6
25009,2022,T4,Unknown,Diesel,2009,ICE,Not Applicable,2,Statewide,2
25010,2022,T2,Unknown,Diesel,1993,ICE,Not Applicable,3,Statewide,6
25011,2022,T1,1,Gasoline,2007,ICE,Not Applicable,≥4,Statewide,21304
25012,2022,T5,3,Diesel,1982,ICE,Not Applicable,1,Statewide,2
25013,2022,T6,5,Diesel,1993,ICE,Not Applicable,2,Statewide,2
25014,2022,T6,5,Diesel,1993,ICE,Not Applicable,1,Statewide,2
25015,2022,T6,Unknown,Diesel,1993,ICE,Not Applicable,2,Statewide,2
25016,2022,T6,Unknown,Diesel,1995,ICE,Not Applicable,2,Statewide,2
25017,2022,T6,Unknown,Diesel,1998,ICE,Not Applicable,3,Statewide,2
25018,2022,T6,Unknown,Diesel,1998,ICE,Not Applicable,1,Statewide,2
25019,2022,T4,2,Diesel,2009,ICE,Not Applicable,≥4,Statewide,12482
25020,2022,T6,Unknown,Diesel,2000,ICE,Not Applicable,3,Statewide,2
25021,2022,T6,Unknown,Diesel,1992,ICE,Not Applicable,1,Statewide,2
25022,2022,T6,Unknown,Diesel,2000,ICE,Not Applicable,1,Statewide,2
25023,2022,T6,Unknown,Diesel,2002,ICE,Not Applicable,3,Statewide,2
25024,2022,T6,Unknown,Diesel,2002,ICE,Not Applicable,1,Statewide,2
25025,2022,T6,Unknown,Diesel,2005,ICE,Not Applicable,3,Statewide,2
25026,2022,T6,Unknown,Diesel,2006,ICE,Not Applicable,2,Statewide,2
25027,2022,T6,Unknown,Diesel,2008,ICE,Not Applicable,3,Statewide,2
25028,2022,T6,Unknown,Diesel,2009,ICE,Not Applicable,3,Statewide,2
25029,2022,T6,Unknown,Diesel,2010,ICE,Not Applicable,2,Statewide,2
25030,2022,T6,Unknown,Diesel,2013,ICE,Not Applicable,1,Statewide,2
25031,2022,T6,Unknown,Diesel,2001,ICE,Not Applicable,2,Statewide,2
25032,2022,T5,3,Diesel,1980,ICE,Not Applicable,≥4,Statewide,2
25033,2022,T6,4,Diesel,1992,ICE,Not Applicable,1,Statewide,2
25034,2022,T6,Unknown,Diesel,1991,ICE,Not Applicable,2,Statewide,2
25035,2022,T5,3,Diesel,1987,ICE,Not Applicable,2,Statewide,2
25036,2022,T6,5,Diesel,1978,ICE,Not Applicable,1,Statewide,2
25037,2022,T6,7,Diesel,1982,ICE,Not Applicable,2,Statewide,2
25038,2022,T6,6,Diesel,1984,ICE,Not Applicable,3,Statewide,2
25039,2022,T6,6,Diesel,1984,ICE,Not Applicable,1,Statewide,2
25040,2022,T6,Unknown,Diesel,1985,ICE,Not Applicable,2,Statewide,2
25041,2022,T6,6,Diesel,1986,ICE,Not Applicable,2,Statewide,2
25042,2022,T6,Unknown,Diesel,1986,ICE,Not Applicable,3,Statewide,2
25043,2022,T6,4,Diesel,1992,ICE,Not Applicable,3,Statewide,2
25044,2022,T6,6,Diesel,1987,ICE,Not Applicable,2,Statewide,2
25045,2022,T6,Unknown,Diesel,1988,ICE,Not Applicable,1,Statewide,2
25046,2022,T6,4,Diesel,1989,ICE,Not Applicable,1,Statewide,2
25047,2022,MC,Not Applicable,Gasoline,2017,ICE,Not Applicable,≥4,Statewide,12608
25048,2022,T6,4,Diesel,1990,ICE,Not Applicable,3,Statewide,2
25049,2022,T1,1,Gasoline,2003,ICE,Not Applicable,2,Statewide,12553
25050,2022,T6,5,Diesel,1991,ICE,Not Applicable,2,Statewide,2
25051,2022,P,Not Applicable,Gasoline,1994,ICE,Not Applicable,≥4,Statewide,12538
25052,2022,T6,5,Diesel,1991,ICE,Not Applicable,1,Statewide,2
25053,2022,T6,Unknown,Diesel,1987,ICE,Not Applicable,1,Statewide,2
25054,2022,T6,Unknown,Diesel,2015,ICE,Not Applicable,1,Statewide,2
25055,2022,T2,Unknown,Diesel,1992,ICE,Not Applicable,2,Statewide,6
25056,2022,T3,2,Natural Gas,1999,ICE,Not Applicable,3,Statewide,4
25057,2022,T4,Unknown,Diesel,1987,ICE,Not Applicable,1,Statewide,2
25058,2022,T2,1,Gasoline,2015,ICE,Not Applicable,3,Statewide,33978
25059,2022,T1,1,Gasoline,2018,ICE,Not Applicable,≥4,Statewide,13240
25060,2022,T3,2,Gasoline,2011,ICE,Not Applicable,1,Statewide,34348
25061,2022,T4,Unknown,Diesel,1989,ICE,Not Applicable,1,Statewide,2
25062,2022,T3,2,Gasoline,2015,ICE,Not Applicable,≥4,Statewide,34406
25063,2022,T2,1,Gasoline,2005,ICE,Not Applicable,3,Statewide,34634
25064,2022,T1,1,Gasoline,2020,ICE,Not Applicable,≥4,Statewide,34981
25065,2022,T1,1,Gasoline,2013,ICE,Not Applicable,3,Statewide,13259
25066,2022,T4,Unknown,Diesel,1990,ICE,Not Applicable,3,Statewide,2
25067,2022,T2,1,Gasoline,2006,ICE,Not Applicable,3,Statewide,35406
25068,2022,T2,1,Gasoline,2007,ICE,Not Applicable,3,Statewide,35523
25069,2022,T1,1,Gasoline,2020,ICE,Not Applicable,2,Statewide,35541
25070,2022,T1,1,Gasoline,2008,ICE,Not Applicable,≥4,Statewide,13237
25071,2022,T3,2,Gasoline,2007,ICE,Not Applicable,1,Statewide,35656
25072,2022,T2,1,Gasoline,2013,ICE,Not Applicable,3,Statewide,35754
25073,2022,T3,2,Gasoline,2011,ICE,Not Applicable,3,Statewide,35808
25074,2022,T4,Unknown,Diesel,1999,ICE,Not Applicable,3,Statewide,2
25075,2022,T4,Unknown,Diesel,1994,ICE,Not Applicable,3,Statewide,2
25076,2022,T3,2,Gasoline,2013,ICE,Not Applicable,2,Statewide,36046
25077,2022,T1,1,Gasoline,2013,ICE,Not Applicable,2,Statewide,19139
25078,2022,T4,2,Gasoline,2005,ICE,Not Applicable,≥4,Statewide,13312
25079,2022,T7,8,Natural Gas,2015,ICE,Not Applicable,3,Statewide,9
25080,2022,T7,8,Natural Gas,2018,ICE,Not Applicable,2,Statewide,9
25081,2022,T7,8,Natural Gas,2019,ICE,Not Applicable,3,Statewide,9
25082,2022,MH,Not Applicable,Unknown,2021,ICE,Not Applicable,3,Statewide,9
25083,2022,T1,1,Gasoline,2021,ICE,Not Applicable,2,Statewide,32128
25084,2022,T1,1,Gasoline,2022,ICE,Not Applicable,≥4,Statewide,13362
25085,2022,T1,1,Gasoline,1999,ICE,Not Applicable,≥4,Statewide,13350
25086,2022,T1,1,Gasoline,2013,ICE,Not Applicable,1,Statewide,18741
25087,2022,MC,Not Applicable,Gasoline,2021,ICE,Not Applicable,≥4,Statewide,19139
25088,2022,T3,Unknown,Diesel,2011,ICE,Not Applicable,2,Statewide,2
25089,2022,T4,Unknown,Diesel,1979,ICE,Not Applicable,3,Statewide,2
25090,2022,T4,2,Diesel,1982,ICE,Not Applicable,2,Statewide,2
25091,2022,T4,Unknown,Diesel,1984,ICE,Not Applicable,1,Statewide,2
25092,2022,T1,1,Gasoline,2019,ICE,Not Applicable,2,Statewide,18943
25093,2022,T4,Unknown,Diesel,1985,ICE,Not Applicable,2,Statewide,2
25094,2022,T3,2,Gasoline,2006,ICE,Not Applicable,1,Statewide,33278
25095,2022,MC,Not Applicable,Gasoline,2010,ICE,Not Applicable,≥4,Statewide,19116
25096,2022,T4,Unknown,Diesel,1986,ICE,Not Applicable,3,Statewide,2
25097,2022,T3,2,Gasoline,2018,ICE,Not Applicable,2,Statewide,32447
25098,2022,T1,1,Gasoline,2022,ICE,Not Applicable,1,Statewide,20085
25099,2022,T1,1,Gasoline,2012,ICE,Not Applicable,≥4,Statewide,13187
25100,2022,MC,Not Applicable,Gasoline,2020,ICE,Not Applicable,≥4,Statewide,19564
25101,2022,T1,1,Gasoline,2000,ICE,Not Applicable,≥4,Statewide,13031
25102,2022,MC,Not Applicable,Diesel,2013,ICE,Not Applicable,≥4,Statewide,6
25103,2022,T1,1,Gasoline,2004,ICE,Not Applicable,≥4,Statewide,19811
25104,2022,MC,Not Applicable,Diesel,2014,ICE,Not Applicable,≥4,Statewide,6
25105,2022,T2,1,Gasoline,2003,ICE,Not Applicable,3,Statewide,19882
25106,2022,MH,Not Applicable,Diesel,1985,ICE,Not Applicable,1,Statewide,6
25107,2022,T1,Unknown,Diesel,1981,ICE,Not Applicable,1,Statewide,6
25108,2022,T1,Unknown,Diesel,1985,ICE,Not Applicable,2,Statewide,6
25109,2022,T3,Unknown,Gasoline,2011,ICE,Not Applicable,1,Statewide,13043
25110,2022,T1,Unknown,Diesel,1990,ICE,Not Applicable,2,Statewide,6
25111,2022,T2,Unknown,Diesel,1980,ICE,Not Applicable,≥4,Statewide,6
25112,2022,T2,1,Diesel,1989,ICE,Not Applicable,3,Statewide,6
25113,2022,T3,2,Gasoline,1999,ICE,Not Applicable,≥4,Statewide,12936
25114,2022,T2,Unknown,Diesel,1989,ICE,Not Applicable,≥4,Statewide,6
25115,2022,T4,Unknown,Diesel,2003,ICE,Not Applicable,2,Statewide,2
25116,2022,T4,Unknown,Diesel,2003,ICE,Not Applicable,1,Statewide,2
25117,2022,T2,Unknown,Diesel,1991,ICE,Not Applicable,1,Statewide,6
25118,2022,T2,1,Diesel,1992,ICE,Not Applicable,≥4,Statewide,6
25119,2022,T2,1,Diesel,1980,ICE,Not Applicable,2,Statewide,6
25120,2022,T7,8,Diesel,2018,ICE,Not Applicable,≥4,Statewide,13134
25121,2022,MC,Not Applicable,Diesel,2008,ICE,Not Applicable,≥4,Statewide,6
25122,2022,BT,Not Applicable,Diesel,2014,ICE,Not Applicable,3,Statewide,6
25123,2022,B,Not Applicable,Diesel,1983,ICE,Not Applicable,≥4,Statewide,6
25124,2022,MC,Not Applicable,Gasoline,2015,ICE,Not Applicable,≥4,Statewide,6852
25125,2022,MC,Not Applicable,Gasoline,2020,ICE,Not Applicable,2,Statewide,6851
25126,2022,T4,Unknown,Diesel,2000,ICE,Not Applicable,3,Statewide,2
25127,2022,B,Not Applicable,Diesel,1990,ICE,Not Applicable,3,Statewide,6
25128,2022,T3,2,Gasoline,2000,ICE,Not Applicable,1,Statewide,6844
25129,2022,B,Not Applicable,Diesel,1993,ICE,Not Applicable,3,Statewide,6
25130,2022,B,Not Applicable,Diesel,2014,ICE,Not Applicable,2,Statewide,6
25131,2022,T1,1,Gasoline,2021,ICE,Not Applicable,3,Statewide,19750
25132,2022,BS,Not Applicable,Diesel,1979,ICE,Not Applicable,1,Statewide,6
25133,2022,T2,1,Gasoline,2014,ICE,Not Applicable,3,Statewide,19585
25134,2022,BT,Not Applicable,Diesel,2001,ICE,Not Applicable,3,Statewide,6
25135,2022,T4,2,Gasoline,2011,ICE,Not Applicable,≥4,Statewide,19588
25136,2022,P,Not Applicable,Gasoline,2023,PHEV,0 to 50 miles,1,Statewide,6810
25137,2022,T4,Unknown,Diesel,2001,ICE,Not Applicable,3,Statewide,2
25138,2022,BT,Not Applicable,Diesel,2007,ICE,Not Applicable,3,Statewide,6
25139,2022,T4,Unknown,Diesel,2001,ICE,Not Applicable,2,Statewide,2
25140,2022,BT,Not Applicable,Diesel,2009,ICE,Not Applicable,1,Statewide,6
25141,2022,BT,Not Applicable,Diesel,1982,ICE,Not Applicable,≥4,Statewide,6
25142,2022,T4,2,Natural Gas,2009,ICE,Not Applicable,≥4,Statewide,9
25143,2022,T6,Unknown,Diesel,2023,ICE,Not Applicable,3,Statewide,2
25144,2022,B,Not Applicable,Electric,1998,BEV,Unknown,2,Statewide,2
25145,2022,T1,1,Gasoline,2007,ICE,Not Applicable,3,Statewide,12114
25146,2022,P,Not Applicable,Electric,1985,BEV,Unknown,≥4,Statewide,6
25147,2022,P,Not Applicable,Electric,1998,BEV,Unknown,≥4,Statewide,6
25148,2022,P,Not Applicable,Electric,2000,BEV,Unknown,2,Statewide,6
25149,2022,P,Not Applicable,Electric,2004,BEV,Unknown,2,Statewide,6
25150,2022,P,Not Applicable,Electric,2004,BEV,Unknown,1,Statewide,6
25151,2022,T1,Unknown,Electric,2006,BEV,Unknown,≥4,Statewide,6
25152,2022,T3,Unknown,Electric,1998,BEV,Unknown,2,Statewide,2
25153,2022,MC,Not Applicable,Electric,2016,BEV,Unknown,1,Statewide,6
25154,2022,T3,Unknown,Electric,2006,BEV,Unknown,≥4,Statewide,2
25155,2022,T1,Unknown,Electric,2019,BEV,Unknown,≥4,Statewide,6
25156,2022,T3,Unknown,Electric,2008,BEV,Unknown,1,Statewide,2
25157,2022,T2,Unknown,Electric,2015,BEV,Unknown,1,Statewide,6
25158,2022,T3,Unknown,Electric,2001,BEV,Unknown,≥4,Statewide,6
25159,2022,T3,Unknown,Electric,2005,BEV,Unknown,≥4,Statewide,6
25160,2022,T3,Unknown,Electric,2011,BEV,Unknown,1,Statewide,2
25161,2022,T4,Unknown,Electric,1979,BEV,Unknown,≥4,Statewide,2
25162,2022,T4,Unknown,Electric,1991,BEV,Unknown,≥4,Statewide,2
25163,2022,T1,Unknown,Electric,2017,BEV,Unknown,≥4,Statewide,6
25164,2022,T3,Unknown,Electric,2008,BEV,Unknown,2,Statewide,6
25165,2022,MC,Not Applicable,Electric,2015,BEV,Unknown,2,Statewide,6
25166,2022,T3,Unknown,Electric,1988,BEV,Unknown,≥4,Statewide,2
25167,2022,T6,4,Diesel,2024,ICE,Not Applicable,2,Statewide,6
25168,2022,B,Not Applicable,Electric,2004,BEV,Unknown,≥4,Statewide,6
25169,2022,T2,Unknown,Electric,1996,BEV,Unknown,≥4,Statewide,2
25170,2022,B,Not Applicable,Electric,2022,BEV,Unknown,2,Statewide,6
25171,2022,T2,Unknown,Electric,2012,BEV,Unknown,2,Statewide,2
25172,2022,BT,Not Applicable,Electric,2001,BEV,Unknown,≥4,Statewide,6
25173,2022,T2,Unknown,Electric,2013,BEV,Unknown,1,Statewide,2
25174,2022,T2,Unknown,Electric,2014,BEV,Unknown,3,Statewide,2
25175,2022,T3,Unknown,Electric,1993,BEV,Unknown,≥4,Statewide,2
25176,2022,T2,Unknown,Electric,2014,BEV,Unknown,2,Statewide,2
25177,2022,MC,Not Applicable,Electric,2005,BEV,Unknown,≥4,Statewide,6
25178,2022,T2,Unknown,Electric,2016,BEV,Unknown,3,Statewide,2
25179,2022,T2,1,Electric,2017,BEV,Unknown,3,Statewide,2
25180,2022,T2,Unknown,Electric,2020,BEV,Unknown,2,Statewide,2
25181,2022,T2,Unknown,Electric,2021,BEV,Unknown,2,Statewide,2
25182,2022,MC,Not Applicable,Electric,2007,BEV,Unknown,≥4,Statewide,6
25183,2022,MC,Not Applicable,Electric,2011,BEV,Unknown,2,Statewide,6
25184,2022,MC,Not Applicable,Electric,2014,BEV,Unknown,≥4,Statewide,6
25185,2022,T2,1,Electric,2016,BEV,Unknown,1,Statewide,2
25186,2022,T2,Unknown,Electric,1991,BEV,Unknown,≥4,Statewide,2
25187,2022,T7,8,Diesel,2020,ICE,Not Applicable,≥4,Statewide,12094
25188,2022,T6,6,Electric,2015,BEV,Unknown,2,Statewide,2
25189,2022,BS,Not Applicable,Gasoline,1989,ICE,Not Applicable,3,Statewide,2
25190,2022,BS,Not Applicable,Gasoline,1991,ICE,Not Applicable,3,Statewide,2
25191,2022,MC,Not Applicable,Gasoline,2023,ICE,Not Applicable,≥4,Statewide,11646
25192,2022,BS,Not Applicable,Gasoline,1990,ICE,Not Applicable,2,Statewide,6
25193,2022,BS,Not Applicable,Gasoline,1991,ICE,Not Applicable,2,Statewide,2
25194,2022,BS,Not Applicable,Gasoline,1992,ICE,Not Applicable,3,Statewide,2
25195,2022,BS,Not Applicable,Gasoline,1992,ICE,Not Applicable,2,Statewide,2
25196,2022,BS,Not Applicable,Gasoline,1997,ICE,Not Applicable,1,Statewide,2
25197,2022,BS,Not Applicable,Gasoline,1986,ICE,Not Applicable,2,Statewide,2
25198,2022,BS,Not Applicable,Gasoline,1999,ICE,Not Applicable,2,Statewide,2
25199,2022,T4,2,Gasoline,2020,ICE,Not Applicable,≥4,Statewide,11556
25200,2022,BS,Not Applicable,Gasoline,1999,ICE,Not Applicable,1,Statewide,2
25201,2022,BS,Not Applicable,Gasoline,2000,ICE,Not Applicable,3,Statewide,2
25202,2022,BS,Not Applicable,Gasoline,2003,ICE,Not Applicable,3,Statewide,2
25203,2022,BS,Not Applicable,Gasoline,2024,ICE,Not Applicable,1,Statewide,2
25204,2022,BT,Not Applicable,Gasoline,1980,ICE,Not Applicable,2,Statewide,2
25205,2022,BT,Not Applicable,Gasoline,1982,ICE,Not Applicable,1,Statewide,2
25206,2022,BT,Not Applicable,Gasoline,1988,ICE,Not Applicable,3,Statewide,2
25207,2022,BS,Not Applicable,Gasoline,1993,ICE,Not Applicable,1,Statewide,6
25208,2022,T4,Unknown,Electric,1994,BEV,Unknown,1,Statewide,2
25209,2022,BS,Not Applicable,Gasoline,1985,ICE,Not Applicable,2,Statewide,2
25210,2022,BS,Not Applicable,Gasoline,1982,ICE,Not Applicable,2,Statewide,6
25211,2022,T6,Unknown,Electric,2017,BEV,Unknown,≥4,Statewide,2
25212,2022,T6,Unknown,Electric,2021,BEV,Unknown,2,Statewide,2
25213,2022,T6,Unknown,Electric,2019,BEV,Unknown,≥4,Statewide,6
25214,2022,T6,Unknown,Electric,2023,BEV,Unknown,2,Statewide,2
25215,2022,T7,8,Electric,2021,BEV,Unknown,≥4,Statewide,2
25216,2022,T7,8,Electric,2023,BEV,Unknown,2,Statewide,2
25217,2022,T7,8,Electric,2023,BEV,Unknown,1,Statewide,6
25218,2022,B,Not Applicable,Gasoline,1981,ICE,Not Applicable,1,Statewide,2
25219,2022,BS,Not Applicable,Gasoline,1984,ICE,Not Applicable,3,Statewide,2
25220,2022,B,Not Applicable,Gasoline,1991,ICE,Not Applicable,1,Statewide,6
25221,2022,B,Not Applicable,Gasoline,1995,ICE,Not Applicable,2,Statewide,6
25222,2022,B,Not Applicable,Gasoline,1986,ICE,Not Applicable,3,Statewide,2
25223,2022,BS,Not Applicable,Gasoline,1979,ICE,Not Applicable,2,Statewide,6
25224,2022,B,Not Applicable,Gasoline,1987,ICE,Not Applicable,2,Statewide,2
25225,2022,B,Not Applicable,Gasoline,1988,ICE,Not Applicable,3,Statewide,2
25226,2022,B,Not Applicable,Gasoline,1988,ICE,Not Applicable,2,Statewide,2
25227,2022,BS,Not Applicable,Gasoline,1981,ICE,Not Applicable,2,Statewide,6
25228,2022,B,Not Applicable,Gasoline,1991,ICE,Not Applicable,2,Statewide,2
25229,2022,B,Not Applicable,Gasoline,1993,ICE,Not Applicable,3,Statewide,6
25230,2022,B,Not Applicable,Electric,1998,BEV,Unknown,≥4,Statewide,2
25231,2022,T1,Unknown,Electric,2022,BEV,Unknown,≥4,Statewide,2
25232,2022,T6,4,Diesel,2024,ICE,Not Applicable,3,Statewide,6
25233,2022,P,Not Applicable,Electric,1981,BEV,Unknown,≥4,Statewide,2
25234,2022,P,Not Applicable,Electric,1985,BEV,Unknown,2,Statewide,2
25235,2022,T3,2,Gasoline,2006,ICE,Not Applicable,3,Statewide,37152
25236,2022,P,Not Applicable,Electric,1988,BEV,Unknown,≥4,Statewide,2
25237,2022,P,Not Applicable,Electric,1990,BEV,Unknown,≥4,Statewide,2
25238,2022,P,Not Applicable,Electric,1992,BEV,Unknown,≥4,Statewide,2
25239,2022,P,Not Applicable,Electric,1995,BEV,Unknown,1,Statewide,2
25240,2022,P,Not Applicable,Electric,2000,BEV,Unknown,3,Statewide,2
25241,2022,MC,Not Applicable,Gasoline,1978,ICE,Not Applicable,≥4,Statewide,12319
25242,2022,P,Not Applicable,Electric,2003,BEV,Unknown,2,Statewide,2
25243,2022,P,Not Applicable,Electric,2018,BEV,0 to 50 miles,3,Statewide,2
25244,2022,P,Not Applicable,Electric,2018,BEV,0 to 50 miles,2,Statewide,2
25245,2022,T1,Unknown,Electric,1979,BEV,Unknown,≥4,Statewide,2
25246,2022,T4,Unknown,Diesel,2017,ICE,Not Applicable,≥4,Statewide,6
25247,2022,T3,2,Gasoline,2019,ICE,Not Applicable,3,Statewide,37289
25248,2022,T1,Unknown,Electric,1982,BEV,Unknown,≥4,Statewide,2
25249,2022,T5,3,Diesel,1985,ICE,Not Applicable,≥4,Statewide,6
25250,2022,P,Not Applicable,Electric,2022,BEV,>150 miles,3,Statewide,6667
25251,2022,P,Not Applicable,Electric,2016,BEV,0 to 50 miles,3,Statewide,2
25252,2022,T1,Unknown,Electric,1984,BEV,Unknown,≥4,Statewide,2
25253,2022,P,Not Applicable,Electric,1980,BEV,Unknown,≥4,Statewide,2
25254,2022,P,Not Applicable,Electric,1979,BEV,Unknown,2,Statewide,2
25255,2022,B,Not Applicable,Electric,1999,BEV,Unknown,1,Statewide,2
25256,2022,B,Not Applicable,Electric,2004,BEV,Unknown,1,Statewide,2
25257,2022,B,Not Applicable,Electric,2016,BEV,Unknown,≥4,Statewide,2
25258,2022,B,Not Applicable,Electric,2017,BEV,Unknown,≥4,Statewide,2
25259,2022,BT,Not Applicable,Electric,2007,BEV,Unknown,≥4,Statewide,2
25260,2022,T1,1,Gasoline,2001,ICE,Not Applicable,3,Statewide,6753
25261,2022,BT,Not Applicable,Electric,2016,BEV,Unknown,≥4,Statewide,2
25262,2022,BT,Not Applicable,Electric,2017,BEV,Unknown,≥4,Statewide,2
25263,2022,T4,Unknown,Diesel,1983,ICE,Not Applicable,≥4,Statewide,6
25264,2022,MC,Not Applicable,Electric,1992,BEV,Unknown,≥4,Statewide,2
25265,2022,MC,Not Applicable,Electric,2007,BEV,Unknown,3,Statewide,2
25266,2022,MC,Not Applicable,Electric,2007,BEV,Unknown,1,Statewide,2
25267,2022,MC,Not Applicable,Electric,2008,BEV,Unknown,≥4,Statewide,2
25268,2022,MC,Not Applicable,Electric,2015,BEV,Unknown,1,Statewide,2
25269,2022,MC,Not Applicable,Electric,2024,BEV,Unknown,3,Statewide,2
25270,2022,P,Not Applicable,Electric,1978,BEV,Unknown,1,Statewide,2
25271,2022,MC,Not Applicable,Gasoline,2004,ICE,Not Applicable,≥4,Statewide,6730
25272,2022,P,Not Applicable,Electric,1979,BEV,Unknown,3,Statewide,2
25273,2022,MC,Not Applicable,Electric,2005,BEV,Unknown,1,Statewide,2
25274,2022,T1,Unknown,Electric,2017,BEV,Unknown,2,Statewide,2
25275,2022,T1,Unknown,Electric,1990,BEV,Unknown,≥4,Statewide,2
25276,2022,T1,Unknown,Electric,1992,BEV,Unknown,≥4,Statewide,2
25277,2022,T1,Unknown,Gasoline,1978,ICE,Not Applicable,≥4,Statewide,37582
25278,2022,T1,Unknown,Electric,2007,BEV,Unknown,3,Statewide,2
25279,2022,T4,2,Gasoline,2011,ICE,Not Applicable,1,Statewide,6503
25280,2022,MC,Not Applicable,Gasoline,2022,ICE,Not Applicable,3,Statewide,6503
25281,2022,T3,2,Gasoline,2001,ICE,Not Applicable,1,Statewide,6501
25282,2022,T1,Unknown,Electric,2007,BEV,Unknown,2,Statewide,2
25283,2022,T1,Unknown,Electric,2007,BEV,Unknown,1,Statewide,2
25284,2022,T1,Unknown,Electric,2008,BEV,Unknown,≥4,Statewide,2
25285,2022,T4,2,Gasoline,2002,ICE,Not Applicable,≥4,Statewide,6543
25286,2022,T3,Unknown,Gasoline,2011,ICE,Not Applicable,3,Statewide,12260
25287,2022,T1,1,Gasoline,2000,ICE,Not Applicable,2,Statewide,6464
25288,2022,T2,1,Gasoline,1999,ICE,Not Applicable,≥4,Statewide,12196
25289,2022,T6,Unknown,Diesel,2006,ICE,Not Applicable,1,Statewide,6
25290,2022,T6,Unknown,Diesel,2016,ICE,Not Applicable,2,Statewide,6
25291,2022,T1,1,Gasoline,2009,ICE,Not Applicable,3,Statewide,6455
25292,2022,T2,1,Gasoline,2003,ICE,Not Applicable,≥4,Statewide,37855
25293,2022,T1,Unknown,Electric,2013,BEV,Unknown,3,Statewide,2
25294,2022,T1,Unknown,Electric,2016,BEV,Unknown,≥4,Statewide,2
25295,2022,T1,Unknown,Electric,2010,BEV,Unknown,≥4,Statewide,2
25296,2022,T5,3,Diesel,1988,ICE,Not Applicable,1,Statewide,6
25297,2022,P,Not Applicable,Gasoline,2002,ICE,Not Applicable,2,Statewide,37463
25298,2022,T1,1,Electric,2003,BEV,Unknown,1,Statewide,2
25299,2022,T1,Unknown,Electric,1993,BEV,Unknown,≥4,Statewide,2
25300,2022,T1,Unknown,Electric,1997,BEV,Unknown,1,Statewide,2
25301,2022,T6,7,Diesel,1980,ICE,Not Applicable,2,Statewide,6
25302,2022,T1,Unknown,Electric,1998,BEV,Unknown,≥4,Statewide,2
25303,2022,T1,1,Gasoline,2016,ICE,Not Applicable,1,Statewide,6631
25304,2022,T1,1,Gasoline,1999,ICE,Not Applicable,2,Statewide,6631
25305,2022,T1,Unknown,Electric,2000,BEV,Unknown,1,Statewide,2
25306,2022,T6,7,Diesel,1981,ICE,Not Applicable,2,Statewide,6
25307,2022,T6,Unknown,Diesel,1996,ICE,Not Applicable,1,Statewide,6
25308,2022,T1,1,Gasoline,2010,ICE,Not Applicable,≥4,Statewide,6602
25309,2022,T1,1,Gasoline,2005,ICE,Not Applicable,2,Statewide,12274
25310,2022,T6,7,Diesel,1983,ICE,Not Applicable,2,Statewide,6
25311,2022,T1,Unknown,Electric,2001,BEV,Unknown,1,Statewide,2
25312,2022,T3,Unknown,Gasoline,2022,ICE,Not Applicable,2,Statewide,6593
25313,2022,T2,1,Gasoline,1999,ICE,Not Applicable,2,Statewide,6585
25314,2022,T6,5,Diesel,1992,ICE,Not Applicable,3,Statewide,6
25315,2022,MC,Not Applicable,Gasoline,2014,ICE,Not Applicable,3,Statewide,6564
25316,2022,T6,5,Diesel,1996,ICE,Not Applicable,3,Statewide,6
25317,2022,MC,Not Applicable,Gasoline,2019,ICE,Not Applicable,3,Statewide,6598
25318,2022,T2,Unknown,Natural Gas,2016,ICE,Not Applicable,≥4,Statewide,4
25319,2022,T3,2,Diesel,1992,ICE,Not Applicable,≥4,Statewide,5
25320,2022,T2,Unknown,Natural Gas,2006,ICE,Not Applicable,≥4,Statewide,4
25321,2022,T3,2,Gasoline,2001,ICE,Not Applicable,2,Statewide,7424
25322,2022,T2,Unknown,Diesel,1985,ICE,Not Applicable,2,Statewide,2
25323,2022,T3,Unknown,Gasoline,2012,ICE,Not Applicable,2,Statewide,7408
25324,2022,P,Not Applicable,Electric,1998,BEV,Unknown,1,Statewide,3
25325,2022,T3,Unknown,Gasoline,2023,ICE,Not Applicable,≥4,Statewide,7391
25326,2022,P,Not Applicable,Electric,1997,BEV,Unknown,≥4,Statewide,3
25327,2022,MC,Not Applicable,Gasoline,2020,ICE,Not Applicable,3,Statewide,7373
25328,2022,P,Not Applicable,Electric,1995,BEV,Unknown,≥4,Statewide,3
25329,2022,P,Not Applicable,Gasoline,1995,ICE,Not Applicable,3,Statewide,7364
25330,2022,P,Not Applicable,Electric,1992,BEV,Unknown,2,Statewide,3
25331,2022,P,Not Applicable,Gasoline,2024,ICE,Not Applicable,1,Statewide,7353
25332,2022,T2,Unknown,Diesel,1985,ICE,Not Applicable,3,Statewide,2
25333,2022,P,Not Applicable,Electric,1989,BEV,Unknown,≥4,Statewide,3
25334,2022,P,Not Applicable,Electric,1984,BEV,Unknown,≥4,Statewide,3
25335,2022,P,Not Applicable,Electric,1979,BEV,Unknown,≥4,Statewide,3
25336,2022,MC,Not Applicable,Electric,2024,BEV,Unknown,1,Statewide,3
25337,2022,MC,Not Applicable,Electric,2017,BEV,Unknown,1,Statewide,3
25338,2022,T2,Unknown,Gasoline,2018,ICE,Not Applicable,2,Statewide,9485
25339,2022,MC,Not Applicable,Electric,2016,BEV,Unknown,3,Statewide,3
25340,2022,T4,2,Diesel,2020,ICE,Not Applicable,≥4,Statewide,7429
25341,2022,P,Not Applicable,Electric,2001,BEV,Unknown,3,Statewide,3
25342,2022,T7,8,Natural Gas,2024,ICE,Not Applicable,3,Statewide,3
25343,2022,MC,Not Applicable,Unknown,2011,ICE,Not Applicable,≥4,Statewide,3
25344,2022,MC,Not Applicable,Unknown,2020,ICE,Not Applicable,3,Statewide,3
25345,2022,MC,Not Applicable,Unknown,2021,ICE,Not Applicable,3,Statewide,3
25346,2022,T1,1,Electric,2003,BEV,Unknown,2,Statewide,3
25347,2022,T1,Unknown,Electric,2001,BEV,Unknown,≥4,Statewide,3
25348,2022,T1,Unknown,Electric,1997,BEV,Unknown,≥4,Statewide,3
25349,2022,T3,2,Gasoline,2000,ICE,Not Applicable,2,Statewide,7526
25350,2022,T1,Unknown,Electric,1983,BEV,Unknown,≥4,Statewide,3
25351,2022,T1,1,Gasoline,2001,ICE,Not Applicable,2,Statewide,7522
25352,2022,P,Not Applicable,Electric,2024,BEV,>150 miles,2,Statewide,3
25353,2022,P,Not Applicable,Gasoline,2000,ICE,Not Applicable,1,Statewide,25548
25354,2022,T2,Unknown,Diesel,1988,ICE,Not Applicable,2,Statewide,2
25355,2022,T4,2,Gasoline,2010,ICE,Not Applicable,≥4,Statewide,9451
25356,2022,P,Not Applicable,Electric,2003,BEV,Unknown,3,Statewide,3
25357,2022,P,Not Applicable,Electric,2001,BEV,Unknown,2,Statewide,3
25358,2022,P,Not Applicable,Gasoline,2022,PHEV,0 to 50 miles,2,Statewide,9453
25359,2022,T4,2,Gasoline,2011,ICE,Not Applicable,3,Statewide,7436
25360,2022,MC,Not Applicable,Electric,2012,BEV,Unknown,3,Statewide,3
25361,2022,MC,Not Applicable,Electric,2006,BEV,Unknown,≥4,Statewide,3
25362,2022,BT,Not Applicable,Electric,2020,BEV,Unknown,≥4,Statewide,3
25363,2022,T6,5,Diesel,1992,ICE,Not Applicable,1,Statewide,3
25364,2022,T1,Unknown,Diesel,2010,ICE,Not Applicable,≥4,Statewide,2
25365,2022,T1,Unknown,Diesel,2005,ICE,Not Applicable,3,Statewide,2
25366,2022,P,Not Applicable,Gasoline,1993,ICE,Not Applicable,≥4,Statewide,9571
25367,2022,T1,Unknown,Diesel,2004,ICE,Not Applicable,1,Statewide,2
25368,2022,T6,4,Diesel,1991,ICE,Not Applicable,≥4,Statewide,3
25369,2022,T6,Unknown,Diesel,1990,ICE,Not Applicable,2,Statewide,3
25370,2022,T6,Unknown,Diesel,1990,ICE,Not Applicable,3,Statewide,3
25371,2022,P,Not Applicable,Gasoline,1992,ICE,Not Applicable,≥4,Statewide,9665
25372,2022,T1,Unknown,Diesel,2004,ICE,Not Applicable,3,Statewide,2
25373,2022,T6,4,Diesel,1989,ICE,Not Applicable,≥4,Statewide,3
25374,2022,T1,1,Gasoline,1996,ICE,Not Applicable,≥4,Statewide,9749
25375,2022,T1,Unknown,Diesel,2003,ICE,Not Applicable,1,Statewide,2
25376,2022,T1,Unknown,Diesel,1998,ICE,Not Applicable,2,Statewide,2
25377,2022,T6,Unknown,Diesel,1982,ICE,Not Applicable,3,Statewide,3
25378,2022,T6,7,Diesel,1982,ICE,Not Applicable,3,Statewide,3
25379,2022,T6,Unknown,Diesel,1981,ICE,Not Applicable,2,Statewide,3
25380,2022,T6,5,Diesel,1994,ICE,Not Applicable,2,Statewide,3
25381,2022,T6,Unknown,Diesel,1994,ICE,Not Applicable,3,Statewide,3
25382,2022,T6,Unknown,Diesel,1997,ICE,Not Applicable,2,Statewide,3
25383,2022,T1,Unknown,Diesel,2015,ICE,Not Applicable,1,Statewide,2
25384,2022,MC,Not Applicable,Gasoline,2005,ICE,Not Applicable,≥4,Statewide,9498
25385,2022,T2,Unknown,Diesel,1983,ICE,Not Applicable,2,Statewide,2
25386,2022,BT,Not Applicable,Electric,2004,BEV,Unknown,≥4,Statewide,3
25387,2022,B,Not Applicable,Electric,2020,BEV,Unknown,≥4,Statewide,3
25388,2022,T2,Unknown,Diesel,1981,ICE,Not Applicable,≥4,Statewide,2
25389,2022,T2,1,Diesel,1981,ICE,Not Applicable,1,Statewide,2
25390,2022,B,Not Applicable,Electric,2014,BEV,Unknown,3,Statewide,3
25391,2022,B,Not Applicable,Electric,2008,BEV,Unknown,≥4,Statewide,3
25392,2022,T1,1,Electric,2006,BEV,Unknown,2,Statewide,3
25393,2022,B,Not Applicable,Electric,2003,BEV,Unknown,≥4,Statewide,3
25394,2022,T6,Unknown,Diesel,2009,ICE,Not Applicable,1,Statewide,3
25395,2022,T6,Unknown,Diesel,2007,ICE,Not Applicable,1,Statewide,3
25396,2022,T6,Unknown,Diesel,2005,ICE,Not Applicable,2,Statewide,3
25397,2022,T6,Unknown,Diesel,2004,ICE,Not Applicable,2,Statewide,3
25398,2022,T6,Unknown,Diesel,2002,ICE,Not Applicable,2,Statewide,3
25399,2022,T2,1,Diesel,1978,ICE,Not Applicable,3,Statewide,2
25400,2022,P,Not Applicable,Gasoline,1996,ICE,Not Applicable,3,Statewide,9538
25401,2022,T1,Unknown,Diesel,2019,ICE,Not Applicable,≥4,Statewide,2
25402,2022,T6,Unknown,Diesel,2021,ICE,Not Applicable,2,Statewide,3
25403,2022,T6,Unknown,Diesel,1981,ICE,Not Applicable,3,Statewide,3
25404,2022,T3,2,Gasoline,2016,ICE,Not Applicable,3,Statewide,25188
25405,2022,T7,8,Natural Gas,2022,ICE,Not Applicable,2,Statewide,3
25406,2022,T7,8,Electric,2018,BEV,Unknown,3,Statewide,3
25407,2022,T6,Unknown,Electric,1980,BEV,Unknown,≥4,Statewide,3
25408,2022,T2,1,Gasoline,2004,ICE,Not Applicable,3,Statewide,24099
25409,2022,P,Not Applicable,Gasoline,1998,ICE,Not Applicable,≥4,Statewide,24165
25410,2022,T4,2,Natural Gas,2018,ICE,Not Applicable,1,Statewide,3
25411,2022,T6,7,Natural Gas,2005,ICE,Not Applicable,≥4,Statewide,3
25412,2022,T5,3,Electric,2012,BEV,Unknown,≥4,Statewide,3
25413,2022,MC,Not Applicable,Gasoline,2012,ICE,Not Applicable,≥4,Statewide,24349
25414,2022,T4,Unknown,Electric,2018,BEV,Unknown,1,Statewide,3
25415,2022,T4,Unknown,Electric,1992,BEV,Unknown,≥4,Statewide,3
25416,2022,T6,7,Natural Gas,2007,ICE,Not Applicable,1,Statewide,3
25417,2022,T6,4,Natural Gas,2007,ICE,Not Applicable,≥4,Statewide,3
25418,2022,T6,7,Natural Gas,2008,ICE,Not Applicable,3,Statewide,3
25419,2022,T4,Unknown,Electric,1990,BEV,Unknown,3,Statewide,3
25420,2022,T4,Unknown,Electric,1986,BEV,Unknown,≥4,Statewide,3
25421,2022,T4,Unknown,Electric,1984,BEV,Unknown,≥4,Statewide,3
25422,2022,T3,2,Gasoline,2018,ICE,Not Applicable,3,Statewide,24683
25423,2022,B,Not Applicable,Gasoline,1980,ICE,Not Applicable,3,Statewide,3
25424,2022,T4,Unknown,Electric,1983,BEV,Unknown,≥4,Statewide,3
25425,2022,B,Not Applicable,Gasoline,1982,ICE,Not Applicable,1,Statewide,3
25426,2022,B,Not Applicable,Gasoline,1986,ICE,Not Applicable,2,Statewide,3
25427,2022,BS,Not Applicable,Gasoline,1986,ICE,Not Applicable,3,Statewide,3
25428,2022,T3,2,Natural Gas,2001,ICE,Not Applicable,3,Statewide,3
25429,2022,BS,Not Applicable,Diesel,1997,ICE,Not Applicable,3,Statewide,7
25430,2022,T4,2,Natural Gas,1999,ICE,Not Applicable,1,Statewide,3
25431,2022,BS,Not Applicable,Gasoline,1982,ICE,Not Applicable,3,Statewide,3
25432,2022,B,Not Applicable,Gasoline,2001,ICE,Not Applicable,2,Statewide,3
25433,2022,B,Not Applicable,Gasoline,2001,ICE,Not Applicable,3,Statewide,3
25434,2022,BS,Not Applicable,Diesel,1991,ICE,Not Applicable,2,Statewide,7
25435,2022,BS,Not Applicable,Diesel,1990,ICE,Not Applicable,3,Statewide,7
25436,2022,T4,2,Natural Gas,2007,ICE,Not Applicable,3,Statewide,3
25437,2022,B,Not Applicable,Diesel,1999,ICE,Not Applicable,3,Statewide,7
25438,2022,T4,2,Natural Gas,2017,ICE,Not Applicable,1,Statewide,3
25439,2022,B,Not Applicable,Diesel,1994,ICE,Not Applicable,3,Statewide,7
25440,2022,B,Not Applicable,Gasoline,1991,ICE,Not Applicable,3,Statewide,3
25441,2022,B,Not Applicable,Gasoline,1989,ICE,Not Applicable,2,Statewide,3
25442,2022,B,Not Applicable,Gasoline,1989,ICE,Not Applicable,3,Statewide,3
25443,2022,P,Not Applicable,Gasoline,2000,ICE,Not Applicable,2,Statewide,24028
25444,2022,B,Not Applicable,Gasoline,1984,ICE,Not Applicable,2,Statewide,3
25445,2022,T4,Unknown,Electric,1981,BEV,Unknown,3,Statewide,3
25446,2022,T3,2,Gasoline,2017,ICE,Not Applicable,1,Statewide,24875
25447,2022,T4,Unknown,Electric,1981,BEV,Unknown,≥4,Statewide,3
25448,2022,P,Not Applicable,Electric,2022,BEV,>150 miles,≥4,Statewide,7755
25449,2022,T6,7,Natural Gas,2019,ICE,Not Applicable,1,Statewide,3
25450,2022,T6,7,Natural Gas,2022,ICE,Not Applicable,1,Statewide,3
25451,2022,T1,Unknown,Electric,2014,BEV,Unknown,2,Statewide,3
25452,2022,T6,7,Natural Gas,2024,ICE,Not Applicable,≥4,Statewide,3
25453,2022,T7,8,Natural Gas,2010,ICE,Not Applicable,2,Statewide,3
25454,2022,T3,2,Gasoline,2005,ICE,Not Applicable,1,Statewide,25084
25455,2022,T3,Unknown,Gasoline,2010,ICE,Not Applicable,2,Statewide,7713
25456,2022,P,Not Applicable,Gasoline,1979,ICE,Not Applicable,≥4,Statewide,7679
25457,2022,MC,Not Applicable,Gasoline,2023,ICE,Not Applicable,1,Statewide,7670
25458,2022,T1,Unknown,Electric,2011,BEV,Unknown,3,Statewide,3
25459,2022,T1,1,Gasoline,2015,ICE,Not Applicable,1,Statewide,7657
25460,2022,T1,1,Electric,2007,BEV,Unknown,3,Statewide,3
25461,2022,T7,8,Natural Gas,2010,ICE,Not Applicable,1,Statewide,3
25462,2022,T2,1,Gasoline,1997,ICE,Not Applicable,≥4,Statewide,7625
25463,2022,P,Not Applicable,Gasoline,1991,ICE,Not Applicable,≥4,Statewide,7621
25464,2022,T7,8,Natural Gas,2020,ICE,Not Applicable,3,Statewide,3
25465,2022,T6,Unknown,Natural Gas,2018,ICE,Not Applicable,≥4,Statewide,3
25466,2022,T2,Unknown,Electric,1985,BEV,Unknown,≥4,Statewide,3
25467,2022,T2,1,Electric,1998,BEV,Unknown,≥4,Statewide,3
25468,2022,T2,1,Electric,2004,BEV,Unknown,1,Statewide,3
25469,2022,T3,Unknown,Electric,2004,BEV,Unknown,≥4,Statewide,3
25470,2022,T1,1,Gasoline,2009,ICE,Not Applicable,1,Statewide,7887
25471,2022,T6,7,Natural Gas,2010,ICE,Not Applicable,1,Statewide,3
25472,2022,T6,7,Natural Gas,2014,ICE,Not Applicable,1,Statewide,3
25473,2022,T3,Unknown,Electric,1994,BEV,Unknown,≥4,Statewide,3
25474,2022,T3,Unknown,Gasoline,2007,ICE,Not Applicable,2,Statewide,7830
25475,2022,T2,1,Electric,2018,BEV,101 to 150 miles,2,Statewide,3
25476,2022,T2,1,Gasoline,2000,ICE,Not Applicable,3,Statewide,7803
25477,2022,T1,1,Electric,2006,BEV,Unknown,1,Statewide,3
25478,2022,T2,Unknown,Electric,2017,BEV,Unknown,2,Statewide,3
25479,2022,T6,5,Natural Gas,2015,ICE,Not Applicable,≥4,Statewide,3
25480,2022,T2,1,Electric,2017,BEV,Unknown,1,Statewide,3
25481,2022,T3,2,Gasoline,2003,ICE,Not Applicable,≥4,Statewide,24977
25482,2022,T2,1,Electric,2017,BEV,101 to 150 miles,1,Statewide,3
25483,2022,T1,1,Gasoline,1995,ICE,Not Applicable,≥4,Statewide,7786
25484,2022,T1,1,Gasoline,2008,ICE,Not Applicable,3,Statewide,7784
25485,2022,MC,Not Applicable,Gasoline,2016,ICE,Not Applicable,≥4,Statewide,7781
25486,2022,T2,Unknown,Electric,2016,BEV,Unknown,1,Statewide,3
25487,2022,T6,5,Natural Gas,2014,ICE,Not Applicable,≥4,Statewide,3
25488,2022,BS,Not Applicable,Gasoline,1987,ICE,Not Applicable,3,Statewide,3
25489,2022,T6,7,Diesel,1981,ICE,Not Applicable,3,Statewide,3
25490,2022,T5,3,Diesel,1987,ICE,Not Applicable,3,Statewide,3
25491,2022,MC,Not Applicable,Diesel,2009,ICE,Not Applicable,1,Statewide,2
25492,2022,T1,Unknown,Diesel,1979,ICE,Not Applicable,3,Statewide,3
25493,2022,MH,Not Applicable,Diesel,1985,ICE,Not Applicable,2,Statewide,3
25494,2022,MH,Not Applicable,Diesel,1983,ICE,Not Applicable,2,Statewide,3
25495,2022,MH,Not Applicable,Diesel,1982,ICE,Not Applicable,3,Statewide,3
25496,2022,MH,Not Applicable,Diesel,1981,ICE,Not Applicable,3,Statewide,3
25497,2022,MH,Not Applicable,Diesel,1979,ICE,Not Applicable,1,Statewide,3
25498,2022,MH,Not Applicable,Diesel,1979,ICE,Not Applicable,≥4,Statewide,3
25499,2022,MC,Not Applicable,Diesel,2021,ICE,Not Applicable,2,Statewide,3
25500,2022,MC,Not Applicable,Diesel,2020,ICE,Not Applicable,≥4,Statewide,3
25501,2022,MC,Not Applicable,Diesel,2018,ICE,Not Applicable,1,Statewide,3
25502,2022,MC,Not Applicable,Diesel,2014,ICE,Not Applicable,2,Statewide,3
25503,2022,MC,Not Applicable,Diesel,2014,ICE,Not Applicable,3,Statewide,3
25504,2022,MC,Not Applicable,Diesel,2013,ICE,Not Applicable,1,Statewide,3
25505,2022,MC,Not Applicable,Diesel,2008,ICE,Not Applicable,1,Statewide,2
25506,2022,MC,Not Applicable,Diesel,2013,ICE,Not Applicable,3,Statewide,3
25507,2022,MC,Not Applicable,Diesel,2012,ICE,Not Applicable,2,Statewide,3
25508,2022,T1,Unknown,Diesel,1980,ICE,Not Applicable,≥4,Statewide,3
25509,2022,MC,Not Applicable,Diesel,2008,ICE,Not Applicable,2,Statewide,2
25510,2022,T1,Unknown,Diesel,1984,ICE,Not Applicable,1,Statewide,3
25511,2022,T1,1,Diesel,1991,ICE,Not Applicable,1,Statewide,3
25512,2022,MC,Not Applicable,Diesel,2016,ICE,Not Applicable,1,Statewide,2
25513,2022,MC,Not Applicable,Diesel,2016,ICE,Not Applicable,3,Statewide,2
25514,2022,MC,Not Applicable,Diesel,2015,ICE,Not Applicable,3,Statewide,2
25515,2022,T2,Unknown,Diesel,1989,ICE,Not Applicable,3,Statewide,3
25516,2022,T2,Unknown,Diesel,1986,ICE,Not Applicable,3,Statewide,3
25517,2022,T2,1,Diesel,1986,ICE,Not Applicable,2,Statewide,3
25518,2022,T2,Unknown,Diesel,1983,ICE,Not Applicable,≥4,Statewide,3
25519,2022,MC,Not Applicable,Diesel,2013,ICE,Not Applicable,2,Statewide,2
25520,2022,MC,Not Applicable,Diesel,2012,ICE,Not Applicable,1,Statewide,2
25521,2022,MC,Not Applicable,Diesel,2011,ICE,Not Applicable,2,Statewide,2
25522,2022,T2,Unknown,Diesel,1982,ICE,Not Applicable,2,Statewide,3
25523,2022,T1,Unknown,Diesel,2014,ICE,Not Applicable,1,Statewide,3
25524,2022,T1,Unknown,Diesel,2012,ICE,Not Applicable,1,Statewide,3
25525,2022,T1,Unknown,Diesel,2000,ICE,Not Applicable,1,Statewide,3
25526,2022,T1,Unknown,Diesel,1999,ICE,Not Applicable,1,Statewide,3
25527,2022,T1,1,Diesel,1992,ICE,Not Applicable,1,Statewide,3
25528,2022,T1,Unknown,Diesel,1991,ICE,Not Applicable,2,Statewide,3
25529,2022,T1,Unknown,Diesel,1989,ICE,Not Applicable,1,Statewide,3
25530,2022,MC,Not Applicable,Diesel,2011,ICE,Not Applicable,1,Statewide,3
25531,2022,MC,Not Applicable,Diesel,2007,ICE,Not Applicable,≥4,Statewide,3
25532,2022,MC,Not Applicable,Diesel,2002,ICE,Not Applicable,≥4,Statewide,3
25533,2022,BT,Not Applicable,Diesel,2003,ICE,Not Applicable,2,Statewide,3
25534,2022,BT,Not Applicable,Diesel,1993,ICE,Not Applicable,2,Statewide,3
25535,2022,BT,Not Applicable,Diesel,1990,ICE,Not Applicable,3,Statewide,3
25536,2022,BT,Not Applicable,Diesel,1987,ICE,Not Applicable,2,Statewide,3
25537,2022,BT,Not Applicable,Diesel,2002,ICE,Not Applicable,2,Statewide,4
25538,2022,MC,Not Applicable,Diesel,2005,ICE,Not Applicable,2,Statewide,2
25539,2022,MC,Not Applicable,Diesel,2004,ICE,Not Applicable,1,Statewide,2
25540,2022,MC,Not Applicable,Diesel,2004,ICE,Not Applicable,3,Statewide,2
25541,2022,BT,Not Applicable,Diesel,1987,ICE,Not Applicable,3,Statewide,3
25542,2022,BS,Not Applicable,Diesel,1992,ICE,Not Applicable,3,Statewide,3
25543,2022,BS,Not Applicable,Diesel,1990,ICE,Not Applicable,2,Statewide,3
25544,2022,BS,Not Applicable,Diesel,1986,ICE,Not Applicable,2,Statewide,3
25545,2022,BS,Not Applicable,Diesel,1981,ICE,Not Applicable,2,Statewide,3
25546,2022,B,Not Applicable,Diesel,1989,ICE,Not Applicable,2,Statewide,3
25547,2022,MC,Not Applicable,Diesel,1999,ICE,Not Applicable,≥4,Statewide,2
25548,2022,MC,Not Applicable,Diesel,1997,ICE,Not Applicable,1,Statewide,2
25549,2022,B,Not Applicable,Diesel,1988,ICE,Not Applicable,1,Statewide,3
25550,2022,BT,Not Applicable,Diesel,2017,ICE,Not Applicable,3,Statewide,3
25551,2022,MC,Not Applicable,Diesel,2006,ICE,Not Applicable,2,Statewide,2
25552,2022,MC,Not Applicable,Diesel,2006,ICE,Not Applicable,1,Statewide,2
25553,2022,BT,Not Applicable,Diesel,1997,ICE,Not Applicable,2,Statewide,4
25554,2022,MC,Not Applicable,Diesel,2007,ICE,Not Applicable,2,Statewide,2
25555,2022,B,Not Applicable,Diesel,1989,ICE,Not Applicable,1,Statewide,4
25556,2022,B,Not Applicable,Diesel,1991,ICE,Not Applicable,2,Statewide,4
25557,2022,MC,Not Applicable,Diesel,2001,ICE,Not Applicable,≥4,Statewide,3
25558,2022,MC,Not Applicable,Diesel,2000,ICE,Not Applicable,≥4,Statewide,3
25559,2022,BS,Not Applicable,Diesel,1980,ICE,Not Applicable,1,Statewide,4
25560,2022,BS,Not Applicable,Diesel,1981,ICE,Not Applicable,1,Statewide,4
25561,2022,BS,Not Applicable,Diesel,1986,ICE,Not Applicable,1,Statewide,4
25562,2022,MC,Not Applicable,Diesel,2017,ICE,Not Applicable,≥4,Statewide,2
25563,2022,BT,Not Applicable,Diesel,1989,ICE,Not Applicable,2,Statewide,4
25564,2022,MC,Not Applicable,Diesel,1997,ICE,Not Applicable,≥4,Statewide,3
25565,2022,MC,Not Applicable,Diesel,1988,ICE,Not Applicable,3,Statewide,3
25566,2022,BT,Not Applicable,Diesel,1995,ICE,Not Applicable,2,Statewide,4
25567,2022,BT,Not Applicable,Diesel,2023,ICE,Not Applicable,2,Statewide,3
25568,2022,BT,Not Applicable,Diesel,1996,ICE,Not Applicable,2,Statewide,4
25569,2022,BT,Not Applicable,Diesel,2023,ICE,Not Applicable,3,Statewide,3
25570,2022,BT,Not Applicable,Diesel,2022,ICE,Not Applicable,3,Statewide,3
25571,2022,BT,Not Applicable,Diesel,2021,ICE,Not Applicable,2,Statewide,3
25572,2022,BT,Not Applicable,Diesel,1992,ICE,Not Applicable,2,Statewide,4
25573,2022,T6,Unknown,Diesel,1980,ICE,Not Applicable,2,Statewide,3
25574,2022,T2,Unknown,Diesel,1989,ICE,Not Applicable,1,Statewide,3
25575,2022,T2,Unknown,Diesel,1991,ICE,Not Applicable,3,Statewide,3
25576,2022,T1,Unknown,Diesel,1988,ICE,Not Applicable,1,Statewide,2
25577,2022,T1,Unknown,Diesel,1988,ICE,Not Applicable,2,Statewide,2
25578,2022,T3,2,Gasoline,2002,ICE,Not Applicable,3,Statewide,9880
25579,2022,T4,2,Diesel,1986,ICE,Not Applicable,≥4,Statewide,3
25580,2022,T4,2,Diesel,1985,ICE,Not Applicable,1,Statewide,3
25581,2022,T4,2,Diesel,1985,ICE,Not Applicable,3,Statewide,3
25582,2022,T4,Unknown,Diesel,1982,ICE,Not Applicable,≥4,Statewide,3
25583,2022,T4,Unknown,Diesel,1981,ICE,Not Applicable,≥4,Statewide,3
25584,2022,T4,Unknown,Diesel,1980,ICE,Not Applicable,3,Statewide,3
25585,2022,T4,Unknown,Diesel,1979,ICE,Not Applicable,1,Statewide,3
25586,2022,T3,Unknown,Diesel,2011,ICE,Not Applicable,1,Statewide,3
25587,2022,T3,Unknown,Diesel,2010,ICE,Not Applicable,1,Statewide,3
25588,2022,T3,Unknown,Diesel,2009,ICE,Not Applicable,3,Statewide,3
25589,2022,T3,2,Diesel,1995,ICE,Not Applicable,1,Statewide,3
25590,2022,T1,Unknown,Diesel,1986,ICE,Not Applicable,1,Statewide,2
25591,2022,T3,Unknown,Diesel,1994,ICE,Not Applicable,1,Statewide,3
25592,2022,T1,1,Diesel,1984,ICE,Not Applicable,2,Statewide,2
25593,2022,T1,Unknown,Diesel,1989,ICE,Not Applicable,3,Statewide,2
25594,2022,T3,Unknown,Diesel,1993,ICE,Not Applicable,≥4,Statewide,3
25595,2022,T4,Unknown,Diesel,1989,ICE,Not Applicable,2,Statewide,3
25596,2022,T4,Unknown,Diesel,1996,ICE,Not Applicable,1,Statewide,3
25597,2022,T1,Unknown,Diesel,1997,ICE,Not Applicable,1,Statewide,2
25598,2022,T1,Unknown,Diesel,1996,ICE,Not Applicable,2,Statewide,2
25599,2022,T1,Unknown,Diesel,1995,ICE,Not Applicable,3,Statewide,2
25600,2022,T1,Unknown,Diesel,1992,ICE,Not Applicable,1,Statewide,2
25601,2022,T5,3,Diesel,1983,ICE,Not Applicable,≥4,Statewide,3
25602,2022,T1,Unknown,Diesel,1992,ICE,Not Applicable,3,Statewide,2
25603,2022,T1,Unknown,Diesel,1991,ICE,Not Applicable,1,Statewide,2
25604,2022,T4,Unknown,Diesel,2023,ICE,Not Applicable,≥4,Statewide,3
25605,2022,T4,Unknown,Diesel,2016,ICE,Not Applicable,1,Statewide,3
25606,2022,T4,Unknown,Diesel,2014,ICE,Not Applicable,1,Statewide,3
25607,2022,T4,Unknown,Diesel,2005,ICE,Not Applicable,≥4,Statewide,3
25608,2022,T1,1,Gasoline,2002,ICE,Not Applicable,2,Statewide,9832
25609,2022,T4,Unknown,Diesel,2004,ICE,Not Applicable,2,Statewide,3
25610,2022,T4,Unknown,Diesel,2002,ICE,Not Applicable,2,Statewide,3
25611,2022,T1,1,Gasoline,2008,ICE,Not Applicable,2,Statewide,9844
25612,2022,T1,Unknown,Diesel,1991,ICE,Not Applicable,3,Statewide,2
25613,2022,T1,Unknown,Diesel,1990,ICE,Not Applicable,3,Statewide,2
25614,2022,T4,Unknown,Diesel,1991,ICE,Not Applicable,2,Statewide,3
25615,2022,T3,2,Diesel,1993,ICE,Not Applicable,3,Statewide,3
25616,2022,T3,Unknown,Diesel,1992,ICE,Not Applicable,2,Statewide,3
25617,2022,T3,Unknown,Diesel,1991,ICE,Not Applicable,2,Statewide,3
25618,2022,T1,1,Gasoline,2014,ICE,Not Applicable,3,Statewide,9980
25619,2022,T2,Unknown,Diesel,2015,ICE,Not Applicable,2,Statewide,3
25620,2022,T2,Unknown,Diesel,2015,ICE,Not Applicable,3,Statewide,3
25621,2022,T2,Unknown,Diesel,2014,ICE,Not Applicable,2,Statewide,3
25622,2022,T2,Unknown,Diesel,2012,ICE,Not Applicable,≥4,Statewide,3
25623,2022,T2,Unknown,Diesel,2011,ICE,Not Applicable,≥4,Statewide,3
25624,2022,T2,Unknown,Diesel,2008,ICE,Not Applicable,≥4,Statewide,3
25625,2022,T2,Unknown,Diesel,2004,ICE,Not Applicable,≥4,Statewide,3
25626,2022,T2,Unknown,Diesel,1998,ICE,Not Applicable,2,Statewide,3
25627,2022,MH,Not Applicable,Diesel,1981,ICE,Not Applicable,2,Statewide,2
25628,2022,MH,Not Applicable,Diesel,1980,ICE,Not Applicable,2,Statewide,2
25629,2022,MH,Not Applicable,Diesel,1980,ICE,Not Applicable,3,Statewide,2
25630,2022,MC,Not Applicable,Diesel,2023,ICE,Not Applicable,≥4,Statewide,2
25631,2022,T2,Unknown,Diesel,1994,ICE,Not Applicable,2,Statewide,3
25632,2022,MC,Not Applicable,Diesel,2022,ICE,Not Applicable,1,Statewide,2
25633,2022,MC,Not Applicable,Diesel,2022,ICE,Not Applicable,≥4,Statewide,2
25634,2022,B,Not Applicable,Diesel,1986,ICE,Not Applicable,3,Statewide,4
25635,2022,T2,Unknown,Diesel,2015,ICE,Not Applicable,1,Statewide,3
25636,2022,T3,2,Diesel,1981,ICE,Not Applicable,2,Statewide,3
25637,2022,T3,Unknown,Diesel,1981,ICE,Not Applicable,≥4,Statewide,3
25638,2022,T3,2,Diesel,1982,ICE,Not Applicable,2,Statewide,3
25639,2022,T1,Unknown,Diesel,1983,ICE,Not Applicable,3,Statewide,2
25640,2022,T1,1,Diesel,1983,ICE,Not Applicable,≥4,Statewide,2
25641,2022,T1,Unknown,Diesel,1980,ICE,Not Applicable,3,Statewide,2
25642,2022,T1,1,Diesel,1980,ICE,Not Applicable,2,Statewide,2
25643,2022,T3,Unknown,Diesel,1989,ICE,Not Applicable,3,Statewide,3
25644,2022,T3,Unknown,Diesel,1987,ICE,Not Applicable,1,Statewide,3
25645,2022,T3,Unknown,Diesel,1987,ICE,Not Applicable,2,Statewide,3
25646,2022,T2,1,Gasoline,2001,ICE,Not Applicable,1,Statewide,9956
25647,2022,T2,1,Diesel,1990,ICE,Not Applicable,2,Statewide,3
25648,2022,T1,1,Diesel,1979,ICE,Not Applicable,3,Statewide,2
25649,2022,MH,Not Applicable,Diesel,1984,ICE,Not Applicable,2,Statewide,2
25650,2022,T6,6,Diesel,1990,ICE,Not Applicable,3,Statewide,10
25651,2022,T3,Unknown,Diesel,1987,ICE,Not Applicable,3,Statewide,3
25652,2022,T3,2,Diesel,1986,ICE,Not Applicable,3,Statewide,3
25653,2022,T3,Unknown,Diesel,1984,ICE,Not Applicable,2,Statewide,3
25654,2022,MH,Not Applicable,Diesel,1982,ICE,Not Applicable,2,Statewide,2
25655,2022,T2,1,Gasoline,2001,ICE,Not Applicable,2,Statewide,9970
25656,2022,T3,2,Diesel,1983,ICE,Not Applicable,2,Statewide,3
25657,2022,T1,1,Diesel,1978,ICE,Not Applicable,≥4,Statewide,2
25658,2022,B,Not Applicable,Diesel,1988,ICE,Not Applicable,2,Statewide,3
25659,2022,BS,Not Applicable,Gasoline,1988,ICE,Not Applicable,1,Statewide,3
25660,2022,BS,Not Applicable,Gasoline,2003,ICE,Not Applicable,2,Statewide,3
25661,2022,T6,7,Gasoline,1997,ICE,Not Applicable,1,Statewide,7
25662,2022,T3,Unknown,Electric,2000,BEV,Unknown,≥4,Statewide,7
25663,2022,T2,Unknown,Electric,2019,BEV,Unknown,≥4,Statewide,7
25664,2022,T1,Unknown,Electric,2014,BEV,Unknown,3,Statewide,7
25665,2022,T6,5,Gasoline,2002,ICE,Not Applicable,≥4,Statewide,7
25666,2022,T1,Unknown,Electric,2012,BEV,Unknown,≥4,Statewide,7
25667,2022,T6,Unknown,Gasoline,2006,ICE,Not Applicable,≥4,Statewide,3
25668,2022,T6,7,Gasoline,2006,ICE,Not Applicable,1,Statewide,3
25669,2022,T6,7,Gasoline,2005,ICE,Not Applicable,1,Statewide,7
25670,2022,T6,7,Gasoline,2006,ICE,Not Applicable,3,Statewide,3
25671,2022,T1,Unknown,Electric,2005,BEV,Unknown,≥4,Statewide,7
25672,2022,T6,5,Gasoline,2015,ICE,Not Applicable,3,Statewide,7
25673,2022,T1,Unknown,Electric,1980,BEV,Unknown,≥4,Statewide,7
25674,2022,T7,8,Gasoline,1979,ICE,Not Applicable,1,Statewide,7
25675,2022,P,Not Applicable,Electric,2008,BEV,Unknown,2,Statewide,7
25676,2022,P,Not Applicable,Electric,2000,BEV,Unknown,≥4,Statewide,7
25677,2022,P,Not Applicable,Electric,1999,BEV,Unknown,≥4,Statewide,7
25678,2022,T6,Unknown,Electric,2007,BEV,Unknown,≥4,Statewide,7
25679,2022,T7,8,Gasoline,1993,ICE,Not Applicable,≥4,Statewide,7
25680,2022,T6,7,Gasoline,2007,ICE,Not Applicable,3,Statewide,3
25681,2022,T6,6,Gasoline,2008,ICE,Not Applicable,1,Statewide,3
25682,2022,B,Not Applicable,Gasoline,1994,ICE,Not Applicable,2,Statewide,7
25683,2022,B,Not Applicable,Gasoline,1988,ICE,Not Applicable,1,Statewide,7
25684,2022,T6,Unknown,Gasoline,2019,ICE,Not Applicable,3,Statewide,3
25685,2022,T6,Unknown,Gasoline,2017,ICE,Not Applicable,≥4,Statewide,3
25686,2022,B,Not Applicable,Gasoline,1987,ICE,Not Applicable,1,Statewide,7
25687,2022,B,Not Applicable,Gasoline,1983,ICE,Not Applicable,3,Statewide,7
25688,2022,B,Not Applicable,Gasoline,1982,ICE,Not Applicable,3,Statewide,7
25689,2022,T6,6,Gasoline,2016,ICE,Not Applicable,3,Statewide,3
25690,2022,T6,7,Gasoline,2014,ICE,Not Applicable,3,Statewide,3
25691,2022,T6,7,Gasoline,2013,ICE,Not Applicable,1,Statewide,3
25692,2022,T6,Unknown,Gasoline,2010,ICE,Not Applicable,≥4,Statewide,3
25693,2022,B,Not Applicable,Gasoline,1979,ICE,Not Applicable,1,Statewide,7
25694,2022,B,Not Applicable,Gasoline,1979,ICE,Not Applicable,2,Statewide,7
25695,2022,B,Not Applicable,Gasoline,1979,ICE,Not Applicable,3,Statewide,7
25696,2022,T6,Unknown,Gasoline,2009,ICE,Not Applicable,3,Statewide,3
25697,2022,T6,Unknown,Gasoline,2009,ICE,Not Applicable,≥4,Statewide,3
25698,2022,T6,Unknown,Gasoline,2008,ICE,Not Applicable,≥4,Statewide,3
25699,2022,T6,Unknown,Gasoline,2007,ICE,Not Applicable,≥4,Statewide,3
25700,2022,P,Not Applicable,Electric,1978,BEV,Unknown,3,Statewide,7
25701,2022,T1,1,Hydrogen,2021,FCEV,>150 miles,1,Statewide,7
25702,2022,B,Not Applicable,Natural Gas,2017,ICE,Not Applicable,1,Statewide,7
25703,2022,T6,7,Natural Gas,2013,ICE,Not Applicable,≥4,Statewide,7
25704,2022,T6,4,Natural Gas,2014,ICE,Not Applicable,≥4,Statewide,7
25705,2022,T6,7,Natural Gas,2020,ICE,Not Applicable,1,Statewide,7
25706,2022,T7,8,Natural Gas,2009,ICE,Not Applicable,2,Statewide,7
25707,2022,MC,Not Applicable,Unknown,2021,ICE,Not Applicable,≥4,Statewide,7
25708,2022,MH,Not Applicable,Unknown,2016,ICE,Not Applicable,1,Statewide,7
25709,2022,MH,Not Applicable,Unknown,2020,ICE,Not Applicable,1,Statewide,7
25710,2022,MH,Not Applicable,Unknown,2023,ICE,Not Applicable,≥4,Statewide,7
25711,2022,T6,7,Gasoline,2001,ICE,Not Applicable,2,Statewide,3
25712,2022,T6,Unknown,Gasoline,2000,ICE,Not Applicable,≥4,Statewide,3
25713,2022,BT,Not Applicable,Electric,2006,BEV,Unknown,≥4,Statewide,7
25714,2022,T7,8,Diesel,1983,ICE,Not Applicable,2,Statewide,7
25715,2022,T7,8,Diesel,1980,ICE,Not Applicable,2,Statewide,7
25716,2022,T6,Unknown,Diesel,2022,ICE,Not Applicable,3,Statewide,7
25717,2022,T6,5,Gasoline,2000,ICE,Not Applicable,3,Statewide,3
25718,2022,T6,7,Gasoline,2000,ICE,Not Applicable,3,Statewide,3
25719,2022,T6,5,Gasoline,1999,ICE,Not Applicable,3,Statewide,3
25720,2022,T6,6,Natural Gas,2008,ICE,Not Applicable,≥4,Statewide,7
25721,2022,T4,Unknown,Natural Gas,2019,ICE,Not Applicable,≥4,Statewide,7
25722,2022,T4,2,Natural Gas,2007,ICE,Not Applicable,2,Statewide,7
25723,2022,T4,2,Natural Gas,2005,ICE,Not Applicable,2,Statewide,7
25724,2022,B,Not Applicable,Natural Gas,2020,ICE,Not Applicable,1,Statewide,7
25725,2022,MC,Not Applicable,Electric,2017,BEV,Unknown,2,Statewide,7
25726,2022,MC,Not Applicable,Electric,2013,BEV,Unknown,1,Statewide,7
25727,2022,T6,Unknown,Gasoline,2003,ICE,Not Applicable,1,Statewide,3
25728,2022,T6,7,Gasoline,2003,ICE,Not Applicable,2,Statewide,3
25729,2022,B,Not Applicable,Natural Gas,2021,ICE,Not Applicable,1,Statewide,7
25730,2022,MC,Not Applicable,Electric,2013,BEV,Unknown,2,Statewide,7
25731,2022,BS,Not Applicable,Natural Gas,2004,ICE,Not Applicable,1,Statewide,7
25732,2022,B,Not Applicable,Gasoline,1996,ICE,Not Applicable,2,Statewide,7
25733,2022,BS,Not Applicable,Natural Gas,2005,ICE,Not Applicable,1,Statewide,7
25734,2022,P,Not Applicable,Natural Gas,1978,ICE,Not Applicable,2,Statewide,7
25735,2022,MC,Not Applicable,Electric,2001,BEV,Unknown,≥4,Statewide,7
25736,2022,T6,Unknown,Gasoline,2002,ICE,Not Applicable,3,Statewide,3
25737,2022,T1,Unknown,Natural Gas,2014,ICE,Not Applicable,≥4,Statewide,7
25738,2022,T6,5,Gasoline,2002,ICE,Not Applicable,3,Statewide,3
25739,2022,T2,1,Natural Gas,1999,ICE,Not Applicable,≥4,Statewide,7
25740,2022,T4,2,Natural Gas,2005,ICE,Not Applicable,3,Statewide,7
25741,2022,T6,7,Gasoline,2002,ICE,Not Applicable,3,Statewide,3
25742,2022,MC,Not Applicable,Electric,2011,BEV,Unknown,≥4,Statewide,7
25743,2022,T6,7,Gasoline,1999,ICE,Not Applicable,2,Statewide,3
25744,2022,BS,Not Applicable,Gasoline,1980,ICE,Not Applicable,3,Statewide,7
25745,2022,BS,Not Applicable,Gasoline,1986,ICE,Not Applicable,1,Statewide,7
25746,2022,T6,7,Gasoline,1987,ICE,Not Applicable,1,Statewide,7
25747,2022,T6,6,Gasoline,1985,ICE,Not Applicable,3,Statewide,7
25748,2022,B,Not Applicable,Natural Gas,2015,ICE,Not Applicable,3,Statewide,3
25749,2022,B,Not Applicable,Natural Gas,2008,ICE,Not Applicable,1,Statewide,3
25750,2022,T6,Unknown,Gasoline,1984,ICE,Not Applicable,1,Statewide,7
25751,2022,P,Not Applicable,Gasoline,1997,ICE,Not Applicable,3,Statewide,8834
25752,2022,B,Not Applicable,Natural Gas,2008,ICE,Not Applicable,3,Statewide,3
25753,2022,B,Not Applicable,Natural Gas,2006,ICE,Not Applicable,3,Statewide,3
25754,2022,B,Not Applicable,Natural Gas,2005,ICE,Not Applicable,1,Statewide,3
25755,2022,B,Not Applicable,Natural Gas,2005,ICE,Not Applicable,3,Statewide,3
25756,2022,B,Not Applicable,Natural Gas,2004,ICE,Not Applicable,2,Statewide,3
25757,2022,T1,1,Hydrogen,2020,FCEV,>150 miles,1,Statewide,3
25758,2022,T6,Unknown,Gasoline,1981,ICE,Not Applicable,≥4,Statewide,7
25759,2022,T6,Unknown,Gasoline,1979,ICE,Not Applicable,1,Statewide,7
25760,2022,T6,4,Gasoline,1979,ICE,Not Applicable,≥4,Statewide,7
25761,2022,T2,1,Gasoline,2000,ICE,Not Applicable,1,Statewide,8877
25762,2022,T6,7,Gasoline,1979,ICE,Not Applicable,1,Statewide,7
25763,2022,T6,6,Gasoline,1989,ICE,Not Applicable,2,Statewide,7
25764,2022,T5,3,Gasoline,1985,ICE,Not Applicable,≥4,Statewide,7
25765,2022,T6,Unknown,Gasoline,1989,ICE,Not Applicable,≥4,Statewide,7
25766,2022,T6,7,Gasoline,1993,ICE,Not Applicable,2,Statewide,7
25767,2022,BS,Not Applicable,Natural Gas,2023,ICE,Not Applicable,2,Statewide,3
25768,2022,BS,Not Applicable,Natural Gas,2022,ICE,Not Applicable,3,Statewide,3
25769,2022,BS,Not Applicable,Natural Gas,2020,ICE,Not Applicable,1,Statewide,3
25770,2022,BS,Not Applicable,Natural Gas,2013,ICE,Not Applicable,1,Statewide,3
25771,2022,T1,1,Gasoline,2008,ICE,Not Applicable,1,Statewide,8749
25772,2022,P,Not Applicable,Gasoline,1995,ICE,Not Applicable,1,Statewide,8754
25773,2022,T7,8,Diesel,2013,ICE,Not Applicable,≥4,Statewide,8772
25774,2022,BS,Not Applicable,Natural Gas,2011,ICE,Not Applicable,1,Statewide,3
25775,2022,BS,Not Applicable,Natural Gas,2007,ICE,Not Applicable,1,Statewide,3
25776,2022,MC,Not Applicable,Gasoline,2022,ICE,Not Applicable,1,Statewide,8787
25777,2022,T6,6,Gasoline,1993,ICE,Not Applicable,3,Statewide,7
25778,2022,BS,Not Applicable,Natural Gas,2004,ICE,Not Applicable,2,Statewide,3
25779,2022,BS,Not Applicable,Natural Gas,2001,ICE,Not Applicable,≥4,Statewide,3
25780,2022,B,Not Applicable,Natural Gas,2020,ICE,Not Applicable,3,Statewide,3
25781,2022,B,Not Applicable,Natural Gas,2019,ICE,Not Applicable,1,Statewide,3
25782,2022,B,Not Applicable,Natural Gas,2017,ICE,Not Applicable,3,Statewide,3
25783,2022,B,Not Applicable,Natural Gas,2015,ICE,Not Applicable,1,Statewide,3
25784,2022,T6,Unknown,Gasoline,1990,ICE,Not Applicable,≥4,Statewide,7
25785,2022,T5,3,Gasoline,1984,ICE,Not Applicable,3,Statewide,7
25786,2022,T7,8,Gasoline,2023,ICE,Not Applicable,≥4,Statewide,3
25787,2022,T7,8,Gasoline,2018,ICE,Not Applicable,≥4,Statewide,3
25788,2022,T7,8,Gasoline,1983,ICE,Not Applicable,3,Statewide,3
25789,2022,T7,8,Gasoline,1981,ICE,Not Applicable,2,Statewide,3
25790,2022,T1,Unknown,Gasoline,2015,ICE,Not Applicable,≥4,Statewide,7
25791,2022,T1,Unknown,Gasoline,2007,ICE,Not Applicable,2,Statewide,7
25792,2022,T1,Unknown,Gasoline,1988,ICE,Not Applicable,2,Statewide,7
25793,2022,P,Not Applicable,Gasoline,2019,BEV,51 to 100 miles,≥4,Statewide,7
25794,2022,BT,Not Applicable,Gasoline,2020,ICE,Not Applicable,1,Statewide,7
25795,2022,T7,8,Gasoline,1981,ICE,Not Applicable,3,Statewide,3
25796,2022,BT,Not Applicable,Gasoline,2015,ICE,Not Applicable,1,Statewide,7
25797,2022,BT,Not Applicable,Gasoline,1986,ICE,Not Applicable,1,Statewide,7
25798,2022,BS,Not Applicable,Gasoline,2024,ICE,Not Applicable,≥4,Statewide,7
25799,2022,BS,Not Applicable,Gasoline,2023,ICE,Not Applicable,2,Statewide,7
25800,2022,BS,Not Applicable,Gasoline,2012,ICE,Not Applicable,1,Statewide,7
25801,2022,BS,Not Applicable,Gasoline,2009,ICE,Not Applicable,2,Statewide,7
25802,2022,BS,Not Applicable,Gasoline,1988,ICE,Not Applicable,2,Statewide,7
25803,2022,T7,8,Gasoline,1979,ICE,Not Applicable,2,Statewide,3
25804,2022,T6,6,Gasoline,2023,ICE,Not Applicable,3,Statewide,3
25805,2022,T2,Unknown,Gasoline,2021,PHEV,0 to 50 miles,3,Statewide,7
25806,2022,T3,Unknown,Gasoline,1985,ICE,Not Applicable,2,Statewide,7
25807,2022,T3,Unknown,Gasoline,1987,ICE,Not Applicable,1,Statewide,7
25808,2022,T7,8,Gasoline,1983,ICE,Not Applicable,2,Statewide,3
25809,2022,T7,8,Gasoline,2015,ICE,Not Applicable,≥4,Statewide,3
25810,2022,T7,8,Gasoline,2011,ICE,Not Applicable,≥4,Statewide,3
25811,2022,T7,8,Gasoline,2008,ICE,Not Applicable,≥4,Statewide,3
25812,2022,T7,8,Gasoline,2000,ICE,Not Applicable,≥4,Statewide,3
25813,2022,T7,8,Gasoline,1999,ICE,Not Applicable,≥4,Statewide,3
25814,2022,T7,8,Gasoline,1997,ICE,Not Applicable,≥4,Statewide,3
25815,2022,T7,8,Gasoline,1990,ICE,Not Applicable,3,Statewide,3
25816,2022,T7,8,Gasoline,1988,ICE,Not Applicable,2,Statewide,3
25817,2022,BS,Not Applicable,Gasoline,1980,ICE,Not Applicable,2,Statewide,7
25818,2022,T7,8,Gasoline,1986,ICE,Not Applicable,1,Statewide,3
25819,2022,T5,3,Gasoline,1980,ICE,Not Applicable,≥4,Statewide,7
25820,2022,T4,Unknown,Gasoline,2000,ICE,Not Applicable,≥4,Statewide,7
25821,2022,T4,Unknown,Gasoline,1999,ICE,Not Applicable,≥4,Statewide,7
25822,2022,T4,Unknown,Gasoline,1994,ICE,Not Applicable,2,Statewide,7
25823,2022,T7,8,Gasoline,1985,ICE,Not Applicable,1,Statewide,3
25824,2022,T4,Unknown,Gasoline,1988,ICE,Not Applicable,≥4,Statewide,7
25825,2022,T3,Unknown,Gasoline,2024,PHEV,0 to 50 miles,3,Statewide,7
25826,2022,T7,8,Gasoline,1983,ICE,Not Applicable,1,Statewide,3
25827,2022,T5,3,Gasoline,1982,ICE,Not Applicable,1,Statewide,7
25828,2022,BS,Not Applicable,Gasoline,1993,ICE,Not Applicable,2,Statewide,3
25829,2022,T6,7,Gasoline,1998,ICE,Not Applicable,3,Statewide,3
25830,2022,T6,7,Gasoline,1997,ICE,Not Applicable,3,Statewide,3
25831,2022,T1,1,Gasoline,2022,PHEV,0 to 50 miles,3,Statewide,3
25832,2022,T1,1,Gasoline,2022,PHEV,0 to 50 miles,≥4,Statewide,3
25833,2022,T1,Unknown,Gasoline,2019,ICE,Not Applicable,3,Statewide,3
25834,2022,T1,Unknown,Gasoline,2000,ICE,Not Applicable,3,Statewide,3
25835,2022,T1,Unknown,Gasoline,1998,ICE,Not Applicable,1,Statewide,3
25836,2022,T3,2,Gasoline,2002,ICE,Not Applicable,1,Statewide,9221
25837,2022,T1,Unknown,Gasoline,1998,ICE,Not Applicable,2,Statewide,3
25838,2022,T1,1,Gasoline,1994,ICE,Not Applicable,≥4,Statewide,9222
25839,2022,T1,Unknown,Gasoline,1997,ICE,Not Applicable,2,Statewide,3
25840,2022,T1,Unknown,Gasoline,1996,ICE,Not Applicable,1,Statewide,3
25841,2022,T1,Unknown,Gasoline,1995,ICE,Not Applicable,3,Statewide,3
25842,2022,BT,Not Applicable,Gasoline,2023,ICE,Not Applicable,3,Statewide,3
25843,2022,BT,Not Applicable,Gasoline,2020,ICE,Not Applicable,3,Statewide,3
25844,2022,BT,Not Applicable,Gasoline,2011,ICE,Not Applicable,3,Statewide,3
25845,2022,BT,Not Applicable,Natural Gas,2009,ICE,Not Applicable,2,Statewide,3
25846,2022,BT,Not Applicable,Natural Gas,2011,ICE,Not Applicable,3,Statewide,3
25847,2022,BT,Not Applicable,Natural Gas,2015,ICE,Not Applicable,1,Statewide,3
25848,2022,T3,Unknown,Gasoline,2021,PHEV,0 to 50 miles,1,Statewide,3
25849,2022,BT,Not Applicable,Natural Gas,2016,ICE,Not Applicable,2,Statewide,3
25850,2022,T4,Unknown,Gasoline,1984,ICE,Not Applicable,1,Statewide,3
25851,2022,T4,Unknown,Gasoline,1986,ICE,Not Applicable,1,Statewide,3
25852,2022,T2,1,Diesel,1986,ICE,Not Applicable,3,Statewide,7
25853,2022,T2,1,Diesel,1983,ICE,Not Applicable,3,Statewide,7
25854,2022,T1,1,Diesel,1984,ICE,Not Applicable,≥4,Statewide,7
25855,2022,T4,Unknown,Gasoline,1997,ICE,Not Applicable,2,Statewide,3
25856,2022,T4,Unknown,Gasoline,1996,ICE,Not Applicable,2,Statewide,3
25857,2022,T4,Unknown,Gasoline,1993,ICE,Not Applicable,2,Statewide,3
25858,2022,T1,Unknown,Diesel,1979,ICE,Not Applicable,≥4,Statewide,7
25859,2022,P,Not Applicable,Diesel,1999,ICE,Not Applicable,2,Statewide,7
25860,2022,MC,Not Applicable,Gasoline,2012,ICE,Not Applicable,3,Statewide,9194
25861,2022,T4,2,Gasoline,2013,ICE,Not Applicable,≥4,Statewide,9203
25862,2022,MH,Not Applicable,Diesel,1987,ICE,Not Applicable,2,Statewide,7
25863,2022,T1,1,Gasoline,2023,ICE,Not Applicable,3,Statewide,9212
25864,2022,T4,Unknown,Gasoline,1991,ICE,Not Applicable,1,Statewide,3
25865,2022,T4,Unknown,Gasoline,1991,ICE,Not Applicable,2,Statewide,3
25866,2022,T4,Unknown,Gasoline,1990,ICE,Not Applicable,3,Statewide,3
25867,2022,T4,Unknown,Gasoline,1989,ICE,Not Applicable,2,Statewide,3
25868,2022,MH,Not Applicable,Diesel,1986,ICE,Not Applicable,2,Statewide,7
25869,2022,T4,Unknown,Gasoline,1985,ICE,Not Applicable,2,Statewide,3
25870,2022,MH,Not Applicable,Diesel,1984,ICE,Not Applicable,3,Statewide,7
25871,2022,BT,Not Applicable,Gasoline,2010,ICE,Not Applicable,2,Statewide,3
25872,2022,BT,Not Applicable,Gasoline,2010,ICE,Not Applicable,3,Statewide,3
25873,2022,BT,Not Applicable,Gasoline,1981,ICE,Not Applicable,≥4,Statewide,3
25874,2022,BT,Not Applicable,Gasoline,1979,ICE,Not Applicable,1,Statewide,3
25875,2022,BT,Not Applicable,Gasoline,1978,ICE,Not Applicable,2,Statewide,3
25876,2022,BS,Not Applicable,Gasoline,2023,ICE,Not Applicable,1,Statewide,3
25877,2022,MH,Not Applicable,Natural Gas,2019,ICE,Not Applicable,≥4,Statewide,3
25878,2022,T1,Unknown,Natural Gas,2007,ICE,Not Applicable,≥4,Statewide,3
25879,2022,BS,Not Applicable,Gasoline,2019,ICE,Not Applicable,1,Statewide,3
25880,2022,BS,Not Applicable,Gasoline,2018,ICE,Not Applicable,3,Statewide,3
25881,2022,BS,Not Applicable,Gasoline,2017,ICE,Not Applicable,2,Statewide,3
25882,2022,T2,Unknown,Natural Gas,2007,ICE,Not Applicable,≥4,Statewide,3
25883,2022,BT,Not Applicable,Diesel,1978,ICE,Not Applicable,2,Statewide,7
25884,2022,T3,Unknown,Gasoline,2010,ICE,Not Applicable,≥4,Statewide,9429
25885,2022,BS,Not Applicable,Gasoline,2017,ICE,Not Applicable,3,Statewide,3
25886,2022,BS,Not Applicable,Gasoline,2010,ICE,Not Applicable,3,Statewide,3
25887,2022,BS,Not Applicable,Gasoline,2007,ICE,Not Applicable,3,Statewide,3
25888,2022,BS,Not Applicable,Gasoline,2004,ICE,Not Applicable,1,Statewide,3
25889,2022,BS,Not Applicable,Gasoline,2004,ICE,Not Applicable,3,Statewide,3
25890,2022,T1,1,Gasoline,2022,ICE,Not Applicable,3,Statewide,9424
25891,2022,T1,1,Gasoline,2011,ICE,Not Applicable,≥4,Statewide,9390
25892,2022,BT,Not Applicable,Diesel,1987,ICE,Not Applicable,1,Statewide,7
25893,2022,BT,Not Applicable,Natural Gas,2020,ICE,Not Applicable,1,Statewide,3
25894,2022,BT,Not Applicable,Gasoline,2009,ICE,Not Applicable,1,Statewide,3
25895,2022,BT,Not Applicable,Gasoline,2004,ICE,Not Applicable,3,Statewide,3
25896,2022,BT,Not Applicable,Gasoline,2003,ICE,Not Applicable,1,Statewide,3
25897,2022,BT,Not Applicable,Diesel,2020,ICE,Not Applicable,3,Statewide,7
25898,2022,BT,Not Applicable,Natural Gas,2017,ICE,Not Applicable,3,Statewide,3
25899,2022,BT,Not Applicable,Gasoline,2002,ICE,Not Applicable,1,Statewide,3
25900,2022,BT,Not Applicable,Gasoline,2002,ICE,Not Applicable,2,Statewide,3
25901,2022,BT,Not Applicable,Gasoline,2000,ICE,Not Applicable,1,Statewide,3
25902,2022,T2,Unknown,Diesel,1991,ICE,Not Applicable,2,Statewide,7
25903,2022,BT,Not Applicable,Gasoline,2000,ICE,Not Applicable,2,Statewide,3
25904,2022,BT,Not Applicable,Diesel,1997,ICE,Not Applicable,3,Statewide,7
25905,2022,BT,Not Applicable,Gasoline,1998,ICE,Not Applicable,1,Statewide,3
25906,2022,BT,Not Applicable,Gasoline,1998,ICE,Not Applicable,2,Statewide,3
25907,2022,BT,Not Applicable,Natural Gas,2018,ICE,Not Applicable,2,Statewide,3
25908,2022,BT,Not Applicable,Natural Gas,2020,ICE,Not Applicable,2,Statewide,3
25909,2022,BT,Not Applicable,Gasoline,1994,ICE,Not Applicable,1,Statewide,3
25910,2022,BT,Not Applicable,Gasoline,1989,ICE,Not Applicable,1,Statewide,3
25911,2022,BT,Not Applicable,Gasoline,1989,ICE,Not Applicable,2,Statewide,3
25912,2022,BT,Not Applicable,Natural Gas,2017,ICE,Not Applicable,2,Statewide,3
25913,2022,T6,Unknown,Diesel,2015,ICE,Not Applicable,2,Statewide,7
25914,2022,T2,Unknown,Diesel,1994,ICE,Not Applicable,1,Statewide,7
25915,2022,T4,Unknown,Gasoline,2000,ICE,Not Applicable,2,Statewide,3
25916,2022,T6,4,Gasoline,1990,ICE,Not Applicable,1,Statewide,3
25917,2022,MC,Not Applicable,Gasoline,2011,ICE,Not Applicable,≥4,Statewide,21861
25918,2022,T1,1,Gasoline,2006,ICE,Not Applicable,≥4,Statewide,21874
25919,2022,T2,1,Gasoline,2003,ICE,Not Applicable,1,Statewide,21880
25920,2022,T6,6,Diesel,1980,ICE,Not Applicable,≥4,Statewide,7
25921,2022,T6,Unknown,Diesel,1979,ICE,Not Applicable,2,Statewide,7
25922,2022,T6,7,Diesel,1978,ICE,Not Applicable,2,Statewide,7
25923,2022,T5,3,Diesel,1989,ICE,Not Applicable,1,Statewide,7
25924,2022,T5,3,Diesel,1989,ICE,Not Applicable,2,Statewide,7
25925,2022,T6,5,Gasoline,1990,ICE,Not Applicable,2,Statewide,3
25926,2022,T6,5,Gasoline,1988,ICE,Not Applicable,1,Statewide,3
25927,2022,T3,2,Gasoline,2015,ICE,Not Applicable,2,Statewide,22000
25928,2022,T6,Unknown,Gasoline,1987,ICE,Not Applicable,2,Statewide,3
25929,2022,T6,5,Gasoline,1987,ICE,Not Applicable,2,Statewide,3
25930,2022,T1,1,Gasoline,2003,ICE,Not Applicable,≥4,Statewide,22124
25931,2022,T6,6,Gasoline,1987,ICE,Not Applicable,3,Statewide,3
25932,2022,T4,Unknown,Diesel,2009,ICE,Not Applicable,1,Statewide,7
25933,2022,T6,7,Gasoline,1991,ICE,Not Applicable,3,Statewide,3
25934,2022,T6,7,Gasoline,1986,ICE,Not Applicable,2,Statewide,3
25935,2022,T6,5,Gasoline,1991,ICE,Not Applicable,2,Statewide,3
25936,2022,T6,4,Gasoline,1992,ICE,Not Applicable,3,Statewide,3
25937,2022,T6,5,Gasoline,1996,ICE,Not Applicable,2,Statewide,3
25938,2022,T6,Unknown,Gasoline,1995,ICE,Not Applicable,≥4,Statewide,3
25939,2022,T6,7,Gasoline,1994,ICE,Not Applicable,2,Statewide,3
25940,2022,T6,5,Gasoline,1993,ICE,Not Applicable,1,Statewide,3
25941,2022,T6,5,Diesel,1999,ICE,Not Applicable,2,Statewide,7
25942,2022,T6,5,Diesel,1998,ICE,Not Applicable,3,Statewide,7
25943,2022,T6,5,Diesel,1996,ICE,Not Applicable,2,Statewide,7
25944,2022,T6,5,Diesel,1994,ICE,Not Applicable,1,Statewide,7
25945,2022,T6,4,Diesel,1992,ICE,Not Applicable,≥4,Statewide,7
25946,2022,T6,Unknown,Diesel,1983,ICE,Not Applicable,2,Statewide,7
25947,2022,T6,5,Gasoline,1993,ICE,Not Applicable,2,Statewide,3
25948,2022,T6,Unknown,Diesel,1983,ICE,Not Applicable,3,Statewide,7
25949,2022,T6,7,Diesel,1983,ICE,Not Applicable,3,Statewide,7
25950,2022,T6,7,Gasoline,1993,ICE,Not Applicable,1,Statewide,3
25951,2022,T6,4,Gasoline,1992,ICE,Not Applicable,2,Statewide,3
25952,2022,T3,2,Gasoline,2002,ICE,Not Applicable,≥4,Statewide,21686
25953,2022,P,Not Applicable,Gasoline,1996,ICE,Not Applicable,≥4,Statewide,21713
25954,2022,T6,5,Gasoline,1991,ICE,Not Applicable,1,Statewide,3
25955,2022,T4,Unknown,Diesel,2001,ICE,Not Applicable,1,Statewide,7
25956,2022,T2,1,Gasoline,2003,ICE,Not Applicable,2,Statewide,22317
25957,2022,T4,Unknown,Diesel,1992,ICE,Not Applicable,1,Statewide,7
25958,2022,T4,Unknown,Diesel,1978,ICE,Not Applicable,2,Statewide,7
25959,2022,T3,2,Diesel,2005,ICE,Not Applicable,2,Statewide,7
25960,2022,T3,Unknown,Diesel,1997,ICE,Not Applicable,≥4,Statewide,7
25961,2022,T3,2,Diesel,1996,ICE,Not Applicable,3,Statewide,7
25962,2022,T3,2,Diesel,1994,ICE,Not Applicable,1,Statewide,7
25963,2022,T3,Unknown,Diesel,1985,ICE,Not Applicable,≥4,Statewide,7
25964,2022,T3,Unknown,Diesel,1983,ICE,Not Applicable,≥4,Statewide,7
25965,2022,T2,1,Gasoline,2014,ICE,Not Applicable,1,Statewide,23526
25966,2022,T4,Unknown,Gasoline,2009,ICE,Not Applicable,1,Statewide,3
25967,2022,T4,Unknown,Gasoline,2008,ICE,Not Applicable,2,Statewide,3
25968,2022,T3,Unknown,Gasoline,2007,ICE,Not Applicable,≥4,Statewide,9089
25969,2022,T2,Unknown,Diesel,1996,ICE,Not Applicable,2,Statewide,7
25970,2022,T2,Unknown,Gasoline,2018,ICE,Not Applicable,≥4,Statewide,9105
25971,2022,T2,Unknown,Diesel,1996,ICE,Not Applicable,3,Statewide,7
25972,2022,T7,8,Diesel,2016,ICE,Not Applicable,≥4,Statewide,9119
25973,2022,T4,Unknown,Gasoline,2001,ICE,Not Applicable,1,Statewide,3
25974,2022,T4,Unknown,Gasoline,2000,ICE,Not Applicable,1,Statewide,3
25975,2022,T1,1,Gasoline,2020,ICE,Not Applicable,3,Statewide,23247
25976,2022,T4,Unknown,Gasoline,2010,ICE,Not Applicable,3,Statewide,3
25977,2022,T4,Unknown,Gasoline,2010,ICE,Not Applicable,1,Statewide,3
25978,2022,T4,2,Diesel,2007,ICE,Not Applicable,≥4,Statewide,9014
25979,2022,T6,7,Gasoline,1986,ICE,Not Applicable,3,Statewide,3
25980,2022,T6,5,Gasoline,1985,ICE,Not Applicable,1,Statewide,3
25981,2022,T6,5,Gasoline,1983,ICE,Not Applicable,1,Statewide,3
25982,2022,T6,Unknown,Gasoline,1981,ICE,Not Applicable,3,Statewide,3
25983,2022,T6,Unknown,Gasoline,1980,ICE,Not Applicable,1,Statewide,3
25984,2022,T6,5,Gasoline,1980,ICE,Not Applicable,2,Statewide,3
25985,2022,T6,4,Gasoline,1979,ICE,Not Applicable,1,Statewide,3
25986,2022,T3,2,Gasoline,2017,ICE,Not Applicable,3,Statewide,22722
25987,2022,T4,Unknown,Gasoline,1998,ICE,Not Applicable,1,Statewide,3
25988,2022,T6,5,Gasoline,1979,ICE,Not Applicable,3,Statewide,3
25989,2022,T2,1,Gasoline,2000,ICE,Not Applicable,2,Statewide,8961
25990,2022,T4,Unknown,Diesel,1987,ICE,Not Applicable,≥4,Statewide,7
25991,2022,T1,1,Gasoline,2002,ICE,Not Applicable,3,Statewide,9011
25992,2022,T6,7,Gasoline,1979,ICE,Not Applicable,3,Statewide,3
25993,2022,T5,3,Gasoline,2024,ICE,Not Applicable,2,Statewide,3
25994,2022,T5,3,Gasoline,1987,ICE,Not Applicable,3,Statewide,3
25995,2022,T5,3,Gasoline,1980,ICE,Not Applicable,1,Statewide,3
25996,2022,T5,3,Gasoline,1979,ICE,Not Applicable,2,Statewide,3
25997,2022,T3,2,Gasoline,2004,ICE,Not Applicable,2,Statewide,22878
25998,2022,T2,Unknown,Natural Gas,2007,ICE,Not Applicable,1,Statewide,4
25999,2022,B,Not Applicable,Diesel,1988,ICE,Not Applicable,3,Statewide,3
26000,2022,B,Not Applicable,Diesel,1984,ICE,Not Applicable,2,Statewide,3
26001,2022,T1,Unknown,Gasoline,2015,ICE,Not Applicable,2,Statewide,4
26002,2022,T3,Unknown,Gasoline,2021,PHEV,0 to 50 miles,2,Statewide,4
26003,2022,T4,Unknown,Gasoline,1984,ICE,Not Applicable,3,Statewide,4
26004,2022,T4,Unknown,Gasoline,1985,ICE,Not Applicable,1,Statewide,4
26005,2022,T4,Unknown,Gasoline,1988,ICE,Not Applicable,2,Statewide,4
26006,2022,T3,2,Gasoline,2013,ICE,Not Applicable,3,Statewide,30693
26007,2022,T3,2,Gasoline,2023,ICE,Not Applicable,3,Statewide,30976
26008,2022,T4,Unknown,Gasoline,1992,ICE,Not Applicable,2,Statewide,4
26009,2022,T4,Unknown,Gasoline,1994,ICE,Not Applicable,1,Statewide,4
26010,2022,B,Not Applicable,Gasoline,1993,ICE,Not Applicable,2,Statewide,5
26011,2022,T3,2,Gasoline,2013,ICE,Not Applicable,1,Statewide,31074
26012,2022,B,Not Applicable,Gasoline,1992,ICE,Not Applicable,1,Statewide,5
26013,2022,B,Not Applicable,Gasoline,1990,ICE,Not Applicable,1,Statewide,5
26014,2022,B,Not Applicable,Gasoline,1990,ICE,Not Applicable,3,Statewide,5
26015,2022,B,Not Applicable,Gasoline,1985,ICE,Not Applicable,1,Statewide,5
26016,2022,B,Not Applicable,Gasoline,1984,ICE,Not Applicable,1,Statewide,5
26017,2022,B,Not Applicable,Gasoline,1983,ICE,Not Applicable,2,Statewide,5
26018,2022,T1,Unknown,Gasoline,2015,ICE,Not Applicable,3,Statewide,4
26019,2022,T7,8,Electric,2023,BEV,Unknown,≥4,Statewide,5
26020,2022,T1,Unknown,Gasoline,2002,ICE,Not Applicable,2,Statewide,4
26021,2022,T1,Unknown,Gasoline,1994,ICE,Not Applicable,2,Statewide,4
26022,2022,BS,Not Applicable,Gasoline,1998,ICE,Not Applicable,1,Statewide,5
26023,2022,BS,Not Applicable,Gasoline,1991,ICE,Not Applicable,1,Statewide,5
26024,2022,BT,Not Applicable,Gasoline,1996,ICE,Not Applicable,1,Statewide,4
26025,2022,BS,Not Applicable,Gasoline,1989,ICE,Not Applicable,1,Statewide,5
26026,2022,BS,Not Applicable,Gasoline,1983,ICE,Not Applicable,1,Statewide,5
26027,2022,BS,Not Applicable,Gasoline,1983,ICE,Not Applicable,2,Statewide,5
26028,2022,BS,Not Applicable,Gasoline,1979,ICE,Not Applicable,3,Statewide,5
26029,2022,B,Not Applicable,Gasoline,1997,ICE,Not Applicable,3,Statewide,5
26030,2022,BT,Not Applicable,Gasoline,1997,ICE,Not Applicable,3,Statewide,4
26031,2022,BT,Not Applicable,Gasoline,1999,ICE,Not Applicable,1,Statewide,4
26032,2022,BT,Not Applicable,Gasoline,2013,ICE,Not Applicable,3,Statewide,4
26033,2022,BT,Not Applicable,Gasoline,2017,ICE,Not Applicable,3,Statewide,4
26034,2022,BT,Not Applicable,Gasoline,2019,ICE,Not Applicable,2,Statewide,4
26035,2022,BT,Not Applicable,Gasoline,2023,ICE,Not Applicable,2,Statewide,4
26036,2022,T1,Unknown,Gasoline,1989,ICE,Not Applicable,2,Statewide,4
26037,2022,T1,Unknown,Gasoline,1990,ICE,Not Applicable,1,Statewide,4
26038,2022,T1,Unknown,Gasoline,1991,ICE,Not Applicable,3,Statewide,4
26039,2022,T1,Unknown,Gasoline,2000,ICE,Not Applicable,1,Statewide,4
26040,2022,T7,8,Electric,2022,BEV,Unknown,≥4,Statewide,5
26041,2022,T7,8,Electric,2018,BEV,Unknown,2,Statewide,5
26042,2022,T4,Unknown,Electric,2003,BEV,Unknown,≥4,Statewide,5
26043,2022,B,Not Applicable,Electric,2023,BEV,Unknown,≥4,Statewide,5
26044,2022,B,Not Applicable,Electric,2022,BEV,Unknown,1,Statewide,5
26045,2022,B,Not Applicable,Electric,2018,BEV,Unknown,≥4,Statewide,5
26046,2022,B,Not Applicable,Electric,1999,BEV,Unknown,≥4,Statewide,5
26047,2022,T6,Unknown,Diesel,2016,ICE,Not Applicable,3,Statewide,5
26048,2022,T6,Unknown,Diesel,2005,ICE,Not Applicable,1,Statewide,5
26049,2022,T6,Unknown,Diesel,1992,ICE,Not Applicable,2,Statewide,5
26050,2022,MC,Not Applicable,Gasoline,2021,ICE,Not Applicable,3,Statewide,7332
26051,2022,T2,1,Gasoline,2002,ICE,Not Applicable,≥4,Statewide,31557
26052,2022,T6,Unknown,Diesel,1991,ICE,Not Applicable,1,Statewide,5
26053,2022,T6,Unknown,Diesel,1989,ICE,Not Applicable,2,Statewide,5
26054,2022,T6,5,Diesel,1989,ICE,Not Applicable,≥4,Statewide,5
26055,2022,T6,6,Diesel,1989,ICE,Not Applicable,3,Statewide,5
26056,2022,T6,6,Diesel,1987,ICE,Not Applicable,3,Statewide,5
26057,2022,T6,Unknown,Diesel,1985,ICE,Not Applicable,3,Statewide,5
26058,2022,T6,6,Diesel,1982,ICE,Not Applicable,≥4,Statewide,5
26059,2022,T6,6,Diesel,1978,ICE,Not Applicable,2,Statewide,5
26060,2022,BT,Not Applicable,Electric,2015,BEV,Unknown,≥4,Statewide,5
26061,2022,MC,Not Applicable,Electric,1997,BEV,Unknown,≥4,Statewide,5
26062,2022,MC,Not Applicable,Gasoline,2020,ICE,Not Applicable,1,Statewide,7353
26063,2022,MC,Not Applicable,Electric,2012,BEV,Unknown,2,Statewide,5
26064,2022,T3,Unknown,Electric,2014,BEV,Unknown,≥4,Statewide,5
26065,2022,T3,Unknown,Electric,2013,BEV,Unknown,≥4,Statewide,5
26066,2022,T3,Unknown,Electric,2012,BEV,Unknown,≥4,Statewide,5
26067,2022,T3,Unknown,Electric,2008,BEV,Unknown,3,Statewide,5
26068,2022,T2,Unknown,Electric,2021,BEV,Unknown,≥4,Statewide,5
26069,2022,T2,1,Electric,2017,BEV,101 to 150 miles,3,Statewide,5
26070,2022,T2,Unknown,Electric,2015,BEV,Unknown,2,Statewide,5
26071,2022,T2,Unknown,Electric,2015,BEV,Unknown,3,Statewide,5
26072,2022,BS,Not Applicable,Gasoline,2000,ICE,Not Applicable,2,Statewide,5
26073,2022,T2,1,Electric,2005,BEV,Unknown,≥4,Statewide,5
26074,2022,T1,1,Electric,2005,BEV,Unknown,2,Statewide,5
26075,2022,T1,1,Electric,2004,BEV,Unknown,2,Statewide,5
26076,2022,T1,1,Electric,2004,BEV,Unknown,3,Statewide,5
26077,2022,P,Not Applicable,Electric,2024,BEV,>150 miles,1,Statewide,5
26078,2022,P,Not Applicable,Electric,2005,BEV,Unknown,2,Statewide,5
26079,2022,P,Not Applicable,Electric,2005,BEV,Unknown,3,Statewide,5
26080,2022,P,Not Applicable,Electric,2001,BEV,Unknown,1,Statewide,5
26081,2022,P,Not Applicable,Electric,1993,BEV,Unknown,≥4,Statewide,5
26082,2022,T1,Unknown,Electric,2015,BEV,Unknown,≥4,Statewide,5
26083,2022,T6,6,Diesel,1978,ICE,Not Applicable,3,Statewide,5
26084,2022,BS,Not Applicable,Gasoline,2003,ICE,Not Applicable,1,Statewide,5
26085,2022,BS,Not Applicable,Gasoline,2018,ICE,Not Applicable,1,Statewide,4
26086,2022,T3,2,Gasoline,2017,ICE,Not Applicable,2,Statewide,29641
26087,2022,P,Not Applicable,Gasoline,1999,ICE,Not Applicable,≥4,Statewide,29954
26088,2022,P,Not Applicable,Gasoline,2002,ICE,Not Applicable,3,Statewide,30516
26089,2022,BS,Not Applicable,Gasoline,1989,ICE,Not Applicable,2,Statewide,4
26090,2022,BS,Not Applicable,Gasoline,1994,ICE,Not Applicable,1,Statewide,4
26091,2022,BS,Not Applicable,Gasoline,1995,ICE,Not Applicable,3,Statewide,4
26092,2022,BS,Not Applicable,Gasoline,1995,ICE,Not Applicable,1,Statewide,4
26093,2022,BS,Not Applicable,Gasoline,2004,ICE,Not Applicable,2,Statewide,4
26094,2022,BS,Not Applicable,Gasoline,2005,ICE,Not Applicable,2,Statewide,4
26095,2022,BS,Not Applicable,Gasoline,2006,ICE,Not Applicable,3,Statewide,4
26096,2022,BS,Not Applicable,Gasoline,2007,ICE,Not Applicable,2,Statewide,4
26097,2022,BS,Not Applicable,Gasoline,2008,ICE,Not Applicable,3,Statewide,4
26098,2022,T6,5,Gasoline,1996,ICE,Not Applicable,1,Statewide,5
26099,2022,T6,7,Gasoline,1996,ICE,Not Applicable,3,Statewide,5
26100,2022,T6,5,Gasoline,1994,ICE,Not Applicable,2,Statewide,5
26101,2022,T6,6,Gasoline,1994,ICE,Not Applicable,2,Statewide,5
26102,2022,T6,7,Gasoline,1994,ICE,Not Applicable,1,Statewide,5
26103,2022,BS,Not Applicable,Gasoline,1985,ICE,Not Applicable,3,Statewide,4
26104,2022,T6,Unknown,Gasoline,1991,ICE,Not Applicable,≥4,Statewide,5
26105,2022,BS,Not Applicable,Gasoline,1984,ICE,Not Applicable,1,Statewide,4
26106,2022,T3,2,Gasoline,2005,ICE,Not Applicable,2,Statewide,29087
26107,2022,T6,6,Gasoline,2012,ICE,Not Applicable,2,Statewide,5
26108,2022,T3,2,Gasoline,2005,ICE,Not Applicable,3,Statewide,27349
26109,2022,T2,1,Gasoline,2014,ICE,Not Applicable,≥4,Statewide,27418
26110,2022,T3,2,Gasoline,2014,ICE,Not Applicable,≥4,Statewide,27497
26111,2022,T6,6,Gasoline,2009,ICE,Not Applicable,3,Statewide,5
26112,2022,T6,6,Gasoline,2008,ICE,Not Applicable,3,Statewide,5
26113,2022,T6,7,Gasoline,2005,ICE,Not Applicable,3,Statewide,5
26114,2022,T1,1,Gasoline,2021,ICE,Not Applicable,≥4,Statewide,27752
26115,2022,T2,1,Gasoline,2004,ICE,Not Applicable,2,Statewide,28011
26116,2022,T6,Unknown,Gasoline,2003,ICE,Not Applicable,≥4,Statewide,5
26117,2022,T6,7,Gasoline,2001,ICE,Not Applicable,1,Statewide,5
26118,2022,T2,1,Gasoline,2014,ICE,Not Applicable,2,Statewide,28200
26119,2022,T6,7,Gasoline,2001,ICE,Not Applicable,3,Statewide,5
26120,2022,P,Not Applicable,Gasoline,2001,ICE,Not Applicable,1,Statewide,28205
26121,2022,T6,5,Gasoline,1998,ICE,Not Applicable,1,Statewide,5
26122,2022,T3,2,Gasoline,2018,ICE,Not Applicable,1,Statewide,28571
26123,2022,B,Not Applicable,Gasoline,1992,ICE,Not Applicable,2,Statewide,4
26124,2022,BS,Not Applicable,Gasoline,1981,ICE,Not Applicable,3,Statewide,4
26125,2022,T6,4,Gasoline,1990,ICE,Not Applicable,≥4,Statewide,5
26126,2022,T6,7,Gasoline,1990,ICE,Not Applicable,3,Statewide,5
26127,2022,T6,4,Gasoline,1989,ICE,Not Applicable,≥4,Statewide,5
26128,2022,T1,Unknown,Gasoline,1993,ICE,Not Applicable,3,Statewide,5
26129,2022,T1,Unknown,Gasoline,1990,ICE,Not Applicable,3,Statewide,5
26130,2022,T1,Unknown,Gasoline,1987,ICE,Not Applicable,1,Statewide,5
26131,2022,T1,Unknown,Gasoline,1987,ICE,Not Applicable,2,Statewide,5
26132,2022,BT,Not Applicable,Gasoline,2015,ICE,Not Applicable,2,Statewide,5
26133,2022,BT,Not Applicable,Gasoline,2015,ICE,Not Applicable,3,Statewide,5
26134,2022,BT,Not Applicable,Gasoline,2012,ICE,Not Applicable,1,Statewide,5
26135,2022,BT,Not Applicable,Gasoline,2005,ICE,Not Applicable,1,Statewide,5
26136,2022,BT,Not Applicable,Gasoline,1995,ICE,Not Applicable,1,Statewide,5
26137,2022,BT,Not Applicable,Gasoline,1990,ICE,Not Applicable,1,Statewide,5
26138,2022,BT,Not Applicable,Gasoline,1978,ICE,Not Applicable,3,Statewide,5
26139,2022,BS,Not Applicable,Gasoline,2024,ICE,Not Applicable,3,Statewide,5
26140,2022,BS,Not Applicable,Gasoline,2020,ICE,Not Applicable,3,Statewide,5
26141,2022,BS,Not Applicable,Gasoline,2015,ICE,Not Applicable,1,Statewide,5
26142,2022,BS,Not Applicable,Gasoline,2012,ICE,Not Applicable,3,Statewide,5
26143,2022,BS,Not Applicable,Gasoline,2014,ICE,Not Applicable,3,Statewide,4
26144,2022,BS,Not Applicable,Gasoline,2016,ICE,Not Applicable,3,Statewide,4
26145,2022,T1,Unknown,Gasoline,2011,ICE,Not Applicable,3,Statewide,5
26146,2022,T1,Unknown,Gasoline,2015,ICE,Not Applicable,1,Statewide,5
26147,2022,T1,Unknown,Gasoline,2018,ICE,Not Applicable,1,Statewide,5
26148,2022,T1,1,Gasoline,2022,PHEV,0 to 50 miles,2,Statewide,5
26149,2022,T6,5,Gasoline,1989,ICE,Not Applicable,1,Statewide,5
26150,2022,T6,7,Gasoline,1989,ICE,Not Applicable,3,Statewide,5
26151,2022,T6,Unknown,Gasoline,1986,ICE,Not Applicable,1,Statewide,5
26152,2022,T6,7,Gasoline,1986,ICE,Not Applicable,1,Statewide,5
26153,2022,T6,7,Gasoline,1985,ICE,Not Applicable,3,Statewide,5
26154,2022,T6,Unknown,Gasoline,1983,ICE,Not Applicable,1,Statewide,5
26155,2022,T6,5,Gasoline,1982,ICE,Not Applicable,1,Statewide,5
26156,2022,T5,3,Gasoline,1987,ICE,Not Applicable,2,Statewide,5
26157,2022,BT,Not Applicable,Gasoline,1982,ICE,Not Applicable,≥4,Statewide,4
26158,2022,T5,3,Gasoline,1982,ICE,Not Applicable,3,Statewide,5
26159,2022,T4,Unknown,Gasoline,2007,ICE,Not Applicable,2,Statewide,5
26160,2022,T4,Unknown,Gasoline,2001,ICE,Not Applicable,3,Statewide,5
26161,2022,T4,Unknown,Gasoline,1999,ICE,Not Applicable,2,Statewide,5
26162,2022,T4,Unknown,Gasoline,1999,ICE,Not Applicable,3,Statewide,5
26163,2022,T4,Unknown,Gasoline,1981,ICE,Not Applicable,2,Statewide,5
26164,2022,T4,Unknown,Gasoline,1980,ICE,Not Applicable,1,Statewide,5
26165,2022,T3,Unknown,Gasoline,2021,PHEV,0 to 50 miles,3,Statewide,5
26166,2022,T3,Unknown,Gasoline,1986,ICE,Not Applicable,2,Statewide,5
26167,2022,T4,Unknown,Gasoline,2009,ICE,Not Applicable,2,Statewide,5
26168,2022,T6,6,Gasoline,2013,ICE,Not Applicable,3,Statewide,5
26169,2022,T3,2,Gasoline,2000,ICE,Not Applicable,3,Statewide,7256
26170,2022,T4,Unknown,Diesel,2019,ICE,Not Applicable,3,Statewide,5
26171,2022,BT,Not Applicable,Diesel,2006,ICE,Not Applicable,3,Statewide,5
26172,2022,BT,Not Applicable,Diesel,2001,ICE,Not Applicable,1,Statewide,5
26173,2022,BT,Not Applicable,Diesel,2001,ICE,Not Applicable,2,Statewide,5
26174,2022,BS,Not Applicable,Diesel,2009,ICE,Not Applicable,3,Statewide,5
26175,2022,BS,Not Applicable,Diesel,1988,ICE,Not Applicable,1,Statewide,5
26176,2022,BS,Not Applicable,Diesel,1983,ICE,Not Applicable,1,Statewide,5
26177,2022,B,Not Applicable,Diesel,1987,ICE,Not Applicable,1,Statewide,5
26178,2022,B,Not Applicable,Diesel,1986,ICE,Not Applicable,1,Statewide,5
26179,2022,B,Not Applicable,Diesel,1984,ICE,Not Applicable,1,Statewide,5
26180,2022,B,Not Applicable,Diesel,1982,ICE,Not Applicable,2,Statewide,5
26181,2022,T6,5,Gasoline,1993,ICE,Not Applicable,3,Statewide,4
26182,2022,T6,6,Gasoline,1994,ICE,Not Applicable,3,Statewide,4
26183,2022,T6,7,Gasoline,1996,ICE,Not Applicable,2,Statewide,4
26184,2022,B,Not Applicable,Diesel,1981,ICE,Not Applicable,1,Statewide,5
26185,2022,T6,7,Gasoline,1997,ICE,Not Applicable,2,Statewide,4
26186,2022,T6,7,Gasoline,1998,ICE,Not Applicable,1,Statewide,4
26187,2022,T6,5,Gasoline,1998,ICE,Not Applicable,2,Statewide,4
26188,2022,BT,Not Applicable,Diesel,2007,ICE,Not Applicable,2,Statewide,5
26189,2022,T6,7,Gasoline,1999,ICE,Not Applicable,1,Statewide,4
26190,2022,BT,Not Applicable,Diesel,2010,ICE,Not Applicable,1,Statewide,5
26191,2022,BT,Not Applicable,Diesel,2013,ICE,Not Applicable,2,Statewide,5
26192,2022,P,Not Applicable,Diesel,1994,ICE,Not Applicable,3,Statewide,5
26193,2022,MH,Not Applicable,Diesel,1985,ICE,Not Applicable,3,Statewide,5
26194,2022,MH,Not Applicable,Diesel,1983,ICE,Not Applicable,1,Statewide,5
26195,2022,MH,Not Applicable,Diesel,1983,ICE,Not Applicable,3,Statewide,5
26196,2022,MH,Not Applicable,Diesel,1980,ICE,Not Applicable,≥4,Statewide,5
26197,2022,MC,Not Applicable,Diesel,2018,ICE,Not Applicable,3,Statewide,5
26198,2022,MC,Not Applicable,Diesel,2018,ICE,Not Applicable,≥4,Statewide,5
26199,2022,MC,Not Applicable,Diesel,2016,ICE,Not Applicable,≥4,Statewide,5
26200,2022,MC,Not Applicable,Diesel,2010,ICE,Not Applicable,2,Statewide,5
26201,2022,MC,Not Applicable,Diesel,2009,ICE,Not Applicable,≥4,Statewide,5
26202,2022,MC,Not Applicable,Diesel,2006,ICE,Not Applicable,≥4,Statewide,5
26203,2022,MC,Not Applicable,Diesel,2005,ICE,Not Applicable,3,Statewide,5
26204,2022,MC,Not Applicable,Diesel,1978,ICE,Not Applicable,2,Statewide,5
26205,2022,BT,Not Applicable,Diesel,2021,ICE,Not Applicable,3,Statewide,5
26206,2022,BT,Not Applicable,Diesel,2018,ICE,Not Applicable,3,Statewide,5
26207,2022,BT,Not Applicable,Diesel,2017,ICE,Not Applicable,1,Statewide,5
26208,2022,BT,Not Applicable,Diesel,2015,ICE,Not Applicable,2,Statewide,5
26209,2022,BT,Not Applicable,Diesel,2011,ICE,Not Applicable,1,Statewide,5
26210,2022,T6,5,Gasoline,1999,ICE,Not Applicable,2,Statewide,4
26211,2022,T6,7,Gasoline,2000,ICE,Not Applicable,2,Statewide,4
26212,2022,T6,Unknown,Gasoline,2005,ICE,Not Applicable,≥4,Statewide,4
26213,2022,BS,Not Applicable,Natural Gas,2009,ICE,Not Applicable,1,Statewide,4
26214,2022,BS,Not Applicable,Natural Gas,2010,ICE,Not Applicable,1,Statewide,4
26215,2022,BS,Not Applicable,Natural Gas,2018,ICE,Not Applicable,1,Statewide,4
26216,2022,MC,Not Applicable,Gasoline,2021,ICE,Not Applicable,1,Statewide,7916
26217,2022,BS,Not Applicable,Natural Gas,2019,ICE,Not Applicable,2,Statewide,4
26218,2022,BS,Not Applicable,Natural Gas,2019,ICE,Not Applicable,1,Statewide,4
26219,2022,BS,Not Applicable,Natural Gas,2022,ICE,Not Applicable,2,Statewide,4
26220,2022,BS,Not Applicable,Natural Gas,2023,ICE,Not Applicable,1,Statewide,4
26221,2022,BT,Not Applicable,Natural Gas,2003,ICE,Not Applicable,2,Statewide,4
26222,2022,BT,Not Applicable,Natural Gas,2007,ICE,Not Applicable,3,Statewide,4
26223,2022,T1,1,Gasoline,2015,ICE,Not Applicable,2,Statewide,8004
26224,2022,T1,1,Gasoline,2017,ICE,Not Applicable,≥4,Statewide,8048
26225,2022,P,Not Applicable,Gasoline,2022,PHEV,0 to 50 miles,≥4,Statewide,8059
26226,2022,BT,Not Applicable,Natural Gas,2008,ICE,Not Applicable,2,Statewide,4
26227,2022,BT,Not Applicable,Natural Gas,2013,ICE,Not Applicable,2,Statewide,4
26228,2022,BT,Not Applicable,Natural Gas,2018,ICE,Not Applicable,3,Statewide,4
26229,2022,P,Not Applicable,Natural Gas,1978,ICE,Not Applicable,1,Statewide,4
26230,2022,BS,Not Applicable,Natural Gas,2006,ICE,Not Applicable,1,Statewide,4
26231,2022,BS,Not Applicable,Natural Gas,2005,ICE,Not Applicable,2,Statewide,4
26232,2022,BS,Not Applicable,Natural Gas,1997,ICE,Not Applicable,≥4,Statewide,4
26233,2022,BS,Not Applicable,Natural Gas,1994,ICE,Not Applicable,≥4,Statewide,4
26234,2022,T6,Unknown,Gasoline,2006,ICE,Not Applicable,3,Statewide,4
26235,2022,T6,Unknown,Gasoline,2008,ICE,Not Applicable,3,Statewide,4
26236,2022,T6,7,Gasoline,2009,ICE,Not Applicable,3,Statewide,4
26237,2022,T6,6,Gasoline,2009,ICE,Not Applicable,2,Statewide,4
26238,2022,T6,7,Gasoline,2013,ICE,Not Applicable,2,Statewide,4
26239,2022,T6,7,Gasoline,2014,ICE,Not Applicable,1,Statewide,4
26240,2022,T6,6,Gasoline,2014,ICE,Not Applicable,2,Statewide,4
26241,2022,T6,5,Gasoline,2015,ICE,Not Applicable,2,Statewide,4
26242,2022,T1,Unknown,Diesel,1981,ICE,Not Applicable,≥4,Statewide,5
26243,2022,T6,6,Gasoline,2016,ICE,Not Applicable,1,Statewide,4
26244,2022,T7,8,Gasoline,1979,ICE,Not Applicable,3,Statewide,4
26245,2022,T7,8,Gasoline,1984,ICE,Not Applicable,2,Statewide,4
26246,2022,T7,8,Gasoline,1996,ICE,Not Applicable,≥4,Statewide,4
26247,2022,T7,8,Gasoline,1998,ICE,Not Applicable,≥4,Statewide,4
26248,2022,T7,8,Gasoline,2014,ICE,Not Applicable,≥4,Statewide,4
26249,2022,B,Not Applicable,Natural Gas,2000,ICE,Not Applicable,≥4,Statewide,4
26250,2022,B,Not Applicable,Natural Gas,2004,ICE,Not Applicable,1,Statewide,4
26251,2022,B,Not Applicable,Natural Gas,2007,ICE,Not Applicable,3,Statewide,4
26252,2022,T6,Unknown,Gasoline,2016,ICE,Not Applicable,≥4,Statewide,4
26253,2022,T4,Unknown,Diesel,2019,ICE,Not Applicable,1,Statewide,5
26254,2022,T1,1,Diesel,1992,ICE,Not Applicable,3,Statewide,5
26255,2022,T1,Unknown,Diesel,2011,ICE,Not Applicable,1,Statewide,5
26256,2022,P,Not Applicable,Gasoline,1990,ICE,Not Applicable,≥4,Statewide,7185
26257,2022,T5,3,Gasoline,1981,ICE,Not Applicable,≥4,Statewide,4
26258,2022,T3,Unknown,Gasoline,2007,ICE,Not Applicable,1,Statewide,7174
26259,2022,T3,2,Diesel,2005,ICE,Not Applicable,1,Statewide,5
26260,2022,T3,2,Diesel,2005,ICE,Not Applicable,3,Statewide,5
26261,2022,T3,Unknown,Diesel,1994,ICE,Not Applicable,≥4,Statewide,5
26262,2022,T5,3,Gasoline,1983,ICE,Not Applicable,3,Statewide,4
26263,2022,T5,3,Gasoline,1983,ICE,Not Applicable,1,Statewide,4
26264,2022,T3,2,Diesel,1994,ICE,Not Applicable,2,Statewide,5
26265,2022,MC,Not Applicable,Gasoline,2012,ICE,Not Applicable,2,Statewide,7154
26266,2022,BT,Not Applicable,Natural Gas,2005,ICE,Not Applicable,3,Statewide,3
26267,2022,T3,Unknown,Diesel,1991,ICE,Not Applicable,1,Statewide,5
26268,2022,T3,Unknown,Diesel,1990,ICE,Not Applicable,3,Statewide,5
26269,2022,T1,Unknown,Gasoline,1978,ICE,Not Applicable,1,Statewide,7138
26270,2022,T1,1,Gasoline,1991,ICE,Not Applicable,≥4,Statewide,7095
26271,2022,T2,1,Gasoline,1995,ICE,Not Applicable,≥4,Statewide,7043
26272,2022,T5,3,Gasoline,1984,ICE,Not Applicable,1,Statewide,4
26273,2022,T5,3,Gasoline,1980,ICE,Not Applicable,2,Statewide,4
26274,2022,T6,7,Gasoline,1979,ICE,Not Applicable,2,Statewide,4
26275,2022,T4,Unknown,Gasoline,2023,PHEV,0 to 50 miles,3,Statewide,4
26276,2022,T4,Unknown,Gasoline,2009,ICE,Not Applicable,3,Statewide,4
26277,2022,T4,Unknown,Diesel,2018,ICE,Not Applicable,≥4,Statewide,5
26278,2022,T3,2,Gasoline,2001,ICE,Not Applicable,3,Statewide,7240
26279,2022,T4,Unknown,Diesel,2014,ICE,Not Applicable,2,Statewide,5
26280,2022,T4,Unknown,Diesel,2009,ICE,Not Applicable,3,Statewide,5
26281,2022,T4,Unknown,Diesel,2008,ICE,Not Applicable,1,Statewide,5
26282,2022,T4,Unknown,Gasoline,1995,ICE,Not Applicable,2,Statewide,4
26283,2022,T3,2,Gasoline,1998,ICE,Not Applicable,≥4,Statewide,7235
26284,2022,T4,Unknown,Diesel,2007,ICE,Not Applicable,≥4,Statewide,5
26285,2022,T4,Unknown,Diesel,2002,ICE,Not Applicable,3,Statewide,5
26286,2022,T4,Unknown,Diesel,1992,ICE,Not Applicable,2,Statewide,5
26287,2022,T4,Unknown,Diesel,1982,ICE,Not Applicable,1,Statewide,5
26288,2022,T2,Unknown,Gasoline,2018,ICE,Not Applicable,1,Statewide,7217
26289,2022,T4,Unknown,Gasoline,1995,ICE,Not Applicable,1,Statewide,4
26290,2022,T3,Unknown,Diesel,2011,ICE,Not Applicable,3,Statewide,5
26291,2022,P,Not Applicable,Electric,2021,BEV,51 to 100 miles,2,Statewide,7210
26292,2022,T4,Unknown,Gasoline,2000,ICE,Not Applicable,3,Statewide,4
26293,2022,T4,Unknown,Gasoline,2005,ICE,Not Applicable,≥4,Statewide,4
26294,2022,MC,Not Applicable,Gasoline,2010,ICE,Not Applicable,3,Statewide,7194
26295,2022,T6,4,Gasoline,1980,ICE,Not Applicable,≥4,Statewide,4
26296,2022,T3,2,Gasoline,2016,ICE,Not Applicable,2,Statewide,32033
26297,2022,T6,Unknown,Gasoline,1980,ICE,Not Applicable,3,Statewide,4
26298,2022,T3,Unknown,Diesel,1988,ICE,Not Applicable,3,Statewide,5
26299,2022,T3,Unknown,Diesel,1984,ICE,Not Applicable,1,Statewide,5
26300,2022,T3,Unknown,Diesel,1980,ICE,Not Applicable,≥4,Statewide,5
26301,2022,T2,Unknown,Diesel,2006,ICE,Not Applicable,≥4,Statewide,5
26302,2022,T2,Unknown,Diesel,1998,ICE,Not Applicable,≥4,Statewide,5
26303,2022,T2,Unknown,Diesel,1997,ICE,Not Applicable,1,Statewide,5
26304,2022,T2,Unknown,Diesel,1995,ICE,Not Applicable,2,Statewide,5
26305,2022,T2,Unknown,Diesel,1993,ICE,Not Applicable,1,Statewide,5
26306,2022,T2,Unknown,Diesel,1992,ICE,Not Applicable,3,Statewide,5
26307,2022,T2,Unknown,Diesel,1990,ICE,Not Applicable,1,Statewide,5
26308,2022,T2,Unknown,Diesel,1990,ICE,Not Applicable,2,Statewide,5
26309,2022,T2,1,Diesel,1990,ICE,Not Applicable,3,Statewide,5
26310,2022,T2,Unknown,Diesel,1988,ICE,Not Applicable,3,Statewide,5
26311,2022,T2,1,Diesel,1988,ICE,Not Applicable,2,Statewide,5
26312,2022,T2,Unknown,Diesel,1987,ICE,Not Applicable,1,Statewide,5
26313,2022,T2,1,Diesel,1981,ICE,Not Applicable,3,Statewide,5
26314,2022,T2,1,Diesel,1978,ICE,Not Applicable,≥4,Statewide,5
26315,2022,T6,7,Gasoline,1993,ICE,Not Applicable,3,Statewide,4
26316,2022,T6,Unknown,Gasoline,1992,ICE,Not Applicable,≥4,Statewide,4
26317,2022,T6,5,Gasoline,1992,ICE,Not Applicable,1,Statewide,4
26318,2022,T6,7,Gasoline,1992,ICE,Not Applicable,2,Statewide,4
26319,2022,T6,7,Gasoline,1983,ICE,Not Applicable,2,Statewide,4
26320,2022,MC,Not Applicable,Gasoline,2021,ICE,Not Applicable,2,Statewide,6948
26321,2022,T1,1,Gasoline,1992,ICE,Not Applicable,≥4,Statewide,6944
26322,2022,T3,2,Gasoline,1978,ICE,Not Applicable,≥4,Statewide,6941
26323,2022,P,Not Applicable,Gasoline,2019,PHEV,0 to 50 miles,2,Statewide,6937
26324,2022,T6,Unknown,Gasoline,1983,ICE,Not Applicable,2,Statewide,4
26325,2022,T6,7,Gasoline,1984,ICE,Not Applicable,2,Statewide,4
26326,2022,T6,5,Gasoline,1984,ICE,Not Applicable,1,Statewide,4
26327,2022,T1,Unknown,Diesel,1995,ICE,Not Applicable,1,Statewide,5
26328,2022,T6,Unknown,Gasoline,1984,ICE,Not Applicable,3,Statewide,4
26329,2022,T1,1,Gasoline,1993,ICE,Not Applicable,≥4,Statewide,6895
26330,2022,T6,5,Gasoline,1986,ICE,Not Applicable,3,Statewide,4
26331,2022,T6,6,Gasoline,1988,ICE,Not Applicable,3,Statewide,4
26332,2022,T3,Unknown,Gasoline,2023,ICE,Not Applicable,2,Statewide,6870
26333,2022,T6,6,Gasoline,1988,ICE,Not Applicable,2,Statewide,4
26334,2022,T6,5,Gasoline,1989,ICE,Not Applicable,3,Statewide,4
26335,2022,T6,5,Gasoline,1990,ICE,Not Applicable,1,Statewide,4
26336,2022,T6,7,Gasoline,1992,ICE,Not Applicable,3,Statewide,4
26337,2022,T6,Unknown,Gasoline,1985,ICE,Not Applicable,2,Statewide,4
26338,2022,B,Not Applicable,Diesel,1986,ICE,Not Applicable,2,Statewide,3
26339,2022,T2,1,Gasoline,2004,ICE,Not Applicable,1,Statewide,27247
26340,2022,T6,4,Gasoline,2015,ICE,Not Applicable,3,Statewide,5
26341,2022,T4,Unknown,Diesel,2004,ICE,Not Applicable,1,Statewide,4
26342,2022,T4,Unknown,Diesel,2006,ICE,Not Applicable,≥4,Statewide,4
26343,2022,T4,Unknown,Diesel,2008,ICE,Not Applicable,2,Statewide,4
26344,2022,T4,Unknown,Diesel,2012,ICE,Not Applicable,3,Statewide,4
26345,2022,T4,Unknown,Diesel,2012,ICE,Not Applicable,1,Statewide,4
26346,2022,T4,Unknown,Diesel,2014,ICE,Not Applicable,≥4,Statewide,4
26347,2022,T4,Unknown,Diesel,2014,ICE,Not Applicable,3,Statewide,4
26348,2022,T4,Unknown,Diesel,2015,ICE,Not Applicable,≥4,Statewide,4
26349,2022,T4,Unknown,Diesel,2017,ICE,Not Applicable,2,Statewide,4
26350,2022,T4,Unknown,Diesel,2018,ICE,Not Applicable,2,Statewide,4
26351,2022,T6,Unknown,Diesel,1979,ICE,Not Applicable,3,Statewide,4
26352,2022,T6,Unknown,Diesel,1980,ICE,Not Applicable,3,Statewide,4
26353,2022,T6,Unknown,Diesel,1986,ICE,Not Applicable,2,Statewide,4
26354,2022,T6,5,Diesel,1990,ICE,Not Applicable,2,Statewide,4
26355,2022,T6,5,Diesel,1990,ICE,Not Applicable,1,Statewide,4
26356,2022,T6,4,Diesel,1990,ICE,Not Applicable,≥4,Statewide,4
26357,2022,B,Not Applicable,Diesel,1991,ICE,Not Applicable,1,Statewide,8
26358,2022,T4,Unknown,Diesel,2002,ICE,Not Applicable,1,Statewide,4
26359,2022,B,Not Applicable,Diesel,1997,ICE,Not Applicable,3,Statewide,8
26360,2022,T4,Unknown,Diesel,1995,ICE,Not Applicable,1,Statewide,4
26361,2022,T4,Unknown,Diesel,1990,ICE,Not Applicable,1,Statewide,4
26362,2022,T2,1,Diesel,2012,ICE,Not Applicable,1,Statewide,4
26363,2022,T2,Unknown,Diesel,2013,ICE,Not Applicable,≥4,Statewide,4
26364,2022,T3,Unknown,Diesel,1984,ICE,Not Applicable,3,Statewide,4
26365,2022,T3,Unknown,Diesel,1985,ICE,Not Applicable,3,Statewide,4
26366,2022,T3,Unknown,Diesel,1985,ICE,Not Applicable,2,Statewide,4
26367,2022,T3,Unknown,Diesel,1985,ICE,Not Applicable,1,Statewide,4
26368,2022,T3,2,Diesel,1986,ICE,Not Applicable,2,Statewide,4
26369,2022,T3,2,Diesel,1986,ICE,Not Applicable,1,Statewide,4
26370,2022,T3,Unknown,Diesel,1986,ICE,Not Applicable,1,Statewide,4
26371,2022,T3,Unknown,Diesel,1990,ICE,Not Applicable,1,Statewide,4
26372,2022,T3,Unknown,Diesel,1991,ICE,Not Applicable,3,Statewide,4
26373,2022,T3,2,Diesel,1992,ICE,Not Applicable,2,Statewide,4
26374,2022,T3,2,Diesel,1995,ICE,Not Applicable,2,Statewide,4
26375,2022,T3,Unknown,Diesel,1995,ICE,Not Applicable,≥4,Statewide,4
26376,2022,T3,Unknown,Diesel,1997,ICE,Not Applicable,1,Statewide,4
26377,2022,T3,Unknown,Diesel,2008,ICE,Not Applicable,≥4,Statewide,4
26378,2022,T4,Unknown,Diesel,1988,ICE,Not Applicable,1,Statewide,4
26379,2022,T4,Unknown,Diesel,1993,ICE,Not Applicable,1,Statewide,4
26380,2022,B,Not Applicable,Diesel,1997,ICE,Not Applicable,2,Statewide,8
26381,2022,B,Not Applicable,Diesel,2017,ICE,Not Applicable,3,Statewide,8
26382,2022,BS,Not Applicable,Diesel,1987,ICE,Not Applicable,1,Statewide,8
26383,2022,T4,Unknown,Diesel,2019,ICE,Not Applicable,≥4,Statewide,8
26384,2022,T5,3,Diesel,1990,ICE,Not Applicable,1,Statewide,8
26385,2022,T6,Unknown,Diesel,1984,ICE,Not Applicable,2,Statewide,8
26386,2022,T6,6,Diesel,1988,ICE,Not Applicable,2,Statewide,8
26387,2022,T6,6,Diesel,1989,ICE,Not Applicable,2,Statewide,8
26388,2022,T6,6,Diesel,1991,ICE,Not Applicable,2,Statewide,8
26389,2022,T6,5,Diesel,1994,ICE,Not Applicable,3,Statewide,8
26390,2022,T6,5,Diesel,1995,ICE,Not Applicable,2,Statewide,8
26391,2022,T6,5,Diesel,1996,ICE,Not Applicable,1,Statewide,8
26392,2022,T6,Unknown,Diesel,2020,ICE,Not Applicable,1,Statewide,8
26393,2022,T7,8,Diesel,1980,ICE,Not Applicable,3,Statewide,8
26394,2022,T7,8,Diesel,1981,ICE,Not Applicable,2,Statewide,8
26395,2022,T7,8,Diesel,1983,ICE,Not Applicable,3,Statewide,8
26396,2022,MC,Not Applicable,Electric,2016,BEV,Unknown,2,Statewide,8
26397,2022,P,Not Applicable,Electric,2002,BEV,Unknown,3,Statewide,8
26398,2022,P,Not Applicable,Electric,2005,BEV,Unknown,1,Statewide,8
26399,2022,P,Not Applicable,Electric,2009,BEV,Unknown,1,Statewide,8
26400,2022,T4,Unknown,Diesel,1998,ICE,Not Applicable,≥4,Statewide,8
26401,2022,T4,Unknown,Diesel,1994,ICE,Not Applicable,1,Statewide,8
26402,2022,T3,Unknown,Diesel,2020,ICE,Not Applicable,3,Statewide,8
26403,2022,T3,2,Diesel,1995,ICE,Not Applicable,3,Statewide,8
26404,2022,BS,Not Applicable,Diesel,1989,ICE,Not Applicable,1,Statewide,8
26405,2022,BT,Not Applicable,Diesel,2015,ICE,Not Applicable,1,Statewide,8
26406,2022,MH,Not Applicable,Diesel,1993,ICE,Not Applicable,2,Statewide,8
26407,2022,P,Not Applicable,Diesel,1993,ICE,Not Applicable,3,Statewide,8
26408,2022,T2,Unknown,Diesel,1978,ICE,Not Applicable,2,Statewide,8
26409,2022,T2,Unknown,Diesel,1982,ICE,Not Applicable,≥4,Statewide,8
26410,2022,T2,1,Diesel,1983,ICE,Not Applicable,1,Statewide,8
26411,2022,T2,Unknown,Diesel,1987,ICE,Not Applicable,≥4,Statewide,8
26412,2022,T2,1,Diesel,2012,ICE,Not Applicable,3,Statewide,4
26413,2022,T2,Unknown,Diesel,1990,ICE,Not Applicable,3,Statewide,8
26414,2022,T2,Unknown,Diesel,1996,ICE,Not Applicable,1,Statewide,8
26415,2022,T2,Unknown,Diesel,2014,ICE,Not Applicable,≥4,Statewide,8
26416,2022,T2,1,Diesel,2016,ICE,Not Applicable,3,Statewide,8
26417,2022,T3,2,Diesel,1982,ICE,Not Applicable,≥4,Statewide,8
26418,2022,T3,Unknown,Diesel,1984,ICE,Not Applicable,≥4,Statewide,8
26419,2022,T3,Unknown,Diesel,1986,ICE,Not Applicable,≥4,Statewide,8
26420,2022,T3,Unknown,Diesel,1987,ICE,Not Applicable,≥4,Statewide,8
26421,2022,T3,Unknown,Diesel,1989,ICE,Not Applicable,≥4,Statewide,8
26422,2022,T2,Unknown,Diesel,1992,ICE,Not Applicable,1,Statewide,8
26423,2022,P,Not Applicable,Electric,2023,BEV,Unknown,1,Statewide,8
26424,2022,T2,Unknown,Diesel,1999,ICE,Not Applicable,1,Statewide,4
26425,2022,T2,Unknown,Diesel,1995,ICE,Not Applicable,3,Statewide,4
26426,2022,MC,Not Applicable,Diesel,2008,ICE,Not Applicable,3,Statewide,4
26427,2022,BT,Not Applicable,Diesel,1992,ICE,Not Applicable,1,Statewide,2
26428,2022,BT,Not Applicable,Diesel,1992,ICE,Not Applicable,3,Statewide,2
26429,2022,BT,Not Applicable,Diesel,1990,ICE,Not Applicable,1,Statewide,2
26430,2022,BT,Not Applicable,Diesel,1989,ICE,Not Applicable,3,Statewide,2
26431,2022,BT,Not Applicable,Diesel,1988,ICE,Not Applicable,2,Statewide,2
26432,2022,BT,Not Applicable,Diesel,1986,ICE,Not Applicable,2,Statewide,2
26433,2022,MC,Not Applicable,Diesel,2010,ICE,Not Applicable,3,Statewide,4
26434,2022,BT,Not Applicable,Diesel,1986,ICE,Not Applicable,3,Statewide,2
26435,2022,BT,Not Applicable,Diesel,1985,ICE,Not Applicable,3,Statewide,2
26436,2022,BT,Not Applicable,Diesel,1981,ICE,Not Applicable,2,Statewide,2
26437,2022,MC,Not Applicable,Diesel,2011,ICE,Not Applicable,≥4,Statewide,4
26438,2022,BT,Not Applicable,Diesel,1980,ICE,Not Applicable,2,Statewide,2
26439,2022,BS,Not Applicable,Diesel,1989,ICE,Not Applicable,2,Statewide,2
26440,2022,BS,Not Applicable,Diesel,1988,ICE,Not Applicable,3,Statewide,2
26441,2022,MH,Not Applicable,Diesel,1981,ICE,Not Applicable,≥4,Statewide,4
26442,2022,MH,Not Applicable,Diesel,1981,ICE,Not Applicable,1,Statewide,4
26443,2022,MC,Not Applicable,Diesel,2005,ICE,Not Applicable,≥4,Statewide,4
26444,2022,MH,Not Applicable,Diesel,1986,ICE,Not Applicable,1,Statewide,4
26445,2022,MC,Not Applicable,Diesel,2004,ICE,Not Applicable,2,Statewide,4
26446,2022,MC,Not Applicable,Diesel,1978,ICE,Not Applicable,≥4,Statewide,4
26447,2022,B,Not Applicable,Diesel,1984,ICE,Not Applicable,3,Statewide,3
26448,2022,B,Not Applicable,Diesel,1981,ICE,Not Applicable,2,Statewide,3
26449,2022,MC,Not Applicable,Diesel,1985,ICE,Not Applicable,≥4,Statewide,2
26450,2022,BT,Not Applicable,Diesel,2016,ICE,Not Applicable,2,Statewide,2
26451,2022,BT,Not Applicable,Diesel,2012,ICE,Not Applicable,2,Statewide,2
26452,2022,BT,Not Applicable,Diesel,2005,ICE,Not Applicable,2,Statewide,2
26453,2022,BT,Not Applicable,Diesel,2000,ICE,Not Applicable,1,Statewide,2
26454,2022,BT,Not Applicable,Diesel,1999,ICE,Not Applicable,2,Statewide,2
26455,2022,BT,Not Applicable,Diesel,1998,ICE,Not Applicable,2,Statewide,2
26456,2022,BT,Not Applicable,Diesel,2003,ICE,Not Applicable,1,Statewide,4
26457,2022,BT,Not Applicable,Diesel,2004,ICE,Not Applicable,2,Statewide,4
26458,2022,BT,Not Applicable,Diesel,2006,ICE,Not Applicable,2,Statewide,4
26459,2022,BT,Not Applicable,Diesel,2014,ICE,Not Applicable,2,Statewide,4
26460,2022,BT,Not Applicable,Diesel,2016,ICE,Not Applicable,3,Statewide,4
26461,2022,BT,Not Applicable,Diesel,2017,ICE,Not Applicable,2,Statewide,4
26462,2022,BT,Not Applicable,Diesel,2019,ICE,Not Applicable,3,Statewide,4
26463,2022,BT,Not Applicable,Diesel,2020,ICE,Not Applicable,2,Statewide,4
26464,2022,MC,Not Applicable,Diesel,1998,ICE,Not Applicable,≥4,Statewide,4
26465,2022,MH,Not Applicable,Diesel,2024,ICE,Not Applicable,2,Statewide,4
26466,2022,P,Not Applicable,Diesel,1993,ICE,Not Applicable,1,Statewide,4
26467,2022,P,Not Applicable,Diesel,1999,ICE,Not Applicable,3,Statewide,4
26468,2022,B,Not Applicable,Diesel,1985,ICE,Not Applicable,2,Statewide,2
26469,2022,B,Not Applicable,Diesel,1983,ICE,Not Applicable,1,Statewide,2
26470,2022,B,Not Applicable,Diesel,1983,ICE,Not Applicable,2,Statewide,2
26471,2022,B,Not Applicable,Diesel,1983,ICE,Not Applicable,3,Statewide,2
26472,2022,B,Not Applicable,Diesel,1980,ICE,Not Applicable,3,Statewide,2
26473,2022,B,Not Applicable,Diesel,1979,ICE,Not Applicable,3,Statewide,2
26474,2022,T2,1,Diesel,1981,ICE,Not Applicable,2,Statewide,4
26475,2022,T2,Unknown,Diesel,1985,ICE,Not Applicable,1,Statewide,4
26476,2022,T2,1,Diesel,1986,ICE,Not Applicable,1,Statewide,4
26477,2022,T2,Unknown,Diesel,1986,ICE,Not Applicable,≥4,Statewide,4
26478,2022,T2,Unknown,Diesel,1986,ICE,Not Applicable,2,Statewide,4
26479,2022,T2,Unknown,Diesel,1987,ICE,Not Applicable,2,Statewide,4
26480,2022,T2,1,Diesel,1989,ICE,Not Applicable,1,Statewide,4
26481,2022,T2,Unknown,Diesel,1989,ICE,Not Applicable,2,Statewide,4
26482,2022,T2,1,Diesel,1991,ICE,Not Applicable,3,Statewide,4
26483,2022,T2,1,Diesel,1991,ICE,Not Applicable,2,Statewide,4
26484,2022,T2,Unknown,Diesel,1993,ICE,Not Applicable,2,Statewide,4
26485,2022,T2,Unknown,Diesel,1979,ICE,Not Applicable,≥4,Statewide,4
26486,2022,T1,Unknown,Diesel,2001,ICE,Not Applicable,1,Statewide,4
26487,2022,T1,Unknown,Diesel,1996,ICE,Not Applicable,1,Statewide,4
26488,2022,T1,Unknown,Diesel,1992,ICE,Not Applicable,2,Statewide,4
26489,2022,BS,Not Applicable,Diesel,1987,ICE,Not Applicable,3,Statewide,2
26490,2022,BS,Not Applicable,Diesel,1986,ICE,Not Applicable,3,Statewide,2
26491,2022,BS,Not Applicable,Diesel,1985,ICE,Not Applicable,1,Statewide,2
26492,2022,T1,1,Diesel,1979,ICE,Not Applicable,≥4,Statewide,4
26493,2022,BS,Not Applicable,Diesel,1984,ICE,Not Applicable,1,Statewide,2
26494,2022,T1,Unknown,Diesel,1979,ICE,Not Applicable,1,Statewide,4
26495,2022,BS,Not Applicable,Diesel,1980,ICE,Not Applicable,2,Statewide,2
26496,2022,BS,Not Applicable,Diesel,1979,ICE,Not Applicable,2,Statewide,2
26497,2022,T2,Unknown,Diesel,1999,ICE,Not Applicable,≥4,Statewide,4
26498,2022,B,Not Applicable,Diesel,1987,ICE,Not Applicable,2,Statewide,2
26499,2022,T1,Unknown,Diesel,1983,ICE,Not Applicable,1,Statewide,4
26500,2022,T1,Unknown,Diesel,1985,ICE,Not Applicable,3,Statewide,4
26501,2022,T1,Unknown,Diesel,1985,ICE,Not Applicable,1,Statewide,4
26502,2022,T1,Unknown,Diesel,1987,ICE,Not Applicable,2,Statewide,4
26503,2022,T1,Unknown,Diesel,1987,ICE,Not Applicable,1,Statewide,4
26504,2022,T1,Unknown,Diesel,1989,ICE,Not Applicable,2,Statewide,4
26505,2022,T1,1,Diesel,1991,ICE,Not Applicable,3,Statewide,4
26506,2022,T1,1,Diesel,1992,ICE,Not Applicable,≥4,Statewide,4
26507,2022,B,Not Applicable,Diesel,1987,ICE,Not Applicable,3,Statewide,2
26508,2022,T6,7,Gasoline,2014,ICE,Not Applicable,2,Statewide,5
26509,2022,T1,1,Electric,2005,BEV,Unknown,3,Statewide,8
26510,2022,T2,1,Electric,2018,BEV,101 to 150 miles,3,Statewide,8
26511,2022,T6,6,Gasoline,1985,ICE,Not Applicable,2,Statewide,8
26512,2022,T6,5,Gasoline,1985,ICE,Not Applicable,≥4,Statewide,8
26513,2022,T6,6,Gasoline,1986,ICE,Not Applicable,3,Statewide,8
26514,2022,T6,6,Gasoline,1986,ICE,Not Applicable,2,Statewide,8
26515,2022,T6,6,Gasoline,1986,ICE,Not Applicable,1,Statewide,8
26516,2022,T6,6,Gasoline,1993,ICE,Not Applicable,1,Statewide,8
26517,2022,T6,7,Gasoline,1995,ICE,Not Applicable,3,Statewide,8
26518,2022,T6,7,Gasoline,1995,ICE,Not Applicable,1,Statewide,8
26519,2022,T6,6,Gasoline,1999,ICE,Not Applicable,3,Statewide,8
26520,2022,T6,5,Gasoline,1999,ICE,Not Applicable,1,Statewide,8
26521,2022,T6,7,Gasoline,2010,ICE,Not Applicable,2,Statewide,8
26522,2022,T6,Unknown,Gasoline,2020,ICE,Not Applicable,2,Statewide,8
26523,2022,T7,8,Gasoline,1982,ICE,Not Applicable,1,Statewide,8
26524,2022,T1,1,Hydrogen,2021,FCEV,>150 miles,3,Statewide,8
26525,2022,T1,1,Hydrogen,2021,FCEV,>150 miles,2,Statewide,8
26526,2022,B,Not Applicable,Natural Gas,2007,ICE,Not Applicable,2,Statewide,8
26527,2022,B,Not Applicable,Natural Gas,2007,ICE,Not Applicable,1,Statewide,8
26528,2022,T6,Unknown,Gasoline,1982,ICE,Not Applicable,≥4,Statewide,8
26529,2022,BS,Not Applicable,Natural Gas,2002,ICE,Not Applicable,2,Statewide,8
26530,2022,T6,6,Gasoline,1981,ICE,Not Applicable,3,Statewide,8
26531,2022,T6,5,Gasoline,1979,ICE,Not Applicable,1,Statewide,8
26532,2022,T7,8,Natural Gas,2012,ICE,Not Applicable,2,Statewide,5
26533,2022,T1,Unknown,Gasoline,2018,ICE,Not Applicable,≥4,Statewide,8
26534,2022,T7,8,Natural Gas,2007,ICE,Not Applicable,1,Statewide,5
26535,2022,T6,7,Natural Gas,2021,ICE,Not Applicable,2,Statewide,5
26536,2022,T2,Unknown,Gasoline,2021,PHEV,0 to 50 miles,2,Statewide,8
26537,2022,T6,6,Natural Gas,2020,ICE,Not Applicable,≥4,Statewide,5
26538,2022,T6,6,Natural Gas,2018,ICE,Not Applicable,≥4,Statewide,5
26539,2022,T3,Unknown,Gasoline,1986,ICE,Not Applicable,1,Statewide,8
26540,2022,T4,2,Natural Gas,2008,ICE,Not Applicable,3,Statewide,5
26541,2022,T3,Unknown,Gasoline,2024,PHEV,0 to 50 miles,≥4,Statewide,8
26542,2022,T4,Unknown,Gasoline,1979,ICE,Not Applicable,3,Statewide,8
26543,2022,T4,Unknown,Gasoline,1993,ICE,Not Applicable,≥4,Statewide,8
26544,2022,T4,Unknown,Gasoline,1998,ICE,Not Applicable,≥4,Statewide,8
26545,2022,T4,Unknown,Gasoline,2004,ICE,Not Applicable,≥4,Statewide,8
26546,2022,T4,Unknown,Gasoline,2007,ICE,Not Applicable,3,Statewide,8
26547,2022,T5,3,Gasoline,1979,ICE,Not Applicable,≥4,Statewide,8
26548,2022,T5,3,Gasoline,1984,ICE,Not Applicable,2,Statewide,8
26549,2022,T6,5,Gasoline,1980,ICE,Not Applicable,1,Statewide,8
26550,2022,BS,Not Applicable,Natural Gas,2002,ICE,Not Applicable,1,Statewide,8
26551,2022,BS,Not Applicable,Natural Gas,2008,ICE,Not Applicable,2,Statewide,8
26552,2022,T3,2,Natural Gas,1999,ICE,Not Applicable,1,Statewide,8
26553,2022,P,Not Applicable,Natural Gas,2001,ICE,Not Applicable,1,Statewide,5
26554,2022,BT,Not Applicable,Natural Gas,2021,ICE,Not Applicable,1,Statewide,5
26555,2022,BT,Not Applicable,Natural Gas,2017,ICE,Not Applicable,1,Statewide,5
26556,2022,BT,Not Applicable,Natural Gas,2013,ICE,Not Applicable,1,Statewide,5
26557,2022,BT,Not Applicable,Natural Gas,2005,ICE,Not Applicable,1,Statewide,5
26558,2022,BS,Not Applicable,Natural Gas,2021,ICE,Not Applicable,1,Statewide,5
26559,2022,BS,Not Applicable,Natural Gas,2007,ICE,Not Applicable,2,Statewide,5
26560,2022,B,Not Applicable,Natural Gas,2001,ICE,Not Applicable,≥4,Statewide,5
26561,2022,T7,8,Gasoline,2013,ICE,Not Applicable,≥4,Statewide,5
26562,2022,T7,8,Gasoline,2009,ICE,Not Applicable,≥4,Statewide,5
26563,2022,T7,8,Gasoline,2003,ICE,Not Applicable,≥4,Statewide,5
26564,2022,T3,2,Gasoline,2016,ICE,Not Applicable,1,Statewide,26682
26565,2022,T7,8,Gasoline,1990,ICE,Not Applicable,1,Statewide,5
26566,2022,T7,8,Gasoline,1988,ICE,Not Applicable,≥4,Statewide,5
26567,2022,T7,8,Gasoline,1984,ICE,Not Applicable,1,Statewide,5
26568,2022,T7,8,Gasoline,1980,ICE,Not Applicable,3,Statewide,5
26569,2022,T6,6,Gasoline,2017,ICE,Not Applicable,3,Statewide,5
26570,2022,T2,1,Natural Gas,2000,ICE,Not Applicable,≥4,Statewide,5
26571,2022,T3,2,Natural Gas,2018,ICE,Not Applicable,1,Statewide,5
26572,2022,T3,2,Natural Gas,2019,ICE,Not Applicable,≥4,Statewide,5
26573,2022,T3,2,Natural Gas,2020,ICE,Not Applicable,2,Statewide,5
26574,2022,T3,2,Natural Gas,2002,ICE,Not Applicable,3,Statewide,8
26575,2022,T3,2,Natural Gas,2017,ICE,Not Applicable,≥4,Statewide,8
26576,2022,T3,2,Natural Gas,2021,ICE,Not Applicable,≥4,Statewide,8
26577,2022,T4,2,Natural Gas,2004,ICE,Not Applicable,1,Statewide,8
26578,2022,T4,2,Natural Gas,2008,ICE,Not Applicable,2,Statewide,8
26579,2022,T4,2,Natural Gas,2009,ICE,Not Applicable,1,Statewide,8
26580,2022,T4,2,Natural Gas,2016,ICE,Not Applicable,≥4,Statewide,8
26581,2022,T6,7,Natural Gas,2006,ICE,Not Applicable,≥4,Statewide,8
26582,2022,T7,8,Natural Gas,2012,ICE,Not Applicable,1,Statewide,5
26583,2022,T6,6,Natural Gas,2011,ICE,Not Applicable,≥4,Statewide,8
26584,2022,T7,8,Natural Gas,2020,ICE,Not Applicable,2,Statewide,8
26585,2022,MC,Not Applicable,Unknown,2020,ICE,Not Applicable,≥4,Statewide,8
26586,2022,MH,Not Applicable,Unknown,2021,ICE,Not Applicable,2,Statewide,8
26587,2022,T4,2,Natural Gas,2004,ICE,Not Applicable,3,Statewide,5
26588,2022,T4,2,Natural Gas,2003,ICE,Not Applicable,3,Statewide,5
26589,2022,T4,2,Natural Gas,2002,ICE,Not Applicable,1,Statewide,5
26590,2022,P,Not Applicable,Gasoline,2001,ICE,Not Applicable,2,Statewide,25704
26591,2022,T4,2,Natural Gas,1999,ICE,Not Applicable,≥4,Statewide,5
26592,2022,T7,8,Natural Gas,2017,ICE,Not Applicable,3,Statewide,8
26593,2022,T2,1,Electric,2016,BEV,Unknown,≥4,Statewide,8
26594,2022,T7,8,Natural Gas,2013,ICE,Not Applicable,1,Statewide,5
26595,2022,T1,Unknown,Gasoline,2010,ICE,Not Applicable,2,Statewide,8
26596,2022,T6,Unknown,Diesel,2010,ICE,Not Applicable,3,Statewide,4
26597,2022,T6,Unknown,Diesel,2010,ICE,Not Applicable,1,Statewide,4
26598,2022,T6,Unknown,Diesel,2011,ICE,Not Applicable,1,Statewide,4
26599,2022,T6,Unknown,Diesel,2012,ICE,Not Applicable,3,Statewide,4
26600,2022,T6,Unknown,Diesel,2013,ICE,Not Applicable,3,Statewide,4
26601,2022,T6,Unknown,Diesel,2016,ICE,Not Applicable,1,Statewide,4
26602,2022,T6,Unknown,Diesel,2020,ICE,Not Applicable,2,Statewide,4
26603,2022,T6,Unknown,Diesel,2021,ICE,Not Applicable,3,Statewide,4
26604,2022,BS,Not Applicable,Electric,2023,BEV,Unknown,1,Statewide,4
26605,2022,BT,Not Applicable,Electric,2021,BEV,Unknown,1,Statewide,4
26606,2022,MC,Not Applicable,Electric,1978,BEV,Unknown,≥4,Statewide,4
26607,2022,MC,Not Applicable,Electric,2012,BEV,Unknown,1,Statewide,4
26608,2022,MC,Not Applicable,Electric,2013,BEV,Unknown,3,Statewide,4
26609,2022,MC,Not Applicable,Electric,2014,BEV,Unknown,2,Statewide,4
26610,2022,MC,Not Applicable,Electric,2015,BEV,Unknown,3,Statewide,4
26611,2022,MC,Not Applicable,Electric,2024,BEV,Unknown,≥4,Statewide,4
26612,2022,P,Not Applicable,Electric,1978,BEV,Unknown,2,Statewide,4
26613,2022,T6,Unknown,Diesel,2004,ICE,Not Applicable,1,Statewide,4
26614,2022,P,Not Applicable,Electric,1985,BEV,Unknown,1,Statewide,4
26615,2022,T6,Unknown,Diesel,1997,ICE,Not Applicable,1,Statewide,4
26616,2022,T6,Unknown,Diesel,1996,ICE,Not Applicable,3,Statewide,4
26617,2022,T3,Unknown,Electric,2007,BEV,Unknown,3,Statewide,8
26618,2022,T4,Unknown,Electric,1982,BEV,Unknown,≥4,Statewide,8
26619,2022,B,Not Applicable,Gasoline,1980,ICE,Not Applicable,2,Statewide,8
26620,2022,B,Not Applicable,Gasoline,1986,ICE,Not Applicable,1,Statewide,8
26621,2022,B,Not Applicable,Gasoline,1994,ICE,Not Applicable,3,Statewide,8
26622,2022,B,Not Applicable,Gasoline,1996,ICE,Not Applicable,3,Statewide,8
26623,2022,B,Not Applicable,Gasoline,1997,ICE,Not Applicable,2,Statewide,8
26624,2022,BS,Not Applicable,Gasoline,1985,ICE,Not Applicable,1,Statewide,8
26625,2022,BS,Not Applicable,Gasoline,2005,ICE,Not Applicable,1,Statewide,8
26626,2022,BS,Not Applicable,Gasoline,2008,ICE,Not Applicable,1,Statewide,8
26627,2022,T6,Unknown,Diesel,1990,ICE,Not Applicable,1,Statewide,4
26628,2022,T6,Unknown,Diesel,1991,ICE,Not Applicable,3,Statewide,4
26629,2022,T6,5,Diesel,1992,ICE,Not Applicable,2,Statewide,4
26630,2022,T6,Unknown,Diesel,1993,ICE,Not Applicable,3,Statewide,4
26631,2022,T6,Unknown,Diesel,1994,ICE,Not Applicable,2,Statewide,4
26632,2022,T6,Unknown,Diesel,1995,ICE,Not Applicable,3,Statewide,4
26633,2022,T6,Unknown,Diesel,1995,ICE,Not Applicable,1,Statewide,4
26634,2022,T6,Unknown,Diesel,1996,ICE,Not Applicable,2,Statewide,4
26635,2022,P,Not Applicable,Electric,1991,BEV,Unknown,≥4,Statewide,4
26636,2022,P,Not Applicable,Electric,1998,BEV,Unknown,3,Statewide,4
26637,2022,P,Not Applicable,Electric,2002,BEV,Unknown,1,Statewide,4
26638,2022,T2,Unknown,Electric,2020,BEV,Unknown,1,Statewide,4
26639,2022,T3,Unknown,Electric,2003,BEV,Unknown,≥4,Statewide,4
26640,2022,T3,Unknown,Electric,2010,BEV,Unknown,≥4,Statewide,4
26641,2022,T3,Unknown,Electric,2023,BEV,Unknown,≥4,Statewide,4
26642,2022,T4,Unknown,Electric,1978,BEV,Unknown,≥4,Statewide,4
26643,2022,T6,Unknown,Electric,2022,BEV,Unknown,1,Statewide,4
26644,2022,B,Not Applicable,Gasoline,1981,ICE,Not Applicable,3,Statewide,4
26645,2022,B,Not Applicable,Gasoline,1982,ICE,Not Applicable,2,Statewide,4
26646,2022,B,Not Applicable,Gasoline,1985,ICE,Not Applicable,3,Statewide,4
26647,2022,B,Not Applicable,Gasoline,1985,ICE,Not Applicable,2,Statewide,4
26648,2022,T1,Unknown,Gasoline,2000,ICE,Not Applicable,2,Statewide,8
26649,2022,T1,Unknown,Gasoline,2001,ICE,Not Applicable,2,Statewide,8
26650,2022,B,Not Applicable,Gasoline,1987,ICE,Not Applicable,3,Statewide,4
26651,2022,B,Not Applicable,Gasoline,1992,ICE,Not Applicable,3,Statewide,4
26652,2022,MC,Not Applicable,Unknown,2022,ICE,Not Applicable,≥4,Statewide,5
26653,2022,T1,Unknown,Gasoline,2003,ICE,Not Applicable,3,Statewide,8
26654,2022,T7,8,Natural Gas,2022,ICE,Not Applicable,3,Statewide,5
26655,2022,T2,Unknown,Electric,2020,BEV,Unknown,≥4,Statewide,4
26656,2022,T2,Unknown,Electric,2018,BEV,Unknown,1,Statewide,4
26657,2022,T2,Unknown,Electric,2018,BEV,Unknown,≥4,Statewide,4
26658,2022,BT,Not Applicable,Gasoline,2021,ICE,Not Applicable,1,Statewide,8
26659,2022,P,Not Applicable,Electric,2004,BEV,Unknown,3,Statewide,4
26660,2022,P,Not Applicable,Electric,2009,BEV,Unknown,3,Statewide,4
26661,2022,P,Not Applicable,Electric,2023,BEV,Unknown,3,Statewide,4
26662,2022,T1,Unknown,Electric,1978,BEV,Unknown,1,Statewide,4
26663,2022,T1,Unknown,Electric,1986,BEV,Unknown,≥4,Statewide,4
26664,2022,T1,Unknown,Electric,1991,BEV,Unknown,≥4,Statewide,4
26665,2022,T1,Unknown,Electric,1999,BEV,Unknown,≥4,Statewide,4
26666,2022,T1,1,Electric,2007,BEV,Unknown,≥4,Statewide,4
26667,2022,T7,8,Natural Gas,2021,ICE,Not Applicable,3,Statewide,5
26668,2022,T1,Unknown,Electric,2020,BEV,Unknown,≥4,Statewide,4
26669,2022,T2,1,Electric,2018,BEV,101 to 150 miles,≥4,Statewide,4
26670,2022,BS,Not Applicable,Gasoline,2009,ICE,Not Applicable,3,Statewide,8
26671,2022,T2,1,Electric,2018,BEV,101 to 150 miles,1,Statewide,4
26672,2022,BS,Not Applicable,Gasoline,2012,ICE,Not Applicable,2,Statewide,8
26673,2022,BS,Not Applicable,Gasoline,2013,ICE,Not Applicable,3,Statewide,8
26674,2022,BT,Not Applicable,Gasoline,1979,ICE,Not Applicable,≥4,Statewide,8
26675,2022,BT,Not Applicable,Gasoline,2006,ICE,Not Applicable,1,Statewide,8
26676,2022,BT,Not Applicable,Gasoline,2018,ICE,Not Applicable,3,Statewide,8
26677,2022,T2,Unknown,Electric,2017,BEV,Unknown,1,Statewide,4
26678,2022,T6,6,Diesel,1991,ICE,Not Applicable,3,Statewide,10
26679,2022,T4,Unknown,Diesel,1993,ICE,Not Applicable,≥4,Statewide,38
26680,2022,T6,5,Diesel,1997,ICE,Not Applicable,3,Statewide,10
26681,2022,BS,Not Applicable,Natural Gas,2021,ICE,Not Applicable,≥4,Statewide,115
26682,2022,T6,4,Gasoline,2009,ICE,Not Applicable,1,Statewide,115
26683,2022,T1,1,Electric,2017,BEV,101 to 150 miles,2,Statewide,115
26684,2022,T6,6,Diesel,2002,ICE,Not Applicable,3,Statewide,115
26685,2022,T5,3,Diesel,1997,ICE,Not Applicable,1,Statewide,115
26686,2022,P,Not Applicable,Gasoline,1989,ICE,Not Applicable,2,Statewide,2202
26687,2022,B,Not Applicable,Gasoline,2009,ICE,Not Applicable,2,Statewide,114
26688,2022,T6,5,Diesel,2004,ICE,Not Applicable,3,Statewide,114
26689,2022,P,Not Applicable,Diesel,2005,ICE,Not Applicable,2,Statewide,114
26690,2022,P,Not Applicable,Diesel,2003,ICE,Not Applicable,3,Statewide,114
26691,2022,T6,7,Gasoline,1990,ICE,Not Applicable,≥4,Statewide,113
26692,2022,T3,Unknown,Gasoline,1979,ICE,Not Applicable,2,Statewide,113
26693,2022,BT,Not Applicable,Gasoline,1978,ICE,Not Applicable,≥4,Statewide,113
26694,2022,T7,8,Diesel,2007,ICE,Not Applicable,3,Statewide,113
26695,2022,T6,Unknown,Diesel,2018,ICE,Not Applicable,≥4,Statewide,113
26696,2022,T6,5,Diesel,2007,ICE,Not Applicable,2,Statewide,113
26697,2022,T6,7,Gasoline,2011,ICE,Not Applicable,≥4,Statewide,112
26698,2022,T4,Unknown,Gasoline,2022,PHEV,0 to 50 miles,≥4,Statewide,112
26699,2022,MH,Not Applicable,Gasoline,1985,ICE,Not Applicable,≥4,Statewide,112
26700,2022,T7,8,Diesel,1998,ICE,Not Applicable,1,Statewide,112
26701,2022,T7,8,Diesel,1982,ICE,Not Applicable,≥4,Statewide,112
26702,2022,T2,Unknown,Diesel,2020,ICE,Not Applicable,1,Statewide,112
26703,2022,T2,Unknown,Diesel,2019,ICE,Not Applicable,1,Statewide,112
26704,2022,T5,3,Gasoline,2004,ICE,Not Applicable,≥4,Statewide,2196
26705,2022,BT,Not Applicable,Diesel,2018,ICE,Not Applicable,1,Statewide,116
26706,2022,T4,2,Diesel,1988,ICE,Not Applicable,3,Statewide,116
26707,2022,T5,3,Diesel,1995,ICE,Not Applicable,3,Statewide,116
26708,2022,T1,Unknown,Diesel,1978,ICE,Not Applicable,≥4,Statewide,119
26709,2022,MH,Not Applicable,Diesel,1998,ICE,Not Applicable,3,Statewide,119
26710,2022,BS,Not Applicable,Natural Gas,2014,ICE,Not Applicable,≥4,Statewide,118
26711,2022,T2,1,Gasoline,2021,PHEV,0 to 50 miles,2,Statewide,118
26712,2022,MH,Not Applicable,Gasoline,1986,ICE,Not Applicable,1,Statewide,118
26713,2022,MH,Not Applicable,Gasoline,1986,ICE,Not Applicable,3,Statewide,118
26714,2022,T3,2,Diesel,2010,ICE,Not Applicable,3,Statewide,118
26715,2022,T6,4,Diesel,2000,ICE,Not Applicable,3,Statewide,117
26716,2022,T4,2,Diesel,1988,ICE,Not Applicable,2,Statewide,117
26717,2022,T3,Unknown,Diesel,2016,ICE,Not Applicable,2,Statewide,117
26718,2022,P,Not Applicable,Diesel,2013,ICE,Not Applicable,≥4,Statewide,117
26719,2022,T3,2,Gasoline,1978,ICE,Not Applicable,3,Statewide,2221
26720,2022,P,Not Applicable,Diesel,2003,ICE,Not Applicable,1,Statewide,117
26721,2022,T4,Unknown,Gasoline,2021,ICE,Not Applicable,2,Statewide,2194
26722,2022,T4,2,Natural Gas,2020,ICE,Not Applicable,≥4,Statewide,116
26723,2022,BT,Not Applicable,Natural Gas,2016,ICE,Not Applicable,≥4,Statewide,116
26724,2022,BS,Not Applicable,Natural Gas,2020,ICE,Not Applicable,≥4,Statewide,116
26725,2022,T6,6,Gasoline,1992,ICE,Not Applicable,≥4,Statewide,116
26726,2022,B,Not Applicable,Gasoline,2006,ICE,Not Applicable,1,Statewide,116
26727,2022,P,Not Applicable,Electric,2007,BEV,Unknown,≥4,Statewide,116
26728,2022,T6,7,Diesel,2015,ICE,Not Applicable,1,Statewide,116
26729,2022,T6,7,Diesel,2013,ICE,Not Applicable,2,Statewide,116
26730,2022,T6,7,Diesel,2005,ICE,Not Applicable,3,Statewide,116
26731,2022,T6,4,Diesel,2003,ICE,Not Applicable,1,Statewide,116
26732,2022,P,Not Applicable,Diesel,1996,ICE,Not Applicable,≥4,Statewide,117
26733,2022,T6,7,Gasoline,2002,ICE,Not Applicable,≥4,Statewide,111
26734,2022,T5,3,Gasoline,1998,ICE,Not Applicable,1,Statewide,111
26735,2022,BS,Not Applicable,Gasoline,2006,ICE,Not Applicable,≥4,Statewide,111
26736,2022,MH,Not Applicable,Diesel,2018,ICE,Not Applicable,1,Statewide,109
26737,2022,MH,Not Applicable,Diesel,2000,ICE,Not Applicable,3,Statewide,109
26738,2022,P,Not Applicable,Natural Gas,2007,ICE,Not Applicable,≥4,Statewide,108
26739,2022,T5,3,Gasoline,2023,ICE,Not Applicable,2,Statewide,108
26740,2022,T3,2,Gasoline,1986,ICE,Not Applicable,1,Statewide,108
26741,2022,T2,Unknown,Gasoline,1999,ICE,Not Applicable,2,Statewide,108
26742,2022,T2,Unknown,Gasoline,1982,ICE,Not Applicable,≥4,Statewide,108
26743,2022,P,Not Applicable,Electric,2016,BEV,Unknown,≥4,Statewide,108
26744,2022,P,Not Applicable,Electric,2015,BEV,Unknown,2,Statewide,108
26745,2022,T6,4,Diesel,2023,ICE,Not Applicable,1,Statewide,108
26746,2022,T6,5,Diesel,2018,ICE,Not Applicable,3,Statewide,108
26747,2022,T2,1,Diesel,1987,ICE,Not Applicable,≥4,Statewide,109
26748,2022,T6,7,Diesel,2009,ICE,Not Applicable,1,Statewide,108
26749,2022,T6,4,Gasoline,1978,ICE,Not Applicable,1,Statewide,107
26750,2022,B,Not Applicable,Gasoline,2004,ICE,Not Applicable,1,Statewide,107
26751,2022,P,Not Applicable,Electric,2021,BEV,Unknown,3,Statewide,107
26752,2022,T2,1,Diesel,2018,ICE,Not Applicable,1,Statewide,107
26753,2022,T4,2,Gasoline,2002,ICE,Not Applicable,3,Statewide,2249
26754,2022,T7,8,Natural Gas,2007,ICE,Not Applicable,≥4,Statewide,106
26755,2022,T3,2,Natural Gas,2005,ICE,Not Applicable,≥4,Statewide,106
26756,2022,T6,4,Gasoline,2007,ICE,Not Applicable,2,Statewide,106
26757,2022,MC,Not Applicable,Electric,2022,BEV,Unknown,≥4,Statewide,106
26758,2022,T6,4,Diesel,2000,ICE,Not Applicable,2,Statewide,106
26759,2022,T6,5,Diesel,2023,ICE,Not Applicable,≥4,Statewide,2253
26760,2022,T6,7,Diesel,1978,ICE,Not Applicable,≥4,Statewide,108
26761,2022,T7,8,Diesel,2001,ICE,Not Applicable,3,Statewide,119
26762,2022,T6,7,Diesel,1984,ICE,Not Applicable,≥4,Statewide,109
26763,2022,T1,Unknown,Gasoline,2008,ICE,Not Applicable,1,Statewide,109
26764,2022,B,Not Applicable,Gasoline,2002,ICE,Not Applicable,≥4,Statewide,111
26765,2022,T6,6,Diesel,2019,ICE,Not Applicable,2,Statewide,111
26766,2022,T6,7,Diesel,2007,ICE,Not Applicable,1,Statewide,111
26767,2022,T6,Unknown,Diesel,1985,ICE,Not Applicable,≥4,Statewide,111
26768,2022,T3,2,Diesel,2014,ICE,Not Applicable,1,Statewide,111
26769,2022,P,Not Applicable,Diesel,2006,ICE,Not Applicable,3,Statewide,111
26770,2022,MH,Not Applicable,Diesel,2001,ICE,Not Applicable,3,Statewide,111
26771,2022,MC,Not Applicable,Gasoline,2016,ICE,Not Applicable,1,Statewide,2230
26772,2022,MH,Not Applicable,Gasoline,2002,ICE,Not Applicable,≥4,Statewide,2233
26773,2022,MH,Not Applicable,Unknown,2019,ICE,Not Applicable,3,Statewide,110
26774,2022,T7,8,Natural Gas,2011,ICE,Not Applicable,≥4,Statewide,110
26775,2022,T6,5,Diesel,2007,ICE,Not Applicable,3,Statewide,109
26776,2022,T6,5,Gasoline,2022,ICE,Not Applicable,1,Statewide,110
26777,2022,T4,Unknown,Gasoline,2022,PHEV,0 to 50 miles,3,Statewide,110
26778,2022,T6,5,Diesel,2014,ICE,Not Applicable,1,Statewide,110
26779,2022,T1,1,Diesel,1988,ICE,Not Applicable,≥4,Statewide,110
26780,2022,MH,Not Applicable,Diesel,2003,ICE,Not Applicable,1,Statewide,110
26781,2022,T3,2,Gasoline,1978,ICE,Not Applicable,1,Statewide,2235
26782,2022,MC,Not Applicable,Gasoline,1996,ICE,Not Applicable,≥4,Statewide,2238
26783,2022,T2,Unknown,Gasoline,2012,ICE,Not Applicable,≥4,Statewide,2238
26784,2022,BT,Not Applicable,Natural Gas,2008,ICE,Not Applicable,≥4,Statewide,109
26785,2022,BS,Not Applicable,Natural Gas,2002,ICE,Not Applicable,≥4,Statewide,109
26786,2022,T6,6,Gasoline,1978,ICE,Not Applicable,2,Statewide,109
26787,2022,T3,Unknown,Gasoline,1979,ICE,Not Applicable,1,Statewide,109
26788,2022,T6,4,Gasoline,2000,ICE,Not Applicable,1,Statewide,110
26789,2022,B,Not Applicable,Gasoline,1978,ICE,Not Applicable,1,Statewide,119
26790,2022,B,Not Applicable,Gasoline,2012,ICE,Not Applicable,2,Statewide,119
26791,2022,BS,Not Applicable,Gasoline,2010,ICE,Not Applicable,≥4,Statewide,119
26792,2022,T6,6,Diesel,1991,ICE,Not Applicable,≥4,Statewide,129
26793,2022,T5,3,Diesel,1998,ICE,Not Applicable,2,Statewide,129
26794,2022,T4,2,Gasoline,2002,ICE,Not Applicable,2,Statewide,2116
26795,2022,MC,Not Applicable,Gasoline,1992,ICE,Not Applicable,≥4,Statewide,2117
26796,2022,T4,2,Diesel,2023,ICE,Not Applicable,3,Statewide,2122
26797,2022,T6,4,Gasoline,2008,ICE,Not Applicable,1,Statewide,128
26798,2022,T5,3,Gasoline,2014,ICE,Not Applicable,2,Statewide,128
26799,2022,T2,Unknown,Gasoline,1980,ICE,Not Applicable,≥4,Statewide,128
26800,2022,MH,Not Applicable,Gasoline,1982,ICE,Not Applicable,2,Statewide,128
26801,2022,T7,8,Diesel,2000,ICE,Not Applicable,2,Statewide,128
26802,2022,T7,8,Diesel,1980,ICE,Not Applicable,≥4,Statewide,128
26803,2022,MH,Not Applicable,Gasoline,1981,ICE,Not Applicable,3,Statewide,129
26804,2022,T5,3,Diesel,1998,ICE,Not Applicable,3,Statewide,128
26805,2022,T3,2,Diesel,2010,ICE,Not Applicable,2,Statewide,128
26806,2022,T2,Unknown,Diesel,2019,ICE,Not Applicable,2,Statewide,128
26807,2022,MC,Not Applicable,Gasoline,1990,ICE,Not Applicable,≥4,Statewide,2122
26808,2022,T5,3,Diesel,2022,ICE,Not Applicable,1,Statewide,2125
26809,2022,T4,2,Gasoline,2002,ICE,Not Applicable,1,Statewide,2125
26810,2022,T6,7,Diesel,2019,ICE,Not Applicable,≥4,Statewide,2126
26811,2022,T4,2,Gasoline,1982,ICE,Not Applicable,3,Statewide,127
26812,2022,T3,Unknown,Gasoline,1980,ICE,Not Applicable,3,Statewide,127
26813,2022,MH,Not Applicable,Gasoline,1980,ICE,Not Applicable,3,Statewide,127
26814,2022,P,Not Applicable,Natural Gas,2008,ICE,Not Applicable,≥4,Statewide,126
26815,2022,T4,2,Gasoline,1988,ICE,Not Applicable,2,Statewide,126
26816,2022,T3,2,Diesel,2014,ICE,Not Applicable,3,Statewide,128
26817,2022,B,Not Applicable,Gasoline,2013,ICE,Not Applicable,3,Statewide,126
26818,2022,T3,Unknown,Gasoline,1994,ICE,Not Applicable,≥4,Statewide,129
26819,2022,BT,Not Applicable,Diesel,2016,ICE,Not Applicable,≥4,Statewide,130
26820,2022,MC,Not Applicable,Gasoline,2024,ICE,Not Applicable,3,Statewide,132
26821,2022,T6,7,Diesel,2019,ICE,Not Applicable,1,Statewide,132
26822,2022,T6,5,Diesel,2002,ICE,Not Applicable,≥4,Statewide,132
26823,2022,T5,3,Diesel,2008,ICE,Not Applicable,≥4,Statewide,2101
26824,2022,P,Not Applicable,Gasoline,1980,ICE,Not Applicable,1,Statewide,2101
26825,2022,P,Not Applicable,Natural Gas,2010,ICE,Not Applicable,≥4,Statewide,131
26826,2022,T6,4,Gasoline,2011,ICE,Not Applicable,2,Statewide,131
26827,2022,T6,6,Gasoline,1980,ICE,Not Applicable,1,Statewide,131
26828,2022,T5,3,Gasoline,1989,ICE,Not Applicable,≥4,Statewide,131
26829,2022,T4,2,Gasoline,1982,ICE,Not Applicable,1,Statewide,131
26830,2022,T3,Unknown,Gasoline,2001,ICE,Not Applicable,≥4,Statewide,131
26831,2022,T6,4,Gasoline,2011,ICE,Not Applicable,3,Statewide,129
26832,2022,P,Not Applicable,Electric,2013,BEV,Unknown,≥4,Statewide,131
26833,2022,T7,8,Diesel,1995,ICE,Not Applicable,1,Statewide,131
26834,2022,T6,5,Diesel,2016,ICE,Not Applicable,2,Statewide,131
26835,2022,T6,5,Diesel,2005,ICE,Not Applicable,3,Statewide,131
26836,2022,T3,2,Diesel,2009,ICE,Not Applicable,≥4,Statewide,131
26837,2022,MH,Not Applicable,Diesel,1996,ICE,Not Applicable,≥4,Statewide,131
26838,2022,P,Not Applicable,Gasoline,1989,ICE,Not Applicable,3,Statewide,2103
26839,2022,T3,Unknown,Gasoline,2024,ICE,Not Applicable,≥4,Statewide,130
26840,2022,BS,Not Applicable,Gasoline,2023,ICE,Not Applicable,≥4,Statewide,130
26841,2022,B,Not Applicable,Gasoline,2023,ICE,Not Applicable,≥4,Statewide,130
26842,2022,T5,3,Diesel,1998,ICE,Not Applicable,1,Statewide,130
26843,2022,MH,Not Applicable,Diesel,2004,ICE,Not Applicable,1,Statewide,130
26844,2022,T7,8,Diesel,2000,ICE,Not Applicable,3,Statewide,131
26845,2022,MC,Not Applicable,Gasoline,1997,ICE,Not Applicable,≥4,Statewide,2260
26846,2022,B,Not Applicable,Gasoline,2007,ICE,Not Applicable,1,Statewide,126
26847,2022,T6,7,Diesel,2023,ICE,Not Applicable,1,Statewide,126
26848,2022,B,Not Applicable,Diesel,2009,ICE,Not Applicable,≥4,Statewide,123
26849,2022,P,Not Applicable,Diesel,2019,ICE,Not Applicable,2,Statewide,2155
26850,2022,MC,Not Applicable,Gasoline,1995,ICE,Not Applicable,≥4,Statewide,2155
26851,2022,T2,Unknown,Gasoline,2024,ICE,Not Applicable,≥4,Statewide,122
26852,2022,T7,8,Diesel,2001,ICE,Not Applicable,2,Statewide,122
26853,2022,T6,6,Diesel,2024,ICE,Not Applicable,1,Statewide,122
26854,2022,T3,2,Diesel,2013,ICE,Not Applicable,3,Statewide,122
26855,2022,P,Not Applicable,Gasoline,1979,ICE,Not Applicable,2,Statewide,2155
26856,2022,T6,6,Diesel,2019,ICE,Not Applicable,≥4,Statewide,2166
26857,2022,T4,2,Diesel,2004,ICE,Not Applicable,1,Statewide,2167
26858,2022,T6,4,Gasoline,2010,ICE,Not Applicable,1,Statewide,121
26859,2022,MH,Not Applicable,Diesel,1999,ICE,Not Applicable,3,Statewide,123
26860,2022,T6,6,Gasoline,1996,ICE,Not Applicable,≥4,Statewide,121
26861,2022,T4,2,Gasoline,1982,ICE,Not Applicable,2,Statewide,121
26862,2022,B,Not Applicable,Gasoline,2010,ICE,Not Applicable,1,Statewide,121
26863,2022,T6,6,Diesel,2008,ICE,Not Applicable,3,Statewide,121
26864,2022,P,Not Applicable,Diesel,2020,ICE,Not Applicable,2,Statewide,2169
26865,2022,P,Not Applicable,Natural Gas,2016,ICE,Not Applicable,1,Statewide,120
26866,2022,T2,1,Gasoline,1985,ICE,Not Applicable,2,Statewide,120
26867,2022,MH,Not Applicable,Gasoline,1987,ICE,Not Applicable,3,Statewide,120
26868,2022,T3,Unknown,Diesel,2016,ICE,Not Applicable,3,Statewide,120
26869,2022,T6,5,Diesel,2012,ICE,Not Applicable,≥4,Statewide,2176
26870,2022,P,Not Applicable,Hydrogen,2021,FCEV,>150 miles,3,Statewide,119
26871,2022,T1,Unknown,Gasoline,2008,ICE,Not Applicable,≥4,Statewide,119
26872,2022,T6,6,Gasoline,1978,ICE,Not Applicable,3,Statewide,121
26873,2022,T1,1,Electric,2005,BEV,Unknown,≥4,Statewide,126
26874,2022,P,Not Applicable,Diesel,2006,ICE,Not Applicable,1,Statewide,123
26875,2022,T6,6,Diesel,2021,ICE,Not Applicable,3,Statewide,123
26876,2022,T6,4,Diesel,2020,ICE,Not Applicable,1,Statewide,126
26877,2022,T2,Unknown,Diesel,2018,ICE,Not Applicable,3,Statewide,126
26878,2022,B,Not Applicable,Diesel,2000,ICE,Not Applicable,≥4,Statewide,126
26879,2022,MH,Not Applicable,Gasoline,2010,ICE,Not Applicable,≥4,Statewide,2133
26880,2022,T7,8,Diesel,2007,ICE,Not Applicable,≥4,Statewide,2138
26881,2022,T6,4,Gasoline,2006,ICE,Not Applicable,2,Statewide,125
26882,2022,T2,Unknown,Gasoline,1999,ICE,Not Applicable,1,Statewide,125
26883,2022,BS,Not Applicable,Gasoline,2012,ICE,Not Applicable,≥4,Statewide,125
26884,2022,T6,Unknown,Diesel,2019,ICE,Not Applicable,≥4,Statewide,125
26885,2022,T5,3,Diesel,2004,ICE,Not Applicable,≥4,Statewide,2139
26886,2022,T6,4,Gasoline,2002,ICE,Not Applicable,1,Statewide,124
26887,2022,T6,4,Diesel,2000,ICE,Not Applicable,1,Statewide,123
26888,2022,T5,3,Gasoline,2014,ICE,Not Applicable,3,Statewide,124
26889,2022,T4,Unknown,Gasoline,2023,ICE,Not Applicable,2,Statewide,124
26890,2022,T2,Unknown,Gasoline,1985,ICE,Not Applicable,≥4,Statewide,124
26891,2022,MH,Not Applicable,Gasoline,1987,ICE,Not Applicable,2,Statewide,124
26892,2022,T6,6,Diesel,1990,ICE,Not Applicable,≥4,Statewide,124
26893,2022,T6,Unknown,Diesel,1978,ICE,Not Applicable,1,Statewide,124
26894,2022,T5,3,Diesel,1995,ICE,Not Applicable,1,Statewide,124
26895,2022,T4,Unknown,Diesel,2022,ICE,Not Applicable,3,Statewide,124
26896,2022,T6,4,Gasoline,2022,ICE,Not Applicable,1,Statewide,123
26897,2022,T3,Unknown,Gasoline,1998,ICE,Not Applicable,≥4,Statewide,123
26898,2022,T3,2,Gasoline,1987,ICE,Not Applicable,2,Statewide,123
26899,2022,BS,Not Applicable,Gasoline,1978,ICE,Not Applicable,3,Statewide,123
26900,2022,T4,2,Gasoline,2024,ICE,Not Applicable,≥4,Statewide,124
26901,2022,T2,1,Gasoline,1979,ICE,Not Applicable,≥4,Statewide,2260
26902,2022,T6,6,Gasoline,1989,ICE,Not Applicable,≥4,Statewide,105
26903,2022,BS,Not Applicable,Gasoline,1979,ICE,Not Applicable,≥4,Statewide,105
26904,2022,P,Not Applicable,Electric,2020,BEV,Unknown,2,Statewide,92
26905,2022,T6,7,Diesel,2006,ICE,Not Applicable,2,Statewide,92
26906,2022,T6,4,Diesel,2003,ICE,Not Applicable,2,Statewide,92
26907,2022,T6,7,Diesel,1995,ICE,Not Applicable,1,Statewide,92
26908,2022,P,Not Applicable,Diesel,2013,ICE,Not Applicable,2,Statewide,92
26909,2022,P,Not Applicable,Diesel,1983,ICE,Not Applicable,2,Statewide,92
26910,2022,MH,Not Applicable,Diesel,2015,ICE,Not Applicable,3,Statewide,92
26911,2022,MH,Not Applicable,Diesel,2002,ICE,Not Applicable,1,Statewide,92
26912,2022,T1,1,Gasoline,1991,ICE,Not Applicable,1,Statewide,2397
26913,2022,P,Not Applicable,Gasoline,2021,PHEV,0 to 50 miles,3,Statewide,2400
26914,2022,T6,6,Gasoline,1982,ICE,Not Applicable,1,Statewide,91
26915,2022,T1,Unknown,Gasoline,1983,ICE,Not Applicable,1,Statewide,92
26916,2022,T5,3,Gasoline,2015,ICE,Not Applicable,2,Statewide,91
26917,2022,B,Not Applicable,Gasoline,2016,ICE,Not Applicable,1,Statewide,91
26918,2022,B,Not Applicable,Gasoline,2008,ICE,Not Applicable,2,Statewide,91
26919,2022,B,Not Applicable,Gasoline,1978,ICE,Not Applicable,2,Statewide,91
26920,2022,T6,6,Diesel,2000,ICE,Not Applicable,3,Statewide,91
26921,2022,BT,Not Applicable,Diesel,2012,ICE,Not Applicable,1,Statewide,91
26922,2022,B,Not Applicable,Diesel,1995,ICE,Not Applicable,≥4,Statewide,91
26923,2022,MC,Not Applicable,Gasoline,2016,ICE,Not Applicable,2,Statewide,2414
26924,2022,P,Not Applicable,Natural Gas,2013,ICE,Not Applicable,1,Statewide,90
26925,2022,T6,6,Gasoline,1987,ICE,Not Applicable,≥4,Statewide,90
26926,2022,T4,2,Gasoline,1981,ICE,Not Applicable,1,Statewide,90
26927,2022,T2,Unknown,Gasoline,1981,ICE,Not Applicable,≥4,Statewide,90
26928,2022,MH,Not Applicable,Gasoline,2015,ICE,Not Applicable,2,Statewide,91
26929,2022,MH,Not Applicable,Gasoline,1981,ICE,Not Applicable,2,Statewide,90
26930,2022,T1,Unknown,Gasoline,2012,ICE,Not Applicable,1,Statewide,92
26931,2022,BS,Not Applicable,Natural Gas,2004,ICE,Not Applicable,≥4,Statewide,92
26932,2022,T6,4,Diesel,2018,ICE,Not Applicable,1,Statewide,95
26933,2022,T1,1,Diesel,1987,ICE,Not Applicable,3,Statewide,95
26934,2022,B,Not Applicable,Diesel,2001,ICE,Not Applicable,≥4,Statewide,95
26935,2022,T3,2,Gasoline,1982,ICE,Not Applicable,≥4,Statewide,2374
26936,2022,T6,6,Gasoline,1993,ICE,Not Applicable,≥4,Statewide,94
26937,2022,T3,Unknown,Gasoline,2024,ICE,Not Applicable,2,Statewide,94
26938,2022,T3,Unknown,Gasoline,1993,ICE,Not Applicable,≥4,Statewide,94
26939,2022,P,Not Applicable,Electric,2019,BEV,Unknown,≥4,Statewide,94
26940,2022,T6,7,Diesel,2014,ICE,Not Applicable,2,Statewide,94
26941,2022,T6,7,Diesel,2014,ICE,Not Applicable,3,Statewide,94
26942,2022,T5,3,Diesel,1997,ICE,Not Applicable,3,Statewide,94
26943,2022,T3,Unknown,Gasoline,2001,ICE,Not Applicable,2,Statewide,92
26944,2022,T5,3,Diesel,1994,ICE,Not Applicable,3,Statewide,94
26945,2022,BS,Not Applicable,Natural Gas,2018,ICE,Not Applicable,≥4,Statewide,93
26946,2022,T6,4,Gasoline,2002,ICE,Not Applicable,3,Statewide,93
26947,2022,T6,4,Gasoline,2000,ICE,Not Applicable,3,Statewide,93
26948,2022,T1,1,Electric,2019,BEV,101 to 150 miles,3,Statewide,93
26949,2022,T6,Unknown,Diesel,2021,ICE,Not Applicable,≥4,Statewide,93
26950,2022,T6,6,Diesel,2019,ICE,Not Applicable,3,Statewide,93
26951,2022,T3,Unknown,Diesel,2015,ICE,Not Applicable,≥4,Statewide,93
26952,2022,P,Not Applicable,Diesel,2012,ICE,Not Applicable,≥4,Statewide,93
26953,2022,BT,Not Applicable,Diesel,1979,ICE,Not Applicable,1,Statewide,93
26954,2022,P,Not Applicable,Natural Gas,2004,ICE,Not Applicable,≥4,Statewide,92
26955,2022,BS,Not Applicable,Natural Gas,2024,ICE,Not Applicable,≥4,Statewide,92
26956,2022,P,Not Applicable,Diesel,1997,ICE,Not Applicable,≥4,Statewide,94
26957,2022,B,Not Applicable,Gasoline,2010,ICE,Not Applicable,3,Statewide,95
26958,2022,B,Not Applicable,Gasoline,2006,ICE,Not Applicable,2,Statewide,90
26959,2022,T7,8,Diesel,1979,ICE,Not Applicable,1,Statewide,90
26960,2022,T3,2,Natural Gas,2006,ICE,Not Applicable,≥4,Statewide,87
26961,2022,BS,Not Applicable,Natural Gas,2022,ICE,Not Applicable,≥4,Statewide,87
26962,2022,T5,3,Gasoline,1986,ICE,Not Applicable,≥4,Statewide,87
26963,2022,BT,Not Applicable,Gasoline,2023,ICE,Not Applicable,≥4,Statewide,87
26964,2022,P,Not Applicable,Electric,2013,BEV,>150 miles,≥4,Statewide,87
26965,2022,T6,6,Diesel,2015,ICE,Not Applicable,3,Statewide,87
26966,2022,T3,2,Diesel,2020,ICE,Not Applicable,1,Statewide,2456
26967,2022,T3,2,Gasoline,1997,ICE,Not Applicable,1,Statewide,2457
26968,2022,T6,4,Diesel,2011,ICE,Not Applicable,≥4,Statewide,2461
26969,2022,P,Not Applicable,Natural Gas,2013,ICE,Not Applicable,3,Statewide,86
26970,2022,T1,1,Electric,2004,BEV,Unknown,≥4,Statewide,86
26971,2022,MH,Not Applicable,Unknown,2018,ICE,Not Applicable,≥4,Statewide,87
26972,2022,T7,8,Diesel,1999,ICE,Not Applicable,3,Statewide,86
26973,2022,T1,1,Diesel,1987,ICE,Not Applicable,2,Statewide,86
26974,2022,P,Not Applicable,Diesel,1983,ICE,Not Applicable,1,Statewide,86
26975,2022,P,Not Applicable,Natural Gas,2015,ICE,Not Applicable,3,Statewide,85
26976,2022,T6,4,Gasoline,2009,ICE,Not Applicable,2,Statewide,85
26977,2022,T3,Unknown,Gasoline,1980,ICE,Not Applicable,1,Statewide,85
26978,2022,T1,Unknown,Gasoline,1979,ICE,Not Applicable,1,Statewide,85
26979,2022,P,Not Applicable,Gasoline,2024,PHEV,0 to 50 miles,≥4,Statewide,85
26980,2022,BT,Not Applicable,Gasoline,2005,ICE,Not Applicable,≥4,Statewide,85
26981,2022,T7,8,Diesel,1978,ICE,Not Applicable,2,Statewide,85
26982,2022,T1,1,Diesel,1987,ICE,Not Applicable,1,Statewide,85
26983,2022,MH,Not Applicable,Diesel,1998,ICE,Not Applicable,2,Statewide,85
26984,2022,T6,7,Diesel,2001,ICE,Not Applicable,1,Statewide,86
26985,2022,T7,8,Diesel,1994,ICE,Not Applicable,2,Statewide,90
26986,2022,T1,1,Gasoline,1993,ICE,Not Applicable,1,Statewide,2437
26987,2022,T6,6,Diesel,2001,ICE,Not Applicable,2,Statewide,88
26988,2022,T6,7,Diesel,2002,ICE,Not Applicable,1,Statewide,90
26989,2022,T2,1,Diesel,2018,ICE,Not Applicable,3,Statewide,90
26990,2022,T4,2,Gasoline,1996,ICE,Not Applicable,≥4,Statewide,2418
26991,2022,T5,3,Gasoline,1995,ICE,Not Applicable,2,Statewide,89
26992,2022,T4,Unknown,Gasoline,2017,ICE,Not Applicable,≥4,Statewide,89
26993,2022,T4,2,Gasoline,1981,ICE,Not Applicable,3,Statewide,89
26994,2022,T3,Unknown,Gasoline,2000,ICE,Not Applicable,3,Statewide,89
26995,2022,MH,Not Applicable,Gasoline,1986,ICE,Not Applicable,2,Statewide,89
26996,2022,T1,1,Electric,2019,BEV,101 to 150 miles,1,Statewide,89
26997,2022,T7,8,Diesel,1983,ICE,Not Applicable,1,Statewide,89
26998,2022,T6,6,Diesel,2001,ICE,Not Applicable,3,Statewide,89
26999,2022,T5,3,Diesel,1996,ICE,Not Applicable,3,Statewide,88
27000,2022,P,Not Applicable,Diesel,2000,ICE,Not Applicable,3,Statewide,89
27001,2022,BT,Not Applicable,Diesel,2023,ICE,Not Applicable,≥4,Statewide,89
27002,2022,T6,5,Diesel,2016,ICE,Not Applicable,≥4,Statewide,2427
27003,2022,T1,1,Gasoline,1992,ICE,Not Applicable,1,Statewide,2428
27004,2022,P,Not Applicable,Gasoline,2023,PHEV,51 to 100 miles,≥4,Statewide,2433
27005,2022,MC,Not Applicable,Gasoline,2005,ICE,Not Applicable,2,Statewide,2435
27006,2022,P,Not Applicable,Natural Gas,2014,ICE,Not Applicable,1,Statewide,88
27007,2022,T6,7,Gasoline,1995,ICE,Not Applicable,≥4,Statewide,88
27008,2022,T4,Unknown,Gasoline,2023,ICE,Not Applicable,3,Statewide,88
27009,2022,T3,Unknown,Gasoline,1999,ICE,Not Applicable,≥4,Statewide,88
27010,2022,T7,8,Diesel,1981,ICE,Not Applicable,≥4,Statewide,88
27011,2022,T6,7,Diesel,2017,ICE,Not Applicable,3,Statewide,88
27012,2022,MH,Not Applicable,Diesel,2016,ICE,Not Applicable,2,Statewide,89
27013,2022,T2,Unknown,Gasoline,2002,ICE,Not Applicable,3,Statewide,132
27014,2022,B,Not Applicable,Gasoline,2014,ICE,Not Applicable,1,Statewide,95
27015,2022,T5,3,Gasoline,2023,ICE,Not Applicable,3,Statewide,95
27016,2022,T2,Unknown,Gasoline,1989,ICE,Not Applicable,≥4,Statewide,103
27017,2022,T1,Unknown,Gasoline,2012,ICE,Not Applicable,≥4,Statewide,103
27018,2022,T1,1,Electric,2018,BEV,101 to 150 miles,3,Statewide,103
27019,2022,T7,8,Diesel,1993,ICE,Not Applicable,1,Statewide,103
27020,2022,T6,4,Diesel,2003,ICE,Not Applicable,3,Statewide,103
27021,2022,P,Not Applicable,Diesel,2023,ICE,Not Applicable,2,Statewide,103
27022,2022,P,Not Applicable,Diesel,2023,ICE,Not Applicable,3,Statewide,103
27023,2022,P,Not Applicable,Diesel,2005,ICE,Not Applicable,3,Statewide,103
27024,2022,P,Not Applicable,Diesel,2019,ICE,Not Applicable,1,Statewide,2285
27025,2022,T6,6,Diesel,2006,ICE,Not Applicable,≥4,Statewide,2285
27026,2022,T5,3,Gasoline,2021,ICE,Not Applicable,≥4,Statewide,2285
27027,2022,P,Not Applicable,Natural Gas,2013,ICE,Not Applicable,2,Statewide,103
27028,2022,P,Not Applicable,Natural Gas,2014,ICE,Not Applicable,2,Statewide,102
27029,2022,T3,Unknown,Gasoline,1996,ICE,Not Applicable,≥4,Statewide,102
27030,2022,T1,1,Electric,2017,BEV,101 to 150 miles,≥4,Statewide,102
27031,2022,P,Not Applicable,Electric,2015,BEV,Unknown,3,Statewide,102
27032,2022,T6,5,Diesel,2004,ICE,Not Applicable,2,Statewide,102
27033,2022,T3,Unknown,Diesel,2016,ICE,Not Applicable,1,Statewide,102
27034,2022,BT,Not Applicable,Diesel,2005,ICE,Not Applicable,1,Statewide,102
27035,2022,T6,6,Diesel,2013,ICE,Not Applicable,≥4,Statewide,2295
27036,2022,P,Not Applicable,Electric,2019,BEV,51 to 100 miles,2,Statewide,2297
27037,2022,T6,5,Gasoline,2020,ICE,Not Applicable,1,Statewide,101
27038,2022,T4,Unknown,Gasoline,2019,ICE,Not Applicable,2,Statewide,101
27039,2022,MH,Not Applicable,Gasoline,2014,ICE,Not Applicable,3,Statewide,101
27040,2022,T6,6,Gasoline,1979,ICE,Not Applicable,1,Statewide,102
27041,2022,MH,Not Applicable,Gasoline,1980,ICE,Not Applicable,2,Statewide,101
27042,2022,MH,Not Applicable,Diesel,1994,ICE,Not Applicable,≥4,Statewide,104
27043,2022,T3,2,Diesel,2010,ICE,Not Applicable,1,Statewide,104
27044,2022,B,Not Applicable,Gasoline,2009,ICE,Not Applicable,3,Statewide,105
27045,2022,B,Not Applicable,Gasoline,2003,ICE,Not Applicable,≥4,Statewide,105
27046,2022,T7,8,Diesel,1997,ICE,Not Applicable,1,Statewide,105
27047,2022,T6,6,Diesel,2014,ICE,Not Applicable,2,Statewide,105
27048,2022,T6,4,Diesel,2001,ICE,Not Applicable,1,Statewide,105
27049,2022,T6,6,Diesel,2001,ICE,Not Applicable,1,Statewide,105
27050,2022,T6,Unknown,Diesel,1984,ICE,Not Applicable,≥4,Statewide,105
27051,2022,T3,2,Diesel,1990,ICE,Not Applicable,≥4,Statewide,105
27052,2022,T2,Unknown,Diesel,2020,ICE,Not Applicable,2,Statewide,105
27053,2022,MH,Not Applicable,Diesel,2003,ICE,Not Applicable,2,Statewide,105
27054,2022,P,Not Applicable,Electric,2020,BEV,>150 miles,1,Statewide,2266
27055,2022,T2,1,Diesel,2018,ICE,Not Applicable,≥4,Statewide,104
27056,2022,T6,4,Diesel,2012,ICE,Not Applicable,≥4,Statewide,2276
27057,2022,T6,4,Gasoline,2007,ICE,Not Applicable,3,Statewide,104
27058,2022,T3,Unknown,Gasoline,2001,ICE,Not Applicable,1,Statewide,104
27059,2022,T3,Unknown,Gasoline,2000,ICE,Not Applicable,1,Statewide,104
27060,2022,T3,Unknown,Gasoline,1995,ICE,Not Applicable,≥4,Statewide,104
27061,2022,T3,Unknown,Gasoline,1991,ICE,Not Applicable,2,Statewide,104
27062,2022,BS,Not Applicable,Gasoline,2017,ICE,Not Applicable,≥4,Statewide,104
27063,2022,T1,1,Electric,2018,BEV,101 to 150 miles,≥4,Statewide,104
27064,2022,T6,7,Diesel,2022,ICE,Not Applicable,1,Statewide,104
27065,2022,T6,7,Diesel,2008,ICE,Not Applicable,1,Statewide,104
27066,2022,T5,3,Diesel,1995,ICE,Not Applicable,2,Statewide,104
27067,2022,T5,3,Diesel,1994,ICE,Not Applicable,1,Statewide,104
27068,2022,BT,Not Applicable,Natural Gas,2002,ICE,Not Applicable,≥4,Statewide,104
27069,2022,T3,Unknown,Gasoline,1980,ICE,Not Applicable,2,Statewide,95
27070,2022,T7,8,Diesel,1979,ICE,Not Applicable,≥4,Statewide,101
27071,2022,BT,Not Applicable,Diesel,1999,ICE,Not Applicable,≥4,Statewide,101
27072,2022,T2,Unknown,Diesel,2019,ICE,Not Applicable,3,Statewide,98
27073,2022,T2,1,Diesel,2018,ICE,Not Applicable,2,Statewide,98
27074,2022,T4,2,Gasoline,2014,ICE,Not Applicable,≥4,Statewide,2345
27075,2022,P,Not Applicable,Electric,2022,BEV,101 to 150 miles,1,Statewide,2348
27076,2022,T6,4,Gasoline,2021,ICE,Not Applicable,1,Statewide,97
27077,2022,T6,7,Diesel,2010,ICE,Not Applicable,2,Statewide,97
27078,2022,P,Not Applicable,Diesel,2000,ICE,Not Applicable,2,Statewide,97
27079,2022,P,Not Applicable,Diesel,1995,ICE,Not Applicable,≥4,Statewide,97
27080,2022,MH,Not Applicable,Diesel,2023,ICE,Not Applicable,2,Statewide,97
27081,2022,T6,4,Diesel,2013,ICE,Not Applicable,≥4,Statewide,2351
27082,2022,T5,3,Diesel,2006,ICE,Not Applicable,≥4,Statewide,2353
27083,2022,T2,Unknown,Diesel,2020,ICE,Not Applicable,3,Statewide,98
27084,2022,MC,Not Applicable,Gasoline,2004,ICE,Not Applicable,3,Statewide,2359
27085,2022,T6,6,Gasoline,1999,ICE,Not Applicable,≥4,Statewide,96
27086,2022,T5,3,Gasoline,1995,ICE,Not Applicable,3,Statewide,96
27087,2022,T7,8,Diesel,1999,ICE,Not Applicable,2,Statewide,96
27088,2022,T7,8,Diesel,1996,ICE,Not Applicable,1,Statewide,96
27089,2022,T5,3,Diesel,1997,ICE,Not Applicable,2,Statewide,96
27090,2022,MH,Not Applicable,Diesel,2014,ICE,Not Applicable,3,Statewide,96
27091,2022,MH,Not Applicable,Diesel,1999,ICE,Not Applicable,1,Statewide,96
27092,2022,BT,Not Applicable,Diesel,2020,ICE,Not Applicable,1,Statewide,96
27093,2022,T5,3,Diesel,2018,ICE,Not Applicable,≥4,Statewide,2365
27094,2022,T4,2,Diesel,2023,ICE,Not Applicable,2,Statewide,2367
27095,2022,T6,4,Gasoline,2008,ICE,Not Applicable,2,Statewide,95
27096,2022,P,Not Applicable,Electric,2022,BEV,51 to 100 miles,3,Statewide,2363
27097,2022,T3,2,Diesel,2013,ICE,Not Applicable,1,Statewide,101
27098,2022,T4,2,Diesel,1988,ICE,Not Applicable,1,Statewide,98
27099,2022,T6,7,Diesel,2017,ICE,Not Applicable,2,Statewide,98
27100,2022,T3,Unknown,Gasoline,1991,ICE,Not Applicable,1,Statewide,100
27101,2022,T2,Unknown,Gasoline,1998,ICE,Not Applicable,≥4,Statewide,100
27102,2022,B,Not Applicable,Gasoline,2008,ICE,Not Applicable,3,Statewide,100
27103,2022,MC,Not Applicable,Electric,2021,BEV,Unknown,≥4,Statewide,100
27104,2022,T7,8,Diesel,1990,ICE,Not Applicable,1,Statewide,100
27105,2022,T6,6,Diesel,2014,ICE,Not Applicable,3,Statewide,100
27106,2022,T6,7,Diesel,2013,ICE,Not Applicable,3,Statewide,100
27107,2022,T6,7,Diesel,2005,ICE,Not Applicable,2,Statewide,100
27108,2022,T3,Unknown,Diesel,2014,ICE,Not Applicable,≥4,Statewide,100
27109,2022,MH,Not Applicable,Diesel,1995,ICE,Not Applicable,≥4,Statewide,100
27110,2022,P,Not Applicable,Electric,2020,BEV,>150 miles,2,Statewide,2312
27111,2022,T6,6,Diesel,2002,ICE,Not Applicable,2,Statewide,98
27112,2022,BT,Not Applicable,Natural Gas,2023,ICE,Not Applicable,≥4,Statewide,99
27113,2022,T5,3,Gasoline,1995,ICE,Not Applicable,1,Statewide,99
27114,2022,T2,Unknown,Gasoline,1999,ICE,Not Applicable,3,Statewide,99
27115,2022,B,Not Applicable,Gasoline,2022,ICE,Not Applicable,1,Statewide,99
27116,2022,P,Not Applicable,Electric,2020,BEV,Unknown,1,Statewide,99
27117,2022,BT,Not Applicable,Diesel,1998,ICE,Not Applicable,≥4,Statewide,99
27118,2022,T4,2,Gasoline,2020,ICE,Not Applicable,1,Statewide,2323
27119,2022,P,Not Applicable,Natural Gas,2011,ICE,Not Applicable,≥4,Statewide,98
27120,2022,T5,3,Gasoline,2015,ICE,Not Applicable,1,Statewide,98
27121,2022,T3,Unknown,Gasoline,2000,ICE,Not Applicable,2,Statewide,98
27122,2022,T3,Unknown,Gasoline,1997,ICE,Not Applicable,≥4,Statewide,98
27123,2022,T1,Unknown,Gasoline,2008,ICE,Not Applicable,2,Statewide,98
27124,2022,T6,6,Gasoline,1998,ICE,Not Applicable,≥4,Statewide,99
27125,2022,T3,2,Gasoline,1986,ICE,Not Applicable,2,Statewide,132
27126,2022,T3,Unknown,Gasoline,2000,ICE,Not Applicable,≥4,Statewide,132
27127,2022,P,Not Applicable,Natural Gas,2005,ICE,Not Applicable,≥4,Statewide,132
27128,2022,P,Not Applicable,Electric,2019,BEV,>150 miles,≥4,Statewide,1903
27129,2022,T3,Unknown,Gasoline,2002,ICE,Not Applicable,2,Statewide,173
27130,2022,MH,Not Applicable,Gasoline,2017,ICE,Not Applicable,2,Statewide,173
27131,2022,T6,4,Diesel,1998,ICE,Not Applicable,≥4,Statewide,173
27132,2022,P,Not Applicable,Diesel,2009,ICE,Not Applicable,2,Statewide,173
27133,2022,T3,2,Gasoline,1996,ICE,Not Applicable,2,Statewide,1905
27134,2022,T6,5,Gasoline,2006,ICE,Not Applicable,≥4,Statewide,172
27135,2022,MC,Not Applicable,Gasoline,1981,ICE,Not Applicable,1,Statewide,172
27136,2022,T6,4,Diesel,2007,ICE,Not Applicable,2,Statewide,172
27137,2022,MH,Not Applicable,Diesel,2007,ICE,Not Applicable,2,Statewide,172
27138,2022,BT,Not Applicable,Diesel,1996,ICE,Not Applicable,≥4,Statewide,172
27139,2022,T3,2,Diesel,2011,ICE,Not Applicable,3,Statewide,174
27140,2022,BS,Not Applicable,Diesel,1992,ICE,Not Applicable,≥4,Statewide,172
27141,2022,T4,2,Gasoline,1985,ICE,Not Applicable,3,Statewide,171
27142,2022,T3,Unknown,Gasoline,1992,ICE,Not Applicable,≥4,Statewide,171
27143,2022,MH,Not Applicable,Gasoline,1984,ICE,Not Applicable,1,Statewide,171
27144,2022,T6,6,Diesel,1994,ICE,Not Applicable,≥4,Statewide,171
27145,2022,P,Not Applicable,Diesel,2023,ICE,Not Applicable,1,Statewide,171
27146,2022,T6,5,Gasoline,2005,ICE,Not Applicable,≥4,Statewide,170
27147,2022,T5,3,Gasoline,2000,ICE,Not Applicable,3,Statewide,170
27148,2022,T7,8,Diesel,2024,ICE,Not Applicable,3,Statewide,170
27149,2022,T2,Unknown,Diesel,2018,ICE,Not Applicable,1,Statewide,170
27150,2022,P,Not Applicable,Diesel,1984,ICE,Not Applicable,3,Statewide,170
27151,2022,P,Not Applicable,Hydrogen,2023,FCEV,>150 miles,2,Statewide,169
27152,2022,T7,8,Natural Gas,2009,ICE,Not Applicable,≥4,Statewide,171
27153,2022,T4,2,Gasoline,1979,ICE,Not Applicable,1,Statewide,169
27154,2022,T6,6,Diesel,2004,ICE,Not Applicable,2,Statewide,174
27155,2022,P,Not Applicable,Gasoline,1989,ICE,Not Applicable,1,Statewide,1896
27156,2022,T6,6,Diesel,2007,ICE,Not Applicable,2,Statewide,179
27157,2022,T6,5,Diesel,2004,ICE,Not Applicable,1,Statewide,179
27158,2022,P,Not Applicable,Electric,2019,BEV,>150 miles,2,Statewide,1885
27159,2022,MH,Not Applicable,Gasoline,1988,ICE,Not Applicable,1,Statewide,178
27160,2022,MH,Not Applicable,Gasoline,1983,ICE,Not Applicable,3,Statewide,178
27161,2022,T6,5,Diesel,2023,ICE,Not Applicable,2,Statewide,178
27162,2022,T6,6,Diesel,2013,ICE,Not Applicable,3,Statewide,178
27163,2022,P,Not Applicable,Electric,2018,BEV,101 to 150 miles,≥4,Statewide,1888
27164,2022,T4,2,Gasoline,1984,ICE,Not Applicable,3,Statewide,177
27165,2022,P,Not Applicable,Gasoline,2016,PHEV,0 to 50 miles,3,Statewide,177
27166,2022,MH,Not Applicable,Gasoline,1982,ICE,Not Applicable,1,Statewide,177
27167,2022,T4,2,Gasoline,2001,ICE,Not Applicable,2,Statewide,1897
27168,2022,T6,7,Diesel,2017,ICE,Not Applicable,1,Statewide,177
27169,2022,T6,7,Diesel,1985,ICE,Not Applicable,≥4,Statewide,177
27170,2022,T5,3,Diesel,2000,ICE,Not Applicable,1,Statewide,177
27171,2022,T4,Unknown,Diesel,2022,ICE,Not Applicable,2,Statewide,177
27172,2022,T2,Unknown,Diesel,2018,ICE,Not Applicable,2,Statewide,177
27173,2022,P,Not Applicable,Diesel,1983,ICE,Not Applicable,≥4,Statewide,177
27174,2022,MH,Not Applicable,Diesel,2007,ICE,Not Applicable,1,Statewide,177
27175,2022,T4,2,Gasoline,2015,ICE,Not Applicable,≥4,Statewide,1890
27176,2022,T7,8,Diesel,2003,ICE,Not Applicable,≥4,Statewide,1892
27177,2022,T5,3,Gasoline,1999,ICE,Not Applicable,3,Statewide,175
27178,2022,T4,2,Gasoline,1988,ICE,Not Applicable,3,Statewide,175
27179,2022,T6,6,Diesel,2008,ICE,Not Applicable,2,Statewide,175
27180,2022,T6,7,Diesel,2014,ICE,Not Applicable,1,Statewide,177
27181,2022,MH,Not Applicable,Gasoline,2017,ICE,Not Applicable,1,Statewide,179
27182,2022,T2,Unknown,Gasoline,1983,ICE,Not Applicable,≥4,Statewide,169
27183,2022,P,Not Applicable,Diesel,1984,ICE,Not Applicable,1,Statewide,169
27184,2022,T6,5,Diesel,2008,ICE,Not Applicable,3,Statewide,165
27185,2022,T6,6,Diesel,1992,ICE,Not Applicable,≥4,Statewide,165
27186,2022,MH,Not Applicable,Diesel,2019,ICE,Not Applicable,2,Statewide,165
27187,2022,P,Not Applicable,Electric,2019,BEV,51 to 100 miles,1,Statewide,1927
27188,2022,P,Not Applicable,Hydrogen,2023,FCEV,>150 miles,≥4,Statewide,164
27189,2022,T3,2,Gasoline,1987,ICE,Not Applicable,3,Statewide,164
27190,2022,MH,Not Applicable,Gasoline,2014,ICE,Not Applicable,≥4,Statewide,164
27191,2022,B,Not Applicable,Gasoline,2013,ICE,Not Applicable,1,Statewide,164
27192,2022,P,Not Applicable,Electric,2015,BEV,Unknown,≥4,Statewide,164
27193,2022,T7,8,Diesel,1981,ICE,Not Applicable,1,Statewide,164
27194,2022,T6,6,Gasoline,2006,ICE,Not Applicable,≥4,Statewide,163
27195,2022,T6,6,Diesel,2015,ICE,Not Applicable,1,Statewide,165
27196,2022,T6,6,Gasoline,1990,ICE,Not Applicable,≥4,Statewide,163
27197,2022,T2,Unknown,Gasoline,1984,ICE,Not Applicable,≥4,Statewide,163
27198,2022,T7,8,Diesel,2007,ICE,Not Applicable,2,Statewide,163
27199,2022,T7,8,Diesel,2002,ICE,Not Applicable,2,Statewide,163
27200,2022,T6,5,Diesel,2005,ICE,Not Applicable,2,Statewide,163
27201,2022,T4,2,Diesel,1992,ICE,Not Applicable,2,Statewide,163
27202,2022,T4,2,Gasoline,1987,ICE,Not Applicable,1,Statewide,162
27203,2022,T4,2,Gasoline,1983,ICE,Not Applicable,3,Statewide,162
27204,2022,MC,Not Applicable,Gasoline,2024,ICE,Not Applicable,2,Statewide,162
27205,2022,P,Not Applicable,Electric,2018,BEV,Unknown,≥4,Statewide,162
27206,2022,T7,8,Diesel,2008,ICE,Not Applicable,3,Statewide,162
27207,2022,T6,4,Diesel,2002,ICE,Not Applicable,3,Statewide,162
27208,2022,T6,6,Gasoline,1985,ICE,Not Applicable,≥4,Statewide,163
27209,2022,T6,4,Diesel,2007,ICE,Not Applicable,3,Statewide,169
27210,2022,T6,6,Diesel,2023,ICE,Not Applicable,3,Statewide,165
27211,2022,BS,Not Applicable,Natural Gas,2023,ICE,Not Applicable,≥4,Statewide,165
27212,2022,T5,3,Gasoline,2017,ICE,Not Applicable,3,Statewide,168
27213,2022,T2,Unknown,Gasoline,2021,ICE,Not Applicable,3,Statewide,168
27214,2022,T7,8,Diesel,2003,ICE,Not Applicable,2,Statewide,168
27215,2022,T6,6,Diesel,2020,ICE,Not Applicable,2,Statewide,168
27216,2022,T4,2,Diesel,1992,ICE,Not Applicable,1,Statewide,168
27217,2022,MH,Not Applicable,Diesel,2002,ICE,Not Applicable,3,Statewide,168
27218,2022,BT,Not Applicable,Natural Gas,2000,ICE,Not Applicable,≥4,Statewide,167
27219,2022,T4,2,Gasoline,1984,ICE,Not Applicable,1,Statewide,167
27220,2022,T4,2,Gasoline,1980,ICE,Not Applicable,1,Statewide,167
27221,2022,T3,Unknown,Gasoline,1979,ICE,Not Applicable,3,Statewide,167
27222,2022,MH,Not Applicable,Gasoline,1987,ICE,Not Applicable,1,Statewide,167
27223,2022,T6,6,Gasoline,1991,ICE,Not Applicable,≥4,Statewide,165
27224,2022,T6,7,Diesel,2020,ICE,Not Applicable,1,Statewide,167
27225,2022,T5,3,Diesel,2003,ICE,Not Applicable,1,Statewide,167
27226,2022,MH,Not Applicable,Diesel,2005,ICE,Not Applicable,1,Statewide,167
27227,2022,T2,1,Gasoline,1993,ICE,Not Applicable,3,Statewide,1922
27228,2022,MC,Not Applicable,Gasoline,1978,ICE,Not Applicable,2,Statewide,1923
27229,2022,T5,3,Gasoline,2016,ICE,Not Applicable,2,Statewide,166
27230,2022,T5,3,Gasoline,2001,ICE,Not Applicable,3,Statewide,166
27231,2022,T4,2,Gasoline,1986,ICE,Not Applicable,1,Statewide,166
27232,2022,T7,8,Diesel,1983,ICE,Not Applicable,≥4,Statewide,166
27233,2022,T3,2,Diesel,2011,ICE,Not Applicable,2,Statewide,166
27234,2022,BS,Not Applicable,Diesel,1991,ICE,Not Applicable,≥4,Statewide,166
27235,2022,BT,Not Applicable,Natural Gas,2015,ICE,Not Applicable,≥4,Statewide,165
27236,2022,T6,6,Diesel,2018,ICE,Not Applicable,3,Statewide,167
27237,2022,T5,3,Diesel,2000,ICE,Not Applicable,2,Statewide,162
27238,2022,T6,5,Gasoline,2004,ICE,Not Applicable,≥4,Statewide,179
27239,2022,T3,Unknown,Diesel,2018,ICE,Not Applicable,1,Statewide,180
27240,2022,T6,7,Diesel,2013,ICE,Not Applicable,1,Statewide,196
27241,2022,T5,3,Diesel,2003,ICE,Not Applicable,3,Statewide,196
27242,2022,T2,Unknown,Diesel,2021,ICE,Not Applicable,3,Statewide,196
27243,2022,P,Not Applicable,Diesel,1985,ICE,Not Applicable,2,Statewide,196
27244,2022,BT,Not Applicable,Diesel,2006,ICE,Not Applicable,≥4,Statewide,196
27245,2022,T6,4,Gasoline,2015,ICE,Not Applicable,≥4,Statewide,195
27246,2022,T1,Unknown,Gasoline,1982,ICE,Not Applicable,≥4,Statewide,195
27247,2022,T1,1,Gasoline,1982,ICE,Not Applicable,2,Statewide,195
27248,2022,MH,Not Applicable,Gasoline,1983,ICE,Not Applicable,2,Statewide,195
27249,2022,T7,8,Diesel,2006,ICE,Not Applicable,2,Statewide,195
27250,2022,T4,2,Diesel,1989,ICE,Not Applicable,2,Statewide,195
27251,2022,T3,Unknown,Gasoline,2002,ICE,Not Applicable,1,Statewide,196
27252,2022,T2,Unknown,Diesel,2023,ICE,Not Applicable,3,Statewide,195
27253,2022,T6,5,Diesel,2013,ICE,Not Applicable,3,Statewide,194
27254,2022,P,Not Applicable,Diesel,1985,ICE,Not Applicable,1,Statewide,194
27255,2022,P,Not Applicable,Diesel,1984,ICE,Not Applicable,2,Statewide,194
27256,2022,MH,Not Applicable,Diesel,2008,ICE,Not Applicable,1,Statewide,194
27257,2022,B,Not Applicable,Diesel,2014,ICE,Not Applicable,≥4,Statewide,194
27258,2022,T5,3,Gasoline,2017,ICE,Not Applicable,2,Statewide,193
27259,2022,T4,Unknown,Gasoline,2022,PHEV,0 to 50 miles,2,Statewide,193
27260,2022,T7,8,Diesel,2011,ICE,Not Applicable,3,Statewide,193
27261,2022,T6,5,Diesel,2010,ICE,Not Applicable,2,Statewide,193
27262,2022,T6,5,Diesel,2006,ICE,Not Applicable,1,Statewide,193
27263,2022,T4,Unknown,Diesel,2022,ICE,Not Applicable,≥4,Statewide,193
27264,2022,T2,1,Gasoline,1993,ICE,Not Applicable,1,Statewide,1830
27265,2022,T3,2,Gasoline,1988,ICE,Not Applicable,1,Statewide,192
27266,2022,T5,3,Gasoline,2001,ICE,Not Applicable,1,Statewide,196
27267,2022,T3,Unknown,Gasoline,2017,ICE,Not Applicable,≥4,Statewide,1823
27268,2022,T1,1,Gasoline,1985,ICE,Not Applicable,2,Statewide,201
27269,2022,MH,Not Applicable,Gasoline,1983,ICE,Not Applicable,1,Statewide,201
27270,2022,T6,6,Diesel,2023,ICE,Not Applicable,2,Statewide,201
27271,2022,T6,5,Diesel,2017,ICE,Not Applicable,2,Statewide,201
27272,2022,T3,Unknown,Diesel,2018,ICE,Not Applicable,3,Statewide,201
27273,2022,P,Not Applicable,Diesel,1991,ICE,Not Applicable,≥4,Statewide,201
27274,2022,T2,Unknown,Gasoline,2012,ICE,Not Applicable,2,Statewide,1806
27275,2022,T3,Unknown,Gasoline,2003,ICE,Not Applicable,2,Statewide,200
27276,2022,T6,6,Diesel,2022,ICE,Not Applicable,3,Statewide,200
27277,2022,T6,5,Diesel,2009,ICE,Not Applicable,3,Statewide,200
27278,2022,T6,4,Diesel,1995,ICE,Not Applicable,≥4,Statewide,200
27279,2022,P,Not Applicable,Natural Gas,2013,ICE,Not Applicable,≥4,Statewide,196
27280,2022,T3,2,Diesel,1988,ICE,Not Applicable,≥4,Statewide,200
27281,2022,T6,6,Diesel,2022,ICE,Not Applicable,2,Statewide,199
27282,2022,T1,1,Diesel,1987,ICE,Not Applicable,≥4,Statewide,199
27283,2022,MH,Not Applicable,Gasoline,2000,ICE,Not Applicable,≥4,Statewide,1809
27284,2022,T2,1,Gasoline,1990,ICE,Not Applicable,≥4,Statewide,1810
27285,2022,T5,3,Gasoline,2012,ICE,Not Applicable,≥4,Statewide,1814
27286,2022,T3,2,Gasoline,1995,ICE,Not Applicable,3,Statewide,1816
27287,2022,T5,3,Gasoline,2017,ICE,Not Applicable,≥4,Statewide,1816
27288,2022,T3,2,Gasoline,1988,ICE,Not Applicable,2,Statewide,198
27289,2022,T1,1,Gasoline,1981,ICE,Not Applicable,3,Statewide,197
27290,2022,MH,Not Applicable,Gasoline,1979,ICE,Not Applicable,≥4,Statewide,197
27291,2022,T6,5,Diesel,2019,ICE,Not Applicable,3,Statewide,197
27292,2022,BT,Not Applicable,Diesel,1986,ICE,Not Applicable,≥4,Statewide,200
27293,2022,T6,6,Gasoline,2012,ICE,Not Applicable,≥4,Statewide,179
27294,2022,T2,1,Gasoline,1982,ICE,Not Applicable,3,Statewide,192
27295,2022,T2,1,Diesel,2022,ICE,Not Applicable,3,Statewide,192
27296,2022,P,Not Applicable,Electric,2014,BEV,Unknown,≥4,Statewide,186
27297,2022,T6,5,Diesel,2005,ICE,Not Applicable,1,Statewide,186
27298,2022,T6,4,Diesel,1997,ICE,Not Applicable,≥4,Statewide,186
27299,2022,BS,Not Applicable,Natural Gas,2017,ICE,Not Applicable,≥4,Statewide,185
27300,2022,B,Not Applicable,Gasoline,2009,ICE,Not Applicable,1,Statewide,185
27301,2022,MH,Not Applicable,Diesel,2003,ICE,Not Applicable,3,Statewide,185
27302,2022,BS,Not Applicable,Diesel,1993,ICE,Not Applicable,≥4,Statewide,185
27303,2022,MC,Not Applicable,Gasoline,2015,ICE,Not Applicable,1,Statewide,1862
27304,2022,BT,Not Applicable,Natural Gas,2022,ICE,Not Applicable,≥4,Statewide,184
27305,2022,T6,6,Gasoline,1981,ICE,Not Applicable,≥4,Statewide,184
27306,2022,BT,Not Applicable,Gasoline,2014,ICE,Not Applicable,≥4,Statewide,184
27307,2022,MH,Not Applicable,Gasoline,2012,ICE,Not Applicable,≥4,Statewide,1854
27308,2022,T5,3,Diesel,2007,ICE,Not Applicable,≥4,Statewide,1870
27309,2022,T6,6,Diesel,2014,ICE,Not Applicable,1,Statewide,183
27310,2022,BT,Not Applicable,Gasoline,2011,ICE,Not Applicable,≥4,Statewide,182
27311,2022,T4,2,Gasoline,1978,ICE,Not Applicable,1,Statewide,1879
27312,2022,T7,8,Natural Gas,2024,ICE,Not Applicable,≥4,Statewide,181
27313,2022,T1,Unknown,Gasoline,1984,ICE,Not Applicable,≥4,Statewide,181
27314,2022,T6,4,Diesel,2008,ICE,Not Applicable,3,Statewide,181
27315,2022,T3,Unknown,Diesel,2019,ICE,Not Applicable,2,Statewide,181
27316,2022,P,Not Applicable,Diesel,2002,ICE,Not Applicable,≥4,Statewide,181
27317,2022,T4,2,Gasoline,2013,ICE,Not Applicable,1,Statewide,1880
27318,2022,T2,1,Gasoline,1982,ICE,Not Applicable,2,Statewide,180
27319,2022,T1,Unknown,Electric,2007,BEV,Unknown,≥4,Statewide,180
27320,2022,T6,7,Gasoline,1978,ICE,Not Applicable,1,Statewide,183
27321,2022,T3,Unknown,Diesel,2017,ICE,Not Applicable,1,Statewide,192
27322,2022,MH,Not Applicable,Diesel,2008,ICE,Not Applicable,2,Statewide,187
27323,2022,T6,5,Diesel,2013,ICE,Not Applicable,2,Statewide,187
27324,2022,P,Not Applicable,Diesel,2009,ICE,Not Applicable,1,Statewide,192
27325,2022,MH,Not Applicable,Diesel,2020,ICE,Not Applicable,1,Statewide,192
27326,2022,T3,2,Gasoline,1995,ICE,Not Applicable,2,Statewide,1840
27327,2022,T3,Unknown,Diesel,2019,ICE,Not Applicable,≥4,Statewide,191
27328,2022,T4,2,Diesel,2019,ICE,Not Applicable,3,Statewide,1843
27329,2022,BS,Not Applicable,Gasoline,1978,ICE,Not Applicable,2,Statewide,190
27330,2022,T6,5,Diesel,2003,ICE,Not Applicable,≥4,Statewide,190
27331,2022,P,Not Applicable,Natural Gas,2009,ICE,Not Applicable,≥4,Statewide,189
27332,2022,T5,3,Gasoline,2001,ICE,Not Applicable,2,Statewide,189
27333,2022,T6,5,Diesel,2017,ICE,Not Applicable,3,Statewide,189
27334,2022,T6,4,Diesel,2006,ICE,Not Applicable,2,Statewide,189
27335,2022,T4,2,Diesel,1992,ICE,Not Applicable,3,Statewide,187
27336,2022,T4,2,Diesel,1987,ICE,Not Applicable,≥4,Statewide,189
27337,2022,T3,2,Diesel,1987,ICE,Not Applicable,≥4,Statewide,189
27338,2022,MH,Not Applicable,Diesel,2005,ICE,Not Applicable,2,Statewide,189
27339,2022,T6,5,Diesel,2010,ICE,Not Applicable,≥4,Statewide,1849
27340,2022,T7,8,Diesel,2017,ICE,Not Applicable,1,Statewide,1849
27341,2022,T6,7,Gasoline,2014,ICE,Not Applicable,≥4,Statewide,188
27342,2022,T6,5,Diesel,2009,ICE,Not Applicable,2,Statewide,188
27343,2022,T6,6,Gasoline,2018,ICE,Not Applicable,1,Statewide,187
27344,2022,T6,4,Gasoline,2005,ICE,Not Applicable,3,Statewide,187
27345,2022,T4,2,Gasoline,1983,ICE,Not Applicable,1,Statewide,187
27346,2022,MH,Not Applicable,Gasoline,2015,ICE,Not Applicable,3,Statewide,187
27347,2022,T3,Unknown,Electric,2007,BEV,Unknown,≥4,Statewide,187
27348,2022,T3,2,Diesel,2012,ICE,Not Applicable,3,Statewide,189
27349,2022,MH,Not Applicable,Diesel,1978,ICE,Not Applicable,≥4,Statewide,85
27350,2022,T3,Unknown,Diesel,2017,ICE,Not Applicable,3,Statewide,162
27351,2022,P,Not Applicable,Gasoline,2017,PHEV,0 to 50 miles,3,Statewide,1946
27352,2022,T3,Unknown,Gasoline,2003,ICE,Not Applicable,3,Statewide,142
27353,2022,T2,Unknown,Gasoline,2001,ICE,Not Applicable,≥4,Statewide,142
27354,2022,B,Not Applicable,Gasoline,2013,ICE,Not Applicable,2,Statewide,142
27355,2022,T7,8,Diesel,2009,ICE,Not Applicable,2,Statewide,142
27356,2022,T3,2,Diesel,2020,ICE,Not Applicable,3,Statewide,2053
27357,2022,T6,4,Gasoline,2012,ICE,Not Applicable,1,Statewide,141
27358,2022,T6,4,Gasoline,1993,ICE,Not Applicable,≥4,Statewide,141
27359,2022,T6,6,Diesel,2021,ICE,Not Applicable,2,Statewide,141
27360,2022,T6,5,Diesel,2006,ICE,Not Applicable,3,Statewide,141
27361,2022,T6,4,Diesel,1996,ICE,Not Applicable,≥4,Statewide,141
27362,2022,T4,2,Gasoline,1978,ICE,Not Applicable,3,Statewide,2056
27363,2022,T4,2,Gasoline,1979,ICE,Not Applicable,2,Statewide,142
27364,2022,T6,7,Gasoline,2013,ICE,Not Applicable,≥4,Statewide,140
27365,2022,B,Not Applicable,Gasoline,1978,ICE,Not Applicable,3,Statewide,140
27366,2022,T3,2,Diesel,2014,ICE,Not Applicable,2,Statewide,140
27367,2022,B,Not Applicable,Diesel,2010,ICE,Not Applicable,≥4,Statewide,140
27368,2022,T6,4,Gasoline,2007,ICE,Not Applicable,1,Statewide,139
27369,2022,T6,4,Gasoline,2006,ICE,Not Applicable,3,Statewide,139
27370,2022,T3,Unknown,Gasoline,1981,ICE,Not Applicable,≥4,Statewide,139
27371,2022,T6,4,Diesel,2022,ICE,Not Applicable,1,Statewide,139
27372,2022,T4,2,Diesel,1993,ICE,Not Applicable,2,Statewide,139
27373,2022,T3,Unknown,Diesel,2016,ICE,Not Applicable,≥4,Statewide,139
27374,2022,T6,6,Gasoline,1995,ICE,Not Applicable,≥4,Statewide,138
27375,2022,T6,7,Diesel,2021,ICE,Not Applicable,1,Statewide,138
27376,2022,T2,1,Gasoline,1982,ICE,Not Applicable,1,Statewide,140
27377,2022,T6,7,Diesel,2011,ICE,Not Applicable,1,Statewide,138
27378,2022,T6,4,Gasoline,2004,ICE,Not Applicable,3,Statewide,142
27379,2022,T6,5,Diesel,2006,ICE,Not Applicable,2,Statewide,143
27380,2022,B,Not Applicable,Gasoline,2008,ICE,Not Applicable,1,Statewide,146
27381,2022,T7,8,Diesel,2002,ICE,Not Applicable,3,Statewide,146
27382,2022,BT,Not Applicable,Natural Gas,2007,ICE,Not Applicable,≥4,Statewide,145
27383,2022,T2,Unknown,Gasoline,2000,ICE,Not Applicable,1,Statewide,145
27384,2022,T6,6,Diesel,2016,ICE,Not Applicable,2,Statewide,145
27385,2022,T3,2,Diesel,2012,ICE,Not Applicable,1,Statewide,145
27386,2022,MH,Not Applicable,Diesel,2006,ICE,Not Applicable,1,Statewide,145
27387,2022,MH,Not Applicable,Gasoline,2021,ICE,Not Applicable,≥4,Statewide,2029
27388,2022,T5,3,Gasoline,2008,ICE,Not Applicable,≥4,Statewide,2036
27389,2022,T6,6,Gasoline,1986,ICE,Not Applicable,≥4,Statewide,144
27390,2022,T5,3,Gasoline,2018,ICE,Not Applicable,3,Statewide,144
27391,2022,T3,2,Gasoline,1978,ICE,Not Applicable,2,Statewide,2051
27392,2022,T4,2,Gasoline,1980,ICE,Not Applicable,2,Statewide,144
27393,2022,T2,Unknown,Gasoline,2024,ICE,Not Applicable,3,Statewide,144
27394,2022,MH,Not Applicable,Gasoline,1980,ICE,Not Applicable,1,Statewide,144
27395,2022,MH,Not Applicable,Diesel,2004,ICE,Not Applicable,2,Statewide,144
27396,2022,BT,Not Applicable,Diesel,2004,ICE,Not Applicable,≥4,Statewide,144
27397,2022,MC,Not Applicable,Gasoline,1987,ICE,Not Applicable,≥4,Statewide,2047
27398,2022,T6,6,Gasoline,2001,ICE,Not Applicable,≥4,Statewide,143
27399,2022,T5,3,Gasoline,1999,ICE,Not Applicable,2,Statewide,143
27400,2022,T4,2,Gasoline,1988,ICE,Not Applicable,1,Statewide,143
27401,2022,P,Not Applicable,Electric,2021,BEV,Unknown,1,Statewide,143
27402,2022,T6,5,Diesel,2023,ICE,Not Applicable,3,Statewide,143
27403,2022,T6,4,Diesel,2019,ICE,Not Applicable,1,Statewide,143
27404,2022,T3,Unknown,Gasoline,2023,PHEV,0 to 50 miles,1,Statewide,144
27405,2022,T6,6,Gasoline,2011,ICE,Not Applicable,≥4,Statewide,146
27406,2022,T6,7,Diesel,2000,ICE,Not Applicable,1,Statewide,138
27407,2022,MC,Not Applicable,Gasoline,1994,ICE,Not Applicable,≥4,Statewide,2072
27408,2022,P,Not Applicable,Natural Gas,2006,ICE,Not Applicable,≥4,Statewide,134
27409,2022,BS,Not Applicable,Natural Gas,2005,ICE,Not Applicable,≥4,Statewide,134
27410,2022,T6,6,Gasoline,2007,ICE,Not Applicable,≥4,Statewide,134
27411,2022,T6,7,Gasoline,1985,ICE,Not Applicable,≥4,Statewide,134
27412,2022,T3,Unknown,Gasoline,2024,ICE,Not Applicable,1,Statewide,134
27413,2022,T2,Unknown,Gasoline,2002,ICE,Not Applicable,2,Statewide,134
27414,2022,MH,Not Applicable,Gasoline,1981,ICE,Not Applicable,1,Statewide,134
27415,2022,T7,8,Diesel,2008,ICE,Not Applicable,2,Statewide,134
27416,2022,T6,6,Diesel,2002,ICE,Not Applicable,1,Statewide,134
27417,2022,T3,2,Diesel,2011,ICE,Not Applicable,1,Statewide,134
27418,2022,MH,Not Applicable,Diesel,2016,ICE,Not Applicable,3,Statewide,134
27419,2022,T4,2,Diesel,2005,ICE,Not Applicable,1,Statewide,2084
27420,2022,T4,2,Diesel,2019,ICE,Not Applicable,2,Statewide,2085
27421,2022,T3,Unknown,Gasoline,2023,PHEV,0 to 50 miles,2,Statewide,133
27422,2022,T2,Unknown,Gasoline,2000,ICE,Not Applicable,3,Statewide,133
27423,2022,MH,Not Applicable,Gasoline,1984,ICE,Not Applicable,3,Statewide,133
27424,2022,T6,6,Diesel,2020,ICE,Not Applicable,3,Statewide,133
27425,2022,T6,5,Diesel,2018,ICE,Not Applicable,2,Statewide,133
27426,2022,T6,5,Diesel,2016,ICE,Not Applicable,3,Statewide,133
27427,2022,P,Not Applicable,Diesel,2004,ICE,Not Applicable,3,Statewide,133
27428,2022,MH,Not Applicable,Diesel,2018,ICE,Not Applicable,2,Statewide,133
27429,2022,MC,Not Applicable,Gasoline,2015,ICE,Not Applicable,2,Statewide,2096
27430,2022,T5,3,Gasoline,2019,ICE,Not Applicable,≥4,Statewide,2096
27431,2022,P,Not Applicable,Electric,2018,BEV,51 to 100 miles,2,Statewide,2098
27432,2022,T7,8,Diesel,2009,ICE,Not Applicable,≥4,Statewide,2094
27433,2022,T4,2,Gasoline,1993,ICE,Not Applicable,≥4,Statewide,2070
27434,2022,MH,Not Applicable,Diesel,2017,ICE,Not Applicable,3,Statewide,135
27435,2022,T3,2,Diesel,2013,ICE,Not Applicable,2,Statewide,135
27436,2022,P,Not Applicable,Natural Gas,2020,ICE,Not Applicable,≥4,Statewide,137
27437,2022,P,Not Applicable,Hydrogen,2023,FCEV,>150 miles,3,Statewide,137
27438,2022,MH,Not Applicable,Gasoline,1984,ICE,Not Applicable,2,Statewide,137
27439,2022,T6,5,Diesel,2008,ICE,Not Applicable,2,Statewide,137
27440,2022,T3,2,Gasoline,1984,ICE,Not Applicable,≥4,Statewide,2075
27441,2022,T4,2,Gasoline,1987,ICE,Not Applicable,2,Statewide,136
27442,2022,MH,Not Applicable,Gasoline,1988,ICE,Not Applicable,2,Statewide,136
27443,2022,T1,1,Electric,2018,BEV,101 to 150 miles,2,Statewide,136
27444,2022,T5,3,Diesel,1999,ICE,Not Applicable,2,Statewide,136
27445,2022,T5,3,Diesel,1999,ICE,Not Applicable,3,Statewide,136
27446,2022,T2,Unknown,Diesel,2020,ICE,Not Applicable,≥4,Statewide,136
27447,2022,P,Not Applicable,Diesel,2006,ICE,Not Applicable,2,Statewide,135
27448,2022,P,Not Applicable,Diesel,2004,ICE,Not Applicable,1,Statewide,136
27449,2022,T4,2,Gasoline,2020,ICE,Not Applicable,2,Statewide,2078
27450,2022,T4,2,Diesel,2014,ICE,Not Applicable,≥4,Statewide,2081
27451,2022,T6,6,Gasoline,2013,ICE,Not Applicable,≥4,Statewide,135
27452,2022,T4,2,Gasoline,1987,ICE,Not Applicable,3,Statewide,135
27453,2022,T4,2,Gasoline,1984,ICE,Not Applicable,2,Statewide,135
27454,2022,T3,2,Gasoline,1987,ICE,Not Applicable,1,Statewide,135
27455,2022,T2,Unknown,Gasoline,2002,ICE,Not Applicable,1,Statewide,135
27456,2022,BS,Not Applicable,Gasoline,2009,ICE,Not Applicable,≥4,Statewide,135
27457,2022,B,Not Applicable,Gasoline,2012,ICE,Not Applicable,1,Statewide,135
27458,2022,T6,7,Diesel,2006,ICE,Not Applicable,1,Statewide,135
27459,2022,T6,7,Diesel,2003,ICE,Not Applicable,1,Statewide,135
27460,2022,B,Not Applicable,Diesel,1998,ICE,Not Applicable,≥4,Statewide,136
27461,2022,T6,7,Diesel,2021,ICE,Not Applicable,≥4,Statewide,1943
27462,2022,P,Not Applicable,Electric,2020,BEV,>150 miles,≥4,Statewide,2021
27463,2022,BT,Not Applicable,Gasoline,2012,ICE,Not Applicable,≥4,Statewide,147
27464,2022,T6,4,Gasoline,2004,ICE,Not Applicable,2,Statewide,158
27465,2022,T5,3,Gasoline,2014,ICE,Not Applicable,1,Statewide,158
27466,2022,T2,Unknown,Gasoline,2003,ICE,Not Applicable,3,Statewide,158
27467,2022,T2,1,Gasoline,1985,ICE,Not Applicable,3,Statewide,158
27468,2022,T1,1,Gasoline,1982,ICE,Not Applicable,1,Statewide,158
27469,2022,T3,2,Diesel,1989,ICE,Not Applicable,≥4,Statewide,158
27470,2022,MH,Not Applicable,Diesel,2023,ICE,Not Applicable,1,Statewide,158
27471,2022,MC,Not Applicable,Gasoline,2005,ICE,Not Applicable,1,Statewide,1968
27472,2022,T3,2,Gasoline,1983,ICE,Not Applicable,≥4,Statewide,1970
27473,2022,P,Not Applicable,Natural Gas,2016,ICE,Not Applicable,3,Statewide,157
27474,2022,T6,6,Gasoline,2003,ICE,Not Applicable,≥4,Statewide,157
27475,2022,BS,Not Applicable,Natural Gas,2007,ICE,Not Applicable,≥4,Statewide,158
27476,2022,T4,2,Gasoline,1985,ICE,Not Applicable,1,Statewide,157
27477,2022,T6,4,Diesel,2002,ICE,Not Applicable,2,Statewide,157
27478,2022,T4,2,Diesel,1993,ICE,Not Applicable,3,Statewide,157
27479,2022,BT,Not Applicable,Diesel,2021,ICE,Not Applicable,1,Statewide,157
27480,2022,T3,Unknown,Gasoline,2017,ICE,Not Applicable,2,Statewide,1972
27481,2022,P,Not Applicable,Electric,2018,BEV,101 to 150 miles,2,Statewide,1974
27482,2022,T6,4,Diesel,2005,ICE,Not Applicable,≥4,Statewide,1976
27483,2022,MH,Not Applicable,Unknown,2019,ICE,Not Applicable,≥4,Statewide,156
27484,2022,T4,2,Gasoline,1985,ICE,Not Applicable,2,Statewide,156
27485,2022,T6,4,Diesel,2017,ICE,Not Applicable,1,Statewide,156
27486,2022,T6,7,Diesel,2016,ICE,Not Applicable,1,Statewide,156
27487,2022,T1,Unknown,Gasoline,2017,ICE,Not Applicable,2,Statewide,1983
27488,2022,MH,Not Applicable,Gasoline,1988,ICE,Not Applicable,3,Statewide,157
27489,2022,T6,6,Diesel,2016,ICE,Not Applicable,≥4,Statewide,1986
27490,2022,P,Not Applicable,Natural Gas,2016,ICE,Not Applicable,2,Statewide,158
27491,2022,P,Not Applicable,Gasoline,2017,PHEV,0 to 50 miles,1,Statewide,1967
27492,2022,T6,6,Natural Gas,2014,ICE,Not Applicable,≥4,Statewide,161
27493,2022,T6,6,Gasoline,2014,ICE,Not Applicable,≥4,Statewide,161
27494,2022,MC,Not Applicable,Gasoline,1982,ICE,Not Applicable,1,Statewide,161
27495,2022,T6,7,Diesel,1988,ICE,Not Applicable,≥4,Statewide,161
27496,2022,T3,Unknown,Diesel,2019,ICE,Not Applicable,1,Statewide,161
27497,2022,BT,Not Applicable,Diesel,1987,ICE,Not Applicable,≥4,Statewide,161
27498,2022,BS,Not Applicable,Diesel,1997,ICE,Not Applicable,≥4,Statewide,161
27499,2022,P,Not Applicable,Hydrogen,2021,FCEV,>150 miles,2,Statewide,160
27500,2022,T4,2,Gasoline,1986,ICE,Not Applicable,2,Statewide,160
27501,2022,T2,1,Gasoline,1985,ICE,Not Applicable,1,Statewide,160
27502,2022,T1,Unknown,Gasoline,1981,ICE,Not Applicable,≥4,Statewide,160
27503,2022,T3,2,Natural Gas,2020,ICE,Not Applicable,≥4,Statewide,158
27504,2022,MH,Not Applicable,Gasoline,1982,ICE,Not Applicable,3,Statewide,160
27505,2022,T6,4,Diesel,1994,ICE,Not Applicable,≥4,Statewide,160
27506,2022,T7,8,Natural Gas,2010,ICE,Not Applicable,≥4,Statewide,159
27507,2022,T6,6,Gasoline,2010,ICE,Not Applicable,≥4,Statewide,159
27508,2022,T4,2,Gasoline,1979,ICE,Not Applicable,3,Statewide,159
27509,2022,P,Not Applicable,Electric,2017,BEV,Unknown,≥4,Statewide,159
27510,2022,T7,8,Diesel,1994,ICE,Not Applicable,1,Statewide,159
27511,2022,T6,7,Diesel,2018,ICE,Not Applicable,1,Statewide,159
27512,2022,T6,Unknown,Diesel,2014,ICE,Not Applicable,≥4,Statewide,159
27513,2022,MH,Not Applicable,Diesel,2006,ICE,Not Applicable,2,Statewide,159
27514,2022,BT,Not Applicable,Diesel,1985,ICE,Not Applicable,≥4,Statewide,159
27515,2022,T3,2,Gasoline,2024,ICE,Not Applicable,1,Statewide,1957
27516,2022,T6,7,Diesel,2010,ICE,Not Applicable,1,Statewide,160
27517,2022,T1,1,Electric,2019,BEV,101 to 150 miles,2,Statewide,147
27518,2022,T3,2,Gasoline,1992,ICE,Not Applicable,≥4,Statewide,1986
27519,2022,T1,1,Electric,2019,BEV,101 to 150 miles,≥4,Statewide,155
27520,2022,T5,3,Diesel,2000,ICE,Not Applicable,3,Statewide,150
27521,2022,P,Not Applicable,Diesel,2009,ICE,Not Applicable,3,Statewide,150
27522,2022,P,Not Applicable,Diesel,2004,ICE,Not Applicable,2,Statewide,150
27523,2022,P,Not Applicable,Diesel,2003,ICE,Not Applicable,2,Statewide,150
27524,2022,T6,7,Diesel,2017,ICE,Not Applicable,≥4,Statewide,2009
27525,2022,T5,3,Gasoline,2016,ICE,Not Applicable,3,Statewide,149
27526,2022,T7,8,Diesel,2003,ICE,Not Applicable,3,Statewide,149
27527,2022,T4,2,Diesel,1993,ICE,Not Applicable,1,Statewide,149
27528,2022,P,Not Applicable,Electric,2019,BEV,51 to 100 miles,≥4,Statewide,2009
27529,2022,T4,2,Diesel,2019,ICE,Not Applicable,1,Statewide,2010
27530,2022,T4,2,Gasoline,2001,ICE,Not Applicable,3,Statewide,2010
27531,2022,T6,6,Diesel,2016,ICE,Not Applicable,3,Statewide,150
27532,2022,T3,2,Natural Gas,2008,ICE,Not Applicable,≥4,Statewide,148
27533,2022,T6,7,Diesel,2012,ICE,Not Applicable,1,Statewide,148
27534,2022,T6,6,Diesel,2007,ICE,Not Applicable,3,Statewide,148
27535,2022,T6,6,Diesel,2003,ICE,Not Applicable,3,Statewide,148
27536,2022,T6,7,Diesel,1987,ICE,Not Applicable,≥4,Statewide,148
27537,2022,T5,3,Diesel,1999,ICE,Not Applicable,1,Statewide,148
27538,2022,T6,4,Diesel,2010,ICE,Not Applicable,≥4,Statewide,2016
27539,2022,T4,2,Gasoline,2023,ICE,Not Applicable,3,Statewide,2019
27540,2022,T6,5,Gasoline,2007,ICE,Not Applicable,≥4,Statewide,147
27541,2022,T5,3,Gasoline,2018,ICE,Not Applicable,2,Statewide,147
27542,2022,T4,2,Gasoline,1983,ICE,Not Applicable,2,Statewide,147
27543,2022,T2,Unknown,Gasoline,2000,ICE,Not Applicable,2,Statewide,147
27544,2022,P,Not Applicable,Electric,2021,BEV,Unknown,2,Statewide,148
27545,2022,T4,2,Gasoline,1980,ICE,Not Applicable,3,Statewide,155
27546,2022,T3,2,Gasoline,1986,ICE,Not Applicable,3,Statewide,150
27547,2022,P,Not Applicable,Hydrogen,2021,FCEV,>150 miles,1,Statewide,150
27548,2022,T7,8,Diesel,2009,ICE,Not Applicable,3,Statewide,155
27549,2022,T6,5,Diesel,2007,ICE,Not Applicable,1,Statewide,155
27550,2022,T6,6,Gasoline,1997,ICE,Not Applicable,≥4,Statewide,154
27551,2022,T4,Unknown,Gasoline,2023,ICE,Not Applicable,1,Statewide,154
27552,2022,T4,2,Gasoline,1986,ICE,Not Applicable,3,Statewide,154
27553,2022,T6,4,Diesel,2008,ICE,Not Applicable,2,Statewide,154
27554,2022,MH,Not Applicable,Diesel,2019,ICE,Not Applicable,1,Statewide,154
27555,2022,BT,Not Applicable,Diesel,2012,ICE,Not Applicable,≥4,Statewide,154
27556,2022,P,Not Applicable,Natural Gas,2015,ICE,Not Applicable,≥4,Statewide,153
27557,2022,T6,6,Gasoline,2004,ICE,Not Applicable,≥4,Statewide,153
27558,2022,T1,Unknown,Gasoline,1980,ICE,Not Applicable,≥4,Statewide,153
27559,2022,T4,Unknown,Gasoline,2022,PHEV,0 to 50 miles,1,Statewide,150
27560,2022,T6,6,Diesel,2003,ICE,Not Applicable,2,Statewide,153
27561,2022,T5,3,Diesel,2003,ICE,Not Applicable,2,Statewide,153
27562,2022,T4,2,Diesel,2024,ICE,Not Applicable,≥4,Statewide,153
27563,2022,BT,Not Applicable,Diesel,2011,ICE,Not Applicable,≥4,Statewide,153
27564,2022,T2,1,Gasoline,1993,ICE,Not Applicable,2,Statewide,1999
27565,2022,T3,Unknown,Gasoline,2002,ICE,Not Applicable,3,Statewide,152
27566,2022,T1,1,Gasoline,1981,ICE,Not Applicable,1,Statewide,152
27567,2022,T6,4,Diesel,2021,ICE,Not Applicable,1,Statewide,152
27568,2022,T6,7,Diesel,2004,ICE,Not Applicable,1,Statewide,152
27569,2022,T3,Unknown,Diesel,2019,ICE,Not Applicable,3,Statewide,152
27570,2022,T2,Unknown,Diesel,2019,ICE,Not Applicable,≥4,Statewide,152
27571,2022,MH,Not Applicable,Diesel,2023,ICE,Not Applicable,3,Statewide,152
27572,2022,T6,6,Diesel,2000,ICE,Not Applicable,1,Statewide,153
27573,2022,T6,6,Gasoline,1983,ICE,Not Applicable,≥4,Statewide,201
27574,2022,T6,5,Diesel,2018,ICE,Not Applicable,≥4,Statewide,2467
27575,2022,T6,6,Gasoline,2024,ICE,Not Applicable,≥4,Statewide,84
27576,2022,T4,Unknown,Diesel,2020,ICE,Not Applicable,≥4,Statewide,56
27577,2022,T2,1,Diesel,1984,ICE,Not Applicable,≥4,Statewide,56
27578,2022,P,Not Applicable,Diesel,2013,ICE,Not Applicable,3,Statewide,56
27579,2022,P,Not Applicable,Diesel,1998,ICE,Not Applicable,≥4,Statewide,56
27580,2022,P,Not Applicable,Diesel,1978,ICE,Not Applicable,2,Statewide,56
27581,2022,MH,Not Applicable,Diesel,2000,ICE,Not Applicable,1,Statewide,56
27582,2022,B,Not Applicable,Diesel,2007,ICE,Not Applicable,1,Statewide,56
27583,2022,P,Not Applicable,Electric,2021,BEV,>150 miles,≥4,Statewide,2973
27584,2022,T1,Unknown,Diesel,1995,ICE,Not Applicable,2,Statewide,1
27585,2022,T1,Unknown,Diesel,1997,ICE,Not Applicable,3,Statewide,1
27586,2022,T1,Unknown,Diesel,2001,ICE,Not Applicable,2,Statewide,1
27587,2022,T1,Unknown,Diesel,2002,ICE,Not Applicable,2,Statewide,1
27588,2022,T1,Unknown,Diesel,2002,ICE,Not Applicable,1,Statewide,1
27589,2022,T1,Unknown,Diesel,2005,ICE,Not Applicable,2,Statewide,1
27590,2022,T1,Unknown,Diesel,2006,ICE,Not Applicable,1,Statewide,1
27591,2022,T1,Unknown,Diesel,2007,ICE,Not Applicable,3,Statewide,1
27592,2022,T1,Unknown,Diesel,2007,ICE,Not Applicable,1,Statewide,1
27593,2022,T1,Unknown,Diesel,2008,ICE,Not Applicable,3,Statewide,1
27594,2022,T1,Unknown,Diesel,2008,ICE,Not Applicable,1,Statewide,1
27595,2022,T1,Unknown,Diesel,2009,ICE,Not Applicable,≥4,Statewide,1
27596,2022,T1,Unknown,Diesel,2009,ICE,Not Applicable,3,Statewide,1
27597,2022,T1,Unknown,Diesel,2012,ICE,Not Applicable,2,Statewide,1
27598,2022,T1,Unknown,Diesel,2013,ICE,Not Applicable,3,Statewide,1
27599,2022,T5,3,Diesel,1989,ICE,Not Applicable,≥4,Statewide,56
27600,2022,T6,5,Diesel,1998,ICE,Not Applicable,≥4,Statewide,56
27601,2022,MC,Not Applicable,Electric,2020,BEV,Unknown,≥4,Statewide,56
27602,2022,BS,Not Applicable,Gasoline,2019,ICE,Not Applicable,≥4,Statewide,56
27603,2022,T2,1,Gasoline,1995,ICE,Not Applicable,1,Statewide,2960
27604,2022,MH,Not Applicable,Diesel,1984,ICE,Not Applicable,1,Statewide,1
27605,2022,T1,1,Diesel,1978,ICE,Not Applicable,2,Statewide,1
27606,2022,T1,1,Diesel,1979,ICE,Not Applicable,2,Statewide,1
27607,2022,T1,1,Diesel,1980,ICE,Not Applicable,≥4,Statewide,1
27608,2022,T1,1,Diesel,1981,ICE,Not Applicable,≥4,Statewide,1
27609,2022,T1,Unknown,Diesel,1982,ICE,Not Applicable,2,Statewide,1
27610,2022,T1,Unknown,Diesel,1982,ICE,Not Applicable,1,Statewide,1
27611,2022,T1,Unknown,Diesel,1983,ICE,Not Applicable,2,Statewide,1
27612,2022,T1,1,Diesel,1984,ICE,Not Applicable,1,Statewide,1
27613,2022,T1,Unknown,Diesel,1984,ICE,Not Applicable,3,Statewide,1
27614,2022,T1,Unknown,Diesel,2013,ICE,Not Applicable,2,Statewide,1
27615,2022,T1,Unknown,Diesel,1984,ICE,Not Applicable,2,Statewide,1
27616,2022,T1,Unknown,Diesel,1987,ICE,Not Applicable,3,Statewide,1
27617,2022,T1,Unknown,Diesel,1988,ICE,Not Applicable,3,Statewide,1
27618,2022,T1,Unknown,Diesel,1990,ICE,Not Applicable,1,Statewide,1
27619,2022,T1,1,Diesel,1992,ICE,Not Applicable,2,Statewide,1
27620,2022,T1,1,Diesel,1993,ICE,Not Applicable,3,Statewide,1
27621,2022,T1,Unknown,Diesel,1993,ICE,Not Applicable,1,Statewide,1
27622,2022,T1,Unknown,Diesel,1994,ICE,Not Applicable,2,Statewide,1
27623,2022,T1,1,Diesel,1995,ICE,Not Applicable,1,Statewide,1
27624,2022,T5,3,Gasoline,1997,ICE,Not Applicable,3,Statewide,56
27625,2022,T2,Unknown,Gasoline,1998,ICE,Not Applicable,2,Statewide,56
27626,2022,MH,Not Applicable,Gasoline,1985,ICE,Not Applicable,1,Statewide,56
27627,2022,T1,1,Diesel,1985,ICE,Not Applicable,1,Statewide,1
27628,2022,T1,Unknown,Diesel,2013,ICE,Not Applicable,1,Statewide,1
27629,2022,T6,Unknown,Natural Gas,2022,ICE,Not Applicable,≥4,Statewide,55
27630,2022,P,Not Applicable,Natural Gas,2015,ICE,Not Applicable,1,Statewide,55
27631,2022,T2,Unknown,Diesel,1986,ICE,Not Applicable,1,Statewide,1
27632,2022,T2,Unknown,Diesel,1987,ICE,Not Applicable,3,Statewide,1
27633,2022,MH,Not Applicable,Unknown,2018,ICE,Not Applicable,3,Statewide,54
27634,2022,BT,Not Applicable,Natural Gas,1998,ICE,Not Applicable,≥4,Statewide,54
27635,2022,T6,4,Gasoline,2003,ICE,Not Applicable,2,Statewide,54
27636,2022,T6,4,Gasoline,1998,ICE,Not Applicable,1,Statewide,54
27637,2022,T6,4,Gasoline,1996,ICE,Not Applicable,3,Statewide,54
27638,2022,T6,7,Gasoline,1996,ICE,Not Applicable,≥4,Statewide,54
27639,2022,T6,4,Gasoline,1995,ICE,Not Applicable,1,Statewide,54
27640,2022,T4,Unknown,Gasoline,2021,PHEV,0 to 50 miles,1,Statewide,54
27641,2022,BT,Not Applicable,Gasoline,2022,ICE,Not Applicable,1,Statewide,54
27642,2022,T2,Unknown,Diesel,1982,ICE,Not Applicable,3,Statewide,1
27643,2022,BS,Not Applicable,Gasoline,1987,ICE,Not Applicable,≥4,Statewide,54
27644,2022,P,Not Applicable,Electric,2006,BEV,Unknown,≥4,Statewide,54
27645,2022,BT,Not Applicable,Electric,2022,BEV,Unknown,≥4,Statewide,54
27646,2022,T7,8,Diesel,1989,ICE,Not Applicable,1,Statewide,54
27647,2022,T6,7,Diesel,2007,ICE,Not Applicable,3,Statewide,54
27648,2022,T6,7,Diesel,1995,ICE,Not Applicable,3,Statewide,54
27649,2022,T5,3,Diesel,1991,ICE,Not Applicable,1,Statewide,54
27650,2022,T3,2,Diesel,1988,ICE,Not Applicable,2,Statewide,54
27651,2022,MH,Not Applicable,Diesel,1997,ICE,Not Applicable,1,Statewide,54
27652,2022,T5,3,Gasoline,2013,ICE,Not Applicable,≥4,Statewide,3008
27653,2022,T2,1,Diesel,1993,ICE,Not Applicable,≥4,Statewide,1
27654,2022,MC,Not Applicable,Gasoline,2016,ICE,Not Applicable,3,Statewide,3014
27655,2022,T2,1,Electric,2019,BEV,101 to 150 miles,2,Statewide,54
27656,2022,T4,2,Diesel,2020,ICE,Not Applicable,3,Statewide,2958
27657,2022,T2,Unknown,Diesel,1981,ICE,Not Applicable,3,Statewide,1
27658,2022,T1,Unknown,Diesel,2024,ICE,Not Applicable,≥4,Statewide,1
27659,2022,BS,Not Applicable,Natural Gas,2009,ICE,Not Applicable,≥4,Statewide,55
27660,2022,T6,4,Gasoline,1995,ICE,Not Applicable,3,Statewide,55
27661,2022,T5,3,Gasoline,1987,ICE,Not Applicable,≥4,Statewide,55
27662,2022,T3,Unknown,Gasoline,1982,ICE,Not Applicable,≥4,Statewide,55
27663,2022,T2,1,Gasoline,2021,PHEV,0 to 50 miles,≥4,Statewide,55
27664,2022,B,Not Applicable,Gasoline,2019,ICE,Not Applicable,1,Statewide,55
27665,2022,B,Not Applicable,Gasoline,1999,ICE,Not Applicable,≥4,Statewide,55
27666,2022,T7,8,Diesel,1994,ICE,Not Applicable,3,Statewide,55
27667,2022,T7,8,Diesel,1985,ICE,Not Applicable,1,Statewide,55
27668,2022,T6,7,Diesel,2003,ICE,Not Applicable,3,Statewide,55
27669,2022,T6,6,Diesel,1999,ICE,Not Applicable,2,Statewide,55
27670,2022,T2,1,Diesel,1978,ICE,Not Applicable,1,Statewide,1
27671,2022,T6,7,Diesel,1998,ICE,Not Applicable,1,Statewide,55
27672,2022,B,Not Applicable,Diesel,1999,ICE,Not Applicable,≥4,Statewide,55
27673,2022,P,Not Applicable,Gasoline,1979,ICE,Not Applicable,1,Statewide,2979
27674,2022,T1,1,Diesel,2014,ICE,Not Applicable,≥4,Statewide,1
27675,2022,T1,1,Diesel,2014,ICE,Not Applicable,3,Statewide,1
27676,2022,T1,1,Diesel,2014,ICE,Not Applicable,1,Statewide,1
27677,2022,MC,Not Applicable,Gasoline,1999,ICE,Not Applicable,≥4,Statewide,2998
27678,2022,T1,1,Gasoline,1995,ICE,Not Applicable,1,Statewide,2999
27679,2022,T1,Unknown,Diesel,2017,ICE,Not Applicable,2,Statewide,1
27680,2022,T1,Unknown,Diesel,2017,ICE,Not Applicable,1,Statewide,1
27681,2022,T1,Unknown,Diesel,2021,ICE,Not Applicable,1,Statewide,1
27682,2022,T1,Unknown,Diesel,2023,ICE,Not Applicable,≥4,Statewide,1
27683,2022,P,Not Applicable,Diesel,2012,ICE,Not Applicable,2,Statewide,55
27684,2022,MH,Not Applicable,Diesel,1982,ICE,Not Applicable,1,Statewide,1
27685,2022,BS,Not Applicable,Diesel,2021,ICE,Not Applicable,1,Statewide,57
27686,2022,P,Not Applicable,Diesel,1982,ICE,Not Applicable,2,Statewide,57
27687,2022,T6,6,Diesel,1986,ICE,Not Applicable,≥4,Statewide,59
27688,2022,T3,Unknown,Diesel,2015,ICE,Not Applicable,3,Statewide,59
27689,2022,MC,Not Applicable,Diesel,1985,ICE,Not Applicable,1,Statewide,1
27690,2022,MC,Not Applicable,Diesel,1991,ICE,Not Applicable,2,Statewide,1
27691,2022,MC,Not Applicable,Diesel,1992,ICE,Not Applicable,3,Statewide,1
27692,2022,MC,Not Applicable,Diesel,1993,ICE,Not Applicable,3,Statewide,1
27693,2022,P,Not Applicable,Gasoline,1990,ICE,Not Applicable,2,Statewide,2925
27694,2022,MC,Not Applicable,Diesel,1994,ICE,Not Applicable,≥4,Statewide,1
27695,2022,MC,Not Applicable,Diesel,1995,ICE,Not Applicable,≥4,Statewide,1
27696,2022,MC,Not Applicable,Diesel,1995,ICE,Not Applicable,2,Statewide,1
27697,2022,MC,Not Applicable,Diesel,1996,ICE,Not Applicable,≥4,Statewide,1
27698,2022,T7,8,Diesel,1996,ICE,Not Applicable,3,Statewide,59
27699,2022,MC,Not Applicable,Diesel,1996,ICE,Not Applicable,1,Statewide,1
27700,2022,MC,Not Applicable,Diesel,1998,ICE,Not Applicable,1,Statewide,1
27701,2022,MC,Not Applicable,Diesel,1999,ICE,Not Applicable,2,Statewide,1
27702,2022,MC,Not Applicable,Diesel,2001,ICE,Not Applicable,3,Statewide,1
27703,2022,MC,Not Applicable,Diesel,2001,ICE,Not Applicable,1,Statewide,1
27704,2022,MC,Not Applicable,Diesel,2002,ICE,Not Applicable,2,Statewide,1
27705,2022,MC,Not Applicable,Diesel,2002,ICE,Not Applicable,1,Statewide,1
27706,2022,MC,Not Applicable,Diesel,2003,ICE,Not Applicable,≥4,Statewide,1
27707,2022,MC,Not Applicable,Diesel,2003,ICE,Not Applicable,3,Statewide,1
27708,2022,MC,Not Applicable,Diesel,2004,ICE,Not Applicable,≥4,Statewide,1
27709,2022,MC,Not Applicable,Diesel,2005,ICE,Not Applicable,1,Statewide,1
27710,2022,MC,Not Applicable,Diesel,2006,ICE,Not Applicable,3,Statewide,1
27711,2022,MC,Not Applicable,Diesel,1997,ICE,Not Applicable,3,Statewide,1
27712,2022,MC,Not Applicable,Diesel,2009,ICE,Not Applicable,3,Statewide,1
27713,2022,T7,8,Diesel,1996,ICE,Not Applicable,2,Statewide,59
27714,2022,T6,5,Gasoline,2022,ICE,Not Applicable,3,Statewide,59
27715,2022,T6,7,Gasoline,1994,ICE,Not Applicable,≥4,Statewide,60
27716,2022,T3,Unknown,Gasoline,1996,ICE,Not Applicable,1,Statewide,60
27717,2022,T1,Unknown,Gasoline,1984,ICE,Not Applicable,2,Statewide,60
27718,2022,T1,Unknown,Gasoline,1984,ICE,Not Applicable,3,Statewide,60
27719,2022,T1,Unknown,Gasoline,1982,ICE,Not Applicable,3,Statewide,60
27720,2022,BS,Not Applicable,Gasoline,1992,ICE,Not Applicable,≥4,Statewide,60
27721,2022,B,Not Applicable,Gasoline,2015,ICE,Not Applicable,1,Statewide,60
27722,2022,B,Not Applicable,Electric,2022,BEV,Unknown,≥4,Statewide,60
27723,2022,T6,4,Diesel,2023,ICE,Not Applicable,2,Statewide,60
27724,2022,BS,Not Applicable,Diesel,2014,ICE,Not Applicable,1,Statewide,60
27725,2022,BT,Not Applicable,Diesel,2024,ICE,Not Applicable,2,Statewide,1
27726,2022,T2,1,Gasoline,2021,PHEV,0 to 50 miles,3,Statewide,59
27727,2022,P,Not Applicable,Gasoline,2020,PHEV,0 to 50 miles,3,Statewide,2899
27728,2022,T1,1,Gasoline,1993,ICE,Not Applicable,2,Statewide,2902
27729,2022,BT,Not Applicable,Diesel,2024,ICE,Not Applicable,1,Statewide,1
27730,2022,T5,3,Diesel,2016,ICE,Not Applicable,≥4,Statewide,2905
27731,2022,T3,2,Gasoline,1998,ICE,Not Applicable,1,Statewide,2909
27732,2022,MC,Not Applicable,Diesel,1978,ICE,Not Applicable,1,Statewide,1
27733,2022,MC,Not Applicable,Diesel,1979,ICE,Not Applicable,3,Statewide,1
27734,2022,MC,Not Applicable,Diesel,1980,ICE,Not Applicable,≥4,Statewide,1
27735,2022,MC,Not Applicable,Diesel,1981,ICE,Not Applicable,1,Statewide,1
27736,2022,MC,Not Applicable,Diesel,1983,ICE,Not Applicable,2,Statewide,1
27737,2022,T6,4,Natural Gas,2012,ICE,Not Applicable,≥4,Statewide,59
27738,2022,P,Not Applicable,Natural Gas,2019,ICE,Not Applicable,3,Statewide,59
27739,2022,T2,Unknown,Gasoline,2016,ICE,Not Applicable,3,Statewide,2899
27740,2022,T2,1,Diesel,1994,ICE,Not Applicable,1,Statewide,1
27741,2022,MC,Not Applicable,Diesel,2009,ICE,Not Applicable,2,Statewide,1
27742,2022,T3,2,Natural Gas,2003,ICE,Not Applicable,≥4,Statewide,58
27743,2022,MC,Not Applicable,Diesel,2023,ICE,Not Applicable,3,Statewide,1
27744,2022,MH,Not Applicable,Diesel,1979,ICE,Not Applicable,3,Statewide,1
27745,2022,MH,Not Applicable,Diesel,1979,ICE,Not Applicable,2,Statewide,1
27746,2022,MH,Not Applicable,Diesel,1980,ICE,Not Applicable,1,Statewide,1
27747,2022,T6,6,Gasoline,2008,ICE,Not Applicable,≥4,Statewide,57
27748,2022,T5,3,Gasoline,1996,ICE,Not Applicable,3,Statewide,57
27749,2022,T5,3,Gasoline,1994,ICE,Not Applicable,1,Statewide,57
27750,2022,T3,Unknown,Gasoline,2001,ICE,Not Applicable,3,Statewide,57
27751,2022,T3,Unknown,Gasoline,1999,ICE,Not Applicable,1,Statewide,57
27752,2022,T3,Unknown,Gasoline,1995,ICE,Not Applicable,2,Statewide,57
27753,2022,T1,Unknown,Gasoline,2007,ICE,Not Applicable,≥4,Statewide,57
27754,2022,MC,Not Applicable,Diesel,2021,ICE,Not Applicable,1,Statewide,1
27755,2022,T1,Unknown,Gasoline,2005,ICE,Not Applicable,≥4,Statewide,57
27756,2022,T1,Unknown,Gasoline,1980,ICE,Not Applicable,2,Statewide,57
27757,2022,T1,Unknown,Gasoline,1979,ICE,Not Applicable,2,Statewide,57
27758,2022,BS,Not Applicable,Gasoline,2020,ICE,Not Applicable,1,Statewide,57
27759,2022,B,Not Applicable,Gasoline,2020,ICE,Not Applicable,1,Statewide,57
27760,2022,T6,6,Electric,2015,BEV,Unknown,≥4,Statewide,57
27761,2022,P,Not Applicable,Electric,2007,BEV,Unknown,2,Statewide,57
27762,2022,MC,Not Applicable,Electric,2023,BEV,Unknown,≥4,Statewide,57
27763,2022,T6,4,Diesel,2020,ICE,Not Applicable,3,Statewide,57
27764,2022,T6,7,Diesel,1995,ICE,Not Applicable,2,Statewide,57
27765,2022,T4,Unknown,Diesel,1991,ICE,Not Applicable,≥4,Statewide,57
27766,2022,T2,1,Diesel,1979,ICE,Not Applicable,≥4,Statewide,57
27767,2022,T1,Unknown,Gasoline,1983,ICE,Not Applicable,3,Statewide,57
27768,2022,T6,7,Natural Gas,2023,ICE,Not Applicable,≥4,Statewide,58
27769,2022,MC,Not Applicable,Diesel,2021,ICE,Not Applicable,3,Statewide,1
27770,2022,MC,Not Applicable,Diesel,2019,ICE,Not Applicable,2,Statewide,1
27771,2022,P,Not Applicable,Natural Gas,2018,ICE,Not Applicable,≥4,Statewide,58
27772,2022,T6,4,Gasoline,2018,ICE,Not Applicable,1,Statewide,58
27773,2022,T6,4,Gasoline,2001,ICE,Not Applicable,3,Statewide,58
27774,2022,T6,7,Gasoline,1989,ICE,Not Applicable,≥4,Statewide,58
27775,2022,T6,6,Gasoline,1984,ICE,Not Applicable,1,Statewide,58
27776,2022,T4,2,Gasoline,2022,PHEV,0 to 50 miles,2,Statewide,58
27777,2022,T4,Unknown,Gasoline,2016,ICE,Not Applicable,≥4,Statewide,58
27778,2022,T3,Unknown,Gasoline,1992,ICE,Not Applicable,2,Statewide,58
27779,2022,T2,Unknown,Gasoline,1990,ICE,Not Applicable,≥4,Statewide,58
27780,2022,T1,Unknown,Gasoline,2012,ICE,Not Applicable,2,Statewide,58
27781,2022,BS,Not Applicable,Gasoline,2005,ICE,Not Applicable,≥4,Statewide,58
27782,2022,MC,Not Applicable,Diesel,2021,ICE,Not Applicable,≥4,Statewide,1
27783,2022,B,Not Applicable,Gasoline,2020,ICE,Not Applicable,3,Statewide,58
27784,2022,T6,5,Diesel,2001,ICE,Not Applicable,≥4,Statewide,58
27785,2022,T6,7,Diesel,1991,ICE,Not Applicable,1,Statewide,58
27786,2022,T3,2,Diesel,1999,ICE,Not Applicable,≥4,Statewide,58
27787,2022,T3,2,Diesel,1987,ICE,Not Applicable,3,Statewide,58
27788,2022,B,Not Applicable,Diesel,1990,ICE,Not Applicable,≥4,Statewide,58
27789,2022,MC,Not Applicable,Diesel,2011,ICE,Not Applicable,3,Statewide,1
27790,2022,MC,Not Applicable,Diesel,2012,ICE,Not Applicable,3,Statewide,1
27791,2022,MC,Not Applicable,Diesel,2015,ICE,Not Applicable,≥4,Statewide,1
27792,2022,MC,Not Applicable,Diesel,2015,ICE,Not Applicable,2,Statewide,1
27793,2022,MC,Not Applicable,Diesel,2016,ICE,Not Applicable,2,Statewide,1
27794,2022,MC,Not Applicable,Diesel,2018,ICE,Not Applicable,2,Statewide,1
27795,2022,T6,7,Diesel,2023,ICE,Not Applicable,3,Statewide,58
27796,2022,T2,1,Diesel,1995,ICE,Not Applicable,≥4,Statewide,1
27797,2022,T2,1,Diesel,1995,ICE,Not Applicable,1,Statewide,1
27798,2022,T2,1,Diesel,1996,ICE,Not Applicable,3,Statewide,1
27799,2022,T6,5,Diesel,2019,ICE,Not Applicable,≥4,Statewide,3108
27800,2022,T6,7,Diesel,2018,ICE,Not Applicable,≥4,Statewide,3109
27801,2022,T4,Unknown,Diesel,1983,ICE,Not Applicable,3,Statewide,1
27802,2022,T4,Unknown,Diesel,1983,ICE,Not Applicable,2,Statewide,1
27803,2022,T4,Unknown,Diesel,1984,ICE,Not Applicable,3,Statewide,1
27804,2022,T4,Unknown,Diesel,1984,ICE,Not Applicable,2,Statewide,1
27805,2022,T4,Unknown,Diesel,1985,ICE,Not Applicable,1,Statewide,1
27806,2022,T4,2,Diesel,1986,ICE,Not Applicable,3,Statewide,1
27807,2022,T4,Unknown,Diesel,1986,ICE,Not Applicable,2,Statewide,1
27808,2022,T4,Unknown,Diesel,1986,ICE,Not Applicable,1,Statewide,1
27809,2022,T4,Unknown,Diesel,1987,ICE,Not Applicable,2,Statewide,1
27810,2022,T4,2,Diesel,1982,ICE,Not Applicable,≥4,Statewide,1
27811,2022,T4,Unknown,Diesel,1988,ICE,Not Applicable,3,Statewide,1
27812,2022,T4,Unknown,Diesel,1990,ICE,Not Applicable,2,Statewide,1
27813,2022,T4,Unknown,Diesel,1991,ICE,Not Applicable,1,Statewide,1
27814,2022,T4,Unknown,Diesel,1992,ICE,Not Applicable,3,Statewide,1
27815,2022,T4,Unknown,Diesel,1993,ICE,Not Applicable,2,Statewide,1
27816,2022,T4,Unknown,Diesel,1994,ICE,Not Applicable,2,Statewide,1
27817,2022,T4,Unknown,Diesel,1995,ICE,Not Applicable,3,Statewide,1
27818,2022,T4,Unknown,Diesel,1995,ICE,Not Applicable,2,Statewide,1
27819,2022,T4,Unknown,Diesel,1997,ICE,Not Applicable,3,Statewide,1
27820,2022,T4,Unknown,Diesel,1997,ICE,Not Applicable,2,Statewide,1
27821,2022,T4,Unknown,Diesel,1999,ICE,Not Applicable,2,Statewide,1
27822,2022,BT,Not Applicable,Natural Gas,2001,ICE,Not Applicable,≥4,Statewide,49
27823,2022,T4,Unknown,Diesel,1989,ICE,Not Applicable,3,Statewide,1
27824,2022,BS,Not Applicable,Natural Gas,2012,ICE,Not Applicable,≥4,Statewide,49
27825,2022,T4,Unknown,Diesel,1981,ICE,Not Applicable,1,Statewide,1
27826,2022,MC,Not Applicable,Gasoline,2006,ICE,Not Applicable,2,Statewide,3101
27827,2022,T5,3,Gasoline,1994,ICE,Not Applicable,2,Statewide,51
27828,2022,T2,Unknown,Gasoline,1986,ICE,Not Applicable,≥4,Statewide,51
27829,2022,T2,Unknown,Gasoline,1983,ICE,Not Applicable,3,Statewide,51
27830,2022,T1,Unknown,Gasoline,2012,ICE,Not Applicable,3,Statewide,51
27831,2022,T1,Unknown,Gasoline,1990,ICE,Not Applicable,≥4,Statewide,51
27832,2022,T1,Unknown,Gasoline,1988,ICE,Not Applicable,≥4,Statewide,51
27833,2022,B,Not Applicable,Gasoline,2018,ICE,Not Applicable,2,Statewide,51
27834,2022,P,Not Applicable,Electric,2020,BEV,Unknown,3,Statewide,51
27835,2022,P,Not Applicable,Electric,2016,BEV,Unknown,1,Statewide,51
27836,2022,MC,Not Applicable,Electric,2018,BEV,Unknown,≥4,Statewide,51
27837,2022,T7,8,Diesel,1998,ICE,Not Applicable,3,Statewide,51
27838,2022,P,Not Applicable,Gasoline,2021,PHEV,0 to 50 miles,≥4,Statewide,3103
27839,2022,T6,7,Diesel,2024,ICE,Not Applicable,1,Statewide,51
27840,2022,T6,6,Diesel,1999,ICE,Not Applicable,3,Statewide,51
27841,2022,T6,4,Diesel,1997,ICE,Not Applicable,1,Statewide,51
27842,2022,T6,7,Diesel,1997,ICE,Not Applicable,1,Statewide,51
27843,2022,T6,Unknown,Diesel,1995,ICE,Not Applicable,≥4,Statewide,51
27844,2022,T5,3,Diesel,1993,ICE,Not Applicable,2,Statewide,51
27845,2022,MH,Not Applicable,Diesel,1993,ICE,Not Applicable,≥4,Statewide,51
27846,2022,BT,Not Applicable,Diesel,1979,ICE,Not Applicable,≥4,Statewide,51
27847,2022,BS,Not Applicable,Diesel,2005,ICE,Not Applicable,1,Statewide,51
27848,2022,T1,1,Gasoline,1978,ICE,Not Applicable,1,Statewide,3091
27849,2022,T2,1,Gasoline,1992,ICE,Not Applicable,≥4,Statewide,3092
27850,2022,T4,Unknown,Diesel,1981,ICE,Not Applicable,3,Statewide,1
27851,2022,T6,4,Diesel,2018,ICE,Not Applicable,2,Statewide,51
27852,2022,T6,7,Gasoline,1979,ICE,Not Applicable,≥4,Statewide,51
27853,2022,BS,Not Applicable,Natural Gas,2006,ICE,Not Applicable,≥4,Statewide,49
27854,2022,T6,4,Gasoline,2023,ICE,Not Applicable,1,Statewide,49
27855,2022,T4,Unknown,Diesel,2006,ICE,Not Applicable,2,Statewide,1
27856,2022,T4,Unknown,Diesel,2006,ICE,Not Applicable,1,Statewide,1
27857,2022,T4,2,Diesel,2007,ICE,Not Applicable,1,Statewide,3141
27858,2022,T4,Unknown,Diesel,2007,ICE,Not Applicable,3,Statewide,1
27859,2022,T4,Unknown,Diesel,2007,ICE,Not Applicable,2,Statewide,1
27860,2022,T4,Unknown,Diesel,2010,ICE,Not Applicable,2,Statewide,1
27861,2022,T4,Unknown,Diesel,2015,ICE,Not Applicable,3,Statewide,1
27862,2022,T4,Unknown,Diesel,2015,ICE,Not Applicable,2,Statewide,1
27863,2022,T4,Unknown,Diesel,2016,ICE,Not Applicable,2,Statewide,1
27864,2022,T4,Unknown,Diesel,2017,ICE,Not Applicable,1,Statewide,1
27865,2022,T4,Unknown,Diesel,2023,ICE,Not Applicable,1,Statewide,1
27866,2022,P,Not Applicable,Gasoline,1991,ICE,Not Applicable,1,Statewide,3138
27867,2022,T4,Unknown,Diesel,2024,ICE,Not Applicable,≥4,Statewide,1
27868,2022,T5,3,Diesel,1979,ICE,Not Applicable,1,Statewide,1
27869,2022,T5,3,Diesel,1981,ICE,Not Applicable,≥4,Statewide,1
27870,2022,T5,3,Diesel,1984,ICE,Not Applicable,≥4,Statewide,1
27871,2022,T5,3,Diesel,1988,ICE,Not Applicable,3,Statewide,1
27872,2022,T5,3,Diesel,1988,ICE,Not Applicable,2,Statewide,1
27873,2022,T6,7,Natural Gas,2020,ICE,Not Applicable,≥4,Statewide,48
27874,2022,T3,Unknown,Natural Gas,2017,ICE,Not Applicable,≥4,Statewide,48
27875,2022,T7,8,Gasoline,1979,ICE,Not Applicable,≥4,Statewide,48
27876,2022,T6,5,Gasoline,2018,ICE,Not Applicable,1,Statewide,48
27877,2022,T6,6,Gasoline,2005,ICE,Not Applicable,1,Statewide,48
27878,2022,T6,7,Gasoline,2000,ICE,Not Applicable,≥4,Statewide,48
27879,2022,T5,3,Diesel,1979,ICE,Not Applicable,2,Statewide,1
27880,2022,B,Not Applicable,Natural Gas,2006,ICE,Not Applicable,≥4,Statewide,49
27881,2022,T4,2,Gasoline,1994,ICE,Not Applicable,≥4,Statewide,3131
27882,2022,T4,Unknown,Diesel,2005,ICE,Not Applicable,3,Statewide,1
27883,2022,T6,7,Gasoline,2022,ICE,Not Applicable,≥4,Statewide,49
27884,2022,T6,4,Gasoline,2010,ICE,Not Applicable,2,Statewide,49
27885,2022,T6,4,Gasoline,1999,ICE,Not Applicable,3,Statewide,49
27886,2022,T6,4,Gasoline,1996,ICE,Not Applicable,1,Statewide,49
27887,2022,T6,Unknown,Gasoline,1986,ICE,Not Applicable,≥4,Statewide,49
27888,2022,T5,3,Gasoline,1993,ICE,Not Applicable,1,Statewide,49
27889,2022,T3,Unknown,Gasoline,1999,ICE,Not Applicable,3,Statewide,49
27890,2022,T3,Unknown,Gasoline,1998,ICE,Not Applicable,2,Statewide,49
27891,2022,T3,Unknown,Gasoline,1994,ICE,Not Applicable,3,Statewide,49
27892,2022,T3,Unknown,Gasoline,1981,ICE,Not Applicable,2,Statewide,49
27893,2022,T2,Unknown,Gasoline,1980,ICE,Not Applicable,1,Statewide,49
27894,2022,T4,Unknown,Diesel,2005,ICE,Not Applicable,1,Statewide,1
27895,2022,T7,8,Diesel,1997,ICE,Not Applicable,3,Statewide,49
27896,2022,T6,7,Diesel,2009,ICE,Not Applicable,3,Statewide,49
27897,2022,T6,6,Diesel,1995,ICE,Not Applicable,1,Statewide,49
27898,2022,T5,3,Diesel,1993,ICE,Not Applicable,1,Statewide,49
27899,2022,T3,Unknown,Diesel,2013,ICE,Not Applicable,≥4,Statewide,49
27900,2022,T3,Unknown,Diesel,1978,ICE,Not Applicable,≥4,Statewide,49
27901,2022,T1,Unknown,Diesel,2017,ICE,Not Applicable,≥4,Statewide,49
27902,2022,MH,Not Applicable,Diesel,1992,ICE,Not Applicable,≥4,Statewide,49
27903,2022,MH,Not Applicable,Diesel,1989,ICE,Not Applicable,≥4,Statewide,49
27904,2022,T4,Unknown,Diesel,1999,ICE,Not Applicable,1,Statewide,1
27905,2022,T4,Unknown,Diesel,2003,ICE,Not Applicable,3,Statewide,1
27906,2022,T4,Unknown,Diesel,2004,ICE,Not Applicable,3,Statewide,1
27907,2022,T6,7,Diesel,2021,ICE,Not Applicable,3,Statewide,49
27908,2022,T6,6,Gasoline,2020,ICE,Not Applicable,1,Statewide,60
27909,2022,T6,7,Gasoline,1987,ICE,Not Applicable,≥4,Statewide,51
27910,2022,T6,4,Gasoline,2001,ICE,Not Applicable,2,Statewide,51
27911,2022,P,Not Applicable,Electric,2019,BEV,Unknown,1,Statewide,53
27912,2022,P,Not Applicable,Electric,2018,BEV,Unknown,1,Statewide,53
27913,2022,MC,Not Applicable,Electric,2022,BEV,Unknown,1,Statewide,53
27914,2022,T6,4,Diesel,2014,ICE,Not Applicable,1,Statewide,53
27915,2022,T3,2,Diesel,1989,ICE,Not Applicable,3,Statewide,53
27916,2022,T3,2,Diesel,1987,ICE,Not Applicable,1,Statewide,53
27917,2022,MH,Not Applicable,Diesel,1991,ICE,Not Applicable,≥4,Statewide,53
27918,2022,BS,Not Applicable,Diesel,1995,ICE,Not Applicable,1,Statewide,53
27919,2022,B,Not Applicable,Diesel,2004,ICE,Not Applicable,1,Statewide,53
27920,2022,T4,2,Gasoline,2021,ICE,Not Applicable,3,Statewide,3027
27921,2022,P,Not Applicable,Electric,2021,BEV,>150 miles,1,Statewide,3039
27922,2022,T1,Unknown,Electric,2013,BEV,Unknown,≥4,Statewide,53
27923,2022,T2,Unknown,Diesel,2009,ICE,Not Applicable,3,Statewide,1
27924,2022,T6,6,Diesel,2018,ICE,Not Applicable,≥4,Statewide,3048
27925,2022,T2,Unknown,Diesel,2013,ICE,Not Applicable,1,Statewide,1
27926,2022,T2,1,Diesel,2024,ICE,Not Applicable,3,Statewide,1
27927,2022,T2,1,Diesel,2024,ICE,Not Applicable,2,Statewide,1
27928,2022,T3,2,Diesel,1978,ICE,Not Applicable,3,Statewide,1
27929,2022,T3,Unknown,Diesel,1979,ICE,Not Applicable,2,Statewide,1
27930,2022,T3,Unknown,Diesel,1979,ICE,Not Applicable,1,Statewide,1
27931,2022,T3,2,Diesel,1981,ICE,Not Applicable,1,Statewide,1
27932,2022,T3,2,Diesel,1984,ICE,Not Applicable,3,Statewide,1
27933,2022,T3,2,Diesel,1984,ICE,Not Applicable,2,Statewide,1
27934,2022,T3,Unknown,Diesel,1988,ICE,Not Applicable,2,Statewide,1
27935,2022,T2,Unknown,Gasoline,2013,ICE,Not Applicable,3,Statewide,3043
27936,2022,T3,Unknown,Diesel,1988,ICE,Not Applicable,1,Statewide,1
27937,2022,BS,Not Applicable,Gasoline,2018,ICE,Not Applicable,≥4,Statewide,53
27938,2022,T2,Unknown,Gasoline,1983,ICE,Not Applicable,1,Statewide,53
27939,2022,T2,Unknown,Diesel,1997,ICE,Not Applicable,2,Statewide,1
27940,2022,T2,1,Diesel,1998,ICE,Not Applicable,3,Statewide,1
27941,2022,T2,Unknown,Diesel,1999,ICE,Not Applicable,2,Statewide,1
27942,2022,T2,Unknown,Diesel,2000,ICE,Not Applicable,≥4,Statewide,1
27943,2022,T2,Unknown,Diesel,2002,ICE,Not Applicable,3,Statewide,1
27944,2022,T2,Unknown,Diesel,2004,ICE,Not Applicable,3,Statewide,1
27945,2022,T2,Unknown,Diesel,2004,ICE,Not Applicable,1,Statewide,1
27946,2022,T2,Unknown,Diesel,2005,ICE,Not Applicable,3,Statewide,1
27947,2022,T2,Unknown,Diesel,2005,ICE,Not Applicable,1,Statewide,1
27948,2022,T2,1,Diesel,2006,ICE,Not Applicable,3,Statewide,1
27949,2022,T2,Unknown,Diesel,2006,ICE,Not Applicable,3,Statewide,1
27950,2022,T2,Unknown,Gasoline,1983,ICE,Not Applicable,2,Statewide,53
27951,2022,T2,Unknown,Diesel,2006,ICE,Not Applicable,1,Statewide,1
27952,2022,T2,Unknown,Diesel,2007,ICE,Not Applicable,2,Statewide,1
27953,2022,T2,Unknown,Diesel,2007,ICE,Not Applicable,1,Statewide,1
27954,2022,T2,Unknown,Diesel,2008,ICE,Not Applicable,2,Statewide,1
27955,2022,T2,Unknown,Diesel,2008,ICE,Not Applicable,1,Statewide,1
27956,2022,T2,Unknown,Diesel,2009,ICE,Not Applicable,≥4,Statewide,1
27957,2022,P,Not Applicable,Natural Gas,2019,ICE,Not Applicable,1,Statewide,53
27958,2022,T6,7,Gasoline,2020,ICE,Not Applicable,≥4,Statewide,53
27959,2022,T6,6,Gasoline,2016,ICE,Not Applicable,≥4,Statewide,53
27960,2022,T6,7,Gasoline,2005,ICE,Not Applicable,≥4,Statewide,53
27961,2022,T3,Unknown,Gasoline,1998,ICE,Not Applicable,1,Statewide,53
27962,2022,T2,Unknown,Gasoline,1984,ICE,Not Applicable,3,Statewide,53
27963,2022,T2,Unknown,Diesel,2007,ICE,Not Applicable,≥4,Statewide,1
27964,2022,T6,4,Gasoline,1994,ICE,Not Applicable,1,Statewide,51
27965,2022,T3,Unknown,Diesel,1993,ICE,Not Applicable,3,Statewide,1
27966,2022,T3,Unknown,Diesel,1997,ICE,Not Applicable,3,Statewide,1
27967,2022,B,Not Applicable,Diesel,2008,ICE,Not Applicable,1,Statewide,52
27968,2022,T5,3,Gasoline,2011,ICE,Not Applicable,≥4,Statewide,3050
27969,2022,T3,Unknown,Diesel,2004,ICE,Not Applicable,3,Statewide,1
27970,2022,T4,2,Diesel,2006,ICE,Not Applicable,1,Statewide,3078
27971,2022,MC,Not Applicable,Gasoline,2007,ICE,Not Applicable,1,Statewide,3086
27972,2022,T3,Unknown,Diesel,2004,ICE,Not Applicable,1,Statewide,1
27973,2022,T3,Unknown,Diesel,2005,ICE,Not Applicable,1,Statewide,1
27974,2022,T3,Unknown,Diesel,2006,ICE,Not Applicable,1,Statewide,1
27975,2022,T6,4,Diesel,1993,ICE,Not Applicable,2,Statewide,10
27976,2022,T3,Unknown,Diesel,2009,ICE,Not Applicable,2,Statewide,1
27977,2022,T3,Unknown,Diesel,2010,ICE,Not Applicable,3,Statewide,1
27978,2022,BS,Not Applicable,Diesel,1989,ICE,Not Applicable,≥4,Statewide,52
27979,2022,T3,Unknown,Diesel,2021,ICE,Not Applicable,1,Statewide,1
27980,2022,T3,Unknown,Diesel,2022,ICE,Not Applicable,3,Statewide,1
27981,2022,T3,Unknown,Diesel,2023,ICE,Not Applicable,1,Statewide,1
27982,2022,T3,2,Diesel,2024,ICE,Not Applicable,3,Statewide,1
27983,2022,T3,2,Diesel,2024,ICE,Not Applicable,2,Statewide,1
27984,2022,T3,2,Diesel,2024,ICE,Not Applicable,1,Statewide,1
27985,2022,T3,Unknown,Diesel,2024,ICE,Not Applicable,1,Statewide,1
27986,2022,T4,2,Diesel,1978,ICE,Not Applicable,≥4,Statewide,1
27987,2022,T4,2,Diesel,1981,ICE,Not Applicable,≥4,Statewide,1
27988,2022,T7,8,Natural Gas,2014,ICE,Not Applicable,1,Statewide,51
27989,2022,P,Not Applicable,Natural Gas,2010,ICE,Not Applicable,1,Statewide,51
27990,2022,T6,6,Gasoline,2020,ICE,Not Applicable,2,Statewide,51
27991,2022,T3,Unknown,Diesel,2022,ICE,Not Applicable,≥4,Statewide,1
27992,2022,T3,Unknown,Diesel,1996,ICE,Not Applicable,1,Statewide,1
27993,2022,BS,Not Applicable,Diesel,2004,ICE,Not Applicable,1,Statewide,52
27994,2022,T6,7,Diesel,1993,ICE,Not Applicable,1,Statewide,52
27995,2022,T3,Unknown,Diesel,1997,ICE,Not Applicable,2,Statewide,1
27996,2022,T3,Unknown,Diesel,1998,ICE,Not Applicable,3,Statewide,1
27997,2022,T3,Unknown,Diesel,1998,ICE,Not Applicable,1,Statewide,1
27998,2022,T3,Unknown,Diesel,2000,ICE,Not Applicable,3,Statewide,1
27999,2022,T3,Unknown,Diesel,2001,ICE,Not Applicable,≥4,Statewide,1
28000,2022,T3,Unknown,Diesel,2002,ICE,Not Applicable,≥4,Statewide,1
28001,2022,T3,Unknown,Diesel,2003,ICE,Not Applicable,3,Statewide,1
28002,2022,P,Not Applicable,Natural Gas,2009,ICE,Not Applicable,2,Statewide,52
28003,2022,P,Not Applicable,Natural Gas,2005,ICE,Not Applicable,1,Statewide,52
28004,2022,T6,Unknown,Gasoline,2020,ICE,Not Applicable,≥4,Statewide,52
28005,2022,T6,5,Gasoline,2016,ICE,Not Applicable,1,Statewide,52
28006,2022,BT,Not Applicable,Diesel,2000,ICE,Not Applicable,≥4,Statewide,52
28007,2022,T5,3,Gasoline,1992,ICE,Not Applicable,3,Statewide,52
28008,2022,T4,Unknown,Gasoline,2011,ICE,Not Applicable,3,Statewide,52
28009,2022,T3,Unknown,Gasoline,1981,ICE,Not Applicable,1,Statewide,52
28010,2022,T3,Unknown,Gasoline,1981,ICE,Not Applicable,3,Statewide,52
28011,2022,T2,Unknown,Gasoline,1995,ICE,Not Applicable,≥4,Statewide,52
28012,2022,T1,Unknown,Gasoline,1991,ICE,Not Applicable,≥4,Statewide,52
28013,2022,T1,Unknown,Gasoline,1980,ICE,Not Applicable,3,Statewide,52
28014,2022,BS,Not Applicable,Gasoline,2004,ICE,Not Applicable,≥4,Statewide,52
28015,2022,B,Not Applicable,Gasoline,2017,ICE,Not Applicable,3,Statewide,52
28016,2022,MC,Not Applicable,Electric,2023,BEV,Unknown,1,Statewide,52
28017,2022,T6,7,Diesel,2002,ICE,Not Applicable,3,Statewide,52
28018,2022,T6,6,Diesel,1998,ICE,Not Applicable,1,Statewide,52
28019,2022,T4,Unknown,Gasoline,2012,ICE,Not Applicable,1,Statewide,52
28020,2022,T6,5,Gasoline,2021,ICE,Not Applicable,1,Statewide,60
28021,2022,BT,Not Applicable,Natural Gas,2004,ICE,Not Applicable,≥4,Statewide,60
28022,2022,P,Not Applicable,Natural Gas,2003,ICE,Not Applicable,≥4,Statewide,60
28023,2022,T1,1,Diesel,1989,ICE,Not Applicable,≥4,Statewide,74
28024,2022,P,Not Applicable,Diesel,1982,ICE,Not Applicable,≥4,Statewide,74
28025,2022,BS,Not Applicable,Diesel,1990,ICE,Not Applicable,≥4,Statewide,74
28026,2022,B,Not Applicable,Diesel,1994,ICE,Not Applicable,≥4,Statewide,74
28027,2022,MC,Not Applicable,Gasoline,1998,ICE,Not Applicable,≥4,Statewide,2597
28028,2022,MC,Not Applicable,Gasoline,1991,ICE,Not Applicable,≥4,Statewide,2607
28029,2022,P,Not Applicable,Gasoline,2023,PHEV,51 to 100 miles,2,Statewide,2607
28030,2022,T3,2,Gasoline,1997,ICE,Not Applicable,3,Statewide,2611
28031,2022,T7,8,Natural Gas,2008,ICE,Not Applicable,≥4,Statewide,73
28032,2022,T6,4,Gasoline,2000,ICE,Not Applicable,2,Statewide,73
28033,2022,T5,3,Gasoline,1996,ICE,Not Applicable,2,Statewide,73
28034,2022,T6,7,Diesel,1999,ICE,Not Applicable,1,Statewide,74
28035,2022,T4,Unknown,Gasoline,2013,ICE,Not Applicable,2,Statewide,73
28036,2022,T6,Unknown,Diesel,2017,ICE,Not Applicable,≥4,Statewide,73
28037,2022,T6,6,Diesel,1987,ICE,Not Applicable,≥4,Statewide,73
28038,2022,T4,2,Diesel,1987,ICE,Not Applicable,2,Statewide,73
28039,2022,MH,Not Applicable,Diesel,2016,ICE,Not Applicable,1,Statewide,73
28040,2022,T5,3,Diesel,2023,ICE,Not Applicable,≥4,Statewide,2613
28041,2022,P,Not Applicable,Diesel,2020,ICE,Not Applicable,1,Statewide,2616
28042,2022,T3,2,Diesel,2020,ICE,Not Applicable,2,Statewide,2619
28043,2022,T6,5,Diesel,2013,ICE,Not Applicable,≥4,Statewide,2619
28044,2022,P,Not Applicable,Electric,2021,BEV,>150 miles,3,Statewide,2631
28045,2022,MH,Not Applicable,Unknown,2019,ICE,Not Applicable,2,Statewide,72
28046,2022,T6,4,Gasoline,2017,ICE,Not Applicable,1,Statewide,72
28047,2022,T7,8,Diesel,1991,ICE,Not Applicable,1,Statewide,73
28048,2022,T6,7,Gasoline,1991,ICE,Not Applicable,≥4,Statewide,72
28049,2022,T6,7,Diesel,2010,ICE,Not Applicable,3,Statewide,74
28050,2022,T7,8,Diesel,1995,ICE,Not Applicable,2,Statewide,74
28051,2022,P,Not Applicable,Gasoline,1979,ICE,Not Applicable,3,Statewide,2576
28052,2022,T4,2,Diesel,2000,ICE,Not Applicable,≥4,Statewide,2580
28053,2022,T4,2,Natural Gas,2021,ICE,Not Applicable,≥4,Statewide,75
28054,2022,T6,7,Gasoline,1986,ICE,Not Applicable,≥4,Statewide,75
28055,2022,T3,Unknown,Gasoline,2023,PHEV,0 to 50 miles,3,Statewide,75
28056,2022,MH,Not Applicable,Gasoline,1979,ICE,Not Applicable,1,Statewide,75
28057,2022,B,Not Applicable,Gasoline,2012,ICE,Not Applicable,3,Statewide,75
28058,2022,B,Not Applicable,Gasoline,2007,ICE,Not Applicable,3,Statewide,75
28059,2022,P,Not Applicable,Electric,2007,BEV,Unknown,3,Statewide,75
28060,2022,T6,4,Diesel,2019,ICE,Not Applicable,2,Statewide,75
28061,2022,T6,7,Diesel,2018,ICE,Not Applicable,2,Statewide,75
28062,2022,T6,7,Diesel,2018,ICE,Not Applicable,3,Statewide,74
28063,2022,T6,4,Diesel,2017,ICE,Not Applicable,2,Statewide,75
28064,2022,T6,7,Diesel,2011,ICE,Not Applicable,3,Statewide,75
28065,2022,T3,Unknown,Diesel,2014,ICE,Not Applicable,2,Statewide,75
28066,2022,P,Not Applicable,Diesel,1983,ICE,Not Applicable,3,Statewide,75
28067,2022,P,Not Applicable,Diesel,2020,ICE,Not Applicable,≥4,Statewide,2583
28068,2022,P,Not Applicable,Natural Gas,2015,ICE,Not Applicable,2,Statewide,74
28069,2022,T2,Unknown,Gasoline,1994,ICE,Not Applicable,≥4,Statewide,74
28070,2022,T1,Unknown,Gasoline,1989,ICE,Not Applicable,≥4,Statewide,74
28071,2022,BS,Not Applicable,Gasoline,1990,ICE,Not Applicable,≥4,Statewide,74
28072,2022,B,Not Applicable,Gasoline,2014,ICE,Not Applicable,2,Statewide,74
28073,2022,B,Not Applicable,Gasoline,2007,ICE,Not Applicable,2,Statewide,74
28074,2022,B,Not Applicable,Gasoline,2004,ICE,Not Applicable,3,Statewide,74
28075,2022,T6,7,Diesel,2016,ICE,Not Applicable,3,Statewide,75
28076,2022,BT,Not Applicable,Diesel,2007,ICE,Not Applicable,1,Statewide,76
28077,2022,MH,Not Applicable,Gasoline,1979,ICE,Not Applicable,2,Statewide,72
28078,2022,B,Not Applicable,Gasoline,2004,ICE,Not Applicable,2,Statewide,72
28079,2022,T1,1,Gasoline,1992,ICE,Not Applicable,2,Statewide,2671
28080,2022,T6,Unknown,Natural Gas,2019,ICE,Not Applicable,≥4,Statewide,70
28081,2022,T6,4,Gasoline,2021,ICE,Not Applicable,3,Statewide,70
28082,2022,T6,4,Gasoline,2020,ICE,Not Applicable,1,Statewide,70
28083,2022,T6,4,Gasoline,2010,ICE,Not Applicable,3,Statewide,70
28084,2022,T5,3,Gasoline,1988,ICE,Not Applicable,≥4,Statewide,70
28085,2022,T2,Unknown,Gasoline,2001,ICE,Not Applicable,2,Statewide,70
28086,2022,T1,Unknown,Gasoline,1981,ICE,Not Applicable,1,Statewide,70
28087,2022,BS,Not Applicable,Gasoline,1981,ICE,Not Applicable,≥4,Statewide,70
28088,2022,B,Not Applicable,Gasoline,2016,ICE,Not Applicable,3,Statewide,70
28089,2022,B,Not Applicable,Gasoline,2000,ICE,Not Applicable,≥4,Statewide,70
28090,2022,MC,Not Applicable,Gasoline,1978,ICE,Not Applicable,3,Statewide,2668
28091,2022,T7,8,Diesel,1998,ICE,Not Applicable,2,Statewide,70
28092,2022,T6,7,Diesel,2021,ICE,Not Applicable,2,Statewide,70
28093,2022,T6,7,Diesel,2019,ICE,Not Applicable,2,Statewide,70
28094,2022,T3,Unknown,Diesel,2015,ICE,Not Applicable,2,Statewide,70
28095,2022,P,Not Applicable,Diesel,2001,ICE,Not Applicable,1,Statewide,70
28096,2022,MH,Not Applicable,Diesel,2002,ICE,Not Applicable,2,Statewide,70
28097,2022,BT,Not Applicable,Diesel,2006,ICE,Not Applicable,1,Statewide,70
28098,2022,MC,Not Applicable,Gasoline,2006,ICE,Not Applicable,1,Statewide,2678
28099,2022,T3,2,Gasoline,1993,ICE,Not Applicable,≥4,Statewide,2678
28100,2022,T2,1,Gasoline,1994,ICE,Not Applicable,3,Statewide,2684
28101,2022,T4,2,Diesel,2004,ICE,Not Applicable,2,Statewide,2686
28102,2022,T7,8,Diesel,2004,ICE,Not Applicable,≥4,Statewide,2687
28103,2022,T6,4,Diesel,2022,ICE,Not Applicable,2,Statewide,70
28104,2022,B,Not Applicable,Gasoline,2021,ICE,Not Applicable,1,Statewide,72
28105,2022,T4,2,Gasoline,1998,ICE,Not Applicable,≥4,Statewide,2667
28106,2022,P,Not Applicable,Gasoline,2023,PHEV,51 to 100 miles,1,Statewide,2656
28107,2022,P,Not Applicable,Electric,2015,BEV,Unknown,1,Statewide,72
28108,2022,T6,6,Diesel,1988,ICE,Not Applicable,≥4,Statewide,72
28109,2022,T4,2,Diesel,1987,ICE,Not Applicable,3,Statewide,72
28110,2022,T3,2,Diesel,2002,ICE,Not Applicable,≥4,Statewide,72
28111,2022,P,Not Applicable,Diesel,1994,ICE,Not Applicable,≥4,Statewide,72
28112,2022,BT,Not Applicable,Diesel,2022,ICE,Not Applicable,1,Statewide,72
28113,2022,BT,Not Applicable,Diesel,1991,ICE,Not Applicable,≥4,Statewide,72
28114,2022,P,Not Applicable,Gasoline,2017,PHEV,0 to 50 miles,2,Statewide,2635
28115,2022,T4,2,Diesel,2004,ICE,Not Applicable,3,Statewide,2642
28116,2022,T4,2,Gasoline,2023,ICE,Not Applicable,2,Statewide,2645
28117,2022,P,Not Applicable,Gasoline,1990,ICE,Not Applicable,3,Statewide,2646
28118,2022,T3,2,Gasoline,1997,ICE,Not Applicable,2,Statewide,2658
28119,2022,T4,2,Gasoline,2010,ICE,Not Applicable,2,Statewide,2647
28120,2022,P,Not Applicable,Natural Gas,2012,ICE,Not Applicable,1,Statewide,71
28121,2022,BS,Not Applicable,Natural Gas,2013,ICE,Not Applicable,≥4,Statewide,71
28122,2022,T6,6,Gasoline,1981,ICE,Not Applicable,1,Statewide,71
28123,2022,T4,Unknown,Gasoline,2021,PHEV,0 to 50 miles,2,Statewide,71
28124,2022,T4,Unknown,Gasoline,2019,ICE,Not Applicable,≥4,Statewide,71
28125,2022,T1,Unknown,Gasoline,2009,ICE,Not Applicable,≥4,Statewide,71
28126,2022,T6,7,Diesel,2023,ICE,Not Applicable,2,Statewide,71
28127,2022,T6,7,Diesel,1982,ICE,Not Applicable,≥4,Statewide,71
28128,2022,T5,3,Diesel,1994,ICE,Not Applicable,2,Statewide,71
28129,2022,T5,3,Diesel,1990,ICE,Not Applicable,≥4,Statewide,71
28130,2022,T3,2,Diesel,2008,ICE,Not Applicable,≥4,Statewide,71
28131,2022,T6,7,Natural Gas,2019,ICE,Not Applicable,≥4,Statewide,71
28132,2022,T6,7,Gasoline,2012,ICE,Not Applicable,≥4,Statewide,69
28133,2022,P,Not Applicable,Diesel,1991,ICE,Not Applicable,2,Statewide,76
28134,2022,BS,Not Applicable,Gasoline,2008,ICE,Not Applicable,≥4,Statewide,76
28135,2022,T6,5,Diesel,2015,ICE,Not Applicable,1,Statewide,82
28136,2022,T6,6,Diesel,2000,ICE,Not Applicable,2,Statewide,82
28137,2022,P,Not Applicable,Diesel,2005,ICE,Not Applicable,1,Statewide,82
28138,2022,BT,Not Applicable,Diesel,2001,ICE,Not Applicable,≥4,Statewide,82
28139,2022,B,Not Applicable,Diesel,1989,ICE,Not Applicable,≥4,Statewide,82
28140,2022,P,Not Applicable,Diesel,2019,ICE,Not Applicable,≥4,Statewide,2504
28141,2022,T3,2,Diesel,2021,ICE,Not Applicable,≥4,Statewide,2506
28142,2022,P,Not Applicable,Natural Gas,2012,ICE,Not Applicable,2,Statewide,81
28143,2022,T6,4,Gasoline,2008,ICE,Not Applicable,3,Statewide,81
28144,2022,T6,4,Gasoline,2002,ICE,Not Applicable,2,Statewide,81
28145,2022,B,Not Applicable,Gasoline,2017,ICE,Not Applicable,1,Statewide,81
28146,2022,T6,4,Diesel,2021,ICE,Not Applicable,2,Statewide,82
28147,2022,B,Not Applicable,Gasoline,2010,ICE,Not Applicable,2,Statewide,81
28148,2022,T6,7,Diesel,2012,ICE,Not Applicable,2,Statewide,81
28149,2022,T6,7,Diesel,1996,ICE,Not Applicable,1,Statewide,81
28150,2022,MH,Not Applicable,Diesel,2017,ICE,Not Applicable,2,Statewide,81
28151,2022,T4,Unknown,Gasoline,2021,ICE,Not Applicable,1,Statewide,2509
28152,2022,T4,2,Diesel,2005,ICE,Not Applicable,3,Statewide,2512
28153,2022,T6,6,Diesel,2005,ICE,Not Applicable,≥4,Statewide,2514
28154,2022,T6,7,Diesel,2020,ICE,Not Applicable,≥4,Statewide,2515
28155,2022,MH,Not Applicable,Gasoline,2022,ICE,Not Applicable,≥4,Statewide,2516
28156,2022,P,Not Applicable,Gasoline,1990,ICE,Not Applicable,1,Statewide,2516
28157,2022,T3,2,Natural Gas,2007,ICE,Not Applicable,≥4,Statewide,80
28158,2022,T4,Unknown,Gasoline,2013,ICE,Not Applicable,1,Statewide,80
28159,2022,P,Not Applicable,Electric,2024,BEV,>150 miles,≥4,Statewide,81
28160,2022,T2,Unknown,Gasoline,1984,ICE,Not Applicable,1,Statewide,80
28161,2022,T1,1,Electric,2018,BEV,101 to 150 miles,1,Statewide,82
28162,2022,T6,7,Gasoline,2010,ICE,Not Applicable,≥4,Statewide,82
28163,2022,T6,6,Gasoline,1994,ICE,Not Applicable,≥4,Statewide,84
28164,2022,T5,3,Gasoline,1978,ICE,Not Applicable,≥4,Statewide,84
28165,2022,T3,Unknown,Gasoline,1991,ICE,Not Applicable,3,Statewide,84
28166,2022,B,Not Applicable,Gasoline,2005,ICE,Not Applicable,1,Statewide,84
28167,2022,P,Not Applicable,Electric,2012,BEV,Unknown,≥4,Statewide,84
28168,2022,T7,8,Diesel,1992,ICE,Not Applicable,1,Statewide,84
28169,2022,T6,7,Diesel,2016,ICE,Not Applicable,2,Statewide,84
28170,2022,T5,3,Diesel,1996,ICE,Not Applicable,1,Statewide,84
28171,2022,P,Not Applicable,Diesel,1981,ICE,Not Applicable,≥4,Statewide,84
28172,2022,B,Not Applicable,Diesel,1997,ICE,Not Applicable,≥4,Statewide,84
28173,2022,B,Not Applicable,Diesel,1996,ICE,Not Applicable,≥4,Statewide,84
28174,2022,BS,Not Applicable,Gasoline,2007,ICE,Not Applicable,≥4,Statewide,82
28175,2022,T2,1,Gasoline,1994,ICE,Not Applicable,1,Statewide,2483
28176,2022,T6,4,Gasoline,2013,ICE,Not Applicable,1,Statewide,83
28177,2022,T6,4,Gasoline,2003,ICE,Not Applicable,1,Statewide,83
28178,2022,T4,2,Gasoline,1981,ICE,Not Applicable,2,Statewide,83
28179,2022,T6,4,Diesel,2016,ICE,Not Applicable,1,Statewide,83
28180,2022,T6,7,Diesel,1983,ICE,Not Applicable,≥4,Statewide,83
28181,2022,MH,Not Applicable,Diesel,2001,ICE,Not Applicable,2,Statewide,83
28182,2022,T5,3,Diesel,2009,ICE,Not Applicable,≥4,Statewide,2492
28183,2022,T5,3,Gasoline,2006,ICE,Not Applicable,≥4,Statewide,2498
28184,2022,P,Not Applicable,Natural Gas,2019,ICE,Not Applicable,2,Statewide,82
28185,2022,P,Not Applicable,Natural Gas,2014,ICE,Not Applicable,3,Statewide,82
28186,2022,T6,4,Gasoline,2012,ICE,Not Applicable,2,Statewide,82
28187,2022,T7,8,Diesel,2008,ICE,Not Applicable,≥4,Statewide,2488
28188,2022,BS,Not Applicable,Gasoline,1998,ICE,Not Applicable,≥4,Statewide,76
28189,2022,T6,Unknown,Electric,2023,BEV,Unknown,≥4,Statewide,80
28190,2022,T6,7,Diesel,2004,ICE,Not Applicable,3,Statewide,80
28191,2022,BT,Not Applicable,Diesel,2010,ICE,Not Applicable,≥4,Statewide,78
28192,2022,T5,3,Gasoline,2009,ICE,Not Applicable,≥4,Statewide,2543
28193,2022,T6,5,Diesel,2011,ICE,Not Applicable,≥4,Statewide,2544
28194,2022,T4,2,Diesel,2005,ICE,Not Applicable,2,Statewide,2545
28195,2022,P,Not Applicable,Gasoline,2017,PHEV,0 to 50 miles,≥4,Statewide,2546
28196,2022,T6,6,Diesel,2009,ICE,Not Applicable,≥4,Statewide,2553
28197,2022,T6,4,Gasoline,2022,ICE,Not Applicable,2,Statewide,77
28198,2022,T6,5,Gasoline,2020,ICE,Not Applicable,3,Statewide,77
28199,2022,T6,4,Gasoline,2012,ICE,Not Applicable,3,Statewide,77
28200,2022,T5,3,Gasoline,1998,ICE,Not Applicable,3,Statewide,77
28201,2022,P,Not Applicable,Electric,2015,BEV,>150 miles,≥4,Statewide,77
28202,2022,MH,Not Applicable,Diesel,1997,ICE,Not Applicable,3,Statewide,78
28203,2022,T6,7,Diesel,2012,ICE,Not Applicable,3,Statewide,77
28204,2022,T1,1,Diesel,1990,ICE,Not Applicable,≥4,Statewide,77
28205,2022,MH,Not Applicable,Diesel,2017,ICE,Not Applicable,1,Statewide,77
28206,2022,MH,Not Applicable,Diesel,1999,ICE,Not Applicable,2,Statewide,77
28207,2022,BS,Not Applicable,Diesel,1978,ICE,Not Applicable,1,Statewide,77
28208,2022,T4,2,Gasoline,1997,ICE,Not Applicable,≥4,Statewide,2555
28209,2022,T3,Unknown,Gasoline,2013,ICE,Not Applicable,3,Statewide,2562
28210,2022,T4,Unknown,Gasoline,2019,ICE,Not Applicable,1,Statewide,76
28211,2022,T3,Unknown,Gasoline,2023,PHEV,0 to 50 miles,≥4,Statewide,76
28212,2022,T1,Unknown,Gasoline,2014,ICE,Not Applicable,1,Statewide,76
28213,2022,T1,Unknown,Gasoline,1986,ICE,Not Applicable,≥4,Statewide,76
28214,2022,T1,Unknown,Gasoline,1985,ICE,Not Applicable,3,Statewide,76
28215,2022,T6,7,Diesel,2008,ICE,Not Applicable,2,Statewide,77
28216,2022,T1,1,Electric,2017,BEV,101 to 150 miles,3,Statewide,80
28217,2022,T1,1,Diesel,1986,ICE,Not Applicable,≥4,Statewide,78
28218,2022,T5,3,Diesel,2024,ICE,Not Applicable,≥4,Statewide,78
28219,2022,P,Not Applicable,Diesel,2013,ICE,Not Applicable,1,Statewide,80
28220,2022,MH,Not Applicable,Gasoline,2007,ICE,Not Applicable,≥4,Statewide,2519
28221,2022,T6,6,Gasoline,1988,ICE,Not Applicable,≥4,Statewide,79
28222,2022,T5,3,Gasoline,1998,ICE,Not Applicable,2,Statewide,79
28223,2022,T5,3,Gasoline,1996,ICE,Not Applicable,1,Statewide,79
28224,2022,T4,Unknown,Gasoline,2011,ICE,Not Applicable,1,Statewide,79
28225,2022,T6,5,Diesel,2000,ICE,Not Applicable,≥4,Statewide,79
28226,2022,T6,7,Diesel,1980,ICE,Not Applicable,≥4,Statewide,79
28227,2022,T4,2,Diesel,2024,ICE,Not Applicable,1,Statewide,79
28228,2022,T3,Unknown,Diesel,2014,ICE,Not Applicable,1,Statewide,79
28229,2022,P,Not Applicable,Diesel,2000,ICE,Not Applicable,1,Statewide,79
28230,2022,T2,1,Diesel,2010,ICE,Not Applicable,≥4,Statewide,78
28231,2022,MH,Not Applicable,Diesel,1998,ICE,Not Applicable,1,Statewide,79
28232,2022,T6,6,Gasoline,1983,ICE,Not Applicable,1,Statewide,78
28233,2022,MH,Not Applicable,Gasoline,2015,ICE,Not Applicable,1,Statewide,78
28234,2022,MH,Not Applicable,Gasoline,1979,ICE,Not Applicable,3,Statewide,78
28235,2022,BT,Not Applicable,Gasoline,2007,ICE,Not Applicable,≥4,Statewide,78
28236,2022,B,Not Applicable,Gasoline,2020,ICE,Not Applicable,2,Statewide,78
28237,2022,T6,6,Diesel,2015,ICE,Not Applicable,2,Statewide,78
28238,2022,T6,7,Diesel,2011,ICE,Not Applicable,2,Statewide,78
28239,2022,T6,7,Diesel,2006,ICE,Not Applicable,3,Statewide,78
28240,2022,T6,7,Diesel,2004,ICE,Not Applicable,2,Statewide,78
28241,2022,T6,4,Diesel,1993,ICE,Not Applicable,≥4,Statewide,78
28242,2022,T6,6,Diesel,1989,ICE,Not Applicable,≥4,Statewide,78
28243,2022,T6,7,Natural Gas,2017,ICE,Not Applicable,≥4,Statewide,78
28244,2022,T3,2,Natural Gas,2018,ICE,Not Applicable,≥4,Statewide,84
28245,2022,T5,3,Gasoline,2015,ICE,Not Applicable,3,Statewide,69
28246,2022,BT,Not Applicable,Gasoline,1986,ICE,Not Applicable,≥4,Statewide,69
28247,2022,T6,6,Diesel,2024,ICE,Not Applicable,2,Statewide,62
28248,2022,T6,7,Diesel,2003,ICE,Not Applicable,2,Statewide,62
28249,2022,T6,7,Diesel,2002,ICE,Not Applicable,2,Statewide,62
28250,2022,T6,4,Diesel,1999,ICE,Not Applicable,1,Statewide,62
28251,2022,T6,7,Diesel,1990,ICE,Not Applicable,1,Statewide,62
28252,2022,T6,Unknown,Diesel,1986,ICE,Not Applicable,≥4,Statewide,62
28253,2022,T6,6,Diesel,1978,ICE,Not Applicable,≥4,Statewide,62
28254,2022,T4,Unknown,Diesel,2011,ICE,Not Applicable,≥4,Statewide,62
28255,2022,T3,2,Diesel,1987,ICE,Not Applicable,2,Statewide,62
28256,2022,MH,Not Applicable,Diesel,1997,ICE,Not Applicable,2,Statewide,62
28257,2022,B,Not Applicable,Diesel,1989,ICE,Not Applicable,3,Statewide,1
28258,2022,T1,Unknown,Gasoline,1982,ICE,Not Applicable,1,Statewide,62
28259,2022,B,Not Applicable,Diesel,2024,ICE,Not Applicable,2,Statewide,1
28260,2022,BS,Not Applicable,Diesel,1979,ICE,Not Applicable,3,Statewide,1
28261,2022,BS,Not Applicable,Diesel,1980,ICE,Not Applicable,3,Statewide,1
28262,2022,BS,Not Applicable,Diesel,1982,ICE,Not Applicable,3,Statewide,1
28263,2022,BS,Not Applicable,Diesel,1982,ICE,Not Applicable,2,Statewide,1
28264,2022,BS,Not Applicable,Diesel,1982,ICE,Not Applicable,1,Statewide,1
28265,2022,BS,Not Applicable,Diesel,1983,ICE,Not Applicable,3,Statewide,1
28266,2022,BS,Not Applicable,Diesel,1984,ICE,Not Applicable,3,Statewide,1
28267,2022,BS,Not Applicable,Diesel,1985,ICE,Not Applicable,3,Statewide,1
28268,2022,BS,Not Applicable,Diesel,1985,ICE,Not Applicable,2,Statewide,1
28269,2022,BS,Not Applicable,Diesel,1988,ICE,Not Applicable,2,Statewide,1
28270,2022,BS,Not Applicable,Diesel,1989,ICE,Not Applicable,3,Statewide,1
28271,2022,B,Not Applicable,Diesel,2024,ICE,Not Applicable,1,Statewide,1
28272,2022,BT,Not Applicable,Diesel,1979,ICE,Not Applicable,3,Statewide,1
28273,2022,T1,Unknown,Gasoline,2008,ICE,Not Applicable,3,Statewide,62
28274,2022,T6,4,Gasoline,1999,ICE,Not Applicable,1,Statewide,62
28275,2022,T3,Unknown,Gasoline,1992,ICE,Not Applicable,3,Statewide,63
28276,2022,T2,Unknown,Gasoline,1997,ICE,Not Applicable,≥4,Statewide,63
28277,2022,BT,Not Applicable,Gasoline,2010,ICE,Not Applicable,≥4,Statewide,63
28278,2022,B,Not Applicable,Gasoline,2018,ICE,Not Applicable,1,Statewide,63
28279,2022,T7,8,Diesel,1993,ICE,Not Applicable,2,Statewide,63
28280,2022,T7,8,Diesel,1980,ICE,Not Applicable,1,Statewide,63
28281,2022,T6,7,Diesel,2020,ICE,Not Applicable,3,Statewide,63
28282,2022,T6,5,Diesel,1997,ICE,Not Applicable,≥4,Statewide,63
28283,2022,P,Not Applicable,Diesel,2002,ICE,Not Applicable,2,Statewide,63
28284,2022,P,Not Applicable,Diesel,1981,ICE,Not Applicable,2,Statewide,63
28285,2022,MH,Not Applicable,Diesel,2015,ICE,Not Applicable,2,Statewide,63
28286,2022,T2,Unknown,Gasoline,2001,ICE,Not Applicable,1,Statewide,62
28287,2022,B,Not Applicable,Diesel,1993,ICE,Not Applicable,≥4,Statewide,63
28288,2022,B,Not Applicable,Diesel,1979,ICE,Not Applicable,2,Statewide,1
28289,2022,B,Not Applicable,Diesel,1980,ICE,Not Applicable,2,Statewide,1
28290,2022,B,Not Applicable,Diesel,1981,ICE,Not Applicable,3,Statewide,1
28291,2022,B,Not Applicable,Diesel,1982,ICE,Not Applicable,1,Statewide,1
28292,2022,B,Not Applicable,Diesel,1985,ICE,Not Applicable,3,Statewide,1
28293,2022,B,Not Applicable,Diesel,1985,ICE,Not Applicable,1,Statewide,1
28294,2022,P,Not Applicable,Natural Gas,2009,ICE,Not Applicable,1,Statewide,62
28295,2022,T6,5,Gasoline,2019,ICE,Not Applicable,1,Statewide,62
28296,2022,T6,7,Gasoline,2007,ICE,Not Applicable,≥4,Statewide,62
28297,2022,T6,7,Gasoline,2006,ICE,Not Applicable,≥4,Statewide,62
28298,2022,T6,4,Gasoline,2003,ICE,Not Applicable,3,Statewide,62
28299,2022,P,Not Applicable,Electric,2022,BEV,101 to 150 miles,2,Statewide,2829
28300,2022,T4,Unknown,Gasoline,2012,ICE,Not Applicable,≥4,Statewide,63
28301,2022,BT,Not Applicable,Diesel,1979,ICE,Not Applicable,2,Statewide,1
28302,2022,BT,Not Applicable,Diesel,1982,ICE,Not Applicable,1,Statewide,1
28303,2022,T3,2,Diesel,2006,ICE,Not Applicable,≥4,Statewide,61
28304,2022,T2,Unknown,Diesel,2016,ICE,Not Applicable,≥4,Statewide,61
28305,2022,P,Not Applicable,Diesel,1993,ICE,Not Applicable,≥4,Statewide,61
28306,2022,BS,Not Applicable,Diesel,2011,ICE,Not Applicable,1,Statewide,61
28307,2022,T1,1,Gasoline,1993,ICE,Not Applicable,3,Statewide,2869
28308,2022,T5,3,Diesel,2019,ICE,Not Applicable,≥4,Statewide,2870
28309,2022,BT,Not Applicable,Diesel,1984,ICE,Not Applicable,1,Statewide,1
28310,2022,BT,Not Applicable,Diesel,1990,ICE,Not Applicable,2,Statewide,1
28311,2022,T2,1,Gasoline,1991,ICE,Not Applicable,≥4,Statewide,2881
28312,2022,BT,Not Applicable,Diesel,1994,ICE,Not Applicable,3,Statewide,1
28313,2022,BT,Not Applicable,Diesel,1996,ICE,Not Applicable,3,Statewide,1
28314,2022,T3,Unknown,Diesel,2014,ICE,Not Applicable,3,Statewide,61
28315,2022,BT,Not Applicable,Diesel,2000,ICE,Not Applicable,2,Statewide,1
28316,2022,BT,Not Applicable,Diesel,2004,ICE,Not Applicable,3,Statewide,1
28317,2022,BT,Not Applicable,Diesel,2008,ICE,Not Applicable,3,Statewide,1
28318,2022,BT,Not Applicable,Diesel,2008,ICE,Not Applicable,2,Statewide,1
28319,2022,BT,Not Applicable,Diesel,2009,ICE,Not Applicable,2,Statewide,1
28320,2022,BT,Not Applicable,Diesel,2010,ICE,Not Applicable,2,Statewide,1
28321,2022,BT,Not Applicable,Diesel,2011,ICE,Not Applicable,2,Statewide,1
28322,2022,BT,Not Applicable,Diesel,2012,ICE,Not Applicable,3,Statewide,1
28323,2022,BT,Not Applicable,Diesel,2013,ICE,Not Applicable,3,Statewide,1
28324,2022,BT,Not Applicable,Diesel,2022,ICE,Not Applicable,2,Statewide,1
28325,2022,MH,Not Applicable,Unknown,2019,ICE,Not Applicable,1,Statewide,60
28326,2022,T3,2,Natural Gas,2004,ICE,Not Applicable,≥4,Statewide,60
28327,2022,BT,Not Applicable,Diesel,2003,ICE,Not Applicable,3,Statewide,1
28328,2022,BT,Not Applicable,Diesel,1980,ICE,Not Applicable,3,Statewide,1
28329,2022,T3,Unknown,Diesel,2015,ICE,Not Applicable,1,Statewide,61
28330,2022,T6,7,Diesel,2008,ICE,Not Applicable,3,Statewide,61
28331,2022,BT,Not Applicable,Diesel,1983,ICE,Not Applicable,≥4,Statewide,1
28332,2022,BT,Not Applicable,Diesel,1983,ICE,Not Applicable,1,Statewide,1
28333,2022,T7,8,Natural Gas,2006,ICE,Not Applicable,≥4,Statewide,61
28334,2022,T6,7,Natural Gas,2022,ICE,Not Applicable,≥4,Statewide,61
28335,2022,P,Not Applicable,Natural Gas,2012,ICE,Not Applicable,3,Statewide,61
28336,2022,B,Not Applicable,Natural Gas,2014,ICE,Not Applicable,≥4,Statewide,61
28337,2022,T6,4,Gasoline,2024,ICE,Not Applicable,≥4,Statewide,61
28338,2022,T6,5,Gasoline,2020,ICE,Not Applicable,2,Statewide,61
28339,2022,T6,4,Gasoline,2013,ICE,Not Applicable,2,Statewide,61
28340,2022,T5,3,Gasoline,1992,ICE,Not Applicable,1,Statewide,61
28341,2022,T2,1,Gasoline,2021,PHEV,0 to 50 miles,1,Statewide,61
28342,2022,T4,Unknown,Diesel,1978,ICE,Not Applicable,≥4,Statewide,61
28343,2022,T2,Unknown,Gasoline,1992,ICE,Not Applicable,≥4,Statewide,61
28344,2022,P,Not Applicable,Gasoline,2024,PHEV,0 to 50 miles,1,Statewide,61
28345,2022,MH,Not Applicable,Gasoline,2014,ICE,Not Applicable,2,Statewide,61
28346,2022,BS,Not Applicable,Gasoline,1993,ICE,Not Applicable,≥4,Statewide,61
28347,2022,B,Not Applicable,Gasoline,2022,ICE,Not Applicable,2,Statewide,61
28348,2022,B,Not Applicable,Gasoline,2014,ICE,Not Applicable,3,Statewide,61
28349,2022,T4,Unknown,Electric,2018,BEV,Unknown,≥4,Statewide,61
28350,2022,MC,Not Applicable,Electric,2019,BEV,Unknown,≥4,Statewide,61
28351,2022,BT,Not Applicable,Electric,2019,BEV,Unknown,1,Statewide,61
28352,2022,T6,7,Diesel,2022,ICE,Not Applicable,3,Statewide,61
28353,2022,T6,4,Diesel,2015,ICE,Not Applicable,1,Statewide,61
28354,2022,T6,5,Diesel,2014,ICE,Not Applicable,3,Statewide,61
28355,2022,T1,Unknown,Gasoline,2014,ICE,Not Applicable,≥4,Statewide,61
28356,2022,T4,Unknown,Gasoline,2013,ICE,Not Applicable,≥4,Statewide,69
28357,2022,T5,3,Gasoline,1997,ICE,Not Applicable,2,Statewide,63
28358,2022,T3,Unknown,Gasoline,2013,ICE,Not Applicable,1,Statewide,2811
28359,2022,MC,Not Applicable,Gasoline,2015,ICE,Not Applicable,3,Statewide,2744
28360,2022,T6,6,Gasoline,2009,ICE,Not Applicable,≥4,Statewide,67
28361,2022,T6,4,Gasoline,2001,ICE,Not Applicable,1,Statewide,67
28362,2022,T6,7,Gasoline,1992,ICE,Not Applicable,≥4,Statewide,67
28363,2022,T3,Unknown,Gasoline,2024,ICE,Not Applicable,3,Statewide,67
28364,2022,T1,Unknown,Gasoline,2006,ICE,Not Applicable,≥4,Statewide,67
28365,2022,T1,Unknown,Gasoline,1985,ICE,Not Applicable,2,Statewide,67
28366,2022,BS,Not Applicable,Gasoline,2016,ICE,Not Applicable,≥4,Statewide,67
28367,2022,BS,Not Applicable,Gasoline,1995,ICE,Not Applicable,≥4,Statewide,67
28368,2022,BS,Not Applicable,Gasoline,1986,ICE,Not Applicable,≥4,Statewide,67
28369,2022,T6,4,Diesel,2019,ICE,Not Applicable,3,Statewide,67
28370,2022,T7,8,Diesel,2006,ICE,Not Applicable,≥4,Statewide,2739
28371,2022,T6,7,Diesel,2000,ICE,Not Applicable,3,Statewide,67
28372,2022,T3,2,Diesel,2009,ICE,Not Applicable,2,Statewide,67
28373,2022,P,Not Applicable,Diesel,1978,ICE,Not Applicable,1,Statewide,67
28374,2022,T4,Unknown,Gasoline,2021,ICE,Not Applicable,≥4,Statewide,2754
28375,2022,T4,2,Gasoline,2010,ICE,Not Applicable,3,Statewide,2756
28376,2022,MH,Not Applicable,Gasoline,2008,ICE,Not Applicable,≥4,Statewide,2770
28377,2022,T1,1,Gasoline,1992,ICE,Not Applicable,3,Statewide,2773
28378,2022,T4,2,Diesel,2001,ICE,Not Applicable,≥4,Statewide,2774
28379,2022,T6,4,Gasoline,2009,ICE,Not Applicable,3,Statewide,66
28380,2022,T4,Unknown,Gasoline,2019,ICE,Not Applicable,3,Statewide,66
28381,2022,T3,Unknown,Gasoline,1992,ICE,Not Applicable,1,Statewide,66
28382,2022,T1,Unknown,Gasoline,1983,ICE,Not Applicable,2,Statewide,66
28383,2022,T3,2,Diesel,2009,ICE,Not Applicable,1,Statewide,67
28384,2022,T1,Unknown,Gasoline,1980,ICE,Not Applicable,1,Statewide,66
28385,2022,T2,1,Gasoline,1994,ICE,Not Applicable,2,Statewide,2737
28386,2022,MH,Not Applicable,Gasoline,2005,ICE,Not Applicable,≥4,Statewide,2725
28387,2022,BS,Not Applicable,Gasoline,2015,ICE,Not Applicable,≥4,Statewide,69
28388,2022,B,Not Applicable,Gasoline,2016,ICE,Not Applicable,2,Statewide,69
28389,2022,T6,5,Diesel,1999,ICE,Not Applicable,≥4,Statewide,69
28390,2022,T3,2,Diesel,1991,ICE,Not Applicable,≥4,Statewide,69
28391,2022,T3,2,Diesel,1988,ICE,Not Applicable,3,Statewide,69
28392,2022,T2,1,Diesel,2011,ICE,Not Applicable,≥4,Statewide,69
28393,2022,P,Not Applicable,Diesel,2002,ICE,Not Applicable,3,Statewide,69
28394,2022,P,Not Applicable,Diesel,1991,ICE,Not Applicable,1,Statewide,69
28395,2022,P,Not Applicable,Diesel,1980,ICE,Not Applicable,≥4,Statewide,69
28396,2022,MH,Not Applicable,Diesel,2000,ICE,Not Applicable,2,Statewide,69
28397,2022,BT,Not Applicable,Diesel,1990,ICE,Not Applicable,≥4,Statewide,69
28398,2022,P,Not Applicable,Electric,2022,BEV,51 to 100 miles,≥4,Statewide,2730
28399,2022,T2,Unknown,Gasoline,2013,ICE,Not Applicable,1,Statewide,2697
28400,2022,T2,Unknown,Gasoline,2016,ICE,Not Applicable,1,Statewide,2707
28401,2022,T2,1,Gasoline,2024,ICE,Not Applicable,3,Statewide,2717
28402,2022,T4,2,Diesel,2013,ICE,Not Applicable,1,Statewide,2719
28403,2022,T4,2,Gasoline,2022,PHEV,0 to 50 miles,1,Statewide,68
28404,2022,T2,Unknown,Gasoline,2001,ICE,Not Applicable,3,Statewide,68
28405,2022,T1,Unknown,Gasoline,1985,ICE,Not Applicable,1,Statewide,68
28406,2022,P,Not Applicable,Gasoline,2024,PHEV,0 to 50 miles,2,Statewide,68
28407,2022,T6,4,Diesel,2021,ICE,Not Applicable,3,Statewide,68
28408,2022,T6,4,Diesel,2001,ICE,Not Applicable,2,Statewide,68
28409,2022,T6,Unknown,Diesel,1983,ICE,Not Applicable,≥4,Statewide,68
28410,2022,T1,1,Gasoline,1991,ICE,Not Applicable,3,Statewide,2722
28411,2022,T5,3,Gasoline,2010,ICE,Not Applicable,≥4,Statewide,2700
28412,2022,T5,3,Gasoline,1997,ICE,Not Applicable,1,Statewide,63
28413,2022,B,Not Applicable,Gasoline,2017,ICE,Not Applicable,2,Statewide,66
28414,2022,B,Not Applicable,Gasoline,2005,ICE,Not Applicable,3,Statewide,66
28415,2022,MH,Not Applicable,Diesel,2015,ICE,Not Applicable,1,Statewide,65
28416,2022,B,Not Applicable,Diesel,1992,ICE,Not Applicable,≥4,Statewide,65
28417,2022,T4,2,Diesel,2012,ICE,Not Applicable,1,Statewide,2786
28418,2022,T4,2,Gasoline,2010,ICE,Not Applicable,1,Statewide,2794
28419,2022,T1,1,Gasoline,1989,ICE,Not Applicable,≥4,Statewide,2799
28420,2022,BS,Not Applicable,Natural Gas,2011,ICE,Not Applicable,≥4,Statewide,64
28421,2022,B,Not Applicable,Natural Gas,2015,ICE,Not Applicable,≥4,Statewide,64
28422,2022,T6,5,Gasoline,2022,ICE,Not Applicable,2,Statewide,64
28423,2022,T6,4,Gasoline,2021,ICE,Not Applicable,2,Statewide,64
28424,2022,T3,Unknown,Gasoline,1994,ICE,Not Applicable,2,Statewide,64
28425,2022,T2,Unknown,Gasoline,1993,ICE,Not Applicable,≥4,Statewide,64
28426,2022,P,Not Applicable,Diesel,1978,ICE,Not Applicable,3,Statewide,65
28427,2022,T2,Unknown,Gasoline,1979,ICE,Not Applicable,3,Statewide,64
28428,2022,B,Not Applicable,Gasoline,2021,ICE,Not Applicable,2,Statewide,64
28429,2022,B,Not Applicable,Gasoline,2005,ICE,Not Applicable,2,Statewide,64
28430,2022,T6,4,Diesel,2020,ICE,Not Applicable,2,Statewide,64
28431,2022,T6,7,Diesel,2020,ICE,Not Applicable,2,Statewide,64
28432,2022,T6,4,Diesel,2017,ICE,Not Applicable,3,Statewide,64
28433,2022,T6,4,Diesel,2001,ICE,Not Applicable,3,Statewide,64
28434,2022,T6,7,Diesel,1994,ICE,Not Applicable,1,Statewide,64
28435,2022,T2,Unknown,Diesel,1978,ICE,Not Applicable,≥4,Statewide,64
28436,2022,P,Not Applicable,Diesel,2001,ICE,Not Applicable,2,Statewide,64
28437,2022,MH,Not Applicable,Diesel,2001,ICE,Not Applicable,1,Statewide,64
28438,2022,T1,1,Gasoline,1991,ICE,Not Applicable,2,Statewide,2801
28439,2022,T1,Unknown,Gasoline,1984,ICE,Not Applicable,1,Statewide,64
28440,2022,B,Not Applicable,Gasoline,2006,ICE,Not Applicable,3,Statewide,66
28441,2022,P,Not Applicable,Diesel,1991,ICE,Not Applicable,3,Statewide,65
28442,2022,T3,2,Diesel,2009,ICE,Not Applicable,3,Statewide,65
28443,2022,T7,8,Diesel,1995,ICE,Not Applicable,3,Statewide,66
28444,2022,T6,4,Diesel,2022,ICE,Not Applicable,3,Statewide,66
28445,2022,T6,7,Diesel,2022,ICE,Not Applicable,2,Statewide,66
28446,2022,T6,7,Diesel,2019,ICE,Not Applicable,3,Statewide,66
28447,2022,T5,3,Diesel,1996,ICE,Not Applicable,2,Statewide,66
28448,2022,T4,2,Diesel,1987,ICE,Not Applicable,1,Statewide,66
28449,2022,T3,2,Diesel,2001,ICE,Not Applicable,≥4,Statewide,66
28450,2022,P,Not Applicable,Diesel,2001,ICE,Not Applicable,3,Statewide,66
28451,2022,BT,Not Applicable,Diesel,1992,ICE,Not Applicable,≥4,Statewide,66
28452,2022,T7,8,Gasoline,1978,ICE,Not Applicable,≥4,Statewide,2782
28453,2022,T3,2,Natural Gas,2009,ICE,Not Applicable,1,Statewide,65
28454,2022,T3,2,Diesel,2000,ICE,Not Applicable,≥4,Statewide,65
28455,2022,P,Not Applicable,Natural Gas,2006,ICE,Not Applicable,1,Statewide,65
28456,2022,T6,4,Gasoline,2020,ICE,Not Applicable,2,Statewide,65
28457,2022,T6,6,Gasoline,2020,ICE,Not Applicable,3,Statewide,65
28458,2022,T3,Unknown,Gasoline,1990,ICE,Not Applicable,≥4,Statewide,65
28459,2022,T1,Unknown,Gasoline,1979,ICE,Not Applicable,3,Statewide,65
28460,2022,T6,Unknown,Diesel,2016,ICE,Not Applicable,≥4,Statewide,65
28461,2022,T6,7,Diesel,2015,ICE,Not Applicable,2,Statewide,65
28462,2022,T6,5,Diesel,2014,ICE,Not Applicable,2,Statewide,65
28463,2022,T6,7,Diesel,2000,ICE,Not Applicable,2,Statewide,65
28464,2022,T6,6,Diesel,1999,ICE,Not Applicable,1,Statewide,65
28465,2022,T6,7,Diesel,1992,ICE,Not Applicable,1,Statewide,65
28466,2022,T6,7,Diesel,1978,ICE,Not Applicable,1,Statewide,65
28467,2022,T6,4,Gasoline,2022,ICE,Not Applicable,3,Statewide,65
28468,2022,T5,3,Gasoline,1994,ICE,Not Applicable,3,Statewide,48
28469,2022,T6,4,Gasoline,2005,ICE,Not Applicable,2,Statewide,201
28470,2022,MH,Not Applicable,Diesel,2015,ICE,Not Applicable,≥4,Statewide,202
28471,2022,MH,Not Applicable,Gasoline,2016,ICE,Not Applicable,3,Statewide,557
28472,2022,MH,Not Applicable,Gasoline,2003,ICE,Not Applicable,3,Statewide,557
28473,2022,BS,Not Applicable,Diesel,2017,ICE,Not Applicable,≥4,Statewide,557
28474,2022,T3,2,Gasoline,2021,ICE,Not Applicable,≥4,Statewide,82375
28475,2022,MH,Not Applicable,Gasoline,2002,ICE,Not Applicable,1,Statewide,555
28476,2022,T6,4,Diesel,2000,ICE,Not Applicable,≥4,Statewide,555
28477,2022,T5,3,Diesel,2008,ICE,Not Applicable,1,Statewide,554
28478,2022,T1,1,Gasoline,1982,ICE,Not Applicable,≥4,Statewide,551
28479,2022,T3,Unknown,Gasoline,2019,ICE,Not Applicable,2,Statewide,550
28480,2022,T2,1,Gasoline,2022,ICE,Not Applicable,3,Statewide,81515
28481,2022,BS,Not Applicable,Gasoline,2014,ICE,Not Applicable,≥4,Statewide,549
28482,2022,T5,3,Gasoline,2011,ICE,Not Applicable,1,Statewide,548
28483,2022,MC,Not Applicable,Gasoline,1993,ICE,Not Applicable,3,Statewide,548
28484,2022,T5,3,Diesel,2007,ICE,Not Applicable,2,Statewide,548
28485,2022,T3,2,Diesel,2019,ICE,Not Applicable,1,Statewide,1282
28486,2022,T2,Unknown,Electric,2021,BEV,>150 miles,≥4,Statewide,1282
28487,2022,MH,Not Applicable,Gasoline,1978,ICE,Not Applicable,1,Statewide,547
28488,2022,B,Not Applicable,Diesel,1978,ICE,Not Applicable,≥4,Statewide,547
28489,2022,T2,1,Gasoline,2009,ICE,Not Applicable,≥4,Statewide,81271
28490,2022,T4,2,Diesel,2003,ICE,Not Applicable,≥4,Statewide,1283
28491,2022,T6,4,Gasoline,2013,ICE,Not Applicable,≥4,Statewide,1283
28492,2022,BS,Not Applicable,Diesel,2016,ICE,Not Applicable,≥4,Statewide,544
28493,2022,T3,2,Gasoline,2020,ICE,Not Applicable,≥4,Statewide,80877
28494,2022,MH,Not Applicable,Gasoline,2005,ICE,Not Applicable,3,Statewide,1281
28495,2022,MH,Not Applicable,Diesel,2013,ICE,Not Applicable,3,Statewide,558
28496,2022,T6,6,Diesel,2011,ICE,Not Applicable,1,Statewide,558
28497,2022,MC,Not Applicable,Gasoline,1995,ICE,Not Applicable,3,Statewide,558
28498,2022,T5,3,Diesel,2003,ICE,Not Applicable,≥4,Statewide,573
28499,2022,T3,2,Gasoline,2012,ICE,Not Applicable,≥4,Statewide,84782
28500,2022,BS,Not Applicable,Diesel,2018,ICE,Not Applicable,≥4,Statewide,572
28501,2022,MH,Not Applicable,Gasoline,1978,ICE,Not Applicable,2,Statewide,570
28502,2022,P,Not Applicable,Gasoline,1980,ICE,Not Applicable,3,Statewide,1270
28503,2022,MH,Not Applicable,Gasoline,2010,ICE,Not Applicable,2,Statewide,569
28504,2022,MC,Not Applicable,Gasoline,1992,ICE,Not Applicable,3,Statewide,569
28505,2022,MC,Not Applicable,Gasoline,1991,ICE,Not Applicable,2,Statewide,569
28506,2022,T3,Unknown,Gasoline,2015,ICE,Not Applicable,1,Statewide,1271
28507,2022,T6,4,Gasoline,2022,ICE,Not Applicable,≥4,Statewide,568
28508,2022,T2,Unknown,Gasoline,2010,ICE,Not Applicable,≥4,Statewide,567
28509,2022,T2,1,Gasoline,2018,ICE,Not Applicable,2,Statewide,80230
28510,2022,T4,2,Gasoline,1993,ICE,Not Applicable,1,Statewide,566
28511,2022,T6,4,Gasoline,2004,ICE,Not Applicable,≥4,Statewide,1274
28512,2022,P,Not Applicable,Gasoline,2005,ICE,Not Applicable,1,Statewide,83093
28513,2022,MH,Not Applicable,Gasoline,2005,ICE,Not Applicable,1,Statewide,562
28514,2022,T6,7,Diesel,1996,ICE,Not Applicable,≥4,Statewide,562
28515,2022,P,Not Applicable,Diesel,2011,ICE,Not Applicable,≥4,Statewide,562
28516,2022,T5,3,Diesel,2004,ICE,Not Applicable,1,Statewide,561
28517,2022,T2,1,Gasoline,2023,ICE,Not Applicable,2,Statewide,82712
28518,2022,BT,Not Applicable,Gasoline,2021,ICE,Not Applicable,≥4,Statewide,560
28519,2022,T2,1,Diesel,2019,ICE,Not Applicable,≥4,Statewide,560
28520,2022,T6,Unknown,Gasoline,1978,ICE,Not Applicable,2,Statewide,559
28521,2022,P,Not Applicable,Diesel,2007,ICE,Not Applicable,≥4,Statewide,559
28522,2022,T6,4,Gasoline,2000,ICE,Not Applicable,≥4,Statewide,565
28523,2022,T6,6,Gasoline,2019,ICE,Not Applicable,≥4,Statewide,542
28524,2022,T2,1,Gasoline,1980,ICE,Not Applicable,3,Statewide,542
28525,2022,B,Not Applicable,Gasoline,2009,ICE,Not Applicable,≥4,Statewide,542
28526,2022,P,Not Applicable,Diesel,2017,ICE,Not Applicable,3,Statewide,529
28527,2022,MC,Not Applicable,Gasoline,1988,ICE,Not Applicable,3,Statewide,528
28528,2022,T5,3,Gasoline,2004,ICE,Not Applicable,1,Statewide,527
28529,2022,MH,Not Applicable,Gasoline,2007,ICE,Not Applicable,1,Statewide,527
28530,2022,T3,2,Gasoline,2019,ICE,Not Applicable,≥4,Statewide,77962
28531,2022,T7,8,Natural Gas,2019,ICE,Not Applicable,≥4,Statewide,526
28532,2022,MH,Not Applicable,Diesel,2009,ICE,Not Applicable,3,Statewide,525
28533,2022,T4,Unknown,Gasoline,2020,ICE,Not Applicable,1,Statewide,1298
28534,2022,T1,1,Gasoline,1987,ICE,Not Applicable,3,Statewide,524
28535,2022,MH,Not Applicable,Gasoline,2013,ICE,Not Applicable,3,Statewide,524
28536,2022,MH,Not Applicable,Gasoline,1994,ICE,Not Applicable,3,Statewide,524
28537,2022,T7,8,Diesel,2005,ICE,Not Applicable,1,Statewide,529
28538,2022,T4,2,Diesel,2003,ICE,Not Applicable,1,Statewide,524
28539,2022,T2,1,Gasoline,2019,ICE,Not Applicable,2,Statewide,76912
28540,2022,T2,1,Gasoline,2019,ICE,Not Applicable,1,Statewide,76839
28541,2022,P,Not Applicable,Gasoline,2007,ICE,Not Applicable,3,Statewide,75960
28542,2022,T2,Unknown,Gasoline,2012,ICE,Not Applicable,1,Statewide,1300
28543,2022,T4,2,Gasoline,1993,ICE,Not Applicable,2,Statewide,519
28544,2022,T4,Unknown,Diesel,2021,ICE,Not Applicable,3,Statewide,519
28545,2022,P,Not Applicable,Gasoline,2003,ICE,Not Applicable,≥4,Statewide,74153
28546,2022,T5,3,Gasoline,1995,ICE,Not Applicable,≥4,Statewide,518
28547,2022,T3,2,Gasoline,1990,ICE,Not Applicable,3,Statewide,518
28548,2022,MH,Not Applicable,Diesel,2003,ICE,Not Applicable,≥4,Statewide,518
28549,2022,T3,2,Gasoline,2006,ICE,Not Applicable,≥4,Statewide,73888
28550,2022,P,Not Applicable,Gasoline,2005,ICE,Not Applicable,2,Statewide,77574
28551,2022,T2,1,Gasoline,2020,ICE,Not Applicable,≥4,Statewide,84915
28552,2022,T7,8,Diesel,2023,ICE,Not Applicable,1,Statewide,530
28553,2022,BS,Not Applicable,Diesel,2000,ICE,Not Applicable,≥4,Statewide,531
28554,2022,T4,2,Gasoline,1983,ICE,Not Applicable,≥4,Statewide,541
28555,2022,T3,2,Gasoline,1990,ICE,Not Applicable,2,Statewide,541
28556,2022,T6,6,Diesel,2010,ICE,Not Applicable,1,Statewide,541
28557,2022,T3,2,Gasoline,2007,ICE,Not Applicable,≥4,Statewide,79949
28558,2022,T3,2,Gasoline,2023,ICE,Not Applicable,≥4,Statewide,79825
28559,2022,T3,2,Diesel,2023,ICE,Not Applicable,3,Statewide,540
28560,2022,T3,2,Diesel,2016,ICE,Not Applicable,1,Statewide,540
28561,2022,BT,Not Applicable,Diesel,1978,ICE,Not Applicable,1,Statewide,1286
28562,2022,T3,2,Gasoline,2023,PHEV,0 to 50 miles,1,Statewide,1288
28563,2022,T5,3,Gasoline,2022,ICE,Not Applicable,1,Statewide,539
28564,2022,T5,3,Diesel,1998,ICE,Not Applicable,≥4,Statewide,539
28565,2022,P,Not Applicable,Gasoline,2021,PHEV,51 to 100 miles,≥4,Statewide,1295
28566,2022,T3,2,Diesel,2018,ICE,Not Applicable,2,Statewide,539
28567,2022,T7,8,Diesel,1991,ICE,Not Applicable,≥4,Statewide,537
28568,2022,T5,3,Gasoline,2010,ICE,Not Applicable,1,Statewide,536
28569,2022,T2,Unknown,Gasoline,2008,ICE,Not Applicable,≥4,Statewide,535
28570,2022,T1,1,Gasoline,1988,ICE,Not Applicable,2,Statewide,535
28571,2022,BS,Not Applicable,Diesel,2006,ICE,Not Applicable,≥4,Statewide,535
28572,2022,T3,2,Diesel,2016,ICE,Not Applicable,3,Statewide,534
28573,2022,T2,Unknown,Gasoline,2023,ICE,Not Applicable,≥4,Statewide,533
28574,2022,BS,Not Applicable,Diesel,1995,ICE,Not Applicable,≥4,Statewide,533
28575,2022,T4,2,Diesel,1999,ICE,Not Applicable,1,Statewide,532
28576,2022,T5,3,Diesel,2021,ICE,Not Applicable,2,Statewide,1295
28577,2022,T2,1,Gasoline,2011,ICE,Not Applicable,≥4,Statewide,78765
28578,2022,B,Not Applicable,Gasoline,2018,ICE,Not Applicable,≥4,Statewide,537
28579,2022,T2,1,Gasoline,1979,ICE,Not Applicable,1,Statewide,575
28580,2022,T3,2,Gasoline,1983,ICE,Not Applicable,2,Statewide,575
28581,2022,T7,8,Diesel,1990,ICE,Not Applicable,≥4,Statewide,576
28582,2022,B,Not Applicable,Gasoline,2011,ICE,Not Applicable,≥4,Statewide,1240
28583,2022,MH,Not Applicable,Gasoline,2006,ICE,Not Applicable,3,Statewide,626
28584,2022,T4,2,Diesel,1998,ICE,Not Applicable,3,Statewide,625
28585,2022,T2,Unknown,Gasoline,2004,ICE,Not Applicable,≥4,Statewide,622
28586,2022,T3,2,Gasoline,2022,ICE,Not Applicable,≥4,Statewide,96314
28587,2022,MH,Not Applicable,Diesel,2020,ICE,Not Applicable,≥4,Statewide,620
28588,2022,T7,8,Diesel,2019,ICE,Not Applicable,1,Statewide,1242
28589,2022,T2,1,Gasoline,1991,ICE,Not Applicable,2,Statewide,1242
28590,2022,T6,Unknown,Gasoline,1978,ICE,Not Applicable,3,Statewide,618
28591,2022,MC,Not Applicable,Gasoline,1994,ICE,Not Applicable,3,Statewide,618
28592,2022,T7,8,Diesel,2020,ICE,Not Applicable,2,Statewide,618
28593,2022,T7,8,Diesel,2016,ICE,Not Applicable,1,Statewide,1239
28594,2022,BS,Not Applicable,Diesel,2007,ICE,Not Applicable,≥4,Statewide,618
28595,2022,P,Not Applicable,Gasoline,2007,ICE,Not Applicable,2,Statewide,96091
28596,2022,T4,2,Diesel,2015,ICE,Not Applicable,1,Statewide,617
28597,2022,T2,1,Gasoline,2021,ICE,Not Applicable,2,Statewide,96055
28598,2022,T4,2,Gasoline,1993,ICE,Not Applicable,3,Statewide,616
28599,2022,MC,Not Applicable,Gasoline,1987,ICE,Not Applicable,3,Statewide,616
28600,2022,T4,2,Diesel,1999,ICE,Not Applicable,2,Statewide,616
28601,2022,T4,2,Diesel,1998,ICE,Not Applicable,2,Statewide,616
28602,2022,T3,2,Gasoline,2021,PHEV,0 to 50 miles,2,Statewide,614
28603,2022,MH,Not Applicable,Gasoline,2021,ICE,Not Applicable,2,Statewide,614
28604,2022,T6,6,Diesel,2001,ICE,Not Applicable,≥4,Statewide,613
28605,2022,BS,Not Applicable,Diesel,2015,ICE,Not Applicable,≥4,Statewide,613
28606,2022,T3,2,Gasoline,2009,ICE,Not Applicable,≥4,Statewide,96148
28607,2022,P,Not Applicable,Gasoline,1988,ICE,Not Applicable,3,Statewide,1247
28608,2022,MH,Not Applicable,Diesel,2010,ICE,Not Applicable,3,Statewide,627
28609,2022,BS,Not Applicable,Diesel,2005,ICE,Not Applicable,≥4,Statewide,628
28610,2022,T7,8,Natural Gas,2018,ICE,Not Applicable,≥4,Statewide,647
28611,2022,T4,2,Gasoline,2016,ICE,Not Applicable,2,Statewide,647
28612,2022,P,Not Applicable,Gasoline,2007,ICE,Not Applicable,1,Statewide,101562
28613,2022,T2,1,Diesel,2019,ICE,Not Applicable,1,Statewide,645
28614,2022,P,Not Applicable,Gasoline,2016,ICE,Not Applicable,3,Statewide,100142
28615,2022,MC,Not Applicable,Gasoline,1999,ICE,Not Applicable,1,Statewide,644
28616,2022,T3,2,Gasoline,1984,ICE,Not Applicable,1,Statewide,643
28617,2022,MH,Not Applicable,Diesel,2004,ICE,Not Applicable,≥4,Statewide,643
28618,2022,T5,3,Diesel,2013,ICE,Not Applicable,2,Statewide,1231
28619,2022,T2,1,Gasoline,1987,ICE,Not Applicable,≥4,Statewide,641
28620,2022,T6,7,Diesel,2011,ICE,Not Applicable,≥4,Statewide,1231
28621,2022,T5,3,Diesel,2008,ICE,Not Applicable,2,Statewide,627
28622,2022,P,Not Applicable,Electric,2017,BEV,51 to 100 miles,3,Statewide,639
28623,2022,MH,Not Applicable,Gasoline,2007,ICE,Not Applicable,3,Statewide,1231
28624,2022,T4,2,Gasoline,1987,ICE,Not Applicable,≥4,Statewide,637
28625,2022,T6,7,Diesel,2001,ICE,Not Applicable,≥4,Statewide,637
28626,2022,T5,3,Diesel,2008,ICE,Not Applicable,3,Statewide,637
28627,2022,T4,2,Gasoline,1984,ICE,Not Applicable,≥4,Statewide,634
28628,2022,T5,3,Diesel,2018,ICE,Not Applicable,2,Statewide,634
28629,2022,T5,3,Diesel,2018,ICE,Not Applicable,3,Statewide,634
28630,2022,T6,5,Diesel,2008,ICE,Not Applicable,≥4,Statewide,1237
28631,2022,T5,3,Diesel,2006,ICE,Not Applicable,2,Statewide,632
28632,2022,T5,3,Diesel,2010,ICE,Not Applicable,1,Statewide,1238
28633,2022,MH,Not Applicable,Gasoline,2002,ICE,Not Applicable,2,Statewide,629
28634,2022,P,Not Applicable,Diesel,2017,ICE,Not Applicable,1,Statewide,639
28635,2022,T2,Unknown,Gasoline,2010,ICE,Not Applicable,2,Statewide,517
28636,2022,T4,2,Gasoline,1988,ICE,Not Applicable,≥4,Statewide,610
28637,2022,T5,3,Diesel,2006,ICE,Not Applicable,1,Statewide,610
28638,2022,T2,1,Gasoline,2010,ICE,Not Applicable,≥4,Statewide,88381
28639,2022,T7,8,Natural Gas,2015,ICE,Not Applicable,≥4,Statewide,590
28640,2022,T3,2,Diesel,2023,ICE,Not Applicable,2,Statewide,590
28641,2022,T1,Unknown,Gasoline,2017,ICE,Not Applicable,3,Statewide,1253
28642,2022,P,Not Applicable,Gasoline,2008,ICE,Not Applicable,3,Statewide,88319
28643,2022,P,Not Applicable,Gasoline,2014,ICE,Not Applicable,3,Statewide,87963
28644,2022,T2,Unknown,Gasoline,2020,ICE,Not Applicable,2,Statewide,586
28645,2022,MC,Not Applicable,Gasoline,1998,ICE,Not Applicable,1,Statewide,586
28646,2022,T6,4,Diesel,2008,ICE,Not Applicable,≥4,Statewide,1258
28647,2022,P,Not Applicable,Gasoline,2004,ICE,Not Applicable,≥4,Statewide,86918
28648,2022,T6,5,Diesel,2021,ICE,Not Applicable,1,Statewide,585
28649,2022,T4,2,Diesel,1999,ICE,Not Applicable,3,Statewide,592
28650,2022,T4,2,Diesel,2003,ICE,Not Applicable,2,Statewide,585
28651,2022,P,Not Applicable,Electric,2017,BEV,51 to 100 miles,1,Statewide,584
28652,2022,T5,3,Gasoline,2002,ICE,Not Applicable,≥4,Statewide,1259
28653,2022,P,Not Applicable,Gasoline,2006,ICE,Not Applicable,2,Statewide,86210
28654,2022,T2,Unknown,Gasoline,2023,ICE,Not Applicable,1,Statewide,583
28655,2022,P,Not Applicable,Gasoline,1983,ICE,Not Applicable,2,Statewide,1262
28656,2022,MH,Not Applicable,Gasoline,2008,ICE,Not Applicable,3,Statewide,1265
28657,2022,T5,3,Gasoline,2023,ICE,Not Applicable,≥4,Statewide,1265
28658,2022,T5,3,Diesel,2004,ICE,Not Applicable,2,Statewide,578
28659,2022,T5,3,Diesel,2007,ICE,Not Applicable,3,Statewide,577
28660,2022,MH,Not Applicable,Diesel,2011,ICE,Not Applicable,3,Statewide,577
28661,2022,T4,2,Gasoline,2016,ICE,Not Applicable,3,Statewide,576
28662,2022,T3,2,Gasoline,2010,ICE,Not Applicable,≥4,Statewide,86795
28663,2022,BS,Not Applicable,Gasoline,2021,ICE,Not Applicable,≥4,Statewide,610
28664,2022,T4,2,Diesel,2003,ICE,Not Applicable,3,Statewide,592
28665,2022,T4,Unknown,Diesel,2021,ICE,Not Applicable,2,Statewide,593
28666,2022,T5,3,Diesel,1999,ICE,Not Applicable,≥4,Statewide,610
28667,2022,T2,1,Gasoline,2021,ICE,Not Applicable,≥4,Statewide,93515
28668,2022,MH,Not Applicable,Gasoline,2018,ICE,Not Applicable,≥4,Statewide,1248
28669,2022,T3,2,Gasoline,2008,ICE,Not Applicable,≥4,Statewide,92567
28670,2022,T7,8,Diesel,1978,ICE,Not Applicable,1,Statewide,608
28671,2022,T4,2,Diesel,1989,ICE,Not Applicable,≥4,Statewide,607
28672,2022,P,Not Applicable,Gasoline,1984,ICE,Not Applicable,1,Statewide,1248
28673,2022,T3,2,Gasoline,1991,ICE,Not Applicable,1,Statewide,606
28674,2022,T6,6,Gasoline,2021,ICE,Not Applicable,≥4,Statewide,603
28675,2022,T1,1,Gasoline,1988,ICE,Not Applicable,3,Statewide,603
28676,2022,MH,Not Applicable,Gasoline,2022,ICE,Not Applicable,3,Statewide,1249
28677,2022,T5,3,Diesel,2000,ICE,Not Applicable,≥4,Statewide,592
28678,2022,T2,1,Gasoline,2020,ICE,Not Applicable,1,Statewide,92074
28679,2022,BS,Not Applicable,Diesel,2003,ICE,Not Applicable,≥4,Statewide,601
28680,2022,T5,3,Diesel,2013,ICE,Not Applicable,3,Statewide,1250
28681,2022,T2,1,Gasoline,2020,ICE,Not Applicable,2,Statewide,91157
28682,2022,MC,Not Applicable,Gasoline,1990,ICE,Not Applicable,3,Statewide,598
28683,2022,BS,Not Applicable,Gasoline,2022,ICE,Not Applicable,≥4,Statewide,597
28684,2022,MH,Not Applicable,Diesel,2021,ICE,Not Applicable,3,Statewide,597
28685,2022,P,Not Applicable,Gasoline,2009,ICE,Not Applicable,3,Statewide,89667
28686,2022,T7,8,Diesel,2021,ICE,Not Applicable,3,Statewide,595
28687,2022,T4,2,Diesel,1998,ICE,Not Applicable,1,Statewide,595
28688,2022,MH,Not Applicable,Gasoline,2021,ICE,Not Applicable,1,Statewide,594
28689,2022,BT,Not Applicable,Natural Gas,2006,ICE,Not Applicable,≥4,Statewide,593
28690,2022,P,Not Applicable,Gasoline,2006,ICE,Not Applicable,1,Statewide,91976
28691,2022,T2,1,Gasoline,2012,ICE,Not Applicable,≥4,Statewide,72828
28692,2022,MH,Not Applicable,Gasoline,2001,ICE,Not Applicable,3,Statewide,514
28693,2022,MH,Not Applicable,Gasoline,1999,ICE,Not Applicable,2,Statewide,514
28694,2022,T3,Unknown,Gasoline,1979,ICE,Not Applicable,≥4,Statewide,451
28695,2022,T2,1,Gasoline,2023,PHEV,0 to 50 miles,1,Statewide,451
28696,2022,T6,6,Diesel,2017,ICE,Not Applicable,1,Statewide,450
28697,2022,P,Not Applicable,Diesel,1989,ICE,Not Applicable,2,Statewide,450
28698,2022,T6,5,Gasoline,1978,ICE,Not Applicable,≥4,Statewide,449
28699,2022,BS,Not Applicable,Diesel,2001,ICE,Not Applicable,≥4,Statewide,449
28700,2022,B,Not Applicable,Diesel,2013,ICE,Not Applicable,≥4,Statewide,449
28701,2022,B,Not Applicable,Gasoline,2016,ICE,Not Applicable,≥4,Statewide,448
28702,2022,P,Not Applicable,Diesel,1985,ICE,Not Applicable,≥4,Statewide,448
28703,2022,T6,7,Diesel,2016,ICE,Not Applicable,≥4,Statewide,1353
28704,2022,T4,2,Gasoline,1991,ICE,Not Applicable,3,Statewide,447
28705,2022,T2,1,Gasoline,2017,ICE,Not Applicable,2,Statewide,60678
28706,2022,T4,Unknown,Gasoline,2020,ICE,Not Applicable,2,Statewide,1354
28707,2022,B,Not Applicable,Gasoline,2022,ICE,Not Applicable,≥4,Statewide,445
28708,2022,T6,4,Gasoline,2017,ICE,Not Applicable,≥4,Statewide,444
28709,2022,T5,3,Gasoline,1998,ICE,Not Applicable,≥4,Statewide,444
28710,2022,P,Not Applicable,Electric,2017,BEV,>150 miles,≥4,Statewide,444
28711,2022,MH,Not Applicable,Diesel,2018,ICE,Not Applicable,≥4,Statewide,444
28712,2022,BT,Not Applicable,Natural Gas,2010,ICE,Not Applicable,≥4,Statewide,443
28713,2022,T2,Unknown,Gasoline,2007,ICE,Not Applicable,≥4,Statewide,442
28714,2022,MH,Not Applicable,Gasoline,1994,ICE,Not Applicable,2,Statewide,442
28715,2022,T6,7,Diesel,1997,ICE,Not Applicable,≥4,Statewide,442
28716,2022,T2,1,Gasoline,1992,ICE,Not Applicable,1,Statewide,1359
28717,2022,MH,Not Applicable,Diesel,2009,ICE,Not Applicable,≥4,Statewide,1360
28718,2022,MC,Not Applicable,Gasoline,1983,ICE,Not Applicable,3,Statewide,446
28719,2022,T2,1,Gasoline,2020,ICE,Not Applicable,3,Statewide,59600
28720,2022,T2,Unknown,Gasoline,2012,ICE,Not Applicable,3,Statewide,1349
28721,2022,MC,Not Applicable,Gasoline,1987,ICE,Not Applicable,2,Statewide,453
28722,2022,MC,Not Applicable,Gasoline,1997,ICE,Not Applicable,1,Statewide,461
28723,2022,T6,4,Diesel,2001,ICE,Not Applicable,≥4,Statewide,461
28724,2022,MH,Not Applicable,Gasoline,2001,ICE,Not Applicable,≥4,Statewide,1343
28725,2022,B,Not Applicable,Diesel,2022,ICE,Not Applicable,≥4,Statewide,460
28726,2022,T5,3,Gasoline,2020,ICE,Not Applicable,1,Statewide,459
28727,2022,T3,2,Gasoline,2013,ICE,Not Applicable,≥4,Statewide,62369
28728,2022,T2,1,Gasoline,2021,ICE,Not Applicable,3,Statewide,62319
28729,2022,P,Not Applicable,Gasoline,2005,ICE,Not Applicable,3,Statewide,62276
28730,2022,P,Not Applicable,Gasoline,2004,ICE,Not Applicable,1,Statewide,62225
28731,2022,T5,3,Gasoline,2006,ICE,Not Applicable,3,Statewide,458
28732,2022,B,Not Applicable,Gasoline,2021,ICE,Not Applicable,≥4,Statewide,458
28733,2022,BT,Not Applicable,Diesel,2007,ICE,Not Applicable,≥4,Statewide,453
28734,2022,T2,1,Diesel,2019,ICE,Not Applicable,3,Statewide,457
28735,2022,T2,1,Gasoline,2016,ICE,Not Applicable,≥4,Statewide,61655
28736,2022,T6,4,Gasoline,2018,ICE,Not Applicable,≥4,Statewide,456
28737,2022,T6,4,Gasoline,2003,ICE,Not Applicable,≥4,Statewide,456
28738,2022,T7,8,Diesel,2022,ICE,Not Applicable,1,Statewide,456
28739,2022,T2,1,Gasoline,2007,ICE,Not Applicable,≥4,Statewide,61216
28740,2022,T3,2,Gasoline,1980,ICE,Not Applicable,3,Statewide,455
28741,2022,T4,2,Diesel,1992,ICE,Not Applicable,≥4,Statewide,455
28742,2022,T2,Unknown,Diesel,2022,ICE,Not Applicable,≥4,Statewide,454
28743,2022,B,Not Applicable,Diesel,2021,ICE,Not Applicable,≥4,Statewide,454
28744,2022,T3,Unknown,Gasoline,2019,ICE,Not Applicable,1,Statewide,453
28745,2022,MC,Not Applicable,Gasoline,1992,ICE,Not Applicable,2,Statewide,453
28746,2022,MH,Not Applicable,Diesel,2012,ICE,Not Applicable,≥4,Statewide,1346
28747,2022,MH,Not Applicable,Gasoline,1998,ICE,Not Applicable,3,Statewide,461
28748,2022,T3,Unknown,Gasoline,2014,ICE,Not Applicable,2,Statewide,439
28749,2022,T3,2,Gasoline,2021,ICE,Not Applicable,2,Statewide,59537
28750,2022,P,Not Applicable,Electric,2019,BEV,>150 miles,3,Statewide,1368
28751,2022,T2,1,Gasoline,2009,ICE,Not Applicable,1,Statewide,57642
28752,2022,T6,4,Gasoline,2001,ICE,Not Applicable,≥4,Statewide,430
28753,2022,T5,3,Gasoline,2010,ICE,Not Applicable,2,Statewide,430
28754,2022,T2,Unknown,Gasoline,2006,ICE,Not Applicable,3,Statewide,430
28755,2022,T2,1,Gasoline,2023,ICE,Not Applicable,3,Statewide,57266
28756,2022,P,Not Applicable,Diesel,2022,ICE,Not Applicable,1,Statewide,427
28757,2022,T5,3,Gasoline,2010,ICE,Not Applicable,3,Statewide,426
28758,2022,T4,2,Gasoline,2015,ICE,Not Applicable,1,Statewide,425
28759,2022,P,Not Applicable,Electric,2022,BEV,Unknown,2,Statewide,425
28760,2022,T4,2,Diesel,1993,ICE,Not Applicable,≥4,Statewide,425
28761,2022,P,Not Applicable,Diesel,2015,ICE,Not Applicable,≥4,Statewide,431
28762,2022,T3,2,Gasoline,2021,ICE,Not Applicable,1,Statewide,56123
28763,2022,T2,Unknown,Gasoline,2020,ICE,Not Applicable,1,Statewide,423
28764,2022,T6,4,Diesel,2012,ICE,Not Applicable,1,Statewide,423
28765,2022,T7,8,Diesel,2017,ICE,Not Applicable,3,Statewide,1374
28766,2022,T5,3,Diesel,2010,ICE,Not Applicable,3,Statewide,1376
28767,2022,T2,1,Gasoline,1980,ICE,Not Applicable,2,Statewide,422
28768,2022,P,Not Applicable,Diesel,2021,ICE,Not Applicable,≥4,Statewide,422
28769,2022,T2,1,Gasoline,2010,ICE,Not Applicable,3,Statewide,55947
28770,2022,T2,1,Gasoline,2017,ICE,Not Applicable,≥4,Statewide,55742
28771,2022,T2,1,Gasoline,1980,ICE,Not Applicable,≥4,Statewide,1379
28772,2022,T3,2,Gasoline,2020,ICE,Not Applicable,2,Statewide,55464
28773,2022,T2,Unknown,Gasoline,2024,ICE,Not Applicable,1,Statewide,420
28774,2022,T2,1,Gasoline,2011,ICE,Not Applicable,1,Statewide,56106
28775,2022,B,Not Applicable,Gasoline,2010,ICE,Not Applicable,≥4,Statewide,439
28776,2022,MC,Not Applicable,Gasoline,1987,ICE,Not Applicable,1,Statewide,431
28777,2022,T4,2,Diesel,1997,ICE,Not Applicable,1,Statewide,432
28778,2022,P,Not Applicable,Diesel,1988,ICE,Not Applicable,3,Statewide,438
28779,2022,P,Not Applicable,Gasoline,2002,ICE,Not Applicable,≥4,Statewide,59487
28780,2022,T6,6,Diesel,2012,ICE,Not Applicable,3,Statewide,437
28781,2022,BS,Not Applicable,Diesel,2014,ICE,Not Applicable,≥4,Statewide,437
28782,2022,T6,7,Diesel,2023,ICE,Not Applicable,≥4,Statewide,1363
28783,2022,MC,Not Applicable,Gasoline,1995,ICE,Not Applicable,2,Statewide,436
28784,2022,T7,8,Diesel,2012,ICE,Not Applicable,1,Statewide,436
28785,2022,T7,8,Diesel,1989,ICE,Not Applicable,≥4,Statewide,436
28786,2022,BS,Not Applicable,Diesel,2023,ICE,Not Applicable,≥4,Statewide,436
28787,2022,T2,1,Gasoline,2016,ICE,Not Applicable,1,Statewide,58597
28788,2022,T2,1,Gasoline,2012,ICE,Not Applicable,1,Statewide,58332
28789,2022,T2,1,Diesel,2023,ICE,Not Applicable,≥4,Statewide,432
28790,2022,MC,Not Applicable,Gasoline,1996,ICE,Not Applicable,1,Statewide,435
28791,2022,T6,4,Diesel,2018,ICE,Not Applicable,≥4,Statewide,434
28792,2022,T6,4,Diesel,2013,ICE,Not Applicable,1,Statewide,434
28793,2022,T5,3,Diesel,2005,ICE,Not Applicable,1,Statewide,434
28794,2022,T2,Unknown,Diesel,2017,ICE,Not Applicable,2,Statewide,434
28795,2022,MH,Not Applicable,Gasoline,2019,ICE,Not Applicable,2,Statewide,433
28796,2022,T6,7,Diesel,1992,ICE,Not Applicable,≥4,Statewide,433
28797,2022,T5,3,Diesel,2005,ICE,Not Applicable,2,Statewide,433
28798,2022,P,Not Applicable,Diesel,1987,ICE,Not Applicable,2,Statewide,433
28799,2022,P,Not Applicable,Gasoline,2004,ICE,Not Applicable,2,Statewide,58074
28800,2022,T4,2,Gasoline,1982,ICE,Not Applicable,≥4,Statewide,432
28801,2022,MH,Not Applicable,Gasoline,2023,ICE,Not Applicable,3,Statewide,432
28802,2022,T7,8,Diesel,2004,ICE,Not Applicable,1,Statewide,435
28803,2022,P,Not Applicable,Gasoline,2015,ICE,Not Applicable,3,Statewide,102405
28804,2022,T4,2,Diesel,2017,ICE,Not Applicable,3,Statewide,1342
28805,2022,T3,2,Gasoline,1980,ICE,Not Applicable,1,Statewide,462
28806,2022,T5,3,Diesel,2010,ICE,Not Applicable,2,Statewide,1310
28807,2022,T5,3,Diesel,1995,ICE,Not Applicable,≥4,Statewide,500
28808,2022,T2,1,Gasoline,2008,ICE,Not Applicable,≥4,Statewide,69867
28809,2022,T6,4,Gasoline,2020,ICE,Not Applicable,≥4,Statewide,499
28810,2022,MC,Not Applicable,Gasoline,1991,ICE,Not Applicable,1,Statewide,499
28811,2022,P,Not Applicable,Electric,2023,BEV,51 to 100 miles,3,Statewide,498
28812,2022,P,Not Applicable,Gasoline,2006,ICE,Not Applicable,3,Statewide,69456
28813,2022,T6,7,Diesel,1998,ICE,Not Applicable,≥4,Statewide,497
28814,2022,T4,2,Gasoline,1979,ICE,Not Applicable,≥4,Statewide,496
28815,2022,MH,Not Applicable,Gasoline,2000,ICE,Not Applicable,1,Statewide,496
28816,2022,T2,Unknown,Gasoline,1978,ICE,Not Applicable,1,Statewide,1312
28817,2022,T2,Unknown,Gasoline,2006,ICE,Not Applicable,1,Statewide,501
28818,2022,T2,Unknown,Gasoline,2022,ICE,Not Applicable,2,Statewide,1313
28819,2022,T2,1,Gasoline,2016,ICE,Not Applicable,2,Statewide,68540
28820,2022,MH,Not Applicable,Gasoline,1997,ICE,Not Applicable,3,Statewide,494
28821,2022,MH,Not Applicable,Gasoline,1995,ICE,Not Applicable,3,Statewide,494
28822,2022,MH,Not Applicable,Gasoline,2012,ICE,Not Applicable,2,Statewide,493
28823,2022,T4,Unknown,Gasoline,2022,ICE,Not Applicable,1,Statewide,1314
28824,2022,MC,Not Applicable,Gasoline,1989,ICE,Not Applicable,3,Statewide,492
28825,2022,P,Not Applicable,Diesel,1988,ICE,Not Applicable,2,Statewide,492
28826,2022,T7,8,Gasoline,1978,ICE,Not Applicable,1,Statewide,1314
28827,2022,MC,Not Applicable,Gasoline,1990,ICE,Not Applicable,1,Statewide,491
28828,2022,T3,2,Diesel,2018,ICE,Not Applicable,1,Statewide,491
28829,2022,T2,Unknown,Gasoline,1978,ICE,Not Applicable,2,Statewide,1315
28830,2022,T7,8,Natural Gas,2022,ICE,Not Applicable,≥4,Statewide,495
28831,2022,MH,Not Applicable,Gasoline,1997,ICE,Not Applicable,≥4,Statewide,1316
28832,2022,T3,2,Gasoline,2022,PHEV,0 to 50 miles,≥4,Statewide,501
28833,2022,BT,Not Applicable,Diesel,2008,ICE,Not Applicable,≥4,Statewide,502
28834,2022,T5,3,Diesel,2007,ICE,Not Applicable,1,Statewide,514
28835,2022,MH,Not Applicable,Diesel,2019,ICE,Not Applicable,≥4,Statewide,514
28836,2022,T1,1,Gasoline,1981,ICE,Not Applicable,≥4,Statewide,513
28837,2022,MC,Not Applicable,Gasoline,1997,ICE,Not Applicable,2,Statewide,513
28838,2022,T2,1,Gasoline,2018,ICE,Not Applicable,1,Statewide,72251
28839,2022,P,Not Applicable,Diesel,2010,ICE,Not Applicable,≥4,Statewide,512
28840,2022,MH,Not Applicable,Gasoline,2000,ICE,Not Applicable,2,Statewide,511
28841,2022,P,Not Applicable,Electric,2016,BEV,51 to 100 miles,1,Statewide,511
28842,2022,T2,1,Gasoline,2010,ICE,Not Applicable,2,Statewide,71774
28843,2022,T1,1,Gasoline,1979,ICE,Not Applicable,3,Statewide,510
28844,2022,T6,7,Diesel,1999,ICE,Not Applicable,≥4,Statewide,510
28845,2022,BS,Not Applicable,Diesel,2002,ICE,Not Applicable,≥4,Statewide,502
28846,2022,MC,Not Applicable,Gasoline,1996,ICE,Not Applicable,2,Statewide,508
28847,2022,T2,Unknown,Gasoline,2006,ICE,Not Applicable,2,Statewide,507
28848,2022,T3,2,Diesel,2022,ICE,Not Applicable,1,Statewide,1309
28849,2022,T3,2,Gasoline,2011,ICE,Not Applicable,≥4,Statewide,71187
28850,2022,T4,2,Gasoline,1980,ICE,Not Applicable,≥4,Statewide,505
28851,2022,MC,Not Applicable,Gasoline,1985,ICE,Not Applicable,3,Statewide,505
28852,2022,B,Not Applicable,Gasoline,1978,ICE,Not Applicable,≥4,Statewide,505
28853,2022,T2,1,Gasoline,2018,ICE,Not Applicable,≥4,Statewide,70925
28854,2022,T5,3,Diesel,2021,ICE,Not Applicable,3,Statewide,1309
28855,2022,T1,Unknown,Gasoline,2017,ICE,Not Applicable,≥4,Statewide,1309
28856,2022,T2,1,Gasoline,2019,ICE,Not Applicable,≥4,Statewide,70396
28857,2022,MC,Not Applicable,Gasoline,1986,ICE,Not Applicable,3,Statewide,502
28858,2022,T4,2,Gasoline,2018,ICE,Not Applicable,1,Statewide,1306
28859,2022,MH,Not Applicable,Gasoline,2020,ICE,Not Applicable,3,Statewide,462
28860,2022,T6,7,Diesel,2024,ICE,Not Applicable,≥4,Statewide,489
28861,2022,T5,3,Gasoline,2006,ICE,Not Applicable,1,Statewide,488
28862,2022,T4,2,Diesel,1997,ICE,Not Applicable,2,Statewide,474
28863,2022,MH,Not Applicable,Gasoline,1999,ICE,Not Applicable,1,Statewide,473
28864,2022,T5,3,Diesel,2005,ICE,Not Applicable,3,Statewide,473
28865,2022,T6,6,Gasoline,1978,ICE,Not Applicable,≥4,Statewide,1331
28866,2022,T3,2,Gasoline,1986,ICE,Not Applicable,≥4,Statewide,472
28867,2022,T2,1,Gasoline,2009,ICE,Not Applicable,2,Statewide,64778
28868,2022,P,Not Applicable,Diesel,1990,ICE,Not Applicable,2,Statewide,471
28869,2022,T2,1,Gasoline,2011,ICE,Not Applicable,2,Statewide,64569
28870,2022,P,Not Applicable,Gasoline,1988,ICE,Not Applicable,2,Statewide,1334
28871,2022,T2,1,Gasoline,2010,ICE,Not Applicable,1,Statewide,64505
28872,2022,T2,Unknown,Gasoline,2010,ICE,Not Applicable,1,Statewide,469
28873,2022,P,Not Applicable,Electric,2023,BEV,101 to 150 miles,2,Statewide,474
28874,2022,P,Not Applicable,Diesel,2008,ICE,Not Applicable,1,Statewide,469
28875,2022,T3,2,Gasoline,2022,ICE,Not Applicable,1,Statewide,64081
28876,2022,P,Not Applicable,Diesel,2021,ICE,Not Applicable,2,Statewide,468
28877,2022,MH,Not Applicable,Gasoline,1983,ICE,Not Applicable,≥4,Statewide,467
28878,2022,T2,1,Gasoline,2005,ICE,Not Applicable,≥4,Statewide,63662
28879,2022,T3,2,Gasoline,2022,ICE,Not Applicable,2,Statewide,63191
28880,2022,T4,2,Gasoline,2014,ICE,Not Applicable,1,Statewide,465
28881,2022,T2,1,Gasoline,2006,ICE,Not Applicable,≥4,Statewide,62733
28882,2022,MH,Not Applicable,Gasoline,1994,ICE,Not Applicable,1,Statewide,464
28883,2022,T1,1,Gasoline,1987,ICE,Not Applicable,2,Statewide,463
28884,2022,T7,8,Diesel,2017,ICE,Not Applicable,2,Statewide,1341
28885,2022,T5,3,Gasoline,2006,ICE,Not Applicable,2,Statewide,462
28886,2022,T3,2,Diesel,2021,ICE,Not Applicable,3,Statewide,1335
28887,2022,MH,Not Applicable,Diesel,2012,ICE,Not Applicable,3,Statewide,489
28888,2022,B,Not Applicable,Gasoline,2008,ICE,Not Applicable,≥4,Statewide,474
28889,2022,T5,3,Gasoline,2013,ICE,Not Applicable,1,Statewide,475
28890,2022,T6,6,Gasoline,2018,ICE,Not Applicable,≥4,Statewide,487
28891,2022,T3,2,Gasoline,1987,ICE,Not Applicable,≥4,Statewide,485
28892,2022,MC,Not Applicable,Gasoline,1984,ICE,Not Applicable,3,Statewide,485
28893,2022,P,Not Applicable,Diesel,2008,ICE,Not Applicable,2,Statewide,485
28894,2022,P,Not Applicable,Diesel,1992,ICE,Not Applicable,≥4,Statewide,484
28895,2022,BS,Not Applicable,Diesel,2008,ICE,Not Applicable,≥4,Statewide,484
28896,2022,T2,1,Gasoline,1991,ICE,Not Applicable,3,Statewide,1321
28897,2022,T2,1,Gasoline,2012,ICE,Not Applicable,2,Statewide,66771
28898,2022,T2,1,Gasoline,1982,ICE,Not Applicable,≥4,Statewide,483
28899,2022,T1,1,Gasoline,1988,ICE,Not Applicable,1,Statewide,483
28900,2022,T6,4,Diesel,2003,ICE,Not Applicable,≥4,Statewide,483
28901,2022,T3,2,Gasoline,2023,PHEV,0 to 50 miles,2,Statewide,1330
28902,2022,P,Not Applicable,Gasoline,1978,ICE,Not Applicable,3,Statewide,66765
28903,2022,T3,Unknown,Gasoline,2014,ICE,Not Applicable,≥4,Statewide,480
28904,2022,MH,Not Applicable,Gasoline,2008,ICE,Not Applicable,1,Statewide,479
28905,2022,MC,Not Applicable,Gasoline,1990,ICE,Not Applicable,2,Statewide,478
28906,2022,B,Not Applicable,Gasoline,2014,ICE,Not Applicable,≥4,Statewide,478
28907,2022,P,Not Applicable,Diesel,2021,ICE,Not Applicable,1,Statewide,478
28908,2022,B,Not Applicable,Diesel,2020,ICE,Not Applicable,≥4,Statewide,478
28909,2022,T5,3,Gasoline,2009,ICE,Not Applicable,1,Statewide,477
28910,2022,T3,2,Gasoline,1990,ICE,Not Applicable,1,Statewide,476
28911,2022,T6,4,Diesel,2016,ICE,Not Applicable,≥4,Statewide,476
28912,2022,MC,Not Applicable,Gasoline,2003,ICE,Not Applicable,2,Statewide,1327
28913,2022,T6,5,Gasoline,2013,ICE,Not Applicable,≥4,Statewide,475
28914,2022,T4,2,Gasoline,1991,ICE,Not Applicable,1,Statewide,482
28915,2022,T6,6,Diesel,2003,ICE,Not Applicable,≥4,Statewide,1227
28916,2022,T3,2,Gasoline,1988,ICE,Not Applicable,≥4,Statewide,648
28917,2022,MH,Not Applicable,Gasoline,1978,ICE,Not Applicable,3,Statewide,649
28918,2022,P,Not Applicable,Diesel,1988,ICE,Not Applicable,≥4,Statewide,907
28919,2022,P,Not Applicable,Gasoline,2017,ICE,Not Applicable,2,Statewide,191734
28920,2022,T2,Unknown,Electric,2021,BEV,>150 miles,3,Statewide,904
28921,2022,MH,Not Applicable,Gasoline,1993,ICE,Not Applicable,≥4,Statewide,902
28922,2022,MH,Not Applicable,Diesel,2005,ICE,Not Applicable,≥4,Statewide,902
28923,2022,P,Not Applicable,Gasoline,2011,ICE,Not Applicable,≥4,Statewide,190199
28924,2022,MC,Not Applicable,Gasoline,2002,ICE,Not Applicable,1,Statewide,901
28925,2022,T6,7,Diesel,2009,ICE,Not Applicable,≥4,Statewide,899
28926,2022,P,Not Applicable,Gasoline,1985,ICE,Not Applicable,3,Statewide,896
28927,2022,T4,2,Gasoline,2018,ICE,Not Applicable,2,Statewide,1113
28928,2022,T3,2,Gasoline,1993,ICE,Not Applicable,2,Statewide,1114
28929,2022,T3,2,Diesel,2016,ICE,Not Applicable,≥4,Statewide,907
28930,2022,T3,Unknown,Gasoline,1978,ICE,Not Applicable,1,Statewide,893
28931,2022,T7,8,Diesel,1978,ICE,Not Applicable,≥4,Statewide,892
28932,2022,T7,8,Diesel,2020,ICE,Not Applicable,1,Statewide,890
28933,2022,T4,2,Diesel,1991,ICE,Not Applicable,≥4,Statewide,889
28934,2022,MH,Not Applicable,Gasoline,2022,ICE,Not Applicable,1,Statewide,888
28935,2022,T5,3,Diesel,2015,ICE,Not Applicable,≥4,Statewide,887
28936,2022,T3,2,Diesel,2023,ICE,Not Applicable,1,Statewide,887
28937,2022,P,Not Applicable,Hydrogen,2022,FCEV,>150 miles,2,Statewide,885
28938,2022,T7,8,Diesel,2015,ICE,Not Applicable,3,Statewide,885
28939,2022,P,Not Applicable,Gasoline,2020,ICE,Not Applicable,3,Statewide,180465
28940,2022,T3,2,Gasoline,1982,ICE,Not Applicable,3,Statewide,883
28941,2022,T6,5,Diesel,2004,ICE,Not Applicable,≥4,Statewide,883
28942,2022,T4,2,Gasoline,1997,ICE,Not Applicable,3,Statewide,892
28943,2022,T5,3,Diesel,2019,ICE,Not Applicable,2,Statewide,883
28944,2022,T4,2,Diesel,2014,ICE,Not Applicable,2,Statewide,907
28945,2022,T2,Unknown,Gasoline,2009,ICE,Not Applicable,≥4,Statewide,909
28946,2022,T4,2,Gasoline,1997,ICE,Not Applicable,2,Statewide,935
28947,2022,T1,1,Gasoline,2024,ICE,Not Applicable,≥4,Statewide,935
28948,2022,T2,Unknown,Gasoline,2011,ICE,Not Applicable,2,Statewide,1104
28949,2022,BT,Not Applicable,Natural Gas,2018,ICE,Not Applicable,≥4,Statewide,934
28950,2022,MH,Not Applicable,Diesel,2021,ICE,Not Applicable,≥4,Statewide,1105
28951,2022,T3,2,Gasoline,1993,ICE,Not Applicable,3,Statewide,1105
28952,2022,T7,8,Diesel,1995,ICE,Not Applicable,≥4,Statewide,931
28953,2022,P,Not Applicable,Gasoline,2012,ICE,Not Applicable,≥4,Statewide,203780
28954,2022,T7,8,Diesel,2018,ICE,Not Applicable,2,Statewide,928
28955,2022,T6,5,Diesel,2006,ICE,Not Applicable,≥4,Statewide,1106
28956,2022,P,Not Applicable,Gasoline,2017,ICE,Not Applicable,1,Statewide,203211
28957,2022,T4,2,Gasoline,2017,ICE,Not Applicable,2,Statewide,908
28958,2022,P,Not Applicable,Hydrogen,2022,FCEV,>150 miles,1,Statewide,926
28959,2022,T6,5,Diesel,2007,ICE,Not Applicable,≥4,Statewide,923
28960,2022,P,Not Applicable,Gasoline,1981,ICE,Not Applicable,2,Statewide,921
28961,2022,P,Not Applicable,Gasoline,1987,ICE,Not Applicable,1,Statewide,919
28962,2022,MH,Not Applicable,Gasoline,2011,ICE,Not Applicable,2,Statewide,919
28963,2022,P,Not Applicable,Natural Gas,2017,ICE,Not Applicable,≥4,Statewide,918
28964,2022,T4,2,Gasoline,1998,ICE,Not Applicable,3,Statewide,918
28965,2022,P,Not Applicable,Gasoline,1980,ICE,Not Applicable,2,Statewide,1110
28966,2022,P,Not Applicable,Electric,2016,BEV,51 to 100 miles,≥4,Statewide,914
28967,2022,T3,Unknown,Gasoline,2016,ICE,Not Applicable,2,Statewide,912
28968,2022,MH,Not Applicable,Gasoline,2012,ICE,Not Applicable,3,Statewide,910
28969,2022,BS,Not Applicable,Diesel,2020,ICE,Not Applicable,≥4,Statewide,910
28970,2022,T4,2,Gasoline,1998,ICE,Not Applicable,2,Statewide,924
28971,2022,P,Not Applicable,Gasoline,2017,ICE,Not Applicable,≥4,Statewide,213357
28972,2022,P,Not Applicable,Gasoline,2010,ICE,Not Applicable,≥4,Statewide,178801
28973,2022,T2,Unknown,Gasoline,2009,ICE,Not Applicable,1,Statewide,876
28974,2022,P,Not Applicable,Gasoline,1985,ICE,Not Applicable,2,Statewide,858
28975,2022,T5,3,Diesel,2023,ICE,Not Applicable,2,Statewide,857
28976,2022,BS,Not Applicable,Gasoline,1978,ICE,Not Applicable,≥4,Statewide,1126
28977,2022,T2,Unknown,Electric,2021,BEV,>150 miles,1,Statewide,855
28978,2022,T5,3,Diesel,2016,ICE,Not Applicable,3,Statewide,855
28979,2022,BS,Not Applicable,Diesel,2019,ICE,Not Applicable,≥4,Statewide,852
28980,2022,T5,3,Gasoline,2001,ICE,Not Applicable,≥4,Statewide,851
28981,2022,T1,1,Gasoline,1989,ICE,Not Applicable,1,Statewide,851
28982,2022,T2,Unknown,Gasoline,2011,ICE,Not Applicable,3,Statewide,845
28983,2022,T2,1,Gasoline,1988,ICE,Not Applicable,≥4,Statewide,845
28984,2022,P,Not Applicable,Gasoline,2012,ICE,Not Applicable,2,Statewide,167461
28985,2022,MH,Not Applicable,Gasoline,1989,ICE,Not Applicable,≥4,Statewide,859
28986,2022,T7,8,Diesel,2016,ICE,Not Applicable,2,Statewide,843
28987,2022,P,Not Applicable,Gasoline,2018,ICE,Not Applicable,3,Statewide,167230
28988,2022,T4,2,Gasoline,1996,ICE,Not Applicable,3,Statewide,841
28989,2022,T5,3,Diesel,2001,ICE,Not Applicable,≥4,Statewide,841
28990,2022,T6,4,Gasoline,2009,ICE,Not Applicable,≥4,Statewide,840
28991,2022,T2,1,Gasoline,1979,ICE,Not Applicable,3,Statewide,840
28992,2022,MC,Not Applicable,Gasoline,1982,ICE,Not Applicable,≥4,Statewide,1136
28993,2022,T4,Unknown,Gasoline,2020,ICE,Not Applicable,3,Statewide,836
28994,2022,T3,2,Diesel,2017,ICE,Not Applicable,1,Statewide,836
28995,2022,P,Not Applicable,Diesel,1987,ICE,Not Applicable,≥4,Statewide,836
28996,2022,P,Not Applicable,Gasoline,1986,ICE,Not Applicable,1,Statewide,835
28997,2022,T2,1,Diesel,2020,ICE,Not Applicable,≥4,Statewide,835
28998,2022,MH,Not Applicable,Diesel,2022,ICE,Not Applicable,≥4,Statewide,843
28999,2022,T3,Unknown,Gasoline,1978,ICE,Not Applicable,2,Statewide,877
29000,2022,T4,2,Gasoline,1998,ICE,Not Applicable,1,Statewide,859
29001,2022,T2,Unknown,Gasoline,2009,ICE,Not Applicable,2,Statewide,861
29002,2022,T7,8,Diesel,2016,ICE,Not Applicable,3,Statewide,875
29003,2022,T6,7,Diesel,2015,ICE,Not Applicable,≥4,Statewide,1119
29004,2022,T1,1,Gasoline,1984,ICE,Not Applicable,≥4,Statewide,874
29005,2022,P,Not Applicable,Electric,2017,BEV,51 to 100 miles,2,Statewide,874
29006,2022,P,Not Applicable,Gasoline,2021,ICE,Not Applicable,3,Statewide,177107
29007,2022,T4,2,Gasoline,2019,ICE,Not Applicable,3,Statewide,873
29008,2022,T4,2,Gasoline,2019,ICE,Not Applicable,1,Statewide,1121
29009,2022,T6,Unknown,Gasoline,1978,ICE,Not Applicable,1,Statewide,1122
29010,2022,MH,Not Applicable,Gasoline,2004,ICE,Not Applicable,2,Statewide,872
29011,2022,P,Not Applicable,Electric,2016,BEV,51 to 100 miles,3,Statewide,872
29012,2022,P,Not Applicable,Gasoline,2013,ICE,Not Applicable,≥4,Statewide,174559
29013,2022,T6,7,Diesel,2007,ICE,Not Applicable,≥4,Statewide,860
29014,2022,T6,6,Diesel,2000,ICE,Not Applicable,≥4,Statewide,868
29015,2022,MH,Not Applicable,Gasoline,1992,ICE,Not Applicable,≥4,Statewide,867
29016,2022,MH,Not Applicable,Gasoline,2020,ICE,Not Applicable,≥4,Statewide,866
29017,2022,T7,8,Diesel,2013,ICE,Not Applicable,2,Statewide,866
29018,2022,T4,2,Diesel,2015,ICE,Not Applicable,2,Statewide,866
29019,2022,T3,Unknown,Gasoline,2006,ICE,Not Applicable,1,Statewide,865
29020,2022,MC,Not Applicable,Gasoline,1998,ICE,Not Applicable,3,Statewide,865
29021,2022,MC,Not Applicable,Gasoline,1981,ICE,Not Applicable,≥4,Statewide,1124
29022,2022,T6,5,Gasoline,2019,ICE,Not Applicable,≥4,Statewide,864
29023,2022,MC,Not Applicable,Gasoline,2001,ICE,Not Applicable,1,Statewide,864
29024,2022,T5,3,Diesel,2016,ICE,Not Applicable,2,Statewide,864
29025,2022,P,Not Applicable,Gasoline,2012,ICE,Not Applicable,1,Statewide,173321
29026,2022,T6,7,Diesel,2000,ICE,Not Applicable,≥4,Statewide,868
29027,2022,MH,Not Applicable,Diesel,2013,ICE,Not Applicable,≥4,Statewide,1140
29028,2022,P,Not Applicable,Gasoline,1978,ICE,Not Applicable,≥4,Statewide,214521
29029,2022,P,Not Applicable,Gasoline,2019,ICE,Not Applicable,2,Statewide,217331
29030,2022,T4,Unknown,Gasoline,2020,ICE,Not Applicable,≥4,Statewide,1037
29031,2022,P,Not Applicable,Gasoline,1987,ICE,Not Applicable,2,Statewide,1037
29032,2022,T4,2,Diesel,1996,ICE,Not Applicable,≥4,Statewide,1036
29033,2022,T7,8,Natural Gas,2023,ICE,Not Applicable,≥4,Statewide,1035
29034,2022,P,Not Applicable,Gasoline,2022,ICE,Not Applicable,1,Statewide,303436
29035,2022,T7,8,Diesel,1999,ICE,Not Applicable,≥4,Statewide,1034
29036,2022,T5,3,Diesel,2012,ICE,Not Applicable,2,Statewide,1034
29037,2022,T3,2,Gasoline,1989,ICE,Not Applicable,≥4,Statewide,1033
29038,2022,T5,3,Diesel,2012,ICE,Not Applicable,3,Statewide,1033
29039,2022,T4,2,Gasoline,1994,ICE,Not Applicable,2,Statewide,1032
29040,2022,P,Not Applicable,Gasoline,1987,ICE,Not Applicable,3,Statewide,1031
29041,2022,P,Not Applicable,Gasoline,2022,ICE,Not Applicable,≥4,Statewide,308170
29042,2022,P,Not Applicable,Gasoline,2021,ICE,Not Applicable,≥4,Statewide,293473
29043,2022,T6,4,Gasoline,2012,ICE,Not Applicable,≥4,Statewide,1025
29044,2022,P,Not Applicable,Gasoline,2020,ICE,Not Applicable,≥4,Statewide,293001
29045,2022,T5,3,Gasoline,2003,ICE,Not Applicable,≥4,Statewide,1021
29046,2022,T4,2,Gasoline,2018,ICE,Not Applicable,3,Statewide,1021
29047,2022,MH,Not Applicable,Diesel,2008,ICE,Not Applicable,≥4,Statewide,1020
29048,2022,T6,6,Diesel,2015,ICE,Not Applicable,≥4,Statewide,1019
29049,2022,T5,3,Diesel,2017,ICE,Not Applicable,3,Statewide,1019
29050,2022,T5,3,Diesel,2014,ICE,Not Applicable,≥4,Statewide,1018
29051,2022,T5,3,Diesel,2019,ICE,Not Applicable,1,Statewide,1016
29052,2022,T4,2,Diesel,1997,ICE,Not Applicable,≥4,Statewide,1015
29053,2022,T4,2,Diesel,2001,ICE,Not Applicable,1,Statewide,1012
29054,2022,MC,Not Applicable,Gasoline,2001,ICE,Not Applicable,2,Statewide,1028
29055,2022,T3,2,Gasoline,1993,ICE,Not Applicable,1,Statewide,1011
29056,2022,P,Not Applicable,Gasoline,2020,ICE,Not Applicable,1,Statewide,310712
29057,2022,T1,1,Gasoline,1989,ICE,Not Applicable,2,Statewide,1040
29058,2022,T4,2,Gasoline,1999,ICE,Not Applicable,3,Statewide,1075
29059,2022,T4,2,Gasoline,1994,ICE,Not Applicable,3,Statewide,1072
29060,2022,T2,Unknown,Gasoline,2022,ICE,Not Applicable,≥4,Statewide,1071
29061,2022,T6,4,Gasoline,2011,ICE,Not Applicable,≥4,Statewide,1070
29062,2022,MH,Not Applicable,Gasoline,2013,ICE,Not Applicable,≥4,Statewide,1068
29063,2022,T4,2,Gasoline,1995,ICE,Not Applicable,3,Statewide,1063
29064,2022,T4,2,Gasoline,1995,ICE,Not Applicable,2,Statewide,1062
29065,2022,T4,2,Gasoline,1999,ICE,Not Applicable,1,Statewide,1083
29066,2022,T6,7,Diesel,2004,ICE,Not Applicable,≥4,Statewide,1061
29067,2022,MC,Not Applicable,Gasoline,2003,ICE,Not Applicable,1,Statewide,1060
29068,2022,T6,4,Diesel,2021,ICE,Not Applicable,≥4,Statewide,1060
29069,2022,P,Not Applicable,Diesel,2016,ICE,Not Applicable,≥4,Statewide,1040
29070,2022,P,Not Applicable,Gasoline,2021,ICE,Not Applicable,1,Statewide,329591
29071,2022,MC,Not Applicable,Gasoline,2002,ICE,Not Applicable,2,Statewide,1059
29072,2022,T5,3,Diesel,2017,ICE,Not Applicable,1,Statewide,1058
29073,2022,T3,2,Diesel,2022,ICE,Not Applicable,2,Statewide,1058
29074,2022,T1,Unknown,Gasoline,2017,ICE,Not Applicable,1,Statewide,1057
29075,2022,T6,6,Gasoline,2020,ICE,Not Applicable,≥4,Statewide,1086
29076,2022,MH,Not Applicable,Gasoline,2010,ICE,Not Applicable,3,Statewide,1054
29077,2022,T5,3,Gasoline,2000,ICE,Not Applicable,≥4,Statewide,1052
29078,2022,T3,Unknown,Gasoline,2018,ICE,Not Applicable,2,Statewide,1050
29079,2022,T3,2,Diesel,2019,ICE,Not Applicable,3,Statewide,1050
29080,2022,T3,2,Gasoline,1979,ICE,Not Applicable,≥4,Statewide,1049
29081,2022,T4,2,Gasoline,1989,ICE,Not Applicable,≥4,Statewide,1042
29082,2022,MH,Not Applicable,Gasoline,2021,ICE,Not Applicable,3,Statewide,1059
29083,2022,T2,Unknown,Gasoline,2019,ICE,Not Applicable,3,Statewide,1103
29084,2022,P,Not Applicable,Gasoline,2023,ICE,Not Applicable,≥4,Statewide,261745
29085,2022,P,Not Applicable,Gasoline,1982,ICE,Not Applicable,3,Statewide,1092
29086,2022,T5,3,Diesel,2012,ICE,Not Applicable,1,Statewide,976
29087,2022,T3,2,Diesel,2017,ICE,Not Applicable,2,Statewide,976
29088,2022,MH,Not Applicable,Gasoline,2016,ICE,Not Applicable,≥4,Statewide,971
29089,2022,T4,2,Gasoline,1994,ICE,Not Applicable,1,Statewide,970
29090,2022,P,Not Applicable,Gasoline,1982,ICE,Not Applicable,2,Statewide,1099
29091,2022,P,Not Applicable,Gasoline,1986,ICE,Not Applicable,2,Statewide,968
29092,2022,B,Not Applicable,Gasoline,2013,ICE,Not Applicable,≥4,Statewide,968
29093,2022,T4,2,Diesel,2000,ICE,Not Applicable,1,Statewide,967
29094,2022,P,Not Applicable,Gasoline,2018,ICE,Not Applicable,2,Statewide,228237
29095,2022,T3,2,Gasoline,2023,PHEV,0 to 50 miles,≥4,Statewide,966
29096,2022,T2,1,Diesel,2020,ICE,Not Applicable,1,Statewide,966
29097,2022,T4,2,Diesel,1995,ICE,Not Applicable,≥4,Statewide,977
29098,2022,T3,Unknown,Gasoline,2006,ICE,Not Applicable,≥4,Statewide,1099
29099,2022,P,Not Applicable,Gasoline,2022,ICE,Not Applicable,2,Statewide,225526
29100,2022,P,Not Applicable,Gasoline,2023,ICE,Not Applicable,1,Statewide,223287
29101,2022,T3,2,Gasoline,1985,ICE,Not Applicable,≥4,Statewide,959
29102,2022,T4,2,Gasoline,1995,ICE,Not Applicable,1,Statewide,954
29103,2022,T7,8,Diesel,1994,ICE,Not Applicable,≥4,Statewide,954
29104,2022,MC,Not Applicable,Gasoline,1999,ICE,Not Applicable,3,Statewide,952
29105,2022,T3,Unknown,Gasoline,2018,ICE,Not Applicable,≥4,Statewide,951
29106,2022,P,Not Applicable,Diesel,2018,ICE,Not Applicable,≥4,Statewide,951
29107,2022,T7,8,Diesel,2013,ICE,Not Applicable,3,Statewide,948
29108,2022,P,Not Applicable,Diesel,2016,ICE,Not Applicable,2,Statewide,948
29109,2022,P,Not Applicable,Gasoline,1981,ICE,Not Applicable,3,Statewide,947
29110,2022,T6,4,Diesel,2020,ICE,Not Applicable,≥4,Statewide,963
29111,2022,T2,1,Diesel,2020,ICE,Not Applicable,2,Statewide,1007
29112,2022,T4,Unknown,Gasoline,2022,ICE,Not Applicable,2,Statewide,977
29113,2022,T6,7,Diesel,2008,ICE,Not Applicable,≥4,Statewide,982
29114,2022,T3,2,Gasoline,1981,ICE,Not Applicable,≥4,Statewide,1006
29115,2022,MH,Not Applicable,Gasoline,2002,ICE,Not Applicable,3,Statewide,1005
29116,2022,MH,Not Applicable,Gasoline,1996,ICE,Not Applicable,≥4,Statewide,1002
29117,2022,T4,2,Diesel,2000,ICE,Not Applicable,2,Statewide,1094
29118,2022,P,Not Applicable,Gasoline,1986,ICE,Not Applicable,3,Statewide,1000
29119,2022,T6,4,Diesel,2002,ICE,Not Applicable,≥4,Statewide,999
29120,2022,P,Not Applicable,Gasoline,2018,ICE,Not Applicable,≥4,Statewide,256164
29121,2022,P,Not Applicable,Gasoline,2018,ICE,Not Applicable,1,Statewide,254739
29122,2022,P,Not Applicable,Gasoline,2019,ICE,Not Applicable,≥4,Statewide,254251
29123,2022,P,Not Applicable,Gasoline,2019,ICE,Not Applicable,1,Statewide,249656
29124,2022,MH,Not Applicable,Gasoline,2009,ICE,Not Applicable,2,Statewide,993
29125,2022,T4,2,Diesel,2000,ICE,Not Applicable,3,Statewide,980
29126,2022,T6,5,Diesel,2014,ICE,Not Applicable,≥4,Statewide,993
29127,2022,T3,Unknown,Gasoline,2015,ICE,Not Applicable,3,Statewide,991
29128,2022,BT,Not Applicable,Diesel,1978,ICE,Not Applicable,≥4,Statewide,991
29129,2022,T7,8,Diesel,2018,ICE,Not Applicable,3,Statewide,990
29130,2022,T3,2,Diesel,2023,ICE,Not Applicable,≥4,Statewide,1095
29131,2022,MC,Not Applicable,Gasoline,2000,ICE,Not Applicable,3,Statewide,1095
29132,2022,P,Not Applicable,Gasoline,2021,ICE,Not Applicable,2,Statewide,247033
29133,2022,T4,2,Gasoline,2019,ICE,Not Applicable,2,Statewide,989
29134,2022,T4,2,Gasoline,2017,ICE,Not Applicable,1,Statewide,1096
29135,2022,P,Not Applicable,Gasoline,2020,ICE,Not Applicable,2,Statewide,245289
29136,2022,T3,Unknown,Gasoline,2016,ICE,Not Applicable,≥4,Statewide,984
29137,2022,P,Not Applicable,Electric,2016,BEV,51 to 100 miles,2,Statewide,984
29138,2022,T2,Unknown,Gasoline,2006,ICE,Not Applicable,≥4,Statewide,992
29139,2022,MH,Not Applicable,Gasoline,2019,ICE,Not Applicable,1,Statewide,420
29140,2022,P,Not Applicable,Gasoline,2021,PHEV,51 to 100 miles,3,Statewide,1140
29141,2022,T5,3,Diesel,2016,ICE,Not Applicable,1,Statewide,833
29142,2022,T2,1,Gasoline,1989,ICE,Not Applicable,2,Statewide,700
29143,2022,MH,Not Applicable,Gasoline,1995,ICE,Not Applicable,≥4,Statewide,1207
29144,2022,T2,Unknown,Gasoline,2005,ICE,Not Applicable,≥4,Statewide,698
29145,2022,T6,4,Gasoline,2002,ICE,Not Applicable,≥4,Statewide,697
29146,2022,BS,Not Applicable,Diesel,2004,ICE,Not Applicable,≥4,Statewide,697
29147,2022,T7,8,Natural Gas,2021,ICE,Not Applicable,≥4,Statewide,696
29148,2022,T2,1,Gasoline,2022,ICE,Not Applicable,2,Statewide,124851
29149,2022,T1,1,Gasoline,1980,ICE,Not Applicable,≥4,Statewide,693
29150,2022,T2,1,Gasoline,1983,ICE,Not Applicable,≥4,Statewide,691
29151,2022,MC,Not Applicable,Gasoline,1998,ICE,Not Applicable,2,Statewide,691
29152,2022,T6,7,Diesel,2002,ICE,Not Applicable,≥4,Statewide,691
29153,2022,MH,Not Applicable,Gasoline,2007,ICE,Not Applicable,2,Statewide,701
29154,2022,T3,2,Gasoline,2022,PHEV,0 to 50 miles,2,Statewide,690
29155,2022,T3,2,Gasoline,1984,ICE,Not Applicable,3,Statewide,690
29156,2022,P,Not Applicable,Electric,2023,BEV,51 to 100 miles,2,Statewide,690
29157,2022,P,Not Applicable,Gasoline,2006,ICE,Not Applicable,≥4,Statewide,124134
29158,2022,T6,5,Diesel,2015,ICE,Not Applicable,≥4,Statewide,689
29159,2022,T4,2,Diesel,2001,ICE,Not Applicable,2,Statewide,1212
29160,2022,T6,7,Diesel,2010,ICE,Not Applicable,≥4,Statewide,1212
29161,2022,T4,Unknown,Diesel,2021,ICE,Not Applicable,1,Statewide,688
29162,2022,P,Not Applicable,Gasoline,2014,ICE,Not Applicable,1,Statewide,122065
29163,2022,P,Not Applicable,Gasoline,2009,ICE,Not Applicable,1,Statewide,121314
29164,2022,T3,2,Gasoline,2022,PHEV,0 to 50 miles,1,Statewide,685
29165,2022,T3,Unknown,Gasoline,2006,ICE,Not Applicable,3,Statewide,685
29166,2022,T3,Unknown,Gasoline,2016,ICE,Not Applicable,3,Statewide,690
29167,2022,T3,2,Gasoline,1984,ICE,Not Applicable,2,Statewide,685
29168,2022,P,Not Applicable,Gasoline,1981,ICE,Not Applicable,1,Statewide,1206
29169,2022,T4,2,Diesel,1990,ICE,Not Applicable,≥4,Statewide,703
29170,2022,T2,Unknown,Electric,2021,BEV,>150 miles,2,Statewide,1185
29171,2022,T4,2,Diesel,2017,ICE,Not Applicable,1,Statewide,1188
29172,2022,MH,Not Applicable,Gasoline,2008,ICE,Not Applicable,2,Statewide,727
29173,2022,T4,2,Diesel,2015,ICE,Not Applicable,3,Statewide,727
29174,2022,T6,6,Gasoline,2022,ICE,Not Applicable,≥4,Statewide,726
29175,2022,T2,1,Gasoline,1984,ICE,Not Applicable,≥4,Statewide,724
29176,2022,BS,Not Applicable,Diesel,2011,ICE,Not Applicable,≥4,Statewide,724
29177,2022,P,Not Applicable,Gasoline,2007,ICE,Not Applicable,≥4,Statewide,130921
29178,2022,P,Not Applicable,Diesel,1990,ICE,Not Applicable,≥4,Statewide,721
29179,2022,T2,1,Gasoline,1991,ICE,Not Applicable,1,Statewide,1190
29180,2022,T5,3,Diesel,2009,ICE,Not Applicable,3,Statewide,720
29181,2022,T5,3,Gasoline,1999,ICE,Not Applicable,≥4,Statewide,702
29182,2022,MC,Not Applicable,Gasoline,2000,ICE,Not Applicable,1,Statewide,719
29183,2022,MH,Not Applicable,Gasoline,2009,ICE,Not Applicable,1,Statewide,715
29184,2022,T3,2,Gasoline,1992,ICE,Not Applicable,1,Statewide,713
29185,2022,MC,Not Applicable,Gasoline,1997,ICE,Not Applicable,3,Statewide,712
29186,2022,T6,5,Diesel,2005,ICE,Not Applicable,≥4,Statewide,1196
29187,2022,T3,2,Gasoline,1983,ICE,Not Applicable,3,Statewide,711
29188,2022,B,Not Applicable,Gasoline,2012,ICE,Not Applicable,≥4,Statewide,711
29189,2022,T7,8,Diesel,1997,ICE,Not Applicable,≥4,Statewide,711
29190,2022,P,Not Applicable,Gasoline,2012,ICE,Not Applicable,3,Statewide,127274
29191,2022,T7,8,Diesel,2021,ICE,Not Applicable,1,Statewide,704
29192,2022,T4,2,Gasoline,1999,ICE,Not Applicable,2,Statewide,1205
29193,2022,T2,1,Gasoline,1990,ICE,Not Applicable,1,Statewide,703
29194,2022,P,Not Applicable,Diesel,2016,ICE,Not Applicable,3,Statewide,717
29195,2022,T6,7,Diesel,1995,ICE,Not Applicable,≥4,Statewide,730
29196,2022,T6,4,Gasoline,2021,ICE,Not Applicable,≥4,Statewide,684
29197,2022,T1,1,Gasoline,2024,ICE,Not Applicable,1,Statewide,683
29198,2022,T3,2,Gasoline,1991,ICE,Not Applicable,2,Statewide,667
29199,2022,MH,Not Applicable,Gasoline,2017,ICE,Not Applicable,≥4,Statewide,666
29200,2022,P,Not Applicable,Electric,2023,BEV,51 to 100 miles,≥4,Statewide,666
29201,2022,P,Not Applicable,Diesel,2017,ICE,Not Applicable,2,Statewide,666
29202,2022,T7,8,Diesel,1992,ICE,Not Applicable,≥4,Statewide,665
29203,2022,T6,6,Diesel,2012,ICE,Not Applicable,1,Statewide,665
29204,2022,T6,4,Gasoline,2006,ICE,Not Applicable,≥4,Statewide,1221
29205,2022,T2,Unknown,Gasoline,2009,ICE,Not Applicable,3,Statewide,664
29206,2022,P,Not Applicable,Gasoline,2010,ICE,Not Applicable,3,Statewide,108778
29207,2022,BS,Not Applicable,Diesel,2022,ICE,Not Applicable,≥4,Statewide,663
29208,2022,T5,3,Diesel,2009,ICE,Not Applicable,1,Statewide,662
29209,2022,P,Not Applicable,Gasoline,2008,ICE,Not Applicable,2,Statewide,112189
29210,2022,T2,1,Gasoline,2021,ICE,Not Applicable,1,Statewide,108211
29211,2022,T5,3,Diesel,2009,ICE,Not Applicable,2,Statewide,660
29212,2022,T5,3,Gasoline,2014,ICE,Not Applicable,≥4,Statewide,1222
29213,2022,P,Not Applicable,Gasoline,2013,ICE,Not Applicable,3,Statewide,107678
29214,2022,T2,1,Diesel,2019,ICE,Not Applicable,2,Statewide,656
29215,2022,P,Not Applicable,Gasoline,2023,ICE,Not Applicable,3,Statewide,105446
29216,2022,T2,1,Gasoline,1989,ICE,Not Applicable,1,Statewide,655
29217,2022,MH,Not Applicable,Gasoline,1991,ICE,Not Applicable,≥4,Statewide,654
29218,2022,BT,Not Applicable,Natural Gas,2020,ICE,Not Applicable,≥4,Statewide,652
29219,2022,T6,6,Gasoline,1978,ICE,Not Applicable,1,Statewide,652
29220,2022,P,Not Applicable,Gasoline,1988,ICE,Not Applicable,1,Statewide,1225
29221,2022,T2,1,Gasoline,1986,ICE,Not Applicable,≥4,Statewide,650
29222,2022,P,Not Applicable,Diesel,2018,ICE,Not Applicable,3,Statewide,661
29223,2022,MC,Not Applicable,Gasoline,1996,ICE,Not Applicable,3,Statewide,684
29224,2022,T7,8,Diesel,2020,ICE,Not Applicable,3,Statewide,669
29225,2022,MH,Not Applicable,Gasoline,2005,ICE,Not Applicable,2,Statewide,670
29226,2022,T2,1,Gasoline,2023,ICE,Not Applicable,1,Statewide,119518
29227,2022,T6,7,Diesel,2006,ICE,Not Applicable,≥4,Statewide,1213
29228,2022,T5,3,Diesel,2018,ICE,Not Applicable,1,Statewide,682
29229,2022,T3,2,Gasoline,1991,ICE,Not Applicable,3,Statewide,681
29230,2022,P,Not Applicable,Electric,2023,BEV,51 to 100 miles,1,Statewide,681
29231,2022,T5,3,Diesel,2004,ICE,Not Applicable,3,Statewide,681
29232,2022,MH,Not Applicable,Gasoline,2018,ICE,Not Applicable,3,Statewide,680
29233,2022,T3,2,Diesel,2016,ICE,Not Applicable,2,Statewide,680
29234,2022,T2,1,Gasoline,2023,ICE,Not Applicable,≥4,Statewide,118710
29235,2022,P,Not Applicable,Gasoline,2008,ICE,Not Applicable,1,Statewide,118609
29236,2022,T6,4,Gasoline,2010,ICE,Not Applicable,≥4,Statewide,678
29237,2022,P,Not Applicable,Hydrogen,2022,FCEV,>150 miles,3,Statewide,669
29238,2022,T6,4,Diesel,2023,ICE,Not Applicable,≥4,Statewide,677
29239,2022,P,Not Applicable,Gasoline,2014,ICE,Not Applicable,2,Statewide,118276
29240,2022,BT,Not Applicable,Natural Gas,2013,ICE,Not Applicable,≥4,Statewide,676
29241,2022,P,Not Applicable,Gasoline,2011,ICE,Not Applicable,3,Statewide,115585
29242,2022,T2,1,Diesel,2020,ICE,Not Applicable,3,Statewide,673
29243,2022,T4,Unknown,Gasoline,2022,ICE,Not Applicable,3,Statewide,672
29244,2022,T5,3,Diesel,2006,ICE,Not Applicable,3,Statewide,672
29245,2022,P,Not Applicable,Gasoline,2005,ICE,Not Applicable,≥4,Statewide,114917
29246,2022,T7,8,Diesel,2021,ICE,Not Applicable,2,Statewide,671
29247,2022,T3,2,Gasoline,1980,ICE,Not Applicable,≥4,Statewide,1220
29248,2022,P,Not Applicable,Gasoline,2009,ICE,Not Applicable,2,Statewide,114893
29249,2022,T3,Unknown,Gasoline,2016,ICE,Not Applicable,1,Statewide,670
29250,2022,MH,Not Applicable,Gasoline,2003,ICE,Not Applicable,≥4,Statewide,1216
29251,2022,T3,2,Gasoline,2023,PHEV,0 to 50 miles,3,Statewide,833
29252,2022,T3,2,Gasoline,2021,PHEV,0 to 50 miles,1,Statewide,730
29253,2022,T2,1,Gasoline,1979,ICE,Not Applicable,2,Statewide,731
29254,2022,T6,4,Gasoline,2007,ICE,Not Applicable,≥4,Statewide,1152
29255,2022,P,Not Applicable,Gasoline,2016,ICE,Not Applicable,≥4,Statewide,155840
29256,2022,T6,4,Diesel,2019,ICE,Not Applicable,≥4,Statewide,807
29257,2022,T6,4,Gasoline,2008,ICE,Not Applicable,≥4,Statewide,805
29258,2022,P,Not Applicable,Gasoline,2015,ICE,Not Applicable,≥4,Statewide,155530
29259,2022,P,Not Applicable,Gasoline,2011,ICE,Not Applicable,1,Statewide,154837
29260,2022,T7,8,Natural Gas,2017,ICE,Not Applicable,≥4,Statewide,799
29261,2022,T3,Unknown,Gasoline,2018,ICE,Not Applicable,1,Statewide,799
29262,2022,T7,8,Diesel,1998,ICE,Not Applicable,≥4,Statewide,799
29263,2022,T2,1,Gasoline,1990,ICE,Not Applicable,2,Statewide,797
29264,2022,T4,Unknown,Gasoline,2022,ICE,Not Applicable,≥4,Statewide,1157
29265,2022,T3,Unknown,Gasoline,2006,ICE,Not Applicable,2,Statewide,808
29266,2022,MH,Not Applicable,Gasoline,1998,ICE,Not Applicable,≥4,Statewide,1158
29267,2022,T6,4,Diesel,2022,ICE,Not Applicable,≥4,Statewide,792
29268,2022,T6,7,Diesel,2003,ICE,Not Applicable,≥4,Statewide,791
29269,2022,P,Not Applicable,Gasoline,2008,ICE,Not Applicable,≥4,Statewide,150162
29270,2022,MC,Not Applicable,Gasoline,1991,ICE,Not Applicable,3,Statewide,788
29271,2022,T2,Unknown,Gasoline,2022,ICE,Not Applicable,3,Statewide,787
29272,2022,P,Not Applicable,Electric,2017,BEV,51 to 100 miles,≥4,Statewide,787
29273,2022,P,Not Applicable,Gasoline,2009,ICE,Not Applicable,≥4,Statewide,149021
29274,2022,P,Not Applicable,Gasoline,2011,ICE,Not Applicable,2,Statewide,148929
29275,2022,MH,Not Applicable,Diesel,2006,ICE,Not Applicable,≥4,Statewide,785
29276,2022,T3,Unknown,Gasoline,1978,ICE,Not Applicable,3,Statewide,1166
29277,2022,P,Not Applicable,Gasoline,2010,ICE,Not Applicable,1,Statewide,148201
29278,2022,T4,2,Gasoline,2017,ICE,Not Applicable,3,Statewide,792
29279,2022,P,Not Applicable,Gasoline,2013,ICE,Not Applicable,1,Statewide,147772
29280,2022,P,Not Applicable,Diesel,2016,ICE,Not Applicable,1,Statewide,810
29281,2022,T1,1,Gasoline,1989,ICE,Not Applicable,3,Statewide,1148
29282,2022,T3,2,Diesel,2017,ICE,Not Applicable,3,Statewide,833
29283,2022,T4,2,Diesel,2014,ICE,Not Applicable,3,Statewide,832
29284,2022,T7,8,Diesel,2019,ICE,Not Applicable,3,Statewide,830
29285,2022,T6,6,Diesel,2002,ICE,Not Applicable,≥4,Statewide,828
29286,2022,T5,3,Diesel,2002,ICE,Not Applicable,≥4,Statewide,828
29287,2022,T5,3,Diesel,2017,ICE,Not Applicable,2,Statewide,1144
29288,2022,T5,3,Diesel,2019,ICE,Not Applicable,3,Statewide,826
29289,2022,P,Not Applicable,Gasoline,2022,ICE,Not Applicable,3,Statewide,160532
29290,2022,P,Not Applicable,Gasoline,2019,ICE,Not Applicable,3,Statewide,159889
29291,2022,MH,Not Applicable,Diesel,2007,ICE,Not Applicable,≥4,Statewide,825
29292,2022,T2,1,Gasoline,1990,ICE,Not Applicable,3,Statewide,823
29293,2022,T7,8,Diesel,2014,ICE,Not Applicable,2,Statewide,1150
29294,2022,T6,5,Gasoline,2016,ICE,Not Applicable,≥4,Statewide,822
29295,2022,T7,8,Natural Gas,2020,ICE,Not Applicable,≥4,Statewide,821
29296,2022,P,Not Applicable,Hydrogen,2022,FCEV,>150 miles,≥4,Statewide,820
29297,2022,P,Not Applicable,Diesel,2017,ICE,Not Applicable,≥4,Statewide,819
29298,2022,MC,Not Applicable,Gasoline,2000,ICE,Not Applicable,2,Statewide,818
29299,2022,P,Not Applicable,Diesel,2018,ICE,Not Applicable,1,Statewide,818
29300,2022,T5,3,Diesel,2013,ICE,Not Applicable,1,Statewide,1147
29301,2022,T4,2,Gasoline,1996,ICE,Not Applicable,2,Statewide,816
29302,2022,T3,2,Gasoline,1982,ICE,Not Applicable,1,Statewide,816
29303,2022,P,Not Applicable,Diesel,2018,ICE,Not Applicable,2,Statewide,814
29304,2022,BS,Not Applicable,Diesel,2021,ICE,Not Applicable,≥4,Statewide,814
29305,2022,T2,1,Gasoline,1981,ICE,Not Applicable,≥4,Statewide,813
29306,2022,T2,Unknown,Gasoline,2011,ICE,Not Applicable,1,Statewide,822
29307,2022,T7,8,Diesel,2015,ICE,Not Applicable,1,Statewide,1184
29308,2022,T4,2,Gasoline,1985,ICE,Not Applicable,≥4,Statewide,781
29309,2022,P,Not Applicable,Gasoline,2015,ICE,Not Applicable,1,Statewide,146779
29310,2022,T4,2,Diesel,2001,ICE,Not Applicable,3,Statewide,1179
29311,2022,T1,1,Gasoline,1983,ICE,Not Applicable,≥4,Statewide,748
29312,2022,T6,5,Diesel,2022,ICE,Not Applicable,1,Statewide,748
29313,2022,T2,1,Gasoline,2022,ICE,Not Applicable,≥4,Statewide,138200
29314,2022,P,Not Applicable,Gasoline,2014,ICE,Not Applicable,≥4,Statewide,137654
29315,2022,T6,4,Diesel,2017,ICE,Not Applicable,≥4,Statewide,747
29316,2022,T4,2,Gasoline,1986,ICE,Not Applicable,≥4,Statewide,746
29317,2022,MH,Not Applicable,Gasoline,2019,ICE,Not Applicable,3,Statewide,746
29318,2022,MC,Not Applicable,Gasoline,1999,ICE,Not Applicable,2,Statewide,746
29319,2022,P,Not Applicable,Gasoline,1985,ICE,Not Applicable,1,Statewide,745
29320,2022,T7,8,Diesel,1993,ICE,Not Applicable,≥4,Statewide,745
29321,2022,T1,1,Gasoline,1986,ICE,Not Applicable,≥4,Statewide,1178
29322,2022,T4,2,Gasoline,1996,ICE,Not Applicable,1,Statewide,744
29323,2022,T5,3,Diesel,2023,ICE,Not Applicable,3,Statewide,741
29324,2022,T3,2,Gasoline,1982,ICE,Not Applicable,2,Statewide,740
29325,2022,MH,Not Applicable,Gasoline,2000,ICE,Not Applicable,3,Statewide,740
29326,2022,MH,Not Applicable,Gasoline,1999,ICE,Not Applicable,3,Statewide,740
29327,2022,MH,Not Applicable,Gasoline,2004,ICE,Not Applicable,1,Statewide,739
29328,2022,P,Not Applicable,Diesel,1989,ICE,Not Applicable,≥4,Statewide,739
29329,2022,T3,Unknown,Gasoline,2018,ICE,Not Applicable,3,Statewide,738
29330,2022,P,Not Applicable,Diesel,1986,ICE,Not Applicable,≥4,Statewide,738
29331,2022,T3,2,Diesel,2018,ICE,Not Applicable,≥4,Statewide,737
29332,2022,P,Not Applicable,Gasoline,2016,ICE,Not Applicable,2,Statewide,136489
29333,2022,T1,1,Gasoline,1985,ICE,Not Applicable,≥4,Statewide,735
29334,2022,T6,5,Gasoline,2018,ICE,Not Applicable,≥4,Statewide,743
29335,2022,T7,8,Diesel,2019,ICE,Not Applicable,2,Statewide,780
29336,2022,T3,2,Diesel,2022,ICE,Not Applicable,3,Statewide,750
29337,2022,T4,2,Diesel,1994,ICE,Not Applicable,≥4,Statewide,752
29338,2022,T2,1,Gasoline,2022,ICE,Not Applicable,1,Statewide,145835
29339,2022,P,Not Applicable,Gasoline,2016,ICE,Not Applicable,1,Statewide,143637
29340,2022,P,Not Applicable,Gasoline,2013,ICE,Not Applicable,2,Statewide,142510
29341,2022,P,Not Applicable,Gasoline,2023,ICE,Not Applicable,2,Statewide,142282
29342,2022,P,Not Applicable,Gasoline,2010,ICE,Not Applicable,2,Statewide,141488
29343,2022,T7,8,Diesel,1996,ICE,Not Applicable,≥4,Statewide,767
29344,2022,T3,2,Gasoline,1992,ICE,Not Applicable,2,Statewide,766
29345,2022,T4,2,Diesel,2014,ICE,Not Applicable,1,Statewide,766
29346,2022,T7,8,Diesel,2014,ICE,Not Applicable,3,Statewide,1175
29347,2022,T6,5,Gasoline,2023,ICE,Not Applicable,≥4,Statewide,765
29348,2022,T3,2,Gasoline,1992,ICE,Not Applicable,3,Statewide,765
29349,2022,T7,8,Diesel,2015,ICE,Not Applicable,2,Statewide,751
29350,2022,T5,3,Gasoline,2015,ICE,Not Applicable,≥4,Statewide,764
29351,2022,P,Not Applicable,Diesel,2008,ICE,Not Applicable,≥4,Statewide,761
29352,2022,T7,8,Natural Gas,2016,ICE,Not Applicable,≥4,Statewide,760
29353,2022,T4,2,Gasoline,2016,ICE,Not Applicable,1,Statewide,758
29354,2022,T4,2,Gasoline,1997,ICE,Not Applicable,1,Statewide,758
29355,2022,T3,2,Gasoline,1983,ICE,Not Applicable,1,Statewide,758
29356,2022,T2,1,Gasoline,1989,ICE,Not Applicable,3,Statewide,758
29357,2022,MH,Not Applicable,Gasoline,2011,ICE,Not Applicable,1,Statewide,758
29358,2022,T7,8,Natural Gas,2014,ICE,Not Applicable,≥4,Statewide,757
29359,2022,MH,Not Applicable,Gasoline,2022,ICE,Not Applicable,2,Statewide,757
29360,2022,P,Not Applicable,Gasoline,2015,ICE,Not Applicable,2,Statewide,141029
29361,2022,P,Not Applicable,Gasoline,2017,ICE,Not Applicable,3,Statewide,140008
29362,2022,MH,Not Applicable,Gasoline,1990,ICE,Not Applicable,≥4,Statewide,763
29363,2022,T6,4,Gasoline,2023,ICE,Not Applicable,≥4,Statewide,201
29364,2022,MH,Not Applicable,Gasoline,2010,ICE,Not Applicable,1,Statewide,420
29365,2022,T6,7,Diesel,1994,ICE,Not Applicable,≥4,Statewide,420
29366,2022,P,Not Applicable,Diesel,2019,ICE,Not Applicable,3,Statewide,1654
29367,2022,T6,4,Diesel,2010,ICE,Not Applicable,2,Statewide,266
29368,2022,MH,Not Applicable,Diesel,2009,ICE,Not Applicable,1,Statewide,266
29369,2022,BT,Not Applicable,Natural Gas,2019,ICE,Not Applicable,≥4,Statewide,265
29370,2022,T2,Unknown,Gasoline,2021,ICE,Not Applicable,1,Statewide,265
29371,2022,T2,1,Gasoline,1984,ICE,Not Applicable,3,Statewide,265
29372,2022,T1,Unknown,Gasoline,1985,ICE,Not Applicable,≥4,Statewide,265
29373,2022,T6,6,Diesel,2007,ICE,Not Applicable,1,Statewide,265
29374,2022,BS,Not Applicable,Diesel,1999,ICE,Not Applicable,≥4,Statewide,265
29375,2022,P,Not Applicable,Gasoline,1983,ICE,Not Applicable,1,Statewide,1660
29376,2022,T6,4,Gasoline,1994,ICE,Not Applicable,≥4,Statewide,264
29377,2022,T7,8,Diesel,2024,ICE,Not Applicable,1,Statewide,264
29378,2022,T5,3,Diesel,2001,ICE,Not Applicable,3,Statewide,264
29379,2022,T6,6,Diesel,2020,ICE,Not Applicable,1,Statewide,263
29380,2022,T6,5,Diesel,2010,ICE,Not Applicable,1,Statewide,263
29381,2022,BT,Not Applicable,Natural Gas,2005,ICE,Not Applicable,≥4,Statewide,262
29382,2022,T6,6,Diesel,2021,ICE,Not Applicable,1,Statewide,262
29383,2022,MH,Not Applicable,Diesel,2017,ICE,Not Applicable,≥4,Statewide,261
29384,2022,T6,6,Diesel,1997,ICE,Not Applicable,≥4,Statewide,260
29385,2022,T6,7,Diesel,1986,ICE,Not Applicable,≥4,Statewide,260
29386,2022,P,Not Applicable,Electric,2017,BEV,>150 miles,1,Statewide,259
29387,2022,MH,Not Applicable,Diesel,2019,ICE,Not Applicable,3,Statewide,259
29388,2022,MH,Not Applicable,Diesel,2009,ICE,Not Applicable,2,Statewide,258
29389,2022,T2,1,Gasoline,1986,ICE,Not Applicable,2,Statewide,267
29390,2022,P,Not Applicable,Natural Gas,2016,ICE,Not Applicable,≥4,Statewide,267
29391,2022,MC,Not Applicable,Gasoline,2024,ICE,Not Applicable,1,Statewide,268
29392,2022,MH,Not Applicable,Gasoline,1991,ICE,Not Applicable,3,Statewide,268
29393,2022,T6,5,Diesel,2011,ICE,Not Applicable,3,Statewide,273
29394,2022,P,Not Applicable,Diesel,2014,ICE,Not Applicable,2,Statewide,273
29395,2022,BT,Not Applicable,Diesel,1994,ICE,Not Applicable,≥4,Statewide,273
29396,2022,T2,Unknown,Gasoline,1978,ICE,Not Applicable,3,Statewide,1628
29397,2022,T6,6,Gasoline,1979,ICE,Not Applicable,≥4,Statewide,272
29398,2022,T1,Unknown,Gasoline,1979,ICE,Not Applicable,≥4,Statewide,272
29399,2022,T7,8,Diesel,2012,ICE,Not Applicable,3,Statewide,272
29400,2022,T7,8,Diesel,2004,ICE,Not Applicable,2,Statewide,272
29401,2022,T6,6,Diesel,2009,ICE,Not Applicable,2,Statewide,272
29402,2022,T6,6,Diesel,2005,ICE,Not Applicable,3,Statewide,272
29403,2022,MH,Not Applicable,Gasoline,2009,ICE,Not Applicable,3,Statewide,1630
29404,2022,P,Not Applicable,Electric,2019,BEV,>150 miles,1,Statewide,1667
29405,2022,T5,3,Gasoline,2020,ICE,Not Applicable,3,Statewide,270
29406,2022,T6,7,Diesel,1989,ICE,Not Applicable,≥4,Statewide,270
29407,2022,P,Not Applicable,Diesel,2006,ICE,Not Applicable,≥4,Statewide,270
29408,2022,MH,Not Applicable,Diesel,2012,ICE,Not Applicable,1,Statewide,270
29409,2022,MC,Not Applicable,Gasoline,1979,ICE,Not Applicable,≥4,Statewide,1636
29410,2022,T7,8,Diesel,2001,ICE,Not Applicable,1,Statewide,269
29411,2022,T6,4,Diesel,2008,ICE,Not Applicable,1,Statewide,269
29412,2022,T6,6,Diesel,1995,ICE,Not Applicable,≥4,Statewide,269
29413,2022,T4,2,Diesel,1990,ICE,Not Applicable,3,Statewide,269
29414,2022,T6,6,Diesel,2024,ICE,Not Applicable,≥4,Statewide,1642
29415,2022,T6,6,Diesel,2008,ICE,Not Applicable,≥4,Statewide,1645
29416,2022,T2,1,Gasoline,1983,ICE,Not Applicable,3,Statewide,268
29417,2022,MC,Not Applicable,Gasoline,1980,ICE,Not Applicable,2,Statewide,270
29418,2022,MC,Not Applicable,Gasoline,1989,ICE,Not Applicable,≥4,Statewide,1667
29419,2022,T6,7,Gasoline,1978,ICE,Not Applicable,≥4,Statewide,257
29420,2022,T5,3,Gasoline,2018,ICE,Not Applicable,1,Statewide,257
29421,2022,T5,3,Diesel,2001,ICE,Not Applicable,2,Statewide,250
29422,2022,T5,3,Diesel,2011,ICE,Not Applicable,3,Statewide,1680
29423,2022,T4,2,Diesel,2016,ICE,Not Applicable,3,Statewide,1681
29424,2022,T5,3,Diesel,2005,ICE,Not Applicable,≥4,Statewide,1681
29425,2022,MC,Not Applicable,Gasoline,1986,ICE,Not Applicable,≥4,Statewide,1682
29426,2022,T6,5,Diesel,2018,ICE,Not Applicable,1,Statewide,249
29427,2022,T5,3,Gasoline,2002,ICE,Not Applicable,3,Statewide,248
29428,2022,T3,2,Gasoline,1985,ICE,Not Applicable,3,Statewide,248
29429,2022,T2,Unknown,Gasoline,2007,ICE,Not Applicable,3,Statewide,248
29430,2022,T2,1,Gasoline,1983,ICE,Not Applicable,2,Statewide,248
29431,2022,BT,Not Applicable,Gasoline,2018,ICE,Not Applicable,≥4,Statewide,248
29432,2022,T7,8,Diesel,2000,ICE,Not Applicable,1,Statewide,250
29433,2022,BS,Not Applicable,Gasoline,2011,ICE,Not Applicable,≥4,Statewide,248
29434,2022,T4,2,Gasoline,2003,ICE,Not Applicable,1,Statewide,1683
29435,2022,MC,Not Applicable,Gasoline,1979,ICE,Not Applicable,1,Statewide,247
29436,2022,T6,5,Diesel,2011,ICE,Not Applicable,2,Statewide,247
29437,2022,T5,3,Diesel,1993,ICE,Not Applicable,≥4,Statewide,247
29438,2022,T2,1,Gasoline,1987,ICE,Not Applicable,3,Statewide,246
29439,2022,T6,4,Diesel,2005,ICE,Not Applicable,3,Statewide,246
29440,2022,P,Not Applicable,Diesel,2014,ICE,Not Applicable,1,Statewide,246
29441,2022,MH,Not Applicable,Diesel,1997,ICE,Not Applicable,≥4,Statewide,246
29442,2022,B,Not Applicable,Diesel,2002,ICE,Not Applicable,≥4,Statewide,246
29443,2022,MC,Not Applicable,Gasoline,2004,ICE,Not Applicable,2,Statewide,1693
29444,2022,T5,3,Diesel,2022,ICE,Not Applicable,2,Statewide,1696
29445,2022,T6,4,Diesel,2011,ICE,Not Applicable,3,Statewide,248
29446,2022,T5,3,Gasoline,2022,ICE,Not Applicable,2,Statewide,273
29447,2022,T7,8,Diesel,2011,ICE,Not Applicable,2,Statewide,250
29448,2022,T7,8,Diesel,2007,ICE,Not Applicable,1,Statewide,252
29449,2022,T2,1,Gasoline,1986,ICE,Not Applicable,3,Statewide,257
29450,2022,T2,1,Gasoline,1984,ICE,Not Applicable,2,Statewide,257
29451,2022,MC,Not Applicable,Gasoline,1980,ICE,Not Applicable,1,Statewide,257
29452,2022,T4,2,Diesel,1994,ICE,Not Applicable,1,Statewide,257
29453,2022,T4,2,Diesel,1990,ICE,Not Applicable,2,Statewide,257
29454,2022,T2,1,Diesel,2021,ICE,Not Applicable,3,Statewide,257
29455,2022,BT,Not Applicable,Diesel,2009,ICE,Not Applicable,≥4,Statewide,257
29456,2022,MH,Not Applicable,Gasoline,1999,ICE,Not Applicable,≥4,Statewide,1667
29457,2022,P,Not Applicable,Hydrogen,2021,FCEV,>150 miles,≥4,Statewide,256
29458,2022,T6,5,Gasoline,2009,ICE,Not Applicable,≥4,Statewide,256
29459,2022,T2,Unknown,Gasoline,2021,ICE,Not Applicable,2,Statewide,256
29460,2022,T6,5,Diesel,2009,ICE,Not Applicable,1,Statewide,252
29461,2022,P,Not Applicable,Diesel,2009,ICE,Not Applicable,≥4,Statewide,256
29462,2022,T6,4,Gasoline,1998,ICE,Not Applicable,≥4,Statewide,255
29463,2022,T1,1,Gasoline,1980,ICE,Not Applicable,3,Statewide,255
29464,2022,T6,4,Gasoline,2005,ICE,Not Applicable,1,Statewide,254
29465,2022,T4,2,Gasoline,1989,ICE,Not Applicable,2,Statewide,254
29466,2022,T3,Unknown,Gasoline,2005,ICE,Not Applicable,3,Statewide,254
29467,2022,MH,Not Applicable,Gasoline,1981,ICE,Not Applicable,≥4,Statewide,254
29468,2022,T2,Unknown,Diesel,2021,ICE,Not Applicable,2,Statewide,254
29469,2022,B,Not Applicable,Diesel,2016,ICE,Not Applicable,≥4,Statewide,254
29470,2022,T6,4,Diesel,2005,ICE,Not Applicable,2,Statewide,253
29471,2022,T5,3,Diesel,2002,ICE,Not Applicable,3,Statewide,253
29472,2022,T4,2,Gasoline,1989,ICE,Not Applicable,3,Statewide,252
29473,2022,BT,Not Applicable,Diesel,2002,ICE,Not Applicable,≥4,Statewide,256
29474,2022,P,Not Applicable,Natural Gas,2012,ICE,Not Applicable,≥4,Statewide,273
29475,2022,T6,5,Gasoline,2022,ICE,Not Applicable,≥4,Statewide,1625
29476,2022,MH,Not Applicable,Diesel,2006,ICE,Not Applicable,3,Statewide,274
29477,2022,T6,6,Gasoline,2023,ICE,Not Applicable,≥4,Statewide,291
29478,2022,T1,Unknown,Gasoline,2013,ICE,Not Applicable,1,Statewide,291
29479,2022,P,Not Applicable,Electric,2023,BEV,101 to 150 miles,3,Statewide,291
29480,2022,T5,3,Gasoline,2013,ICE,Not Applicable,3,Statewide,290
29481,2022,T4,2,Diesel,1994,ICE,Not Applicable,2,Statewide,290
29482,2022,T2,Unknown,Diesel,2023,ICE,Not Applicable,1,Statewide,290
29483,2022,P,Not Applicable,Electric,2022,BEV,101 to 150 miles,≥4,Statewide,1588
29484,2022,T6,4,Gasoline,1999,ICE,Not Applicable,≥4,Statewide,289
29485,2022,T5,3,Gasoline,2016,ICE,Not Applicable,1,Statewide,289
29486,2022,T5,3,Gasoline,2007,ICE,Not Applicable,2,Statewide,289
29487,2022,T2,1,Diesel,2023,ICE,Not Applicable,2,Statewide,289
29488,2022,P,Not Applicable,Diesel,2010,ICE,Not Applicable,3,Statewide,292
29489,2022,BS,Not Applicable,Diesel,2024,ICE,Not Applicable,≥4,Statewide,289
29490,2022,T2,Unknown,Gasoline,2007,ICE,Not Applicable,2,Statewide,288
29491,2022,MH,Not Applicable,Gasoline,1989,ICE,Not Applicable,2,Statewide,288
29492,2022,T5,3,Diesel,2015,ICE,Not Applicable,3,Statewide,288
29493,2022,T4,2,Diesel,2018,ICE,Not Applicable,3,Statewide,1592
29494,2022,T7,8,Diesel,2012,ICE,Not Applicable,2,Statewide,287
29495,2022,P,Not Applicable,Diesel,1978,ICE,Not Applicable,≥4,Statewide,287
29496,2022,MC,Not Applicable,Gasoline,1985,ICE,Not Applicable,≥4,Statewide,1595
29497,2022,T4,2,Gasoline,1989,ICE,Not Applicable,1,Statewide,286
29498,2022,T4,2,Gasoline,1981,ICE,Not Applicable,≥4,Statewide,286
29499,2022,T2,1,Gasoline,1981,ICE,Not Applicable,2,Statewide,286
29500,2022,T6,6,Gasoline,1984,ICE,Not Applicable,≥4,Statewide,285
29501,2022,MC,Not Applicable,Gasoline,1978,ICE,Not Applicable,1,Statewide,1591
29502,2022,T2,Unknown,Gasoline,1999,ICE,Not Applicable,≥4,Statewide,285
29503,2022,T6,5,Diesel,2024,ICE,Not Applicable,≥4,Statewide,292
29504,2022,BT,Not Applicable,Gasoline,2020,ICE,Not Applicable,≥4,Statewide,292
29505,2022,MC,Not Applicable,Gasoline,1981,ICE,Not Applicable,3,Statewide,298
29506,2022,T6,7,Diesel,1990,ICE,Not Applicable,≥4,Statewide,298
29507,2022,MH,Not Applicable,Gasoline,1987,ICE,Not Applicable,≥4,Statewide,297
29508,2022,T1,1,Gasoline,1986,ICE,Not Applicable,1,Statewide,296
29509,2022,T1,1,Gasoline,1984,ICE,Not Applicable,2,Statewide,296
29510,2022,MH,Not Applicable,Gasoline,2003,ICE,Not Applicable,1,Statewide,296
29511,2022,T2,Unknown,Diesel,2022,ICE,Not Applicable,2,Statewide,296
29512,2022,MH,Not Applicable,Diesel,1998,ICE,Not Applicable,≥4,Statewide,296
29513,2022,BS,Not Applicable,Diesel,2009,ICE,Not Applicable,≥4,Statewide,296
29514,2022,T5,3,Gasoline,2007,ICE,Not Applicable,3,Statewide,295
29515,2022,T5,3,Gasoline,1992,ICE,Not Applicable,≥4,Statewide,295
29516,2022,BT,Not Applicable,Gasoline,2017,ICE,Not Applicable,≥4,Statewide,292
29517,2022,MH,Not Applicable,Gasoline,1980,ICE,Not Applicable,≥4,Statewide,295
29518,2022,T5,3,Gasoline,2013,ICE,Not Applicable,2,Statewide,294
29519,2022,T2,Unknown,Gasoline,2021,ICE,Not Applicable,≥4,Statewide,294
29520,2022,T2,1,Gasoline,1981,ICE,Not Applicable,1,Statewide,294
29521,2022,MH,Not Applicable,Gasoline,2013,ICE,Not Applicable,2,Statewide,294
29522,2022,MC,Not Applicable,Gasoline,1982,ICE,Not Applicable,3,Statewide,294
29523,2022,MH,Not Applicable,Diesel,2020,ICE,Not Applicable,3,Statewide,294
29524,2022,T2,Unknown,Gasoline,2000,ICE,Not Applicable,≥4,Statewide,293
29525,2022,P,Not Applicable,Gasoline,2016,PHEV,0 to 50 miles,≥4,Statewide,293
29526,2022,T6,4,Diesel,2009,ICE,Not Applicable,1,Statewide,293
29527,2022,P,Not Applicable,Gasoline,1984,ICE,Not Applicable,3,Statewide,1583
29528,2022,T6,4,Gasoline,2016,ICE,Not Applicable,≥4,Statewide,292
29529,2022,T6,4,Diesel,2004,ICE,Not Applicable,≥4,Statewide,1577
29530,2022,P,Not Applicable,Natural Gas,2019,ICE,Not Applicable,≥4,Statewide,245
29531,2022,MH,Not Applicable,Gasoline,1992,ICE,Not Applicable,2,Statewide,285
29532,2022,T7,8,Diesel,1985,ICE,Not Applicable,≥4,Statewide,284
29533,2022,BT,Not Applicable,Diesel,2017,ICE,Not Applicable,≥4,Statewide,279
29534,2022,T6,5,Gasoline,2011,ICE,Not Applicable,≥4,Statewide,278
29535,2022,T5,3,Gasoline,2020,ICE,Not Applicable,2,Statewide,278
29536,2022,T1,1,Gasoline,1983,ICE,Not Applicable,3,Statewide,278
29537,2022,T6,5,Gasoline,2015,ICE,Not Applicable,≥4,Statewide,277
29538,2022,T3,2,Gasoline,1979,ICE,Not Applicable,2,Statewide,277
29539,2022,T2,1,Gasoline,2023,PHEV,0 to 50 miles,3,Statewide,277
29540,2022,T6,6,Diesel,1996,ICE,Not Applicable,≥4,Statewide,277
29541,2022,MH,Not Applicable,Diesel,2022,ICE,Not Applicable,2,Statewide,276
29542,2022,BS,Not Applicable,Diesel,1994,ICE,Not Applicable,≥4,Statewide,276
29543,2022,T5,3,Diesel,2011,ICE,Not Applicable,2,Statewide,1620
29544,2022,MH,Not Applicable,Diesel,2010,ICE,Not Applicable,1,Statewide,279
29545,2022,T4,2,Gasoline,1991,ICE,Not Applicable,≥4,Statewide,1620
29546,2022,P,Not Applicable,Natural Gas,2017,ICE,Not Applicable,1,Statewide,275
29547,2022,T5,3,Gasoline,2002,ICE,Not Applicable,2,Statewide,275
29548,2022,MH,Not Applicable,Gasoline,1990,ICE,Not Applicable,2,Statewide,275
29549,2022,T6,6,Diesel,2005,ICE,Not Applicable,2,Statewide,275
29550,2022,MH,Not Applicable,Gasoline,1991,ICE,Not Applicable,1,Statewide,274
29551,2022,T7,8,Diesel,1984,ICE,Not Applicable,≥4,Statewide,274
29552,2022,T6,6,Diesel,2017,ICE,Not Applicable,2,Statewide,274
29553,2022,T6,4,Diesel,2012,ICE,Not Applicable,2,Statewide,274
29554,2022,T5,3,Diesel,2014,ICE,Not Applicable,1,Statewide,274
29555,2022,T3,2,Diesel,2013,ICE,Not Applicable,≥4,Statewide,274
29556,2022,P,Not Applicable,Diesel,2003,ICE,Not Applicable,≥4,Statewide,274
29557,2022,T3,Unknown,Gasoline,2017,ICE,Not Applicable,1,Statewide,1621
29558,2022,B,Not Applicable,Gasoline,2019,ICE,Not Applicable,≥4,Statewide,284
29559,2022,T6,4,Gasoline,1978,ICE,Not Applicable,≥4,Statewide,279
29560,2022,BT,Not Applicable,Diesel,2003,ICE,Not Applicable,≥4,Statewide,280
29561,2022,T4,Unknown,Diesel,2021,ICE,Not Applicable,≥4,Statewide,1597
29562,2022,T3,Unknown,Gasoline,2020,ICE,Not Applicable,3,Statewide,283
29563,2022,T1,1,Gasoline,1984,ICE,Not Applicable,3,Statewide,283
29564,2022,MH,Not Applicable,Gasoline,2023,ICE,Not Applicable,2,Statewide,283
29565,2022,MC,Not Applicable,Gasoline,1983,ICE,Not Applicable,≥4,Statewide,1600
29566,2022,MH,Not Applicable,Gasoline,1978,ICE,Not Applicable,≥4,Statewide,1600
29567,2022,T6,Unknown,Diesel,2022,ICE,Not Applicable,≥4,Statewide,282
29568,2022,T5,3,Diesel,2014,ICE,Not Applicable,2,Statewide,282
29569,2022,T4,Unknown,Diesel,2022,ICE,Not Applicable,1,Statewide,282
29570,2022,T3,Unknown,Gasoline,2003,ICE,Not Applicable,≥4,Statewide,281
29571,2022,T2,1,Gasoline,1987,ICE,Not Applicable,2,Statewide,281
29572,2022,T2,Unknown,Gasoline,2019,ICE,Not Applicable,≥4,Statewide,1604
29573,2022,MH,Not Applicable,Gasoline,1993,ICE,Not Applicable,2,Statewide,281
29574,2022,T6,4,Diesel,2011,ICE,Not Applicable,2,Statewide,281
29575,2022,T2,Unknown,Diesel,2021,ICE,Not Applicable,1,Statewide,281
29576,2022,T7,8,Diesel,2002,ICE,Not Applicable,≥4,Statewide,1602
29577,2022,P,Not Applicable,Electric,2022,BEV,101 to 150 miles,3,Statewide,1603
29578,2022,T5,3,Gasoline,1991,ICE,Not Applicable,≥4,Statewide,280
29579,2022,T3,Unknown,Gasoline,2004,ICE,Not Applicable,1,Statewide,280
29580,2022,P,Not Applicable,Electric,2017,BEV,>150 miles,3,Statewide,280
29581,2022,T4,2,Diesel,1991,ICE,Not Applicable,1,Statewide,280
29582,2022,T2,1,Diesel,2022,ICE,Not Applicable,≥4,Statewide,280
29583,2022,P,Not Applicable,Diesel,2005,ICE,Not Applicable,≥4,Statewide,280
29584,2022,MH,Not Applicable,Diesel,2000,ICE,Not Applicable,≥4,Statewide,280
29585,2022,T7,8,Diesel,2002,ICE,Not Applicable,1,Statewide,281
29586,2022,T6,5,Gasoline,1978,ICE,Not Applicable,1,Statewide,245
29587,2022,T5,3,Gasoline,2022,ICE,Not Applicable,3,Statewide,245
29588,2022,T5,3,Gasoline,2003,ICE,Not Applicable,1,Statewide,245
29589,2022,T4,2,Gasoline,2000,ICE,Not Applicable,3,Statewide,1764
29590,2022,T2,1,Gasoline,1986,ICE,Not Applicable,1,Statewide,217
29591,2022,T7,8,Diesel,2024,ICE,Not Applicable,2,Statewide,217
29592,2022,T6,6,Diesel,2006,ICE,Not Applicable,3,Statewide,217
29593,2022,T6,7,Diesel,2005,ICE,Not Applicable,1,Statewide,217
29594,2022,P,Not Applicable,Electric,2018,BEV,51 to 100 miles,≥4,Statewide,1765
29595,2022,T4,2,Gasoline,1978,ICE,Not Applicable,2,Statewide,1765
29596,2022,T4,Unknown,Gasoline,2011,ICE,Not Applicable,≥4,Statewide,216
29597,2022,T7,8,Diesel,2010,ICE,Not Applicable,3,Statewide,216
29598,2022,T6,6,Diesel,2009,ICE,Not Applicable,3,Statewide,216
29599,2022,T4,2,Diesel,1989,ICE,Not Applicable,3,Statewide,216
29600,2022,P,Not Applicable,Diesel,1992,ICE,Not Applicable,2,Statewide,218
29601,2022,MC,Not Applicable,Gasoline,1988,ICE,Not Applicable,≥4,Statewide,1769
29602,2022,T1,1,Gasoline,1980,ICE,Not Applicable,1,Statewide,215
29603,2022,T4,2,Diesel,2018,ICE,Not Applicable,2,Statewide,1770
29604,2022,T5,3,Gasoline,1993,ICE,Not Applicable,≥4,Statewide,214
29605,2022,B,Not Applicable,Diesel,2007,ICE,Not Applicable,≥4,Statewide,214
29606,2022,P,Not Applicable,Electric,2020,BEV,Unknown,≥4,Statewide,213
29607,2022,T6,6,Diesel,2018,ICE,Not Applicable,2,Statewide,213
29608,2022,T6,4,Diesel,2009,ICE,Not Applicable,3,Statewide,213
29609,2022,T2,1,Diesel,2023,ICE,Not Applicable,3,Statewide,213
29610,2022,P,Not Applicable,Diesel,1992,ICE,Not Applicable,3,Statewide,213
29611,2022,T6,4,Gasoline,2006,ICE,Not Applicable,1,Statewide,212
29612,2022,T5,3,Gasoline,2019,ICE,Not Applicable,2,Statewide,212
29613,2022,T6,6,Gasoline,1982,ICE,Not Applicable,≥4,Statewide,215
29614,2022,T5,3,Diesel,1991,ICE,Not Applicable,≥4,Statewide,212
29615,2022,T6,4,Gasoline,2004,ICE,Not Applicable,1,Statewide,218
29616,2022,T6,6,Diesel,2013,ICE,Not Applicable,2,Statewide,219
29617,2022,T3,2,Gasoline,1995,ICE,Not Applicable,1,Statewide,1749
29618,2022,MH,Not Applicable,Gasoline,2016,ICE,Not Applicable,1,Statewide,224
29619,2022,T6,6,Diesel,2017,ICE,Not Applicable,3,Statewide,224
29620,2022,B,Not Applicable,Diesel,2003,ICE,Not Applicable,≥4,Statewide,224
29621,2022,T6,4,Diesel,2002,ICE,Not Applicable,1,Statewide,223
29622,2022,T3,2,Gasoline,1991,ICE,Not Applicable,≥4,Statewide,1754
29623,2022,T1,1,Gasoline,1983,ICE,Not Applicable,1,Statewide,222
29624,2022,T3,2,Diesel,2012,ICE,Not Applicable,2,Statewide,222
29625,2022,BT,Not Applicable,Diesel,2020,ICE,Not Applicable,≥4,Statewide,222
29626,2022,T6,6,Natural Gas,2015,ICE,Not Applicable,≥4,Statewide,221
29627,2022,T5,3,Gasoline,1999,ICE,Not Applicable,1,Statewide,221
29628,2022,T4,2,Gasoline,2003,ICE,Not Applicable,3,Statewide,1763
29629,2022,T5,3,Diesel,2001,ICE,Not Applicable,1,Statewide,221
29630,2022,T3,2,Diesel,2014,ICE,Not Applicable,≥4,Statewide,221
29631,2022,MC,Not Applicable,Gasoline,2003,ICE,Not Applicable,3,Statewide,1757
29632,2022,T3,Unknown,Gasoline,1991,ICE,Not Applicable,≥4,Statewide,220
29633,2022,T3,2,Gasoline,1988,ICE,Not Applicable,3,Statewide,220
29634,2022,T1,1,Gasoline,1980,ICE,Not Applicable,2,Statewide,220
29635,2022,T4,2,Gasoline,2001,ICE,Not Applicable,1,Statewide,1760
29636,2022,T5,3,Gasoline,2007,ICE,Not Applicable,≥4,Statewide,1761
29637,2022,T5,3,Gasoline,2012,ICE,Not Applicable,3,Statewide,219
29638,2022,T3,Unknown,Gasoline,2004,ICE,Not Applicable,3,Statewide,219
29639,2022,T3,2,Gasoline,1985,ICE,Not Applicable,2,Statewide,219
29640,2022,MC,Not Applicable,Gasoline,1982,ICE,Not Applicable,2,Statewide,219
29641,2022,T5,3,Diesel,1992,ICE,Not Applicable,≥4,Statewide,221
29642,2022,P,Not Applicable,Gasoline,2021,PHEV,51 to 100 miles,2,Statewide,1747
29643,2022,T3,Unknown,Diesel,2017,ICE,Not Applicable,≥4,Statewide,212
29644,2022,P,Not Applicable,Diesel,1992,ICE,Not Applicable,1,Statewide,212
29645,2022,B,Not Applicable,Diesel,2005,ICE,Not Applicable,≥4,Statewide,207
29646,2022,T3,2,Diesel,2021,ICE,Not Applicable,1,Statewide,1787
29647,2022,T6,4,Gasoline,1997,ICE,Not Applicable,≥4,Statewide,206
29648,2022,MH,Not Applicable,Gasoline,1991,ICE,Not Applicable,2,Statewide,206
29649,2022,T4,2,Diesel,2016,ICE,Not Applicable,2,Statewide,1791
29650,2022,T2,Unknown,Gasoline,2003,ICE,Not Applicable,2,Statewide,205
29651,2022,T2,1,Gasoline,1983,ICE,Not Applicable,1,Statewide,205
29652,2022,T6,5,Diesel,2010,ICE,Not Applicable,3,Statewide,205
29653,2022,BT,Not Applicable,Natural Gas,2011,ICE,Not Applicable,≥4,Statewide,204
29654,2022,T6,5,Diesel,2008,ICE,Not Applicable,1,Statewide,204
29655,2022,MH,Not Applicable,Diesel,2020,ICE,Not Applicable,2,Statewide,204
29656,2022,T6,6,Diesel,2004,ICE,Not Applicable,3,Statewide,207
29657,2022,P,Not Applicable,Electric,2018,BEV,101 to 150 miles,1,Statewide,1795
29658,2022,T5,3,Gasoline,2021,ICE,Not Applicable,3,Statewide,203
29659,2022,T5,3,Gasoline,2019,ICE,Not Applicable,3,Statewide,203
29660,2022,T5,3,Gasoline,2003,ICE,Not Applicable,3,Statewide,203
29661,2022,T2,Unknown,Gasoline,2003,ICE,Not Applicable,1,Statewide,203
29662,2022,T6,6,Diesel,1993,ICE,Not Applicable,≥4,Statewide,203
29663,2022,T4,2,Diesel,2015,ICE,Not Applicable,≥4,Statewide,1796
29664,2022,T3,2,Gasoline,1996,ICE,Not Applicable,3,Statewide,1798
29665,2022,BS,Not Applicable,Natural Gas,2019,ICE,Not Applicable,≥4,Statewide,202
29666,2022,T1,1,Gasoline,1985,ICE,Not Applicable,1,Statewide,202
29667,2022,T7,8,Diesel,1999,ICE,Not Applicable,1,Statewide,202
29668,2022,T4,2,Diesel,1989,ICE,Not Applicable,1,Statewide,202
29669,2022,T6,6,Gasoline,2002,ICE,Not Applicable,≥4,Statewide,203
29670,2022,T2,1,Diesel,2022,ICE,Not Applicable,2,Statewide,212
29671,2022,T2,Unknown,Gasoline,1979,ICE,Not Applicable,≥4,Statewide,207
29672,2022,T4,2,Gasoline,2000,ICE,Not Applicable,2,Statewide,1786
29673,2022,B,Not Applicable,Diesel,2011,ICE,Not Applicable,≥4,Statewide,212
29674,2022,T6,4,Diesel,2006,ICE,Not Applicable,≥4,Statewide,1775
29675,2022,T4,2,Diesel,2002,ICE,Not Applicable,3,Statewide,1776
29676,2022,P,Not Applicable,Electric,2019,BEV,51 to 100 miles,3,Statewide,1776
29677,2022,T5,3,Gasoline,1990,ICE,Not Applicable,≥4,Statewide,211
29678,2022,T6,4,Diesel,2024,ICE,Not Applicable,≥4,Statewide,211
29679,2022,T5,3,Gasoline,2000,ICE,Not Applicable,2,Statewide,210
29680,2022,T1,1,Gasoline,1982,ICE,Not Applicable,3,Statewide,210
29681,2022,T7,8,Diesel,2006,ICE,Not Applicable,3,Statewide,210
29682,2022,P,Not Applicable,Diesel,2014,ICE,Not Applicable,3,Statewide,210
29683,2022,P,Not Applicable,Diesel,1985,ICE,Not Applicable,3,Statewide,210
29684,2022,T5,3,Gasoline,2003,ICE,Not Applicable,2,Statewide,207
29685,2022,B,Not Applicable,Diesel,2004,ICE,Not Applicable,≥4,Statewide,210
29686,2022,P,Not Applicable,Gasoline,2023,PHEV,51 to 100 miles,3,Statewide,1781
29687,2022,T6,4,Gasoline,2014,ICE,Not Applicable,≥4,Statewide,209
29688,2022,T6,6,Gasoline,2000,ICE,Not Applicable,≥4,Statewide,209
29689,2022,T1,1,Gasoline,1981,ICE,Not Applicable,2,Statewide,209
29690,2022,MH,Not Applicable,Diesel,2014,ICE,Not Applicable,≥4,Statewide,209
29691,2022,B,Not Applicable,Diesel,2015,ICE,Not Applicable,≥4,Statewide,209
29692,2022,B,Not Applicable,Diesel,2008,ICE,Not Applicable,≥4,Statewide,209
29693,2022,T5,3,Gasoline,2016,ICE,Not Applicable,≥4,Statewide,1785
29694,2022,BT,Not Applicable,Electric,2006,BEV,Unknown,1,Statewide,208
29695,2022,T6,5,Diesel,2012,ICE,Not Applicable,3,Statewide,208
29696,2022,BT,Not Applicable,Diesel,1988,ICE,Not Applicable,≥4,Statewide,208
29697,2022,T3,2,Diesel,2019,ICE,Not Applicable,≥4,Statewide,1780
29698,2022,T2,1,Gasoline,1989,ICE,Not Applicable,≥4,Statewide,1566
29699,2022,T6,4,Diesel,2009,ICE,Not Applicable,≥4,Statewide,1747
29700,2022,B,Not Applicable,Diesel,2006,ICE,Not Applicable,≥4,Statewide,225
29701,2022,T6,4,Diesel,2012,ICE,Not Applicable,3,Statewide,240
29702,2022,T6,6,Diesel,2006,ICE,Not Applicable,2,Statewide,240
29703,2022,T5,3,Diesel,2002,ICE,Not Applicable,1,Statewide,240
29704,2022,T1,1,Gasoline,1990,ICE,Not Applicable,2,Statewide,1715
29705,2022,T3,2,Gasoline,1996,ICE,Not Applicable,1,Statewide,1715
29706,2022,T5,3,Gasoline,2021,ICE,Not Applicable,2,Statewide,239
29707,2022,T6,4,Diesel,2010,ICE,Not Applicable,3,Statewide,239
29708,2022,P,Not Applicable,Diesel,2022,ICE,Not Applicable,3,Statewide,239
29709,2022,T3,2,Diesel,2017,ICE,Not Applicable,≥4,Statewide,1717
29710,2022,T5,3,Gasoline,2000,ICE,Not Applicable,1,Statewide,238
29711,2022,BT,Not Applicable,Gasoline,2019,ICE,Not Applicable,≥4,Statewide,238
29712,2022,MH,Not Applicable,Gasoline,2020,ICE,Not Applicable,2,Statewide,240
29713,2022,T6,Unknown,Diesel,2023,ICE,Not Applicable,≥4,Statewide,238
29714,2022,T6,4,Diesel,2004,ICE,Not Applicable,3,Statewide,238
29715,2022,T5,3,Diesel,2002,ICE,Not Applicable,2,Statewide,238
29716,2022,T3,Unknown,Diesel,2018,ICE,Not Applicable,≥4,Statewide,238
29717,2022,MH,Not Applicable,Diesel,2004,ICE,Not Applicable,3,Statewide,238
29718,2022,BT,Not Applicable,Diesel,1995,ICE,Not Applicable,≥4,Statewide,238
29719,2022,T2,1,Gasoline,1987,ICE,Not Applicable,1,Statewide,237
29720,2022,B,Not Applicable,Gasoline,2011,ICE,Not Applicable,2,Statewide,237
29721,2022,T6,4,Diesel,1999,ICE,Not Applicable,≥4,Statewide,237
29722,2022,T3,2,Diesel,2015,ICE,Not Applicable,1,Statewide,237
29723,2022,T2,Unknown,Diesel,2022,ICE,Not Applicable,3,Statewide,237
29724,2022,MH,Not Applicable,Diesel,2013,ICE,Not Applicable,1,Statewide,237
29725,2022,T6,5,Diesel,2020,ICE,Not Applicable,2,Statewide,238
29726,2022,P,Not Applicable,Diesel,2020,ICE,Not Applicable,3,Statewide,1718
29727,2022,T6,6,Gasoline,2005,ICE,Not Applicable,≥4,Statewide,240
29728,2022,T6,6,Diesel,2007,ICE,Not Applicable,≥4,Statewide,1715
29729,2022,T2,Unknown,Gasoline,2007,ICE,Not Applicable,1,Statewide,245
29730,2022,T1,Unknown,Gasoline,1983,ICE,Not Applicable,≥4,Statewide,245
29731,2022,P,Not Applicable,Gasoline,2016,PHEV,0 to 50 miles,2,Statewide,245
29732,2022,T4,2,Gasoline,2003,ICE,Not Applicable,2,Statewide,1696
29733,2022,T4,Unknown,Gasoline,2023,ICE,Not Applicable,≥4,Statewide,244
29734,2022,T1,1,Gasoline,1984,ICE,Not Applicable,1,Statewide,244
29735,2022,MH,Not Applicable,Gasoline,2013,ICE,Not Applicable,1,Statewide,244
29736,2022,MC,Not Applicable,Gasoline,1981,ICE,Not Applicable,2,Statewide,244
29737,2022,T6,5,Diesel,2020,ICE,Not Applicable,3,Statewide,244
29738,2022,T3,Unknown,Diesel,2018,ICE,Not Applicable,2,Statewide,244
29739,2022,T5,3,Gasoline,2005,ICE,Not Applicable,≥4,Statewide,1700
29740,2022,T6,5,Gasoline,2012,ICE,Not Applicable,≥4,Statewide,240
29741,2022,T5,3,Gasoline,2018,ICE,Not Applicable,≥4,Statewide,1702
29742,2022,MH,Not Applicable,Gasoline,1986,ICE,Not Applicable,≥4,Statewide,243
29743,2022,T6,4,Diesel,2004,ICE,Not Applicable,2,Statewide,243
29744,2022,T2,1,Diesel,2022,ICE,Not Applicable,1,Statewide,243
29745,2022,T6,6,Diesel,2004,ICE,Not Applicable,≥4,Statewide,1703
29746,2022,T4,2,Gasoline,2000,ICE,Not Applicable,1,Statewide,1704
29747,2022,T3,Unknown,Gasoline,2004,ICE,Not Applicable,2,Statewide,242
29748,2022,T3,Unknown,Gasoline,2002,ICE,Not Applicable,≥4,Statewide,242
29749,2022,P,Not Applicable,Electric,2021,BEV,Unknown,≥4,Statewide,242
29750,2022,T7,8,Diesel,2004,ICE,Not Applicable,3,Statewide,242
29751,2022,T6,5,Diesel,2016,ICE,Not Applicable,1,Statewide,241
29752,2022,MH,Not Applicable,Gasoline,2011,ICE,Not Applicable,3,Statewide,1714
29753,2022,T3,2,Gasoline,1985,ICE,Not Applicable,1,Statewide,243
29754,2022,T4,2,Diesel,2002,ICE,Not Applicable,2,Statewide,1747
29755,2022,P,Not Applicable,Electric,2020,BEV,>150 miles,3,Statewide,1718
29756,2022,T4,2,Diesel,1990,ICE,Not Applicable,1,Statewide,236
29757,2022,T3,2,Diesel,2015,ICE,Not Applicable,3,Statewide,230
29758,2022,BT,Not Applicable,Diesel,2013,ICE,Not Applicable,≥4,Statewide,230
29759,2022,T7,8,Diesel,2014,ICE,Not Applicable,1,Statewide,1733
29760,2022,T5,3,Gasoline,2023,ICE,Not Applicable,1,Statewide,229
29761,2022,B,Not Applicable,Diesel,2012,ICE,Not Applicable,≥4,Statewide,229
29762,2022,T5,3,Gasoline,2012,ICE,Not Applicable,2,Statewide,228
29763,2022,T7,8,Diesel,2010,ICE,Not Applicable,2,Statewide,228
29764,2022,T7,8,Diesel,1988,ICE,Not Applicable,≥4,Statewide,228
29765,2022,T6,4,Diesel,2006,ICE,Not Applicable,3,Statewide,228
29766,2022,T4,Unknown,Gasoline,1978,ICE,Not Applicable,2,Statewide,227
29767,2022,T6,Unknown,Diesel,2020,ICE,Not Applicable,≥4,Statewide,227
29768,2022,T3,Unknown,Diesel,2017,ICE,Not Applicable,2,Statewide,230
29769,2022,T6,4,Diesel,2007,ICE,Not Applicable,1,Statewide,227
29770,2022,T4,2,Gasoline,2020,ICE,Not Applicable,3,Statewide,1743
29771,2022,BT,Not Applicable,Natural Gas,2009,ICE,Not Applicable,≥4,Statewide,226
29772,2022,T7,8,Diesel,2009,ICE,Not Applicable,1,Statewide,226
29773,2022,T6,6,Diesel,2019,ICE,Not Applicable,1,Statewide,226
29774,2022,P,Not Applicable,Diesel,2001,ICE,Not Applicable,≥4,Statewide,226
29775,2022,MH,Not Applicable,Diesel,2018,ICE,Not Applicable,3,Statewide,226
29776,2022,T6,7,Diesel,2013,ICE,Not Applicable,≥4,Statewide,1744
29777,2022,T6,4,Gasoline,2011,ICE,Not Applicable,1,Statewide,225
29778,2022,T2,1,Gasoline,2023,PHEV,0 to 50 miles,≥4,Statewide,225
29779,2022,T2,1,Gasoline,1984,ICE,Not Applicable,1,Statewide,225
29780,2022,T6,5,Diesel,2012,ICE,Not Applicable,2,Statewide,225
29781,2022,T2,Unknown,Diesel,2023,ICE,Not Applicable,2,Statewide,227
29782,2022,BT,Not Applicable,Gasoline,2016,ICE,Not Applicable,≥4,Statewide,236
29783,2022,BT,Not Applicable,Gasoline,2015,ICE,Not Applicable,≥4,Statewide,230
29784,2022,T3,Unknown,Gasoline,2003,ICE,Not Applicable,1,Statewide,230
29785,2022,P,Not Applicable,Diesel,2000,ICE,Not Applicable,≥4,Statewide,236
29786,2022,T3,2,Diesel,2021,ICE,Not Applicable,2,Statewide,1721
29787,2022,T1,1,Gasoline,1990,ICE,Not Applicable,3,Statewide,1721
29788,2022,P,Not Applicable,Hydrogen,2023,FCEV,>150 miles,1,Statewide,235
29789,2022,T1,1,Gasoline,1985,ICE,Not Applicable,3,Statewide,235
29790,2022,T6,6,Diesel,2003,ICE,Not Applicable,1,Statewide,235
29791,2022,MC,Not Applicable,Gasoline,1993,ICE,Not Applicable,≥4,Statewide,1722
29792,2022,T2,Unknown,Gasoline,2024,ICE,Not Applicable,2,Statewide,234
29793,2022,B,Not Applicable,Gasoline,2011,ICE,Not Applicable,3,Statewide,234
29794,2022,T2,Unknown,Gasoline,2019,ICE,Not Applicable,2,Statewide,1722
29795,2022,T2,Unknown,Gasoline,2023,ICE,Not Applicable,3,Statewide,233
29796,2022,T1,1,Gasoline,1983,ICE,Not Applicable,2,Statewide,230
29797,2022,T1,Unknown,Gasoline,2013,ICE,Not Applicable,3,Statewide,233
29798,2022,T6,5,Diesel,2019,ICE,Not Applicable,2,Statewide,233
29799,2022,T6,6,Diesel,2016,ICE,Not Applicable,1,Statewide,233
29800,2022,T4,2,Gasoline,2013,ICE,Not Applicable,3,Statewide,1723
29801,2022,P,Not Applicable,Gasoline,2016,PHEV,0 to 50 miles,1,Statewide,232
29802,2022,B,Not Applicable,Gasoline,2005,ICE,Not Applicable,≥4,Statewide,232
29803,2022,T6,4,Diesel,2009,ICE,Not Applicable,2,Statewide,232
29804,2022,T6,6,Diesel,2008,ICE,Not Applicable,1,Statewide,232
29805,2022,T2,Unknown,Diesel,2018,ICE,Not Applicable,≥4,Statewide,232
29806,2022,T4,2,Gasoline,2013,ICE,Not Applicable,2,Statewide,1727
29807,2022,T3,2,Diesel,2010,ICE,Not Applicable,≥4,Statewide,231
29808,2022,T7,8,Natural Gas,2012,ICE,Not Applicable,≥4,Statewide,230
29809,2022,MH,Not Applicable,Gasoline,2020,ICE,Not Applicable,1,Statewide,233
29810,2022,P,Not Applicable,Gasoline,1982,ICE,Not Applicable,1,Statewide,1566
29811,2022,T5,3,Diesel,2014,ICE,Not Applicable,3,Statewide,300
29812,2022,MH,Not Applicable,Gasoline,1996,ICE,Not Applicable,2,Statewide,300
29813,2022,MH,Not Applicable,Gasoline,2003,ICE,Not Applicable,2,Statewide,379
29814,2022,T4,2,Diesel,1995,ICE,Not Applicable,2,Statewide,379
29815,2022,T2,Unknown,Diesel,2021,ICE,Not Applicable,≥4,Statewide,379
29816,2022,T2,1,Diesel,2021,ICE,Not Applicable,≥4,Statewide,379
29817,2022,MH,Not Applicable,Diesel,2011,ICE,Not Applicable,2,Statewide,379
29818,2022,T4,2,Diesel,1998,ICE,Not Applicable,≥4,Statewide,1431
29819,2022,T2,1,Gasoline,2012,ICE,Not Applicable,3,Statewide,49751
29820,2022,T2,1,Gasoline,2013,ICE,Not Applicable,2,Statewide,49662
29821,2022,MH,Not Applicable,Diesel,2023,ICE,Not Applicable,≥4,Statewide,378
29822,2022,MH,Not Applicable,Gasoline,2012,ICE,Not Applicable,1,Statewide,377
29823,2022,B,Not Applicable,Diesel,2018,ICE,Not Applicable,≥4,Statewide,377
29824,2022,T1,1,Gasoline,1979,ICE,Not Applicable,1,Statewide,379
29825,2022,MH,Not Applicable,Gasoline,1982,ICE,Not Applicable,≥4,Statewide,376
29826,2022,B,Not Applicable,Diesel,2019,ICE,Not Applicable,≥4,Statewide,376
29827,2022,MH,Not Applicable,Gasoline,2017,ICE,Not Applicable,3,Statewide,375
29828,2022,T6,4,Diesel,2010,ICE,Not Applicable,1,Statewide,375
29829,2022,BT,Not Applicable,Diesel,2015,ICE,Not Applicable,≥4,Statewide,375
29830,2022,T2,Unknown,Gasoline,2022,ICE,Not Applicable,1,Statewide,1439
29831,2022,T3,2,Gasoline,2010,ICE,Not Applicable,2,Statewide,49036
29832,2022,T6,5,Diesel,2020,ICE,Not Applicable,1,Statewide,374
29833,2022,T3,2,Gasoline,2016,ICE,Not Applicable,≥4,Statewide,48879
29834,2022,T5,3,Gasoline,2019,ICE,Not Applicable,1,Statewide,373
29835,2022,MH,Not Applicable,Gasoline,2001,ICE,Not Applicable,1,Statewide,373
29836,2022,MH,Not Applicable,Diesel,2021,ICE,Not Applicable,2,Statewide,373
29837,2022,MH,Not Applicable,Diesel,2022,ICE,Not Applicable,3,Statewide,376
29838,2022,BT,Not Applicable,Diesel,2019,ICE,Not Applicable,≥4,Statewide,373
29839,2022,T4,2,Gasoline,1992,ICE,Not Applicable,2,Statewide,379
29840,2022,T2,1,Gasoline,2019,ICE,Not Applicable,3,Statewide,50005
29841,2022,T3,2,Gasoline,2020,ICE,Not Applicable,1,Statewide,50599
29842,2022,T2,Unknown,Gasoline,2020,ICE,Not Applicable,≥4,Statewide,386
29843,2022,P,Not Applicable,Diesel,1984,ICE,Not Applicable,≥4,Statewide,386
29844,2022,T5,3,Diesel,2020,ICE,Not Applicable,3,Statewide,1423
29845,2022,T6,5,Gasoline,2017,ICE,Not Applicable,≥4,Statewide,1423
29846,2022,T4,2,Gasoline,2015,ICE,Not Applicable,2,Statewide,385
29847,2022,T2,Unknown,Gasoline,2005,ICE,Not Applicable,2,Statewide,385
29848,2022,BT,Not Applicable,Gasoline,2022,ICE,Not Applicable,≥4,Statewide,385
29849,2022,P,Not Applicable,Diesel,2015,ICE,Not Applicable,2,Statewide,385
29850,2022,T6,4,Gasoline,2005,ICE,Not Applicable,≥4,Statewide,1424
29851,2022,T4,2,Gasoline,1990,ICE,Not Applicable,1,Statewide,384
29852,2022,T5,3,Diesel,1997,ICE,Not Applicable,≥4,Statewide,380
29853,2022,MH,Not Applicable,Gasoline,1995,ICE,Not Applicable,1,Statewide,384
29854,2022,T2,1,Gasoline,2011,ICE,Not Applicable,3,Statewide,50258
29855,2022,T3,2,Gasoline,2009,ICE,Not Applicable,3,Statewide,50209
29856,2022,T5,3,Gasoline,2009,ICE,Not Applicable,3,Statewide,383
29857,2022,T1,1,Gasoline,1979,ICE,Not Applicable,2,Statewide,383
29858,2022,T6,5,Diesel,2011,ICE,Not Applicable,1,Statewide,383
29859,2022,T5,3,Gasoline,2007,ICE,Not Applicable,1,Statewide,382
29860,2022,T3,2,Gasoline,1979,ICE,Not Applicable,1,Statewide,382
29861,2022,T3,2,Gasoline,1980,ICE,Not Applicable,2,Statewide,381
29862,2022,T2,Unknown,Gasoline,2005,ICE,Not Applicable,1,Statewide,381
29863,2022,T4,2,Diesel,1995,ICE,Not Applicable,1,Statewide,381
29864,2022,T2,1,Diesel,2023,ICE,Not Applicable,1,Statewide,381
29865,2022,T3,2,Diesel,2019,ICE,Not Applicable,2,Statewide,1425
29866,2022,BT,Not Applicable,Diesel,1993,ICE,Not Applicable,≥4,Statewide,388
29867,2022,T6,7,Diesel,2022,ICE,Not Applicable,≥4,Statewide,1441
29868,2022,P,Not Applicable,Diesel,1989,ICE,Not Applicable,3,Statewide,372
29869,2022,MC,Not Applicable,Gasoline,1995,ICE,Not Applicable,1,Statewide,365
29870,2022,B,Not Applicable,Gasoline,2017,ICE,Not Applicable,≥4,Statewide,365
29871,2022,T4,2,Diesel,1995,ICE,Not Applicable,3,Statewide,365
29872,2022,P,Not Applicable,Diesel,2015,ICE,Not Applicable,1,Statewide,365
29873,2022,P,Not Applicable,Gasoline,2004,ICE,Not Applicable,3,Statewide,46836
29874,2022,T4,2,Diesel,1999,ICE,Not Applicable,≥4,Statewide,1452
29875,2022,T3,2,Gasoline,2012,ICE,Not Applicable,2,Statewide,46703
29876,2022,T3,Unknown,Gasoline,2020,ICE,Not Applicable,2,Statewide,363
29877,2022,T6,5,Diesel,2021,ICE,Not Applicable,3,Statewide,363
29878,2022,T5,3,Diesel,2020,ICE,Not Applicable,2,Statewide,1453
29879,2022,MH,Not Applicable,Diesel,2021,ICE,Not Applicable,1,Statewide,362
29880,2022,P,Not Applicable,Gasoline,1978,ICE,Not Applicable,2,Statewide,47144
29881,2022,T3,2,Gasoline,1981,ICE,Not Applicable,1,Statewide,361
29882,2022,T4,2,Gasoline,2014,ICE,Not Applicable,2,Statewide,360
29883,2022,T4,Unknown,Gasoline,1978,ICE,Not Applicable,1,Statewide,360
29884,2022,T3,Unknown,Gasoline,2019,ICE,Not Applicable,3,Statewide,360
29885,2022,T3,2,Gasoline,1989,ICE,Not Applicable,2,Statewide,360
29886,2022,T2,Unknown,Gasoline,2008,ICE,Not Applicable,2,Statewide,360
29887,2022,MH,Not Applicable,Gasoline,2015,ICE,Not Applicable,≥4,Statewide,360
29888,2022,MH,Not Applicable,Gasoline,1997,ICE,Not Applicable,1,Statewide,360
29889,2022,T6,6,Diesel,2006,ICE,Not Applicable,1,Statewide,360
29890,2022,P,Not Applicable,Diesel,1986,ICE,Not Applicable,2,Statewide,360
29891,2022,T4,Unknown,Gasoline,1978,ICE,Not Applicable,≥4,Statewide,1454
29892,2022,T2,1,Gasoline,2015,ICE,Not Applicable,≥4,Statewide,46158
29893,2022,T3,2,Diesel,2022,ICE,Not Applicable,≥4,Statewide,1454
29894,2022,B,Not Applicable,Gasoline,2007,ICE,Not Applicable,≥4,Statewide,372
29895,2022,T4,2,Diesel,2017,ICE,Not Applicable,2,Statewide,1447
29896,2022,T6,6,Diesel,2018,ICE,Not Applicable,1,Statewide,366
29897,2022,MH,Not Applicable,Diesel,2008,ICE,Not Applicable,3,Statewide,372
29898,2022,T6,6,Diesel,2023,ICE,Not Applicable,1,Statewide,371
29899,2022,MH,Not Applicable,Diesel,2022,ICE,Not Applicable,1,Statewide,371
29900,2022,P,Not Applicable,Gasoline,2003,ICE,Not Applicable,2,Statewide,48215
29901,2022,P,Not Applicable,Electric,2022,BEV,Unknown,≥4,Statewide,370
29902,2022,T6,6,Diesel,2010,ICE,Not Applicable,2,Statewide,370
29903,2022,P,Not Applicable,Electric,2018,BEV,101 to 150 miles,3,Statewide,1446
29904,2022,MH,Not Applicable,Gasoline,1997,ICE,Not Applicable,2,Statewide,369
29905,2022,B,Not Applicable,Gasoline,2020,ICE,Not Applicable,≥4,Statewide,369
29906,2022,B,Not Applicable,Gasoline,2006,ICE,Not Applicable,≥4,Statewide,369
29907,2022,T7,8,Diesel,2006,ICE,Not Applicable,1,Statewide,369
29908,2022,T5,3,Diesel,1994,ICE,Not Applicable,≥4,Statewide,366
29909,2022,P,Not Applicable,Diesel,2010,ICE,Not Applicable,2,Statewide,369
29910,2022,T3,2,Gasoline,2008,ICE,Not Applicable,3,Statewide,47879
29911,2022,T5,3,Gasoline,1996,ICE,Not Applicable,≥4,Statewide,368
29912,2022,MC,Not Applicable,Gasoline,1993,ICE,Not Applicable,1,Statewide,368
29913,2022,MC,Not Applicable,Gasoline,1988,ICE,Not Applicable,1,Statewide,368
29914,2022,T2,1,Gasoline,2008,ICE,Not Applicable,1,Statewide,47476
29915,2022,T7,8,Diesel,2010,ICE,Not Applicable,1,Statewide,367
29916,2022,T4,2,Diesel,1996,ICE,Not Applicable,3,Statewide,367
29917,2022,P,Not Applicable,Diesel,2011,ICE,Not Applicable,1,Statewide,367
29918,2022,T2,Unknown,Gasoline,2005,ICE,Not Applicable,3,Statewide,366
29919,2022,MH,Not Applicable,Gasoline,1989,ICE,Not Applicable,3,Statewide,366
29920,2022,T6,5,Diesel,2019,ICE,Not Applicable,1,Statewide,366
29921,2022,B,Not Applicable,Diesel,2023,ICE,Not Applicable,≥4,Statewide,369
29922,2022,T5,3,Gasoline,2009,ICE,Not Applicable,2,Statewide,359
29923,2022,MH,Not Applicable,Diesel,2002,ICE,Not Applicable,≥4,Statewide,388
29924,2022,T2,1,Gasoline,2015,ICE,Not Applicable,2,Statewide,50892
29925,2022,T2,Unknown,Gasoline,2008,ICE,Not Applicable,1,Statewide,410
29926,2022,BT,Not Applicable,Diesel,2018,ICE,Not Applicable,≥4,Statewide,410
29927,2022,T3,2,Gasoline,1994,ICE,Not Applicable,1,Statewide,1390
29928,2022,T3,Unknown,Gasoline,2015,ICE,Not Applicable,2,Statewide,1391
29929,2022,T5,3,Gasoline,2011,ICE,Not Applicable,2,Statewide,409
29930,2022,T4,2,Gasoline,1991,ICE,Not Applicable,2,Statewide,409
29931,2022,T1,1,Gasoline,1987,ICE,Not Applicable,1,Statewide,409
29932,2022,T4,2,Diesel,1996,ICE,Not Applicable,2,Statewide,409
29933,2022,T4,Unknown,Gasoline,2021,ICE,Not Applicable,3,Statewide,1391
29934,2022,P,Not Applicable,Diesel,2008,ICE,Not Applicable,3,Statewide,408
29935,2022,T7,8,Natural Gas,2013,ICE,Not Applicable,≥4,Statewide,407
29936,2022,T5,3,Gasoline,2004,ICE,Not Applicable,2,Statewide,410
29937,2022,BT,Not Applicable,Natural Gas,2021,ICE,Not Applicable,≥4,Statewide,407
29938,2022,T7,8,Diesel,2011,ICE,Not Applicable,1,Statewide,407
29939,2022,T2,Unknown,Diesel,2023,ICE,Not Applicable,≥4,Statewide,407
29940,2022,T3,2,Gasoline,2018,ICE,Not Applicable,≥4,Statewide,53274
29941,2022,T3,2,Diesel,2018,ICE,Not Applicable,3,Statewide,406
29942,2022,T3,2,Diesel,2015,ICE,Not Applicable,≥4,Statewide,406
29943,2022,MH,Not Applicable,Gasoline,1996,ICE,Not Applicable,3,Statewide,405
29944,2022,P,Not Applicable,Diesel,1989,ICE,Not Applicable,1,Statewide,405
29945,2022,MH,Not Applicable,Gasoline,1994,ICE,Not Applicable,≥4,Statewide,1393
29946,2022,T6,5,Gasoline,2020,ICE,Not Applicable,≥4,Statewide,1396
29947,2022,T2,1,Gasoline,2017,ICE,Not Applicable,1,Statewide,52825
29948,2022,T2,1,Gasoline,1988,ICE,Not Applicable,3,Statewide,404
29949,2022,MC,Not Applicable,Gasoline,1986,ICE,Not Applicable,2,Statewide,407
29950,2022,BT,Not Applicable,Gasoline,2013,ICE,Not Applicable,≥4,Statewide,404
29951,2022,MC,Not Applicable,Gasoline,2001,ICE,Not Applicable,3,Statewide,1389
29952,2022,BS,Not Applicable,Diesel,1978,ICE,Not Applicable,≥4,Statewide,411
29953,2022,MH,Not Applicable,Gasoline,2023,ICE,Not Applicable,1,Statewide,419
29954,2022,P,Not Applicable,Diesel,1988,ICE,Not Applicable,1,Statewide,419
29955,2022,P,Not Applicable,Diesel,1987,ICE,Not Applicable,3,Statewide,419
29956,2022,MC,Not Applicable,Gasoline,1988,ICE,Not Applicable,2,Statewide,418
29957,2022,T6,6,Diesel,2005,ICE,Not Applicable,1,Statewide,418
29958,2022,T3,2,Diesel,2012,ICE,Not Applicable,≥4,Statewide,418
29959,2022,MH,Not Applicable,Gasoline,2019,ICE,Not Applicable,≥4,Statewide,1381
29960,2022,P,Not Applicable,Gasoline,1983,ICE,Not Applicable,3,Statewide,1381
29961,2022,T3,Unknown,Gasoline,2019,ICE,Not Applicable,≥4,Statewide,417
29962,2022,T1,1,Gasoline,1986,ICE,Not Applicable,3,Statewide,417
29963,2022,T3,2,Gasoline,2005,ICE,Not Applicable,≥4,Statewide,55111
29964,2022,T4,2,Gasoline,1992,ICE,Not Applicable,≥4,Statewide,1387
29965,2022,T5,3,Gasoline,2011,ICE,Not Applicable,3,Statewide,416
29966,2022,T5,3,Diesel,2023,ICE,Not Applicable,1,Statewide,1382
29967,2022,MC,Not Applicable,Gasoline,1993,ICE,Not Applicable,2,Statewide,415
29968,2022,BS,Not Applicable,Diesel,2013,ICE,Not Applicable,≥4,Statewide,415
29969,2022,P,Not Applicable,Diesel,1990,ICE,Not Applicable,1,Statewide,414
29970,2022,MH,Not Applicable,Gasoline,2004,ICE,Not Applicable,3,Statewide,1384
29971,2022,T3,2,Gasoline,2009,ICE,Not Applicable,2,Statewide,54832
29972,2022,T2,Unknown,Gasoline,2023,ICE,Not Applicable,2,Statewide,413
29973,2022,MC,Not Applicable,Gasoline,1979,ICE,Not Applicable,3,Statewide,413
29974,2022,T3,Unknown,Gasoline,2005,ICE,Not Applicable,≥4,Statewide,412
29975,2022,BS,Not Applicable,Gasoline,2020,ICE,Not Applicable,≥4,Statewide,411
29976,2022,T6,6,Diesel,1999,ICE,Not Applicable,≥4,Statewide,411
29977,2022,T5,3,Gasoline,2004,ICE,Not Applicable,3,Statewide,416
29978,2022,BT,Not Applicable,Natural Gas,2017,ICE,Not Applicable,≥4,Statewide,388
29979,2022,T4,2,Gasoline,1992,ICE,Not Applicable,3,Statewide,403
29980,2022,T6,7,Diesel,1993,ICE,Not Applicable,≥4,Statewide,403
29981,2022,T2,1,Gasoline,2009,ICE,Not Applicable,3,Statewide,51706
29982,2022,T2,1,Gasoline,2013,ICE,Not Applicable,≥4,Statewide,51693
29983,2022,T5,3,Gasoline,2005,ICE,Not Applicable,1,Statewide,394
29984,2022,T3,2,Gasoline,2022,PHEV,0 to 50 miles,3,Statewide,394
29985,2022,T3,Unknown,Gasoline,2020,ICE,Not Applicable,1,Statewide,394
29986,2022,MC,Not Applicable,Gasoline,1994,ICE,Not Applicable,2,Statewide,394
29987,2022,T5,3,Gasoline,2008,ICE,Not Applicable,1,Statewide,393
29988,2022,T1,1,Gasoline,1986,ICE,Not Applicable,2,Statewide,393
29989,2022,P,Not Applicable,Gasoline,2003,ICE,Not Applicable,1,Statewide,51588
29990,2022,T3,2,Gasoline,2008,ICE,Not Applicable,2,Statewide,51341
29991,2022,MH,Not Applicable,Gasoline,2006,ICE,Not Applicable,2,Statewide,392
29992,2022,P,Not Applicable,Diesel,1990,ICE,Not Applicable,3,Statewide,395
29993,2022,MH,Not Applicable,Gasoline,2001,ICE,Not Applicable,2,Statewide,392
29994,2022,MC,Not Applicable,Gasoline,2002,ICE,Not Applicable,3,Statewide,1417
29995,2022,T4,2,Gasoline,2014,ICE,Not Applicable,3,Statewide,390
29996,2022,MH,Not Applicable,Gasoline,1989,ICE,Not Applicable,1,Statewide,390
29997,2022,P,Not Applicable,Electric,2023,BEV,101 to 150 miles,1,Statewide,390
29998,2022,T3,2,Gasoline,1990,ICE,Not Applicable,≥4,Statewide,1418
29999,2022,T3,2,Gasoline,2021,PHEV,0 to 50 miles,3,Statewide,389
30000,2022,T2,Unknown,Gasoline,2010,ICE,Not Applicable,3,Statewide,389
30001,2022,MC,Not Applicable,Gasoline,1994,ICE,Not Applicable,1,Statewide,389
30002,2022,T4,2,Diesel,1996,ICE,Not Applicable,1,Statewide,389
30003,2022,T2,Unknown,Diesel,2017,ICE,Not Applicable,≥4,Statewide,389
30004,2022,MH,Not Applicable,Gasoline,2006,ICE,Not Applicable,≥4,Statewide,1419
30005,2022,MC,Not Applicable,Gasoline,1985,ICE,Not Applicable,2,Statewide,391
30006,2022,MC,Not Applicable,Gasoline,2024,ICE,Not Applicable,≥4,Statewide,403
30007,2022,MH,Not Applicable,Gasoline,1988,ICE,Not Applicable,≥4,Statewide,395
30008,2022,T3,2,Gasoline,2023,ICE,Not Applicable,1,Statewide,51870
30009,2022,T2,1,Gasoline,2008,ICE,Not Applicable,2,Statewide,52353
30010,2022,T1,1,Gasoline,2024,ICE,Not Applicable,2,Statewide,402
30011,2022,T6,5,Diesel,2022,ICE,Not Applicable,2,Statewide,402
30012,2022,T7,8,Gasoline,1978,ICE,Not Applicable,2,Statewide,401
30013,2022,T6,4,Diesel,2011,ICE,Not Applicable,1,Statewide,401
30014,2022,T2,Unknown,Gasoline,2019,ICE,Not Applicable,1,Statewide,1402
30015,2022,T3,2,Gasoline,2024,ICE,Not Applicable,3,Statewide,1402
30016,2022,P,Not Applicable,Natural Gas,2017,ICE,Not Applicable,2,Statewide,399
30017,2022,P,Not Applicable,Natural Gas,2014,ICE,Not Applicable,≥4,Statewide,399
30018,2022,MH,Not Applicable,Gasoline,1995,ICE,Not Applicable,2,Statewide,399
30019,2022,MC,Not Applicable,Gasoline,1992,ICE,Not Applicable,1,Statewide,399
30020,2022,T2,1,Gasoline,1985,ICE,Not Applicable,≥4,Statewide,395
30021,2022,P,Not Applicable,Diesel,1987,ICE,Not Applicable,1,Statewide,399
30022,2022,T6,5,Diesel,2023,ICE,Not Applicable,1,Statewide,398
30023,2022,T4,2,Diesel,1997,ICE,Not Applicable,3,Statewide,398
30024,2022,BS,Not Applicable,Diesel,2012,ICE,Not Applicable,≥4,Statewide,398
30025,2022,T7,8,Diesel,2018,ICE,Not Applicable,1,Statewide,1403
30026,2022,T3,2,Gasoline,2019,ICE,Not Applicable,2,Statewide,52091
30027,2022,T2,1,Gasoline,2018,ICE,Not Applicable,3,Statewide,52056
30028,2022,T3,2,Gasoline,2021,PHEV,0 to 50 miles,≥4,Statewide,397
30029,2022,MC,Not Applicable,Gasoline,1980,ICE,Not Applicable,3,Statewide,397
30030,2022,T6,4,Diesel,2007,ICE,Not Applicable,≥4,Statewide,1406
30031,2022,BT,Not Applicable,Diesel,2021,ICE,Not Applicable,≥4,Statewide,396
30032,2022,T6,5,Gasoline,2021,ICE,Not Applicable,≥4,Statewide,1407
30033,2022,BS,Not Applicable,Gasoline,2013,ICE,Not Applicable,≥4,Statewide,398
30034,2022,T6,6,Diesel,2012,ICE,Not Applicable,2,Statewide,420
30035,2022,T3,2,Gasoline,1989,ICE,Not Applicable,3,Statewide,359
30036,2022,T6,4,Diesel,2014,ICE,Not Applicable,≥4,Statewide,359
30037,2022,T5,3,Gasoline,1997,ICE,Not Applicable,≥4,Statewide,321
30038,2022,T3,Unknown,Gasoline,2004,ICE,Not Applicable,≥4,Statewide,321
30039,2022,T6,6,Diesel,2013,ICE,Not Applicable,1,Statewide,321
30040,2022,T1,1,Gasoline,2024,ICE,Not Applicable,3,Statewide,320
30041,2022,T6,6,Diesel,2010,ICE,Not Applicable,3,Statewide,320
30042,2022,MH,Not Applicable,Diesel,1999,ICE,Not Applicable,≥4,Statewide,320
30043,2022,T6,6,Gasoline,1980,ICE,Not Applicable,≥4,Statewide,319
30044,2022,MH,Not Applicable,Gasoline,1996,ICE,Not Applicable,1,Statewide,319
30045,2022,T7,8,Diesel,2008,ICE,Not Applicable,1,Statewide,319
30046,2022,MH,Not Applicable,Gasoline,1998,ICE,Not Applicable,2,Statewide,318
30047,2022,MC,Not Applicable,Gasoline,1985,ICE,Not Applicable,1,Statewide,318
30048,2022,P,Not Applicable,Diesel,2011,ICE,Not Applicable,3,Statewide,322
30049,2022,T7,8,Diesel,2022,ICE,Not Applicable,3,Statewide,318
30050,2022,T3,2,Gasoline,1994,ICE,Not Applicable,2,Statewide,1524
30051,2022,T5,3,Diesel,2022,ICE,Not Applicable,3,Statewide,1528
30052,2022,B,Not Applicable,Gasoline,2011,ICE,Not Applicable,1,Statewide,317
30053,2022,P,Not Applicable,Diesel,2007,ICE,Not Applicable,1,Statewide,317
30054,2022,MH,Not Applicable,Diesel,2010,ICE,Not Applicable,≥4,Statewide,1530
30055,2022,BT,Not Applicable,Natural Gas,2012,ICE,Not Applicable,≥4,Statewide,316
30056,2022,T6,5,Diesel,2012,ICE,Not Applicable,1,Statewide,316
30057,2022,BT,Not Applicable,Natural Gas,2014,ICE,Not Applicable,≥4,Statewide,315
30058,2022,T3,2,Gasoline,1979,ICE,Not Applicable,3,Statewide,315
30059,2022,MH,Not Applicable,Gasoline,1990,ICE,Not Applicable,3,Statewide,315
30060,2022,P,Not Applicable,Electric,2022,BEV,Unknown,1,Statewide,315
30061,2022,T6,Unknown,Diesel,1978,ICE,Not Applicable,≥4,Statewide,318
30062,2022,P,Not Applicable,Diesel,2015,ICE,Not Applicable,3,Statewide,315
30063,2022,T2,Unknown,Gasoline,2004,ICE,Not Applicable,3,Statewide,322
30064,2022,T6,4,Diesel,2006,ICE,Not Applicable,1,Statewide,323
30065,2022,T3,Unknown,Gasoline,2017,ICE,Not Applicable,3,Statewide,1508
30066,2022,T2,1,Gasoline,2013,ICE,Not Applicable,1,Statewide,41988
30067,2022,T1,1,Gasoline,2021,ICE,Not Applicable,1,Statewide,41954
30068,2022,T7,8,Gasoline,1978,ICE,Not Applicable,3,Statewide,329
30069,2022,T6,4,Gasoline,2019,ICE,Not Applicable,≥4,Statewide,329
30070,2022,P,Not Applicable,Electric,2022,BEV,Unknown,3,Statewide,329
30071,2022,T6,4,Diesel,2005,ICE,Not Applicable,1,Statewide,329
30072,2022,P,Not Applicable,Diesel,2021,ICE,Not Applicable,3,Statewide,329
30073,2022,P,Not Applicable,Diesel,2007,ICE,Not Applicable,2,Statewide,329
30074,2022,MH,Not Applicable,Diesel,2005,ICE,Not Applicable,3,Statewide,329
30075,2022,BT,Not Applicable,Diesel,1989,ICE,Not Applicable,≥4,Statewide,329
30076,2022,MH,Not Applicable,Diesel,2012,ICE,Not Applicable,2,Statewide,323
30077,2022,T3,2,Gasoline,2021,ICE,Not Applicable,3,Statewide,41732
30078,2022,T4,2,Diesel,1991,ICE,Not Applicable,2,Statewide,327
30079,2022,T4,2,Gasoline,1990,ICE,Not Applicable,≥4,Statewide,1517
30080,2022,MH,Not Applicable,Gasoline,1998,ICE,Not Applicable,1,Statewide,325
30081,2022,T7,8,Diesel,2003,ICE,Not Applicable,1,Statewide,325
30082,2022,T2,Unknown,Gasoline,2020,ICE,Not Applicable,3,Statewide,324
30083,2022,T3,2,Gasoline,2024,ICE,Not Applicable,2,Statewide,1518
30084,2022,T6,5,Gasoline,2010,ICE,Not Applicable,≥4,Statewide,323
30085,2022,T6,5,Gasoline,2008,ICE,Not Applicable,≥4,Statewide,323
30086,2022,T5,3,Gasoline,2008,ICE,Not Applicable,3,Statewide,323
30087,2022,T1,Unknown,Gasoline,2013,ICE,Not Applicable,2,Statewide,323
30088,2022,MC,Not Applicable,Gasoline,1986,ICE,Not Applicable,1,Statewide,323
30089,2022,T4,2,Gasoline,2015,ICE,Not Applicable,3,Statewide,328
30090,2022,T4,Unknown,Gasoline,1978,ICE,Not Applicable,3,Statewide,330
30091,2022,T6,5,Diesel,2009,ICE,Not Applicable,≥4,Statewide,1535
30092,2022,P,Not Applicable,Diesel,2022,ICE,Not Applicable,≥4,Statewide,314
30093,2022,BT,Not Applicable,Diesel,2022,ICE,Not Applicable,≥4,Statewide,306
30094,2022,BT,Not Applicable,Diesel,2014,ICE,Not Applicable,≥4,Statewide,306
30095,2022,BS,Not Applicable,Diesel,1996,ICE,Not Applicable,≥4,Statewide,306
30096,2022,MC,Not Applicable,Gasoline,1983,ICE,Not Applicable,1,Statewide,305
30097,2022,B,Not Applicable,Diesel,2017,ICE,Not Applicable,≥4,Statewide,305
30098,2022,T5,3,Gasoline,2017,ICE,Not Applicable,1,Statewide,304
30099,2022,MC,Not Applicable,Gasoline,1989,ICE,Not Applicable,1,Statewide,304
30100,2022,P,Not Applicable,Electric,2023,BEV,101 to 150 miles,≥4,Statewide,304
30101,2022,T7,8,Diesel,2005,ICE,Not Applicable,3,Statewide,304
30102,2022,T5,3,Diesel,2015,ICE,Not Applicable,1,Statewide,304
30103,2022,T4,2,Diesel,1994,ICE,Not Applicable,3,Statewide,304
30104,2022,T5,3,Diesel,2015,ICE,Not Applicable,2,Statewide,306
30105,2022,BT,Not Applicable,Diesel,2005,ICE,Not Applicable,≥4,Statewide,304
30106,2022,T1,1,Gasoline,1988,ICE,Not Applicable,≥4,Statewide,1557
30107,2022,T4,2,Diesel,2002,ICE,Not Applicable,1,Statewide,1561
30108,2022,T5,3,Gasoline,2012,ICE,Not Applicable,1,Statewide,303
30109,2022,T5,3,Gasoline,1994,ICE,Not Applicable,≥4,Statewide,303
30110,2022,T6,6,Diesel,2004,ICE,Not Applicable,1,Statewide,303
30111,2022,MC,Not Applicable,Gasoline,1984,ICE,Not Applicable,≥4,Statewide,1563
30112,2022,T2,Unknown,Gasoline,2002,ICE,Not Applicable,≥4,Statewide,301
30113,2022,P,Not Applicable,Diesel,2007,ICE,Not Applicable,3,Statewide,301
30114,2022,T5,3,Diesel,2020,ICE,Not Applicable,1,Statewide,1566
30115,2022,T3,Unknown,Gasoline,2005,ICE,Not Applicable,1,Statewide,300
30116,2022,MH,Not Applicable,Gasoline,2016,ICE,Not Applicable,2,Statewide,300
30117,2022,T3,2,Gasoline,1994,ICE,Not Applicable,3,Statewide,1555
30118,2022,T2,1,Gasoline,1981,ICE,Not Applicable,3,Statewide,314
30119,2022,T7,8,Diesel,1987,ICE,Not Applicable,≥4,Statewide,306
30120,2022,MH,Not Applicable,Gasoline,1993,ICE,Not Applicable,1,Statewide,306
30121,2022,T3,Unknown,Gasoline,2005,ICE,Not Applicable,2,Statewide,313
30122,2022,T3,2,Gasoline,1981,ICE,Not Applicable,2,Statewide,313
30123,2022,P,Not Applicable,Gasoline,2021,PHEV,51 to 100 miles,1,Statewide,1540
30124,2022,T7,8,Diesel,2001,ICE,Not Applicable,≥4,Statewide,1543
30125,2022,T2,Unknown,Gasoline,2004,ICE,Not Applicable,2,Statewide,312
30126,2022,T6,4,Diesel,2013,ICE,Not Applicable,2,Statewide,312
30127,2022,T7,8,Diesel,2005,ICE,Not Applicable,2,Statewide,311
30128,2022,T5,3,Gasoline,2008,ICE,Not Applicable,2,Statewide,310
30129,2022,T2,Unknown,Gasoline,2008,ICE,Not Applicable,3,Statewide,310
30130,2022,MC,Not Applicable,Gasoline,1984,ICE,Not Applicable,1,Statewide,310
30131,2022,T4,2,Diesel,1988,ICE,Not Applicable,≥4,Statewide,310
30132,2022,T7,8,Diesel,2022,ICE,Not Applicable,2,Statewide,306
30133,2022,T3,2,Diesel,2015,ICE,Not Applicable,2,Statewide,310
30134,2022,BS,Not Applicable,Diesel,2010,ICE,Not Applicable,≥4,Statewide,310
30135,2022,T2,1,Diesel,2021,ICE,Not Applicable,2,Statewide,309
30136,2022,T1,1,Gasoline,1979,ICE,Not Applicable,≥4,Statewide,1548
30137,2022,MH,Not Applicable,Diesel,2011,ICE,Not Applicable,≥4,Statewide,1549
30138,2022,BS,Not Applicable,Natural Gas,2008,ICE,Not Applicable,≥4,Statewide,308
30139,2022,P,Not Applicable,Electric,2018,BEV,51 to 100 miles,3,Statewide,1551
30140,2022,MC,Not Applicable,Gasoline,1979,ICE,Not Applicable,2,Statewide,307
30141,2022,T6,4,Diesel,2004,ICE,Not Applicable,1,Statewide,307
30142,2022,MH,Not Applicable,Diesel,2010,ICE,Not Applicable,2,Statewide,307
30143,2022,T4,2,Diesel,2016,ICE,Not Applicable,1,Statewide,1552
30144,2022,T6,4,Gasoline,1996,ICE,Not Applicable,≥4,Statewide,306
30145,2022,T2,Unknown,Diesel,2017,ICE,Not Applicable,3,Statewide,310
30146,2022,T7,8,Diesel,1986,ICE,Not Applicable,≥4,Statewide,359
30147,2022,T5,3,Gasoline,2021,ICE,Not Applicable,1,Statewide,330
30148,2022,T3,2,Gasoline,2008,ICE,Not Applicable,1,Statewide,42225
30149,2022,T3,Unknown,Gasoline,1980,ICE,Not Applicable,≥4,Statewide,349
30150,2022,T6,5,Diesel,2021,ICE,Not Applicable,2,Statewide,349
30151,2022,T6,4,Diesel,2013,ICE,Not Applicable,3,Statewide,349
30152,2022,T3,2,Gasoline,2009,ICE,Not Applicable,1,Statewide,45143
30153,2022,T3,2,Natural Gas,2009,ICE,Not Applicable,≥4,Statewide,348
30154,2022,P,Not Applicable,Electric,2017,BEV,>150 miles,2,Statewide,348
30155,2022,P,Not Applicable,Gasoline,1984,ICE,Not Applicable,2,Statewide,1475
30156,2022,T1,1,Gasoline,1990,ICE,Not Applicable,1,Statewide,1477
30157,2022,P,Not Applicable,Diesel,2014,ICE,Not Applicable,≥4,Statewide,347
30158,2022,MH,Not Applicable,Diesel,2007,ICE,Not Applicable,3,Statewide,347
30159,2022,T3,2,Gasoline,2004,ICE,Not Applicable,≥4,Statewide,44963
30160,2022,T6,7,Diesel,2005,ICE,Not Applicable,≥4,Statewide,1470
30161,2022,MC,Not Applicable,Gasoline,2004,ICE,Not Applicable,1,Statewide,1480
30162,2022,T6,6,Diesel,2022,ICE,Not Applicable,1,Statewide,346
30163,2022,T1,1,Gasoline,1987,ICE,Not Applicable,≥4,Statewide,1480
30164,2022,T4,2,Gasoline,1992,ICE,Not Applicable,1,Statewide,345
30165,2022,T3,Unknown,Gasoline,2014,ICE,Not Applicable,1,Statewide,345
30166,2022,MH,Not Applicable,Gasoline,1993,ICE,Not Applicable,3,Statewide,345
30167,2022,T6,5,Diesel,2017,ICE,Not Applicable,1,Statewide,345
30168,2022,T2,Unknown,Diesel,2022,ICE,Not Applicable,1,Statewide,345
30169,2022,MC,Not Applicable,Gasoline,1980,ICE,Not Applicable,≥4,Statewide,1486
30170,2022,T3,Unknown,Gasoline,2015,ICE,Not Applicable,≥4,Statewide,1486
30171,2022,P,Not Applicable,Electric,2018,BEV,51 to 100 miles,1,Statewide,1488
30172,2022,T2,1,Gasoline,2004,ICE,Not Applicable,≥4,Statewide,44852
30173,2022,T3,2,Gasoline,1981,ICE,Not Applicable,3,Statewide,346
30174,2022,T3,2,Gasoline,2010,ICE,Not Applicable,3,Statewide,44404
30175,2022,T6,6,Diesel,2014,ICE,Not Applicable,≥4,Statewide,1468
30176,2022,MH,Not Applicable,Diesel,2016,ICE,Not Applicable,≥4,Statewide,351
30177,2022,T2,Unknown,Gasoline,2011,ICE,Not Applicable,≥4,Statewide,1455
30178,2022,T3,2,Gasoline,2017,ICE,Not Applicable,≥4,Statewide,45914
30179,2022,T2,1,Gasoline,1988,ICE,Not Applicable,2,Statewide,358
30180,2022,T6,6,Diesel,2009,ICE,Not Applicable,1,Statewide,358
30181,2022,P,Not Applicable,Diesel,2010,ICE,Not Applicable,1,Statewide,358
30182,2022,T4,2,Gasoline,1990,ICE,Not Applicable,3,Statewide,357
30183,2022,MH,Not Applicable,Gasoline,1992,ICE,Not Applicable,1,Statewide,357
30184,2022,MC,Not Applicable,Gasoline,1989,ICE,Not Applicable,2,Statewide,357
30185,2022,BS,Not Applicable,Gasoline,1978,ICE,Not Applicable,1,Statewide,356
30186,2022,P,Not Applicable,Diesel,2004,ICE,Not Applicable,≥4,Statewide,356
30187,2022,P,Not Applicable,Diesel,1986,ICE,Not Applicable,1,Statewide,356
30188,2022,T7,8,Diesel,2013,ICE,Not Applicable,1,Statewide,1467
30189,2022,T4,2,Gasoline,1990,ICE,Not Applicable,2,Statewide,355
30190,2022,T6,5,Diesel,2013,ICE,Not Applicable,1,Statewide,355
30191,2022,T2,1,Gasoline,1992,ICE,Not Applicable,3,Statewide,1463
30192,2022,T2,1,Gasoline,2016,ICE,Not Applicable,3,Statewide,45347
30193,2022,T2,1,Gasoline,2023,PHEV,0 to 50 miles,2,Statewide,353
30194,2022,T2,Unknown,Gasoline,2003,ICE,Not Applicable,≥4,Statewide,353
30195,2022,MH,Not Applicable,Gasoline,1992,ICE,Not Applicable,3,Statewide,353
30196,2022,P,Not Applicable,Diesel,2011,ICE,Not Applicable,2,Statewide,353
30197,2022,T6,7,Diesel,2012,ICE,Not Applicable,≥4,Statewide,1464
30198,2022,T3,2,Gasoline,2019,ICE,Not Applicable,1,Statewide,45264
30199,2022,T3,Unknown,Gasoline,2020,ICE,Not Applicable,≥4,Statewide,351
30200,2022,T5,3,Diesel,1996,ICE,Not Applicable,≥4,Statewide,351
30201,2022,T2,Unknown,Gasoline,2004,ICE,Not Applicable,1,Statewide,355
30202,2022,T6,4,Gasoline,1995,ICE,Not Applicable,≥4,Statewide,330
30203,2022,T6,6,Gasoline,2017,ICE,Not Applicable,≥4,Statewide,344
30204,2022,MC,Not Applicable,Gasoline,1983,ICE,Not Applicable,2,Statewide,343
30205,2022,MH,Not Applicable,Gasoline,2018,ICE,Not Applicable,2,Statewide,337
30206,2022,B,Not Applicable,Gasoline,2015,ICE,Not Applicable,≥4,Statewide,337
30207,2022,MH,Not Applicable,Diesel,2013,ICE,Not Applicable,2,Statewide,337
30208,2022,T3,2,Gasoline,2007,ICE,Not Applicable,2,Statewide,43318
30209,2022,MH,Not Applicable,Gasoline,1984,ICE,Not Applicable,≥4,Statewide,336
30210,2022,T7,8,Diesel,2023,ICE,Not Applicable,3,Statewide,336
30211,2022,T6,6,Diesel,1998,ICE,Not Applicable,≥4,Statewide,336
30212,2022,T6,7,Diesel,1991,ICE,Not Applicable,≥4,Statewide,336
30213,2022,T1,1,Gasoline,2020,ICE,Not Applicable,1,Statewide,43079
30214,2022,T1,Unknown,Gasoline,2013,ICE,Not Applicable,≥4,Statewide,335
30215,2022,T6,6,Diesel,2011,ICE,Not Applicable,2,Statewide,335
30216,2022,T2,1,Gasoline,1980,ICE,Not Applicable,1,Statewide,337
30217,2022,T5,3,Diesel,2011,ICE,Not Applicable,1,Statewide,1500
30218,2022,BT,Not Applicable,Diesel,1997,ICE,Not Applicable,≥4,Statewide,334
30219,2022,T2,1,Gasoline,2007,ICE,Not Applicable,2,Statewide,42814
30220,2022,T6,5,Gasoline,2014,ICE,Not Applicable,≥4,Statewide,333
30221,2022,T2,1,Gasoline,2008,ICE,Not Applicable,3,Statewide,42412
30222,2022,T7,8,Diesel,2023,ICE,Not Applicable,2,Statewide,332
30223,2022,T4,2,Diesel,2018,ICE,Not Applicable,1,Statewide,1506
30224,2022,T3,Unknown,Gasoline,2014,ICE,Not Applicable,3,Statewide,331
30225,2022,MC,Not Applicable,Gasoline,1984,ICE,Not Applicable,2,Statewide,331
30226,2022,T2,Unknown,Diesel,2017,ICE,Not Applicable,1,Statewide,331
30227,2022,P,Not Applicable,Diesel,2022,ICE,Not Applicable,2,Statewide,331
30228,2022,MH,Not Applicable,Diesel,2001,ICE,Not Applicable,≥4,Statewide,331
30229,2022,T6,7,Diesel,2014,ICE,Not Applicable,≥4,Statewide,1501
30230,2022,T5,3,Gasoline,2005,ICE,Not Applicable,3,Statewide,344
30231,2022,BS,Not Applicable,Natural Gas,2016,ICE,Not Applicable,≥4,Statewide,337
30232,2022,P,Not Applicable,Diesel,1986,ICE,Not Applicable,3,Statewide,338
30233,2022,T2,1,Diesel,2021,ICE,Not Applicable,1,Statewide,343
30234,2022,BS,Not Applicable,Diesel,1998,ICE,Not Applicable,≥4,Statewide,343
30235,2022,T5,3,Gasoline,2005,ICE,Not Applicable,2,Statewide,342
30236,2022,T6,5,Diesel,2022,ICE,Not Applicable,3,Statewide,342
30237,2022,T6,4,Diesel,2015,ICE,Not Applicable,≥4,Statewide,342
30238,2022,T6,6,Diesel,2011,ICE,Not Applicable,3,Statewide,342
30239,2022,T3,2,Diesel,2011,ICE,Not Applicable,≥4,Statewide,342
30240,2022,MH,Not Applicable,Diesel,2011,ICE,Not Applicable,1,Statewide,342
30241,2022,T2,1,Gasoline,1992,ICE,Not Applicable,2,Statewide,1491
30242,2022,MH,Not Applicable,Gasoline,2006,ICE,Not Applicable,1,Statewide,341
30243,2022,MH,Not Applicable,Gasoline,1990,ICE,Not Applicable,1,Statewide,341
30244,2022,P,Not Applicable,Gasoline,2001,ICE,Not Applicable,≥4,Statewide,43416
30245,2022,B,Not Applicable,Gasoline,2004,ICE,Not Applicable,≥4,Statewide,341
30246,2022,T3,2,Gasoline,2022,ICE,Not Applicable,3,Statewide,44184
30247,2022,T2,1,Gasoline,2015,ICE,Not Applicable,1,Statewide,44074
30248,2022,P,Not Applicable,Natural Gas,2017,ICE,Not Applicable,3,Statewide,339
30249,2022,T5,3,Diesel,2021,ICE,Not Applicable,1,Statewide,1493
30250,2022,MH,Not Applicable,Gasoline,2023,ICE,Not Applicable,≥4,Statewide,1495
30251,2022,T5,3,Gasoline,2002,ICE,Not Applicable,1,Statewide,338
30252,2022,T3,2,Gasoline,1989,ICE,Not Applicable,1,Statewide,338
30253,2022,T2,1,Gasoline,1988,ICE,Not Applicable,1,Statewide,338
30254,2022,MH,Not Applicable,Gasoline,2018,ICE,Not Applicable,1,Statewide,338
30255,2022,T4,2,Diesel,1991,ICE,Not Applicable,3,Statewide,338
30256,2022,P,Not Applicable,Diesel,2023,ICE,Not Applicable,≥4,Statewide,338
30257,2022,T7,8,Diesel,2000,ICE,Not Applicable,≥4,Statewide,1492
30258,2022,T3,Unknown,Gasoline,1994,ICE,Not Applicable,1,Statewide,48
30259,2022,T3,Unknown,Diesel,2007,ICE,Not Applicable,≥4,Statewide,1
30260,2022,T1,Unknown,Gasoline,1993,ICE,Not Applicable,≥4,Statewide,48
30261,2022,T3,2,Natural Gas,2007,ICE,Not Applicable,2,Statewide,21
30262,2022,T3,2,Natural Gas,2005,ICE,Not Applicable,3,Statewide,21
30263,2022,BS,Not Applicable,Natural Gas,2008,ICE,Not Applicable,1,Statewide,21
30264,2022,T1,1,Hydrogen,2020,FCEV,>150 miles,≥4,Statewide,21
30265,2022,T7,8,Gasoline,1986,ICE,Not Applicable,≥4,Statewide,21
30266,2022,T6,4,Gasoline,2023,ICE,Not Applicable,2,Statewide,21
30267,2022,T6,5,Gasoline,2023,ICE,Not Applicable,2,Statewide,21
30268,2022,T6,7,Natural Gas,2015,ICE,Not Applicable,≥4,Statewide,21
30269,2022,T6,6,Gasoline,2022,ICE,Not Applicable,3,Statewide,21
30270,2022,T6,5,Gasoline,2016,ICE,Not Applicable,2,Statewide,21
30271,2022,T6,5,Gasoline,2012,ICE,Not Applicable,3,Statewide,21
30272,2022,T6,7,Gasoline,2008,ICE,Not Applicable,≥4,Statewide,21
30273,2022,T6,5,Gasoline,2004,ICE,Not Applicable,1,Statewide,21
30274,2022,T6,6,Gasoline,1991,ICE,Not Applicable,1,Statewide,21
30275,2022,T6,6,Gasoline,1983,ICE,Not Applicable,2,Statewide,21
30276,2022,T6,Unknown,Gasoline,1980,ICE,Not Applicable,≥4,Statewide,21
30277,2022,T6,5,Gasoline,2018,ICE,Not Applicable,3,Statewide,21
30278,2022,T6,6,Natural Gas,2022,ICE,Not Applicable,≥4,Statewide,21
30279,2022,MH,Not Applicable,Unknown,2022,ICE,Not Applicable,3,Statewide,21
30280,2022,T3,2,Gasoline,2012,ICE,Not Applicable,1,Statewide,38580
30281,2022,T6,5,Gasoline,2007,ICE,Not Applicable,3,Statewide,10
30282,2022,T6,6,Gasoline,2008,ICE,Not Applicable,2,Statewide,10
30283,2022,T6,6,Gasoline,2009,ICE,Not Applicable,1,Statewide,10
30284,2022,T6,7,Gasoline,2011,ICE,Not Applicable,2,Statewide,10
30285,2022,T6,5,Gasoline,2014,ICE,Not Applicable,3,Statewide,10
30286,2022,T6,6,Gasoline,2018,ICE,Not Applicable,2,Statewide,10
30287,2022,T6,6,Gasoline,2021,ICE,Not Applicable,3,Statewide,10
30288,2022,T7,8,Gasoline,1995,ICE,Not Applicable,≥4,Statewide,10
30289,2022,T3,2,Natural Gas,2002,ICE,Not Applicable,1,Statewide,10
30290,2022,T3,2,Natural Gas,2003,ICE,Not Applicable,3,Statewide,10
30291,2022,T3,2,Natural Gas,2003,ICE,Not Applicable,2,Statewide,10
30292,2022,T3,2,Natural Gas,2004,ICE,Not Applicable,3,Statewide,10
30293,2022,T4,2,Natural Gas,2005,ICE,Not Applicable,1,Statewide,10
30294,2022,T4,2,Natural Gas,2019,ICE,Not Applicable,≥4,Statewide,10
30295,2022,MH,Not Applicable,Unknown,2020,ICE,Not Applicable,2,Statewide,10
30296,2022,T2,1,Gasoline,2005,ICE,Not Applicable,1,Statewide,38143
30297,2022,P,Not Applicable,Gasoline,1978,ICE,Not Applicable,1,Statewide,38332
30298,2022,T5,3,Gasoline,1978,ICE,Not Applicable,3,Statewide,21
30299,2022,T6,6,Gasoline,2007,ICE,Not Applicable,3,Statewide,10
30300,2022,T4,2,Gasoline,2024,ICE,Not Applicable,1,Statewide,21
30301,2022,T4,Unknown,Gasoline,1985,ICE,Not Applicable,≥4,Statewide,21
30302,2022,T6,Unknown,Diesel,1983,ICE,Not Applicable,1,Statewide,21
30303,2022,T6,7,Diesel,1979,ICE,Not Applicable,1,Statewide,21
30304,2022,T3,2,Diesel,1999,ICE,Not Applicable,2,Statewide,21
30305,2022,T3,2,Diesel,1998,ICE,Not Applicable,1,Statewide,21
30306,2022,T1,Unknown,Diesel,1984,ICE,Not Applicable,≥4,Statewide,21
30307,2022,MH,Not Applicable,Diesel,1995,ICE,Not Applicable,2,Statewide,21
30308,2022,MH,Not Applicable,Diesel,1988,ICE,Not Applicable,3,Statewide,21
30309,2022,T6,Unknown,Diesel,1984,ICE,Not Applicable,1,Statewide,21
30310,2022,BS,Not Applicable,Diesel,2017,ICE,Not Applicable,2,Statewide,21
30311,2022,B,Not Applicable,Diesel,2011,ICE,Not Applicable,2,Statewide,21
30312,2022,B,Not Applicable,Diesel,2005,ICE,Not Applicable,3,Statewide,21
30313,2022,B,Not Applicable,Diesel,2001,ICE,Not Applicable,1,Statewide,21
30314,2022,P,Not Applicable,Gasoline,1993,ICE,Not Applicable,2,Statewide,4478
30315,2022,T2,Unknown,Gasoline,2017,ICE,Not Applicable,1,Statewide,4478
30316,2022,P,Not Applicable,Gasoline,2003,ICE,Not Applicable,3,Statewide,38993
30317,2022,T2,1,Gasoline,2006,ICE,Not Applicable,1,Statewide,39138
30318,2022,BS,Not Applicable,Diesel,2007,ICE,Not Applicable,3,Statewide,21
30319,2022,T6,7,Diesel,1986,ICE,Not Applicable,2,Statewide,21
30320,2022,T6,7,Diesel,1989,ICE,Not Applicable,1,Statewide,21
30321,2022,T6,6,Diesel,1990,ICE,Not Applicable,1,Statewide,21
30322,2022,T3,Unknown,Gasoline,1987,ICE,Not Applicable,≥4,Statewide,21
30323,2022,T2,Unknown,Gasoline,1989,ICE,Not Applicable,2,Statewide,21
30324,2022,BT,Not Applicable,Gasoline,1998,ICE,Not Applicable,≥4,Statewide,21
30325,2022,BT,Not Applicable,Gasoline,1978,ICE,Not Applicable,1,Statewide,21
30326,2022,B,Not Applicable,Gasoline,2023,ICE,Not Applicable,2,Statewide,21
30327,2022,B,Not Applicable,Gasoline,1997,ICE,Not Applicable,≥4,Statewide,21
30328,2022,B,Not Applicable,Gasoline,1984,ICE,Not Applicable,≥4,Statewide,21
30329,2022,T2,1,Electric,2017,BEV,Unknown,≥4,Statewide,21
30330,2022,T2,1,Electric,2007,BEV,Unknown,≥4,Statewide,21
30331,2022,P,Not Applicable,Electric,2018,BEV,Unknown,3,Statewide,21
30332,2022,P,Not Applicable,Electric,2002,BEV,Unknown,≥4,Statewide,21
30333,2022,T6,5,Diesel,2024,ICE,Not Applicable,2,Statewide,21
30334,2022,T6,Unknown,Diesel,2014,ICE,Not Applicable,2,Statewide,21
30335,2022,T6,Unknown,Diesel,2007,ICE,Not Applicable,≥4,Statewide,21
30336,2022,T6,5,Diesel,2000,ICE,Not Applicable,3,Statewide,21
30337,2022,T6,4,Diesel,1996,ICE,Not Applicable,3,Statewide,21
30338,2022,T6,Unknown,Diesel,1991,ICE,Not Applicable,≥4,Statewide,21
30339,2022,T4,2,Gasoline,2024,ICE,Not Applicable,3,Statewide,21
30340,2022,T6,6,Gasoline,2006,ICE,Not Applicable,2,Statewide,10
30341,2022,T6,6,Gasoline,2004,ICE,Not Applicable,2,Statewide,10
30342,2022,T6,6,Gasoline,2004,ICE,Not Applicable,3,Statewide,10
30343,2022,T6,4,Gasoline,1978,ICE,Not Applicable,2,Statewide,22
30344,2022,T4,Unknown,Gasoline,2021,PHEV,0 to 50 miles,≥4,Statewide,22
30345,2022,T3,Unknown,Gasoline,1983,ICE,Not Applicable,1,Statewide,22
30346,2022,T2,Unknown,Gasoline,1996,ICE,Not Applicable,2,Statewide,22
30347,2022,T2,Unknown,Gasoline,1995,ICE,Not Applicable,1,Statewide,22
30348,2022,T2,Unknown,Gasoline,1993,ICE,Not Applicable,1,Statewide,22
30349,2022,T1,Unknown,Gasoline,2001,ICE,Not Applicable,1,Statewide,22
30350,2022,T6,7,Gasoline,2004,ICE,Not Applicable,≥4,Statewide,22
30351,2022,B,Not Applicable,Gasoline,2002,ICE,Not Applicable,2,Statewide,22
30352,2022,P,Not Applicable,Electric,2006,BEV,Unknown,2,Statewide,22
30353,2022,MC,Not Applicable,Electric,2023,BEV,Unknown,3,Statewide,22
30354,2022,BT,Not Applicable,Electric,2021,BEV,Unknown,≥4,Statewide,22
30355,2022,T6,7,Diesel,2024,ICE,Not Applicable,2,Statewide,22
30356,2022,T6,7,Diesel,2024,ICE,Not Applicable,3,Statewide,22
30357,2022,T6,Unknown,Diesel,2008,ICE,Not Applicable,≥4,Statewide,22
30358,2022,T6,Unknown,Diesel,2006,ICE,Not Applicable,≥4,Statewide,22
30359,2022,P,Not Applicable,Electric,2012,BEV,Unknown,2,Statewide,22
30360,2022,T6,5,Gasoline,2005,ICE,Not Applicable,3,Statewide,22
30361,2022,T6,5,Gasoline,2009,ICE,Not Applicable,2,Statewide,22
30362,2022,T6,6,Gasoline,2011,ICE,Not Applicable,3,Statewide,22
30363,2022,T2,Unknown,Gasoline,1987,ICE,Not Applicable,1,Statewide,10
30364,2022,T2,Unknown,Gasoline,1988,ICE,Not Applicable,2,Statewide,10
30365,2022,T2,Unknown,Gasoline,1991,ICE,Not Applicable,1,Statewide,10
30366,2022,T3,Unknown,Gasoline,1986,ICE,Not Applicable,3,Statewide,10
30367,2022,T3,Unknown,Gasoline,1987,ICE,Not Applicable,3,Statewide,10
30368,2022,T3,Unknown,Gasoline,1988,ICE,Not Applicable,2,Statewide,10
30369,2022,T3,Unknown,Gasoline,2024,PHEV,0 to 50 miles,2,Statewide,10
30370,2022,T4,Unknown,Gasoline,1982,ICE,Not Applicable,≥4,Statewide,10
30371,2022,T4,Unknown,Gasoline,1996,ICE,Not Applicable,≥4,Statewide,10
30372,2022,T4,2,Gasoline,2024,ICE,Not Applicable,2,Statewide,10
30373,2022,T5,3,Gasoline,1986,ICE,Not Applicable,3,Statewide,10
30374,2022,T5,3,Gasoline,1986,ICE,Not Applicable,2,Statewide,10
30375,2022,MH,Not Applicable,Unknown,2018,ICE,Not Applicable,1,Statewide,22
30376,2022,T4,2,Natural Gas,2017,ICE,Not Applicable,≥4,Statewide,22
30377,2022,T4,2,Natural Gas,2007,ICE,Not Applicable,1,Statewide,22
30378,2022,T3,2,Natural Gas,2005,ICE,Not Applicable,1,Statewide,22
30379,2022,P,Not Applicable,Natural Gas,2020,ICE,Not Applicable,1,Statewide,22
30380,2022,T6,5,Diesel,2003,ICE,Not Applicable,3,Statewide,22
30381,2022,T6,5,Diesel,1990,ICE,Not Applicable,≥4,Statewide,22
30382,2022,T5,3,Diesel,2024,ICE,Not Applicable,2,Statewide,22
30383,2022,T2,1,Diesel,2017,ICE,Not Applicable,1,Statewide,22
30384,2022,P,Not Applicable,Gasoline,1980,ICE,Not Applicable,≥4,Statewide,4377
30385,2022,T6,5,Gasoline,1984,ICE,Not Applicable,≥4,Statewide,10
30386,2022,MC,Not Applicable,Gasoline,2010,ICE,Not Applicable,1,Statewide,4398
30387,2022,T4,2,Diesel,2009,ICE,Not Applicable,1,Statewide,4422
30388,2022,T4,2,Gasoline,2006,ICE,Not Applicable,1,Statewide,4433
30389,2022,T6,7,Gasoline,1990,ICE,Not Applicable,2,Statewide,10
30390,2022,T6,6,Gasoline,1992,ICE,Not Applicable,2,Statewide,10
30391,2022,T2,1,Gasoline,1978,ICE,Not Applicable,2,Statewide,4447
30392,2022,T6,4,Gasoline,1992,ICE,Not Applicable,1,Statewide,10
30393,2022,T3,Unknown,Gasoline,2008,ICE,Not Applicable,2,Statewide,4454
30394,2022,T4,2,Diesel,2019,ICE,Not Applicable,≥4,Statewide,4461
30395,2022,T6,5,Gasoline,1994,ICE,Not Applicable,≥4,Statewide,10
30396,2022,T1,1,Gasoline,1996,ICE,Not Applicable,2,Statewide,4470
30397,2022,T6,6,Gasoline,1997,ICE,Not Applicable,2,Statewide,10
30398,2022,T6,6,Gasoline,1998,ICE,Not Applicable,3,Statewide,10
30399,2022,T6,5,Gasoline,2000,ICE,Not Applicable,≥4,Statewide,10
30400,2022,T6,5,Gasoline,2001,ICE,Not Applicable,≥4,Statewide,10
30401,2022,T7,8,Diesel,2024,ICE,Not Applicable,≥4,Statewide,4367
30402,2022,P,Not Applicable,Gasoline,1993,ICE,Not Applicable,1,Statewide,4497
30403,2022,T6,5,Gasoline,1981,ICE,Not Applicable,1,Statewide,10
30404,2022,B,Not Applicable,Diesel,2007,ICE,Not Applicable,2,Statewide,22
30405,2022,T2,1,Diesel,2016,ICE,Not Applicable,≥4,Statewide,22
30406,2022,T1,1,Diesel,1986,ICE,Not Applicable,1,Statewide,22
30407,2022,MH,Not Applicable,Diesel,2024,ICE,Not Applicable,≥4,Statewide,22
30408,2022,MH,Not Applicable,Diesel,1988,ICE,Not Applicable,2,Statewide,22
30409,2022,BT,Not Applicable,Diesel,1998,ICE,Not Applicable,1,Statewide,22
30410,2022,BT,Not Applicable,Diesel,1993,ICE,Not Applicable,1,Statewide,22
30411,2022,BS,Not Applicable,Diesel,2006,ICE,Not Applicable,3,Statewide,22
30412,2022,BS,Not Applicable,Diesel,2005,ICE,Not Applicable,3,Statewide,22
30413,2022,BS,Not Applicable,Diesel,1998,ICE,Not Applicable,1,Statewide,22
30414,2022,BS,Not Applicable,Diesel,1998,ICE,Not Applicable,2,Statewide,22
30415,2022,BS,Not Applicable,Diesel,1988,ICE,Not Applicable,≥4,Statewide,22
30416,2022,BS,Not Applicable,Diesel,1987,ICE,Not Applicable,≥4,Statewide,22
30417,2022,BS,Not Applicable,Diesel,1983,ICE,Not Applicable,≥4,Statewide,22
30418,2022,B,Not Applicable,Diesel,2022,ICE,Not Applicable,1,Statewide,22
30419,2022,B,Not Applicable,Diesel,2021,ICE,Not Applicable,2,Statewide,22
30420,2022,B,Not Applicable,Diesel,2014,ICE,Not Applicable,1,Statewide,22
30421,2022,B,Not Applicable,Diesel,2008,ICE,Not Applicable,3,Statewide,22
30422,2022,T4,2,Gasoline,2009,ICE,Not Applicable,1,Statewide,4361
30423,2022,T1,Unknown,Gasoline,1999,ICE,Not Applicable,2,Statewide,10
30424,2022,MC,Not Applicable,Gasoline,2008,ICE,Not Applicable,2,Statewide,4503
30425,2022,T3,2,Gasoline,2006,ICE,Not Applicable,2,Statewide,39506
30426,2022,B,Not Applicable,Diesel,1999,ICE,Not Applicable,2,Statewide,11
30427,2022,B,Not Applicable,Diesel,2010,ICE,Not Applicable,3,Statewide,11
30428,2022,BS,Not Applicable,Diesel,1992,ICE,Not Applicable,2,Statewide,11
30429,2022,BS,Not Applicable,Diesel,1997,ICE,Not Applicable,2,Statewide,11
30430,2022,BS,Not Applicable,Diesel,2008,ICE,Not Applicable,2,Statewide,11
30431,2022,BT,Not Applicable,Diesel,1978,ICE,Not Applicable,3,Statewide,11
30432,2022,BT,Not Applicable,Diesel,1981,ICE,Not Applicable,≥4,Statewide,11
30433,2022,B,Not Applicable,Diesel,1994,ICE,Not Applicable,2,Statewide,11
30434,2022,MH,Not Applicable,Diesel,1990,ICE,Not Applicable,1,Statewide,11
30435,2022,T1,Unknown,Diesel,1996,ICE,Not Applicable,≥4,Statewide,11
30436,2022,T2,Unknown,Diesel,1978,ICE,Not Applicable,1,Statewide,11
30437,2022,T2,1,Diesel,1988,ICE,Not Applicable,1,Statewide,11
30438,2022,T2,Unknown,Diesel,1988,ICE,Not Applicable,≥4,Statewide,11
30439,2022,T3,2,Diesel,1985,ICE,Not Applicable,1,Statewide,11
30440,2022,T3,2,Diesel,1995,ICE,Not Applicable,≥4,Statewide,11
30441,2022,T3,2,Diesel,1996,ICE,Not Applicable,2,Statewide,11
30442,2022,P,Not Applicable,Diesel,1994,ICE,Not Applicable,1,Statewide,11
30443,2022,B,Not Applicable,Diesel,1979,ICE,Not Applicable,1,Statewide,11
30444,2022,P,Not Applicable,Gasoline,1994,ICE,Not Applicable,1,Statewide,6170
30445,2022,T2,Unknown,Gasoline,2014,ICE,Not Applicable,2,Statewide,4668
30446,2022,B,Not Applicable,Diesel,2017,ICE,Not Applicable,1,Statewide,20
30447,2022,B,Not Applicable,Diesel,2002,ICE,Not Applicable,3,Statewide,20
30448,2022,B,Not Applicable,Diesel,1997,ICE,Not Applicable,1,Statewide,20
30449,2022,B,Not Applicable,Diesel,1996,ICE,Not Applicable,1,Statewide,20
30450,2022,B,Not Applicable,Diesel,1985,ICE,Not Applicable,≥4,Statewide,20
30451,2022,B,Not Applicable,Diesel,1980,ICE,Not Applicable,≥4,Statewide,20
30452,2022,T3,Unknown,Gasoline,2021,ICE,Not Applicable,≥4,Statewide,6222
30453,2022,MC,Not Applicable,Gasoline,2011,ICE,Not Applicable,2,Statewide,6215
30454,2022,P,Not Applicable,Electric,2021,BEV,51 to 100 miles,≥4,Statewide,4603
30455,2022,T2,Unknown,Gasoline,2016,ICE,Not Applicable,2,Statewide,4611
30456,2022,MC,Not Applicable,Gasoline,2022,ICE,Not Applicable,2,Statewide,6201
30457,2022,T4,2,Diesel,2008,ICE,Not Applicable,3,Statewide,4625
30458,2022,T3,Unknown,Gasoline,2023,ICE,Not Applicable,3,Statewide,4626
30459,2022,MC,Not Applicable,Gasoline,2013,ICE,Not Applicable,3,Statewide,6196
30460,2022,T1,1,Gasoline,1999,ICE,Not Applicable,3,Statewide,6195
30461,2022,P,Not Applicable,Gasoline,1984,ICE,Not Applicable,≥4,Statewide,4644
30462,2022,P,Not Applicable,Gasoline,1994,ICE,Not Applicable,2,Statewide,6193
30463,2022,T3,2,Diesel,1997,ICE,Not Applicable,3,Statewide,11
30464,2022,B,Not Applicable,Diesel,2019,ICE,Not Applicable,1,Statewide,20
30465,2022,T3,2,Diesel,1998,ICE,Not Applicable,3,Statewide,11
30466,2022,T3,Unknown,Diesel,2020,ICE,Not Applicable,1,Statewide,11
30467,2022,T2,1,Electric,2007,BEV,Unknown,1,Statewide,11
30468,2022,B,Not Applicable,Gasoline,1980,ICE,Not Applicable,≥4,Statewide,11
30469,2022,B,Not Applicable,Gasoline,1993,ICE,Not Applicable,1,Statewide,11
30470,2022,MH,Not Applicable,Unknown,2016,ICE,Not Applicable,3,Statewide,19
30471,2022,B,Not Applicable,Gasoline,2000,ICE,Not Applicable,2,Statewide,11
30472,2022,B,Not Applicable,Natural Gas,2011,ICE,Not Applicable,≥4,Statewide,19
30473,2022,T7,8,Gasoline,1987,ICE,Not Applicable,≥4,Statewide,19
30474,2022,T1,Unknown,Electric,2014,BEV,Unknown,1,Statewide,11
30475,2022,T6,6,Gasoline,2002,ICE,Not Applicable,2,Statewide,19
30476,2022,T6,6,Gasoline,1998,ICE,Not Applicable,1,Statewide,19
30477,2022,T6,6,Gasoline,1989,ICE,Not Applicable,1,Statewide,19
30478,2022,T6,7,Gasoline,1985,ICE,Not Applicable,1,Statewide,19
30479,2022,T6,6,Gasoline,1982,ICE,Not Applicable,2,Statewide,19
30480,2022,T6,7,Gasoline,1978,ICE,Not Applicable,2,Statewide,19
30481,2022,T5,3,Gasoline,1989,ICE,Not Applicable,3,Statewide,19
30482,2022,T5,3,Gasoline,1982,ICE,Not Applicable,≥4,Statewide,19
30483,2022,T6,6,Gasoline,2002,ICE,Not Applicable,3,Statewide,19
30484,2022,T1,Unknown,Electric,2011,BEV,Unknown,≥4,Statewide,11
30485,2022,T1,1,Electric,2002,BEV,Unknown,≥4,Statewide,11
30486,2022,MC,Not Applicable,Electric,2012,BEV,Unknown,≥4,Statewide,11
30487,2022,T4,Unknown,Diesel,1979,ICE,Not Applicable,≥4,Statewide,11
30488,2022,T4,Unknown,Diesel,2009,ICE,Not Applicable,≥4,Statewide,11
30489,2022,T6,7,Diesel,1978,ICE,Not Applicable,3,Statewide,11
30490,2022,T6,7,Diesel,1984,ICE,Not Applicable,3,Statewide,11
30491,2022,T6,Unknown,Diesel,1984,ICE,Not Applicable,3,Statewide,11
30492,2022,T6,7,Diesel,1985,ICE,Not Applicable,2,Statewide,11
30493,2022,T6,6,Diesel,1986,ICE,Not Applicable,1,Statewide,11
30494,2022,T6,7,Diesel,1987,ICE,Not Applicable,2,Statewide,11
30495,2022,T6,6,Diesel,1988,ICE,Not Applicable,1,Statewide,11
30496,2022,T6,6,Diesel,1991,ICE,Not Applicable,1,Statewide,11
30497,2022,T6,5,Diesel,1995,ICE,Not Applicable,1,Statewide,11
30498,2022,T6,5,Diesel,2001,ICE,Not Applicable,2,Statewide,11
30499,2022,T6,Unknown,Diesel,2022,ICE,Not Applicable,2,Statewide,11
30500,2022,T7,8,Diesel,1985,ICE,Not Applicable,3,Statewide,11
30501,2022,BT,Not Applicable,Electric,1998,BEV,Unknown,≥4,Statewide,11
30502,2022,BT,Not Applicable,Electric,2005,BEV,Unknown,≥4,Statewide,11
30503,2022,MC,Not Applicable,Electric,1996,BEV,Unknown,≥4,Statewide,11
30504,2022,T3,2,Diesel,2004,ICE,Not Applicable,1,Statewide,11
30505,2022,BS,Not Applicable,Diesel,1991,ICE,Not Applicable,1,Statewide,20
30506,2022,BS,Not Applicable,Diesel,1998,ICE,Not Applicable,3,Statewide,20
30507,2022,BS,Not Applicable,Diesel,2022,ICE,Not Applicable,3,Statewide,20
30508,2022,P,Not Applicable,Gasoline,2019,PHEV,0 to 50 miles,≥4,Statewide,6332
30509,2022,T2,1,Gasoline,2006,ICE,Not Applicable,2,Statewide,41363
30510,2022,T2,1,Gasoline,2024,ICE,Not Applicable,≥4,Statewide,6321
30511,2022,T2,1,Gasoline,1999,ICE,Not Applicable,1,Statewide,6321
30512,2022,P,Not Applicable,Electric,2021,BEV,51 to 100 miles,1,Statewide,6306
30513,2022,T6,5,Diesel,2021,ICE,Not Applicable,≥4,Statewide,6305
30514,2022,T1,1,Gasoline,2001,ICE,Not Applicable,1,Statewide,6302
30515,2022,T1,1,Gasoline,2016,ICE,Not Applicable,2,Statewide,6336
30516,2022,T4,2,Gasoline,2022,ICE,Not Applicable,1,Statewide,6301
30517,2022,T3,2,Gasoline,2023,ICE,Not Applicable,2,Statewide,41436
30518,2022,P,Not Applicable,Gasoline,2000,ICE,Not Applicable,≥4,Statewide,41669
30519,2022,MH,Not Applicable,Unknown,2015,ICE,Not Applicable,2,Statewide,20
30520,2022,T7,8,Natural Gas,2016,ICE,Not Applicable,3,Statewide,20
30521,2022,T3,2,Natural Gas,2006,ICE,Not Applicable,3,Statewide,20
30522,2022,T3,2,Natural Gas,2004,ICE,Not Applicable,1,Statewide,20
30523,2022,T3,2,Natural Gas,1999,ICE,Not Applicable,≥4,Statewide,20
30524,2022,T4,2,Diesel,2011,ICE,Not Applicable,3,Statewide,6296
30525,2022,T3,Unknown,Gasoline,2010,ICE,Not Applicable,3,Statewide,6357
30526,2022,T4,2,Diesel,2011,ICE,Not Applicable,2,Statewide,6364
30527,2022,P,Not Applicable,Gasoline,2023,PHEV,0 to 50 miles,2,Statewide,6364
30528,2022,P,Not Applicable,Gasoline,2023,PHEV,0 to 50 miles,3,Statewide,4543
30529,2022,T2,Unknown,Gasoline,2014,ICE,Not Applicable,≥4,Statewide,4547
30530,2022,P,Not Applicable,Gasoline,2024,ICE,Not Applicable,2,Statewide,4558
30531,2022,P,Not Applicable,Gasoline,2018,PHEV,0 to 50 miles,≥4,Statewide,4577
30532,2022,T3,2,Gasoline,2020,ICE,Not Applicable,3,Statewide,39765
30533,2022,T2,1,Gasoline,2017,ICE,Not Applicable,3,Statewide,39892
30534,2022,T2,1,Gasoline,2005,ICE,Not Applicable,2,Statewide,39993
30535,2022,T3,2,Gasoline,2010,ICE,Not Applicable,1,Statewide,40193
30536,2022,T2,Unknown,Gasoline,1979,ICE,Not Applicable,1,Statewide,48
30537,2022,T3,2,Gasoline,2007,ICE,Not Applicable,3,Statewide,40441
30538,2022,T2,1,Gasoline,2007,ICE,Not Applicable,1,Statewide,40500
30539,2022,T3,2,Gasoline,2012,ICE,Not Applicable,3,Statewide,40586
30540,2022,P,Not Applicable,Gasoline,2002,ICE,Not Applicable,1,Statewide,40793
30541,2022,T1,1,Gasoline,2017,ICE,Not Applicable,3,Statewide,6403
30542,2022,T3,Unknown,Gasoline,2022,ICE,Not Applicable,1,Statewide,6399
30543,2022,T3,2,Gasoline,2011,ICE,Not Applicable,2,Statewide,41193
30544,2022,T2,Unknown,Gasoline,2017,ICE,Not Applicable,2,Statewide,6374
30545,2022,P,Not Applicable,Natural Gas,2003,ICE,Not Applicable,3,Statewide,20
30546,2022,BT,Not Applicable,Natural Gas,2003,ICE,Not Applicable,≥4,Statewide,20
30547,2022,T6,4,Gasoline,2014,ICE,Not Applicable,2,Statewide,20
30548,2022,T6,5,Gasoline,2013,ICE,Not Applicable,3,Statewide,20
30549,2022,T6,4,Diesel,1993,ICE,Not Applicable,3,Statewide,20
30550,2022,T5,3,Diesel,2024,ICE,Not Applicable,3,Statewide,20
30551,2022,T4,Unknown,Diesel,1999,ICE,Not Applicable,≥4,Statewide,20
30552,2022,T3,Unknown,Diesel,2021,ICE,Not Applicable,≥4,Statewide,20
30553,2022,T3,Unknown,Diesel,2012,ICE,Not Applicable,3,Statewide,20
30554,2022,T3,2,Diesel,2004,ICE,Not Applicable,3,Statewide,20
30555,2022,T2,1,Diesel,2017,ICE,Not Applicable,≥4,Statewide,20
30556,2022,T2,1,Diesel,1979,ICE,Not Applicable,2,Statewide,20
30557,2022,T1,Unknown,Diesel,1999,ICE,Not Applicable,≥4,Statewide,20
30558,2022,T1,1,Diesel,1990,ICE,Not Applicable,1,Statewide,20
30559,2022,T1,1,Diesel,1989,ICE,Not Applicable,1,Statewide,20
30560,2022,T1,Unknown,Diesel,1987,ICE,Not Applicable,≥4,Statewide,20
30561,2022,P,Not Applicable,Diesel,1997,ICE,Not Applicable,1,Statewide,20
30562,2022,P,Not Applicable,Diesel,1997,ICE,Not Applicable,3,Statewide,20
30563,2022,P,Not Applicable,Diesel,1979,ICE,Not Applicable,≥4,Statewide,20
30564,2022,MH,Not Applicable,Diesel,1978,ICE,Not Applicable,1,Statewide,20
30565,2022,BT,Not Applicable,Diesel,1991,ICE,Not Applicable,1,Statewide,20
30566,2022,T6,Unknown,Diesel,1993,ICE,Not Applicable,≥4,Statewide,20
30567,2022,P,Not Applicable,Electric,2020,BEV,51 to 100 miles,2,Statewide,4507
30568,2022,T6,Unknown,Diesel,2001,ICE,Not Applicable,≥4,Statewide,20
30569,2022,P,Not Applicable,Electric,2011,BEV,Unknown,1,Statewide,20
30570,2022,T6,5,Gasoline,2010,ICE,Not Applicable,2,Statewide,20
30571,2022,T6,5,Gasoline,2009,ICE,Not Applicable,3,Statewide,20
30572,2022,T6,5,Gasoline,1998,ICE,Not Applicable,≥4,Statewide,20
30573,2022,T6,4,Gasoline,1997,ICE,Not Applicable,3,Statewide,20
30574,2022,T6,5,Gasoline,1993,ICE,Not Applicable,≥4,Statewide,20
30575,2022,T4,2,Gasoline,2021,PHEV,0 to 50 miles,2,Statewide,20
30576,2022,T4,Unknown,Gasoline,2002,ICE,Not Applicable,≥4,Statewide,20
30577,2022,T3,Unknown,Gasoline,1982,ICE,Not Applicable,1,Statewide,20
30578,2022,T2,1,Gasoline,2024,PHEV,0 to 50 miles,1,Statewide,20
30579,2022,T2,1,Gasoline,2024,PHEV,0 to 50 miles,2,Statewide,20
30580,2022,T2,Unknown,Gasoline,1996,ICE,Not Applicable,1,Statewide,20
30581,2022,T2,Unknown,Gasoline,1996,ICE,Not Applicable,3,Statewide,20
30582,2022,T2,Unknown,Gasoline,1981,ICE,Not Applicable,3,Statewide,20
30583,2022,T1,Unknown,Gasoline,1998,ICE,Not Applicable,≥4,Statewide,20
30584,2022,BT,Not Applicable,Gasoline,1996,ICE,Not Applicable,≥4,Statewide,20
30585,2022,BS,Not Applicable,Gasoline,1980,ICE,Not Applicable,1,Statewide,20
30586,2022,T2,Unknown,Electric,2015,BEV,Unknown,≥4,Statewide,20
30587,2022,T7,8,Diesel,1984,ICE,Not Applicable,2,Statewide,20
30588,2022,BT,Not Applicable,Gasoline,2019,ICE,Not Applicable,3,Statewide,10
30589,2022,BT,Not Applicable,Gasoline,2018,ICE,Not Applicable,2,Statewide,10
30590,2022,BT,Not Applicable,Gasoline,2013,ICE,Not Applicable,1,Statewide,10
30591,2022,MC,Not Applicable,Unknown,2009,ICE,Not Applicable,2,Statewide,1
30592,2022,MC,Not Applicable,Unknown,2010,ICE,Not Applicable,3,Statewide,1
30593,2022,MC,Not Applicable,Unknown,2011,ICE,Not Applicable,2,Statewide,1
30594,2022,MC,Not Applicable,Unknown,2012,ICE,Not Applicable,≥4,Statewide,1
30595,2022,MC,Not Applicable,Unknown,2013,ICE,Not Applicable,3,Statewide,1
30596,2022,MC,Not Applicable,Unknown,2013,ICE,Not Applicable,2,Statewide,1
30597,2022,MC,Not Applicable,Unknown,2014,ICE,Not Applicable,3,Statewide,1
30598,2022,MC,Not Applicable,Unknown,2009,ICE,Not Applicable,3,Statewide,1
30599,2022,MC,Not Applicable,Unknown,2014,ICE,Not Applicable,1,Statewide,1
30600,2022,MC,Not Applicable,Unknown,2016,ICE,Not Applicable,3,Statewide,1
30601,2022,MC,Not Applicable,Unknown,2016,ICE,Not Applicable,1,Statewide,1
30602,2022,MC,Not Applicable,Unknown,2017,ICE,Not Applicable,≥4,Statewide,1
30603,2022,MC,Not Applicable,Unknown,2019,ICE,Not Applicable,2,Statewide,1
30604,2022,MH,Not Applicable,Unknown,2022,ICE,Not Applicable,≥4,Statewide,25
30605,2022,MH,Not Applicable,Unknown,2016,ICE,Not Applicable,≥4,Statewide,25
30606,2022,T7,8,Natural Gas,2023,ICE,Not Applicable,1,Statewide,25
30607,2022,MC,Not Applicable,Unknown,2015,ICE,Not Applicable,≥4,Statewide,1
30608,2022,MC,Not Applicable,Unknown,2007,ICE,Not Applicable,≥4,Statewide,1
30609,2022,MC,Not Applicable,Unknown,2006,ICE,Not Applicable,≥4,Statewide,1
30610,2022,MC,Not Applicable,Unknown,2005,ICE,Not Applicable,2,Statewide,1
30611,2022,T7,8,Natural Gas,1987,ICE,Not Applicable,≥4,Statewide,1
30612,2022,T7,8,Natural Gas,1992,ICE,Not Applicable,≥4,Statewide,1
30613,2022,T7,8,Natural Gas,1997,ICE,Not Applicable,≥4,Statewide,1
30614,2022,T7,8,Natural Gas,2004,ICE,Not Applicable,≥4,Statewide,1
30615,2022,T7,8,Natural Gas,2008,ICE,Not Applicable,3,Statewide,1
30616,2022,T7,8,Natural Gas,2011,ICE,Not Applicable,3,Statewide,1
30617,2022,T7,8,Natural Gas,2013,ICE,Not Applicable,3,Statewide,1
30618,2022,BT,Not Applicable,Unknown,2022,ICE,Not Applicable,≥4,Statewide,1
30619,2022,MC,Not Applicable,Unknown,1978,ICE,Not Applicable,2,Statewide,1
30620,2022,MC,Not Applicable,Unknown,1983,ICE,Not Applicable,2,Statewide,1
30621,2022,MC,Not Applicable,Unknown,1984,ICE,Not Applicable,≥4,Statewide,1
30622,2022,MC,Not Applicable,Unknown,1985,ICE,Not Applicable,2,Statewide,1
30623,2022,MC,Not Applicable,Unknown,1985,ICE,Not Applicable,1,Statewide,1
30624,2022,MC,Not Applicable,Unknown,1990,ICE,Not Applicable,≥4,Statewide,1
30625,2022,MC,Not Applicable,Unknown,1991,ICE,Not Applicable,1,Statewide,1
30626,2022,MC,Not Applicable,Unknown,2001,ICE,Not Applicable,≥4,Statewide,1
30627,2022,MC,Not Applicable,Unknown,2004,ICE,Not Applicable,≥4,Statewide,1
30628,2022,T7,8,Natural Gas,2019,ICE,Not Applicable,1,Statewide,25
30629,2022,T6,6,Natural Gas,2023,ICE,Not Applicable,3,Statewide,1
30630,2022,T6,7,Natural Gas,2009,ICE,Not Applicable,≥4,Statewide,25
30631,2022,P,Not Applicable,Natural Gas,2004,ICE,Not Applicable,2,Statewide,25
30632,2022,T7,8,Diesel,1986,ICE,Not Applicable,2,Statewide,25
30633,2022,T6,4,Diesel,1998,ICE,Not Applicable,2,Statewide,25
30634,2022,T6,7,Diesel,1990,ICE,Not Applicable,3,Statewide,25
30635,2022,T6,7,Diesel,1989,ICE,Not Applicable,3,Statewide,25
30636,2022,T6,7,Diesel,1987,ICE,Not Applicable,1,Statewide,25
30637,2022,T5,3,Diesel,1978,ICE,Not Applicable,≥4,Statewide,25
30638,2022,T4,Unknown,Diesel,2011,ICE,Not Applicable,1,Statewide,25
30639,2022,B,Not Applicable,Gasoline,1990,ICE,Not Applicable,≥4,Statewide,25
30640,2022,T4,Unknown,Diesel,2011,ICE,Not Applicable,2,Statewide,25
30641,2022,T2,Unknown,Diesel,2016,ICE,Not Applicable,1,Statewide,25
30642,2022,T2,1,Diesel,1983,ICE,Not Applicable,≥4,Statewide,25
30643,2022,T1,Unknown,Diesel,2001,ICE,Not Applicable,≥4,Statewide,25
30644,2022,BS,Not Applicable,Diesel,2022,ICE,Not Applicable,2,Statewide,25
30645,2022,BS,Not Applicable,Diesel,2017,ICE,Not Applicable,3,Statewide,25
30646,2022,BS,Not Applicable,Diesel,2012,ICE,Not Applicable,1,Statewide,25
30647,2022,BS,Not Applicable,Diesel,1981,ICE,Not Applicable,≥4,Statewide,25
30648,2022,T3,2,Diesel,1990,ICE,Not Applicable,1,Statewide,25
30649,2022,B,Not Applicable,Gasoline,1993,ICE,Not Applicable,≥4,Statewide,25
30650,2022,BS,Not Applicable,Gasoline,2011,ICE,Not Applicable,1,Statewide,25
30651,2022,BS,Not Applicable,Gasoline,2017,ICE,Not Applicable,1,Statewide,25
30652,2022,B,Not Applicable,Natural Gas,2012,ICE,Not Applicable,≥4,Statewide,25
30653,2022,T6,4,Gasoline,2018,ICE,Not Applicable,2,Statewide,25
30654,2022,T6,6,Gasoline,2011,ICE,Not Applicable,1,Statewide,25
30655,2022,T6,6,Gasoline,2005,ICE,Not Applicable,2,Statewide,25
30656,2022,T6,6,Gasoline,2003,ICE,Not Applicable,1,Statewide,25
30657,2022,T6,4,Gasoline,1992,ICE,Not Applicable,≥4,Statewide,25
30658,2022,T6,7,Gasoline,1983,ICE,Not Applicable,1,Statewide,25
30659,2022,T6,5,Gasoline,1980,ICE,Not Applicable,≥4,Statewide,25
30660,2022,T5,3,Gasoline,1984,ICE,Not Applicable,≥4,Statewide,25
30661,2022,T4,2,Gasoline,2021,PHEV,0 to 50 miles,≥4,Statewide,25
30662,2022,T4,Unknown,Gasoline,2018,ICE,Not Applicable,≥4,Statewide,25
30663,2022,T2,Unknown,Gasoline,1980,ICE,Not Applicable,3,Statewide,25
30664,2022,T1,Unknown,Gasoline,2016,ICE,Not Applicable,3,Statewide,25
30665,2022,T1,Unknown,Gasoline,2016,ICE,Not Applicable,≥4,Statewide,25
30666,2022,T1,Unknown,Gasoline,2001,ICE,Not Applicable,≥4,Statewide,25
30667,2022,T1,Unknown,Gasoline,1997,ICE,Not Applicable,≥4,Statewide,25
30668,2022,BT,Not Applicable,Gasoline,1990,ICE,Not Applicable,≥4,Statewide,25
30669,2022,P,Not Applicable,Natural Gas,2011,ICE,Not Applicable,3,Statewide,25
30670,2022,T6,Unknown,Natural Gas,2022,ICE,Not Applicable,3,Statewide,1
30671,2022,T6,4,Natural Gas,2022,ICE,Not Applicable,1,Statewide,1
30672,2022,T5,3,Diesel,2013,ICE,Not Applicable,≥4,Statewide,4097
30673,2022,T6,5,Natural Gas,2014,ICE,Not Applicable,2,Statewide,1
30674,2022,T6,6,Natural Gas,2015,ICE,Not Applicable,3,Statewide,1
30675,2022,T6,5,Natural Gas,2015,ICE,Not Applicable,1,Statewide,1
30676,2022,T6,Unknown,Natural Gas,2015,ICE,Not Applicable,≥4,Statewide,1
30677,2022,T6,7,Natural Gas,2017,ICE,Not Applicable,3,Statewide,1
30678,2022,T6,7,Natural Gas,2018,ICE,Not Applicable,3,Statewide,1
30679,2022,T6,7,Natural Gas,2018,ICE,Not Applicable,2,Statewide,1
30680,2022,T6,7,Natural Gas,2014,ICE,Not Applicable,2,Statewide,1
30681,2022,T6,7,Natural Gas,2018,ICE,Not Applicable,1,Statewide,1
30682,2022,T6,7,Natural Gas,2019,ICE,Not Applicable,3,Statewide,1
30683,2022,T6,7,Natural Gas,2020,ICE,Not Applicable,2,Statewide,1
30684,2022,T6,6,Natural Gas,2021,ICE,Not Applicable,≥4,Statewide,1
30685,2022,T7,8,Natural Gas,2020,ICE,Not Applicable,1,Statewide,26
30686,2022,T6,6,Natural Gas,2023,ICE,Not Applicable,≥4,Statewide,26
30687,2022,T6,5,Gasoline,2011,ICE,Not Applicable,1,Statewide,26
30688,2022,T6,5,Gasoline,2006,ICE,Not Applicable,1,Statewide,26
30689,2022,T6,4,Natural Gas,2018,ICE,Not Applicable,≥4,Statewide,1
30690,2022,T6,7,Natural Gas,2014,ICE,Not Applicable,3,Statewide,1
30691,2022,T6,4,Natural Gas,2011,ICE,Not Applicable,≥4,Statewide,1
30692,2022,T6,5,Natural Gas,2011,ICE,Not Applicable,1,Statewide,1
30693,2022,T6,7,Natural Gas,2006,ICE,Not Applicable,2,Statewide,1
30694,2022,T6,7,Natural Gas,2006,ICE,Not Applicable,1,Statewide,1
30695,2022,T6,4,Natural Gas,2006,ICE,Not Applicable,2,Statewide,1
30696,2022,T6,7,Natural Gas,2007,ICE,Not Applicable,3,Statewide,1
30697,2022,T6,7,Natural Gas,2007,ICE,Not Applicable,2,Statewide,1
30698,2022,T6,6,Natural Gas,2007,ICE,Not Applicable,1,Statewide,1
30699,2022,T6,5,Natural Gas,2007,ICE,Not Applicable,1,Statewide,1
30700,2022,T6,7,Natural Gas,2008,ICE,Not Applicable,2,Statewide,1
30701,2022,T6,7,Natural Gas,2008,ICE,Not Applicable,1,Statewide,1
30702,2022,T6,4,Natural Gas,2008,ICE,Not Applicable,3,Statewide,1
30703,2022,T6,4,Natural Gas,2008,ICE,Not Applicable,1,Statewide,1
30704,2022,T6,4,Natural Gas,2009,ICE,Not Applicable,1,Statewide,1
30705,2022,T6,7,Natural Gas,2010,ICE,Not Applicable,3,Statewide,1
30706,2022,T6,7,Natural Gas,2011,ICE,Not Applicable,1,Statewide,1
30707,2022,T6,6,Natural Gas,2011,ICE,Not Applicable,1,Statewide,1
30708,2022,T6,5,Natural Gas,2011,ICE,Not Applicable,≥4,Statewide,1
30709,2022,T6,5,Natural Gas,2011,ICE,Not Applicable,2,Statewide,1
30710,2022,T6,6,Gasoline,2004,ICE,Not Applicable,1,Statewide,26
30711,2022,T6,6,Gasoline,2001,ICE,Not Applicable,1,Statewide,26
30712,2022,T6,7,Gasoline,1981,ICE,Not Applicable,1,Statewide,26
30713,2022,T5,3,Gasoline,1993,ICE,Not Applicable,2,Statewide,26
30714,2022,BS,Not Applicable,Diesel,2020,ICE,Not Applicable,3,Statewide,26
30715,2022,BS,Not Applicable,Diesel,2003,ICE,Not Applicable,3,Statewide,26
30716,2022,B,Not Applicable,Diesel,2004,ICE,Not Applicable,2,Statewide,26
30717,2022,B,Not Applicable,Diesel,2004,ICE,Not Applicable,3,Statewide,26
30718,2022,T6,4,Natural Gas,2021,ICE,Not Applicable,3,Statewide,1
30719,2022,P,Not Applicable,Gasoline,2020,PHEV,0 to 50 miles,2,Statewide,4055
30720,2022,T1,1,Gasoline,1994,ICE,Not Applicable,2,Statewide,4056
30721,2022,T7,8,Diesel,2011,ICE,Not Applicable,≥4,Statewide,4061
30722,2022,T6,5,Diesel,2020,ICE,Not Applicable,≥4,Statewide,4064
30723,2022,T2,1,Gasoline,1996,ICE,Not Applicable,2,Statewide,4071
30724,2022,T6,4,Natural Gas,2021,ICE,Not Applicable,2,Statewide,1
30725,2022,T6,7,Natural Gas,2022,ICE,Not Applicable,2,Statewide,1
30726,2022,P,Not Applicable,Gasoline,1992,ICE,Not Applicable,2,Statewide,4076
30727,2022,T6,6,Natural Gas,2022,ICE,Not Applicable,1,Statewide,1
30728,2022,T2,Unknown,Gasoline,2017,ICE,Not Applicable,3,Statewide,4081
30729,2022,P,Not Applicable,Gasoline,2020,PHEV,0 to 50 miles,≥4,Statewide,4082
30730,2022,T6,4,Natural Gas,2022,ICE,Not Applicable,≥4,Statewide,1
30731,2022,P,Not Applicable,Diesel,1980,ICE,Not Applicable,1,Statewide,26
30732,2022,B,Not Applicable,Diesel,2016,ICE,Not Applicable,1,Statewide,25
30733,2022,T1,Unknown,Diesel,1985,ICE,Not Applicable,≥4,Statewide,26
30734,2022,T3,2,Diesel,2003,ICE,Not Applicable,≥4,Statewide,26
30735,2022,T4,Unknown,Gasoline,2015,ICE,Not Applicable,1,Statewide,26
30736,2022,T3,Unknown,Gasoline,2022,PHEV,0 to 50 miles,≥4,Statewide,26
30737,2022,T2,Unknown,Gasoline,1997,ICE,Not Applicable,3,Statewide,26
30738,2022,T2,Unknown,Gasoline,1995,ICE,Not Applicable,3,Statewide,26
30739,2022,T2,Unknown,Gasoline,1989,ICE,Not Applicable,1,Statewide,26
30740,2022,T1,Unknown,Gasoline,2011,ICE,Not Applicable,≥4,Statewide,26
30741,2022,T1,Unknown,Gasoline,2006,ICE,Not Applicable,1,Statewide,26
30742,2022,P,Not Applicable,Electric,2016,BEV,>150 miles,3,Statewide,26
30743,2022,P,Not Applicable,Electric,2003,BEV,Unknown,≥4,Statewide,26
30744,2022,T6,Unknown,Diesel,2015,ICE,Not Applicable,≥4,Statewide,26
30745,2022,T6,7,Diesel,1997,ICE,Not Applicable,2,Statewide,26
30746,2022,T6,5,Diesel,1996,ICE,Not Applicable,≥4,Statewide,26
30747,2022,T6,6,Diesel,1992,ICE,Not Applicable,1,Statewide,26
30748,2022,T6,7,Diesel,1990,ICE,Not Applicable,2,Statewide,26
30749,2022,T6,7,Diesel,1981,ICE,Not Applicable,1,Statewide,26
30750,2022,T4,Unknown,Diesel,2008,ICE,Not Applicable,≥4,Statewide,26
30751,2022,T3,2,Diesel,2006,ICE,Not Applicable,2,Statewide,26
30752,2022,T1,Unknown,Diesel,2011,ICE,Not Applicable,≥4,Statewide,26
30753,2022,B,Not Applicable,Diesel,2007,ICE,Not Applicable,3,Statewide,25
30754,2022,B,Not Applicable,Diesel,2006,ICE,Not Applicable,2,Statewide,25
30755,2022,B,Not Applicable,Diesel,2003,ICE,Not Applicable,2,Statewide,25
30756,2022,BT,Not Applicable,Gasoline,2011,ICE,Not Applicable,1,Statewide,23
30757,2022,BS,Not Applicable,Gasoline,2009,ICE,Not Applicable,1,Statewide,23
30758,2022,BS,Not Applicable,Gasoline,2003,ICE,Not Applicable,≥4,Statewide,23
30759,2022,B,Not Applicable,Gasoline,1986,ICE,Not Applicable,≥4,Statewide,23
30760,2022,B,Not Applicable,Gasoline,1985,ICE,Not Applicable,≥4,Statewide,23
30761,2022,P,Not Applicable,Electric,2013,BEV,Unknown,2,Statewide,23
30762,2022,P,Not Applicable,Electric,2006,BEV,Unknown,3,Statewide,23
30763,2022,T1,Unknown,Gasoline,2000,ICE,Not Applicable,≥4,Statewide,23
30764,2022,P,Not Applicable,Electric,2004,BEV,Unknown,≥4,Statewide,23
30765,2022,T6,Unknown,Diesel,2012,ICE,Not Applicable,≥4,Statewide,23
30766,2022,T6,5,Diesel,2000,ICE,Not Applicable,1,Statewide,23
30767,2022,T6,5,Diesel,1994,ICE,Not Applicable,≥4,Statewide,23
30768,2022,T4,Unknown,Diesel,2002,ICE,Not Applicable,≥4,Statewide,23
30769,2022,T4,Unknown,Diesel,1996,ICE,Not Applicable,≥4,Statewide,23
30770,2022,T3,2,Diesel,1991,ICE,Not Applicable,2,Statewide,23
30771,2022,T3,2,Diesel,1990,ICE,Not Applicable,2,Statewide,23
30772,2022,MC,Not Applicable,Electric,2020,BEV,Unknown,3,Statewide,23
30773,2022,T2,Unknown,Gasoline,1992,ICE,Not Applicable,2,Statewide,23
30774,2022,T2,Unknown,Gasoline,1995,ICE,Not Applicable,2,Statewide,23
30775,2022,T4,Unknown,Gasoline,2012,ICE,Not Applicable,2,Statewide,23
30776,2022,T7,8,Diesel,1981,ICE,Not Applicable,3,Statewide,10
30777,2022,T7,8,Diesel,1982,ICE,Not Applicable,3,Statewide,10
30778,2022,T7,8,Diesel,1982,ICE,Not Applicable,2,Statewide,10
30779,2022,B,Not Applicable,Electric,2019,BEV,Unknown,≥4,Statewide,10
30780,2022,T4,2,Natural Gas,2004,ICE,Not Applicable,≥4,Statewide,23
30781,2022,P,Not Applicable,Natural Gas,2020,ICE,Not Applicable,2,Statewide,23
30782,2022,P,Not Applicable,Natural Gas,2007,ICE,Not Applicable,3,Statewide,23
30783,2022,B,Not Applicable,Natural Gas,2019,ICE,Not Applicable,≥4,Statewide,23
30784,2022,B,Not Applicable,Natural Gas,2017,ICE,Not Applicable,≥4,Statewide,23
30785,2022,T6,Unknown,Gasoline,2019,ICE,Not Applicable,≥4,Statewide,23
30786,2022,T6,4,Gasoline,1993,ICE,Not Applicable,2,Statewide,23
30787,2022,T6,5,Gasoline,1989,ICE,Not Applicable,≥4,Statewide,23
30788,2022,T6,Unknown,Gasoline,1985,ICE,Not Applicable,≥4,Statewide,23
30789,2022,T6,5,Gasoline,1979,ICE,Not Applicable,≥4,Statewide,23
30790,2022,T6,6,Gasoline,1979,ICE,Not Applicable,3,Statewide,23
30791,2022,T4,2,Gasoline,2021,PHEV,0 to 50 miles,3,Statewide,23
30792,2022,T4,Unknown,Gasoline,2016,ICE,Not Applicable,2,Statewide,23
30793,2022,T3,2,Diesel,1990,ICE,Not Applicable,3,Statewide,23
30794,2022,T2,1,Diesel,2015,ICE,Not Applicable,≥4,Statewide,23
30795,2022,T2,1,Diesel,1989,ICE,Not Applicable,≥4,Statewide,23
30796,2022,T1,Unknown,Diesel,2005,ICE,Not Applicable,≥4,Statewide,23
30797,2022,T1,Unknown,Electric,2009,BEV,Unknown,≥4,Statewide,10
30798,2022,T1,Unknown,Electric,2014,BEV,Unknown,≥4,Statewide,10
30799,2022,T6,6,Diesel,2012,ICE,Not Applicable,≥4,Statewide,4342
30800,2022,T1,1,Gasoline,1998,ICE,Not Applicable,1,Statewide,4343
30801,2022,T2,1,Electric,2007,BEV,Unknown,3,Statewide,10
30802,2022,T2,1,Electric,2017,BEV,101 to 150 miles,2,Statewide,10
30803,2022,T6,Unknown,Electric,2022,BEV,Unknown,≥4,Statewide,10
30804,2022,B,Not Applicable,Gasoline,1996,ICE,Not Applicable,1,Statewide,10
30805,2022,BS,Not Applicable,Gasoline,1987,ICE,Not Applicable,1,Statewide,10
30806,2022,BS,Not Applicable,Gasoline,1988,ICE,Not Applicable,≥4,Statewide,10
30807,2022,BS,Not Applicable,Gasoline,2000,ICE,Not Applicable,1,Statewide,10
30808,2022,BS,Not Applicable,Gasoline,2006,ICE,Not Applicable,1,Statewide,10
30809,2022,BS,Not Applicable,Gasoline,2010,ICE,Not Applicable,1,Statewide,10
30810,2022,BS,Not Applicable,Gasoline,2011,ICE,Not Applicable,3,Statewide,10
30811,2022,BS,Not Applicable,Gasoline,2020,ICE,Not Applicable,2,Statewide,10
30812,2022,BT,Not Applicable,Gasoline,1984,ICE,Not Applicable,≥4,Statewide,10
30813,2022,BT,Not Applicable,Gasoline,1993,ICE,Not Applicable,≥4,Statewide,10
30814,2022,MC,Not Applicable,Gasoline,2013,ICE,Not Applicable,1,Statewide,4329
30815,2022,T6,Unknown,Diesel,2023,ICE,Not Applicable,2,Statewide,10
30816,2022,T4,2,Gasoline,2007,ICE,Not Applicable,3,Statewide,4323
30817,2022,P,Not Applicable,Electric,2012,BEV,Unknown,1,Statewide,10
30818,2022,T1,Unknown,Diesel,2004,ICE,Not Applicable,≥4,Statewide,23
30819,2022,T1,Unknown,Diesel,1995,ICE,Not Applicable,≥4,Statewide,23
30820,2022,BT,Not Applicable,Diesel,1994,ICE,Not Applicable,1,Statewide,23
30821,2022,BS,Not Applicable,Diesel,2016,ICE,Not Applicable,1,Statewide,23
30822,2022,BS,Not Applicable,Diesel,2002,ICE,Not Applicable,3,Statewide,23
30823,2022,BS,Not Applicable,Diesel,1994,ICE,Not Applicable,1,Statewide,23
30824,2022,B,Not Applicable,Diesel,2010,ICE,Not Applicable,1,Statewide,23
30825,2022,B,Not Applicable,Diesel,2008,ICE,Not Applicable,2,Statewide,23
30826,2022,BS,Not Applicable,Electric,2021,BEV,Unknown,≥4,Statewide,10
30827,2022,BT,Not Applicable,Electric,2014,BEV,Unknown,≥4,Statewide,10
30828,2022,T3,2,Gasoline,1995,ICE,Not Applicable,≥4,Statewide,4302
30829,2022,T1,1,Gasoline,1990,ICE,Not Applicable,≥4,Statewide,4303
30830,2022,P,Not Applicable,Electric,2010,BEV,Unknown,2,Statewide,10
30831,2022,T2,1,Gasoline,1993,ICE,Not Applicable,≥4,Statewide,4305
30832,2022,P,Not Applicable,Electric,2011,BEV,Unknown,2,Statewide,10
30833,2022,T5,3,Diesel,2010,ICE,Not Applicable,≥4,Statewide,4306
30834,2022,MC,Not Applicable,Gasoline,2023,ICE,Not Applicable,2,Statewide,4307
30835,2022,T1,1,Gasoline,1996,ICE,Not Applicable,3,Statewide,4311
30836,2022,T5,3,Gasoline,1978,ICE,Not Applicable,2,Statewide,19
30837,2022,T6,Unknown,Diesel,2018,ICE,Not Applicable,2,Statewide,10
30838,2022,MC,Not Applicable,Gasoline,2002,ICE,Not Applicable,≥4,Statewide,4262
30839,2022,T4,2,Diesel,2016,ICE,Not Applicable,≥4,Statewide,4190
30840,2022,T3,2,Gasoline,1996,ICE,Not Applicable,≥4,Statewide,4197
30841,2022,T4,2,Gasoline,2007,ICE,Not Applicable,2,Statewide,4197
30842,2022,MC,Not Applicable,Gasoline,2006,ICE,Not Applicable,3,Statewide,4214
30843,2022,MH,Not Applicable,Unknown,2014,ICE,Not Applicable,≥4,Statewide,1
30844,2022,T5,3,Diesel,2021,ICE,Not Applicable,≥4,Statewide,4227
30845,2022,MH,Not Applicable,Unknown,2023,ICE,Not Applicable,2,Statewide,1
30846,2022,MH,Not Applicable,Unknown,2013,ICE,Not Applicable,1,Statewide,1
30847,2022,T1,1,Hydrogen,2021,FCEV,>150 miles,≥4,Statewide,13
30848,2022,T6,7,Natural Gas,2018,ICE,Not Applicable,≥4,Statewide,24
30849,2022,T3,2,Natural Gas,2006,ICE,Not Applicable,2,Statewide,24
30850,2022,P,Not Applicable,Natural Gas,2004,ICE,Not Applicable,3,Statewide,24
30851,2022,T6,7,Gasoline,2023,ICE,Not Applicable,≥4,Statewide,24
30852,2022,T6,6,Gasoline,2017,ICE,Not Applicable,1,Statewide,24
30853,2022,T6,7,Gasoline,2003,ICE,Not Applicable,≥4,Statewide,24
30854,2022,T6,4,Gasoline,1997,ICE,Not Applicable,2,Statewide,24
30855,2022,T7,8,Natural Gas,2018,ICE,Not Applicable,1,Statewide,24
30856,2022,T4,2,Gasoline,2005,ICE,Not Applicable,2,Statewide,4185
30857,2022,MH,Not Applicable,Unknown,2011,ICE,Not Applicable,3,Statewide,1
30858,2022,MC,Not Applicable,Unknown,2023,ICE,Not Applicable,1,Statewide,1
30859,2022,B,Not Applicable,Diesel,2002,ICE,Not Applicable,2,Statewide,25
30860,2022,B,Not Applicable,Diesel,1986,ICE,Not Applicable,≥4,Statewide,25
30861,2022,B,Not Applicable,Diesel,1984,ICE,Not Applicable,≥4,Statewide,25
30862,2022,B,Not Applicable,Diesel,1980,ICE,Not Applicable,1,Statewide,25
30863,2022,MC,Not Applicable,Unknown,2020,ICE,Not Applicable,2,Statewide,1
30864,2022,MC,Not Applicable,Unknown,2020,ICE,Not Applicable,1,Statewide,1
30865,2022,MC,Not Applicable,Unknown,2022,ICE,Not Applicable,3,Statewide,1
30866,2022,T4,2,Gasoline,2021,ICE,Not Applicable,1,Statewide,4123
30867,2022,T3,2,Diesel,2020,ICE,Not Applicable,≥4,Statewide,4126
30868,2022,T2,Unknown,Gasoline,2013,ICE,Not Applicable,2,Statewide,4132
30869,2022,MC,Not Applicable,Unknown,2022,ICE,Not Applicable,2,Statewide,1
30870,2022,MC,Not Applicable,Gasoline,2001,ICE,Not Applicable,≥4,Statewide,4138
30871,2022,MC,Not Applicable,Unknown,2022,ICE,Not Applicable,1,Statewide,1
30872,2022,T4,2,Diesel,2007,ICE,Not Applicable,2,Statewide,4160
30873,2022,MC,Not Applicable,Unknown,2023,ICE,Not Applicable,≥4,Statewide,1
30874,2022,T4,2,Gasoline,2005,ICE,Not Applicable,3,Statewide,4165
30875,2022,P,Not Applicable,Gasoline,2020,PHEV,0 to 50 miles,1,Statewide,4168
30876,2022,T6,6,Gasoline,1996,ICE,Not Applicable,1,Statewide,24
30877,2022,T6,5,Gasoline,1992,ICE,Not Applicable,≥4,Statewide,24
30878,2022,T6,5,Gasoline,1991,ICE,Not Applicable,≥4,Statewide,24
30879,2022,T6,6,Gasoline,1983,ICE,Not Applicable,3,Statewide,24
30880,2022,T3,2,Diesel,2007,ICE,Not Applicable,2,Statewide,24
30881,2022,T3,2,Diesel,2000,ICE,Not Applicable,3,Statewide,24
30882,2022,T2,Unknown,Diesel,2015,ICE,Not Applicable,≥4,Statewide,24
30883,2022,T2,1,Diesel,1984,ICE,Not Applicable,3,Statewide,24
30884,2022,T1,1,Diesel,1990,ICE,Not Applicable,2,Statewide,24
30885,2022,T1,1,Diesel,1986,ICE,Not Applicable,2,Statewide,24
30886,2022,P,Not Applicable,Diesel,1997,ICE,Not Applicable,2,Statewide,24
30887,2022,BT,Not Applicable,Diesel,1995,ICE,Not Applicable,1,Statewide,24
30888,2022,BS,Not Applicable,Diesel,2018,ICE,Not Applicable,2,Statewide,24
30889,2022,BS,Not Applicable,Diesel,2006,ICE,Not Applicable,2,Statewide,24
30890,2022,BS,Not Applicable,Diesel,1992,ICE,Not Applicable,1,Statewide,24
30891,2022,B,Not Applicable,Diesel,2022,ICE,Not Applicable,2,Statewide,24
30892,2022,B,Not Applicable,Diesel,2011,ICE,Not Applicable,1,Statewide,24
30893,2022,B,Not Applicable,Diesel,1996,ICE,Not Applicable,2,Statewide,24
30894,2022,T4,2,Diesel,2002,ICE,Not Applicable,≥4,Statewide,4245
30895,2022,P,Not Applicable,Gasoline,2018,PHEV,0 to 50 miles,1,Statewide,4247
30896,2022,T4,2,Diesel,2022,ICE,Not Applicable,3,Statewide,4256
30897,2022,T5,3,Diesel,1988,ICE,Not Applicable,≥4,Statewide,24
30898,2022,T6,5,Diesel,2001,ICE,Not Applicable,3,Statewide,10
30899,2022,T6,Unknown,Diesel,1979,ICE,Not Applicable,1,Statewide,24
30900,2022,T6,Unknown,Diesel,1992,ICE,Not Applicable,≥4,Statewide,24
30901,2022,T6,Unknown,Gasoline,1979,ICE,Not Applicable,≥4,Statewide,24
30902,2022,T3,Unknown,Gasoline,1990,ICE,Not Applicable,3,Statewide,24
30903,2022,T2,Unknown,Gasoline,1997,ICE,Not Applicable,2,Statewide,24
30904,2022,T2,Unknown,Gasoline,1985,ICE,Not Applicable,1,Statewide,24
30905,2022,T2,Unknown,Gasoline,1982,ICE,Not Applicable,3,Statewide,24
30906,2022,T2,Unknown,Gasoline,1981,ICE,Not Applicable,1,Statewide,24
30907,2022,T1,Unknown,Gasoline,1995,ICE,Not Applicable,≥4,Statewide,24
30908,2022,BS,Not Applicable,Gasoline,1999,ICE,Not Applicable,≥4,Statewide,24
30909,2022,BS,Not Applicable,Gasoline,1979,ICE,Not Applicable,1,Statewide,24
30910,2022,B,Not Applicable,Gasoline,2023,ICE,Not Applicable,1,Statewide,24
30911,2022,B,Not Applicable,Gasoline,2002,ICE,Not Applicable,1,Statewide,24
30912,2022,B,Not Applicable,Gasoline,1992,ICE,Not Applicable,≥4,Statewide,24
30913,2022,MC,Not Applicable,Electric,2019,BEV,Unknown,3,Statewide,24
30914,2022,MC,Not Applicable,Electric,2017,BEV,Unknown,≥4,Statewide,24
30915,2022,T6,5,Diesel,2000,ICE,Not Applicable,2,Statewide,24
30916,2022,T6,4,Diesel,1994,ICE,Not Applicable,2,Statewide,24
30917,2022,T6,6,Diesel,1994,ICE,Not Applicable,1,Statewide,24
30918,2022,T6,7,Diesel,1985,ICE,Not Applicable,1,Statewide,24
30919,2022,T6,7,Natural Gas,2005,ICE,Not Applicable,1,Statewide,1
30920,2022,T4,Unknown,Gasoline,2018,ICE,Not Applicable,2,Statewide,19
30921,2022,T2,Unknown,Gasoline,1997,ICE,Not Applicable,1,Statewide,19
30922,2022,T2,1,Diesel,2017,ICE,Not Applicable,2,Statewide,15
30923,2022,T2,1,Diesel,2015,ICE,Not Applicable,1,Statewide,15
30924,2022,T2,1,Diesel,2014,ICE,Not Applicable,2,Statewide,15
30925,2022,T2,1,Diesel,2014,ICE,Not Applicable,3,Statewide,15
30926,2022,T2,1,Diesel,2012,ICE,Not Applicable,2,Statewide,15
30927,2022,T2,Unknown,Diesel,1994,ICE,Not Applicable,≥4,Statewide,15
30928,2022,T2,Unknown,Diesel,1984,ICE,Not Applicable,≥4,Statewide,15
30929,2022,T3,Unknown,Diesel,1992,ICE,Not Applicable,≥4,Statewide,15
30930,2022,P,Not Applicable,Diesel,1993,ICE,Not Applicable,2,Statewide,15
30931,2022,MH,Not Applicable,Diesel,1991,ICE,Not Applicable,1,Statewide,15
30932,2022,MH,Not Applicable,Diesel,1991,ICE,Not Applicable,3,Statewide,15
30933,2022,MH,Not Applicable,Diesel,1987,ICE,Not Applicable,3,Statewide,15
30934,2022,BS,Not Applicable,Diesel,2013,ICE,Not Applicable,3,Statewide,15
30935,2022,BS,Not Applicable,Diesel,1999,ICE,Not Applicable,3,Statewide,15
30936,2022,BS,Not Applicable,Diesel,1995,ICE,Not Applicable,3,Statewide,15
30937,2022,B,Not Applicable,Diesel,2019,ICE,Not Applicable,3,Statewide,15
30938,2022,MH,Not Applicable,Diesel,2024,ICE,Not Applicable,1,Statewide,15
30939,2022,T3,2,Diesel,1994,ICE,Not Applicable,≥4,Statewide,15
30940,2022,T3,2,Diesel,1996,ICE,Not Applicable,1,Statewide,15
30941,2022,T3,2,Diesel,2003,ICE,Not Applicable,3,Statewide,15
30942,2022,BS,Not Applicable,Gasoline,2014,ICE,Not Applicable,1,Statewide,15
30943,2022,BS,Not Applicable,Gasoline,1981,ICE,Not Applicable,1,Statewide,15
30944,2022,B,Not Applicable,Gasoline,1994,ICE,Not Applicable,1,Statewide,15
30945,2022,B,Not Applicable,Gasoline,1982,ICE,Not Applicable,≥4,Statewide,15
30946,2022,T3,Unknown,Electric,2008,BEV,Unknown,≥4,Statewide,15
30947,2022,T1,1,Electric,2004,BEV,Unknown,1,Statewide,15
30948,2022,P,Not Applicable,Electric,2005,BEV,Unknown,≥4,Statewide,15
30949,2022,MC,Not Applicable,Electric,2015,BEV,Unknown,≥4,Statewide,15
30950,2022,T7,8,Diesel,1984,ICE,Not Applicable,3,Statewide,15
30951,2022,T6,Unknown,Diesel,2011,ICE,Not Applicable,≥4,Statewide,15
30952,2022,T6,Unknown,Diesel,2000,ICE,Not Applicable,≥4,Statewide,15
30953,2022,T6,5,Diesel,1998,ICE,Not Applicable,1,Statewide,15
30954,2022,T6,Unknown,Diesel,1987,ICE,Not Applicable,≥4,Statewide,15
30955,2022,T6,6,Diesel,1979,ICE,Not Applicable,1,Statewide,15
30956,2022,T4,Unknown,Diesel,2010,ICE,Not Applicable,≥4,Statewide,15
30957,2022,T4,Unknown,Diesel,1986,ICE,Not Applicable,≥4,Statewide,15
30958,2022,T3,Unknown,Diesel,2020,ICE,Not Applicable,≥4,Statewide,15
30959,2022,B,Not Applicable,Diesel,2015,ICE,Not Applicable,1,Statewide,15
30960,2022,T1,Unknown,Gasoline,1986,ICE,Not Applicable,2,Statewide,15
30961,2022,B,Not Applicable,Diesel,1998,ICE,Not Applicable,2,Statewide,15
30962,2022,P,Not Applicable,Gasoline,2022,PHEV,51 to 100 miles,1,Statewide,5207
30963,2022,T2,1,Gasoline,1999,ICE,Not Applicable,3,Statewide,5824
30964,2022,P,Not Applicable,Gasoline,2019,PHEV,0 to 50 miles,1,Statewide,5819
30965,2022,T4,2,Gasoline,2018,ICE,Not Applicable,≥4,Statewide,5788
30966,2022,MC,Not Applicable,Gasoline,2019,ICE,Not Applicable,2,Statewide,5785
30967,2022,T2,Unknown,Gasoline,2015,ICE,Not Applicable,2,Statewide,5777
30968,2022,T3,2,Natural Gas,2007,ICE,Not Applicable,3,Statewide,14
30969,2022,T3,2,Natural Gas,2004,ICE,Not Applicable,2,Statewide,14
30970,2022,T1,1,Gasoline,2011,ICE,Not Applicable,3,Statewide,5826
30971,2022,P,Not Applicable,Natural Gas,2002,ICE,Not Applicable,≥4,Statewide,14
30972,2022,T7,8,Gasoline,1991,ICE,Not Applicable,≥4,Statewide,14
30973,2022,T7,8,Gasoline,1983,ICE,Not Applicable,≥4,Statewide,14
30974,2022,T6,5,Gasoline,2019,ICE,Not Applicable,2,Statewide,14
30975,2022,T6,4,Gasoline,2016,ICE,Not Applicable,2,Statewide,14
30976,2022,T6,4,Gasoline,2015,ICE,Not Applicable,1,Statewide,14
30977,2022,T6,6,Gasoline,2012,ICE,Not Applicable,3,Statewide,14
30978,2022,T6,5,Gasoline,2011,ICE,Not Applicable,2,Statewide,14
30979,2022,P,Not Applicable,Natural Gas,1978,ICE,Not Applicable,3,Statewide,14
30980,2022,T5,3,Diesel,2011,ICE,Not Applicable,≥4,Statewide,5853
30981,2022,T3,Unknown,Gasoline,2012,ICE,Not Applicable,3,Statewide,5858
30982,2022,MC,Not Applicable,Gasoline,2009,ICE,Not Applicable,3,Statewide,5400
30983,2022,T2,1,Gasoline,2024,ICE,Not Applicable,1,Statewide,5219
30984,2022,T4,2,Gasoline,2000,ICE,Not Applicable,≥4,Statewide,5226
30985,2022,T7,8,Diesel,2012,ICE,Not Applicable,≥4,Statewide,5242
30986,2022,T1,1,Gasoline,1998,ICE,Not Applicable,2,Statewide,5250
30987,2022,T4,2,Diesel,2010,ICE,Not Applicable,2,Statewide,5256
30988,2022,T5,3,Diesel,2022,ICE,Not Applicable,≥4,Statewide,5274
30989,2022,MC,Not Applicable,Gasoline,2007,ICE,Not Applicable,3,Statewide,5283
30990,2022,T4,2,Diesel,2010,ICE,Not Applicable,3,Statewide,5309
30991,2022,T6,5,Diesel,2022,ICE,Not Applicable,≥4,Statewide,5317
30992,2022,P,Not Applicable,Gasoline,1994,ICE,Not Applicable,3,Statewide,5320
30993,2022,MC,Not Applicable,Gasoline,2010,ICE,Not Applicable,2,Statewide,5323
30994,2022,T1,1,Gasoline,2010,ICE,Not Applicable,2,Statewide,5334
30995,2022,T3,2,Gasoline,1999,ICE,Not Applicable,1,Statewide,5369
30996,2022,T2,1,Gasoline,1998,ICE,Not Applicable,1,Statewide,5371
30997,2022,T5,3,Diesel,2020,ICE,Not Applicable,≥4,Statewide,5378
30998,2022,T4,2,Diesel,2021,ICE,Not Applicable,1,Statewide,5390
30999,2022,T1,1,Gasoline,2000,ICE,Not Applicable,1,Statewide,5399
31000,2022,B,Not Applicable,Diesel,1993,ICE,Not Applicable,1,Statewide,15
31001,2022,T1,Unknown,Gasoline,1989,ICE,Not Applicable,1,Statewide,15
31002,2022,T3,Unknown,Gasoline,1982,ICE,Not Applicable,2,Statewide,15
31003,2022,T3,Unknown,Gasoline,1983,ICE,Not Applicable,3,Statewide,15
31004,2022,T3,Unknown,Gasoline,1988,ICE,Not Applicable,3,Statewide,12
31005,2022,T3,Unknown,Gasoline,1989,ICE,Not Applicable,2,Statewide,12
31006,2022,T4,Unknown,Gasoline,1983,ICE,Not Applicable,≥4,Statewide,12
31007,2022,T4,Unknown,Gasoline,1991,ICE,Not Applicable,≥4,Statewide,12
31008,2022,T4,Unknown,Gasoline,2001,ICE,Not Applicable,≥4,Statewide,12
31009,2022,T4,Unknown,Gasoline,2003,ICE,Not Applicable,≥4,Statewide,12
31010,2022,T4,Unknown,Gasoline,2014,ICE,Not Applicable,3,Statewide,12
31011,2022,T2,Unknown,Gasoline,1991,ICE,Not Applicable,2,Statewide,12
31012,2022,T4,Unknown,Gasoline,2015,ICE,Not Applicable,3,Statewide,12
31013,2022,T6,7,Gasoline,1980,ICE,Not Applicable,1,Statewide,12
31014,2022,T6,6,Gasoline,1988,ICE,Not Applicable,1,Statewide,12
31015,2022,T6,6,Gasoline,1990,ICE,Not Applicable,2,Statewide,12
31016,2022,T6,6,Gasoline,1992,ICE,Not Applicable,3,Statewide,12
31017,2022,T6,6,Gasoline,1994,ICE,Not Applicable,1,Statewide,12
31018,2022,T6,6,Gasoline,2001,ICE,Not Applicable,3,Statewide,12
31019,2022,T6,6,Gasoline,2007,ICE,Not Applicable,2,Statewide,12
31020,2022,T5,3,Gasoline,1988,ICE,Not Applicable,2,Statewide,12
31021,2022,T1,Unknown,Gasoline,1986,ICE,Not Applicable,3,Statewide,12
31022,2022,BT,Not Applicable,Gasoline,1980,ICE,Not Applicable,≥4,Statewide,12
31023,2022,BS,Not Applicable,Gasoline,2021,ICE,Not Applicable,3,Statewide,12
31024,2022,B,Not Applicable,Electric,2021,BEV,Unknown,≥4,Statewide,12
31025,2022,T2,Unknown,Gasoline,2017,ICE,Not Applicable,≥4,Statewide,5157
31026,2022,MC,Not Applicable,Gasoline,2018,ICE,Not Applicable,2,Statewide,5168
31027,2022,BT,Not Applicable,Electric,2018,BEV,Unknown,≥4,Statewide,12
31028,2022,T1,1,Gasoline,2010,ICE,Not Applicable,1,Statewide,5184
31029,2022,T1,1,Gasoline,1998,ICE,Not Applicable,3,Statewide,5200
31030,2022,BT,Not Applicable,Electric,2023,BEV,Unknown,≥4,Statewide,12
31031,2022,P,Not Applicable,Electric,2001,BEV,Unknown,≥4,Statewide,12
31032,2022,P,Not Applicable,Electric,2010,BEV,Unknown,1,Statewide,12
31033,2022,P,Not Applicable,Electric,2011,BEV,Unknown,3,Statewide,12
31034,2022,P,Not Applicable,Electric,2016,BEV,>150 miles,2,Statewide,12
31035,2022,T3,Unknown,Electric,1997,BEV,Unknown,≥4,Statewide,12
31036,2022,T3,Unknown,Electric,1998,BEV,Unknown,≥4,Statewide,12
31037,2022,B,Not Applicable,Gasoline,1981,ICE,Not Applicable,≥4,Statewide,12
31038,2022,B,Not Applicable,Gasoline,1997,ICE,Not Applicable,1,Statewide,12
31039,2022,B,Not Applicable,Gasoline,1999,ICE,Not Applicable,2,Statewide,12
31040,2022,BS,Not Applicable,Gasoline,1990,ICE,Not Applicable,1,Statewide,12
31041,2022,T6,7,Gasoline,2017,ICE,Not Applicable,≥4,Statewide,12
31042,2022,T6,Unknown,Gasoline,2019,ICE,Not Applicable,1,Statewide,12
31043,2022,T6,Unknown,Gasoline,2020,ICE,Not Applicable,1,Statewide,12
31044,2022,T7,8,Gasoline,1980,ICE,Not Applicable,1,Statewide,12
31045,2022,T6,6,Gasoline,2013,ICE,Not Applicable,1,Statewide,15
31046,2022,T6,5,Gasoline,2012,ICE,Not Applicable,1,Statewide,15
31047,2022,T6,5,Gasoline,2012,ICE,Not Applicable,2,Statewide,15
31048,2022,T6,5,Gasoline,2011,ICE,Not Applicable,3,Statewide,15
31049,2022,T6,7,Gasoline,2011,ICE,Not Applicable,1,Statewide,15
31050,2022,T6,5,Gasoline,2010,ICE,Not Applicable,3,Statewide,15
31051,2022,T6,6,Gasoline,2003,ICE,Not Applicable,2,Statewide,15
31052,2022,T6,6,Gasoline,1996,ICE,Not Applicable,2,Statewide,15
31053,2022,T6,6,Gasoline,1990,ICE,Not Applicable,3,Statewide,15
31054,2022,T6,5,Gasoline,1983,ICE,Not Applicable,≥4,Statewide,15
31055,2022,T6,7,Gasoline,1982,ICE,Not Applicable,1,Statewide,15
31056,2022,T4,Unknown,Gasoline,2016,ICE,Not Applicable,3,Statewide,15
31057,2022,T4,Unknown,Gasoline,1984,ICE,Not Applicable,≥4,Statewide,15
31058,2022,T3,Unknown,Gasoline,2022,PHEV,0 to 50 miles,3,Statewide,15
31059,2022,T3,Unknown,Gasoline,1988,ICE,Not Applicable,1,Statewide,15
31060,2022,T3,Unknown,Gasoline,1985,ICE,Not Applicable,1,Statewide,15
31061,2022,T3,Unknown,Gasoline,1984,ICE,Not Applicable,1,Statewide,15
31062,2022,T6,5,Gasoline,2016,ICE,Not Applicable,3,Statewide,15
31063,2022,T6,6,Gasoline,2010,ICE,Not Applicable,2,Statewide,14
31064,2022,T6,5,Gasoline,2023,ICE,Not Applicable,3,Statewide,15
31065,2022,T7,8,Gasoline,1989,ICE,Not Applicable,≥4,Statewide,15
31066,2022,T7,8,Gasoline,1982,ICE,Not Applicable,≥4,Statewide,12
31067,2022,BT,Not Applicable,Natural Gas,2006,ICE,Not Applicable,1,Statewide,12
31068,2022,P,Not Applicable,Natural Gas,2003,ICE,Not Applicable,2,Statewide,12
31069,2022,T2,Unknown,Natural Gas,2017,ICE,Not Applicable,≥4,Statewide,12
31070,2022,T3,2,Natural Gas,2002,ICE,Not Applicable,2,Statewide,12
31071,2022,T4,2,Natural Gas,2002,ICE,Not Applicable,≥4,Statewide,12
31072,2022,T4,2,Natural Gas,2003,ICE,Not Applicable,≥4,Statewide,12
31073,2022,T7,8,Natural Gas,2022,ICE,Not Applicable,1,Statewide,12
31074,2022,MH,Not Applicable,Unknown,2020,ICE,Not Applicable,3,Statewide,12
31075,2022,MH,Not Applicable,Unknown,2022,ICE,Not Applicable,1,Statewide,12
31076,2022,T7,8,Natural Gas,2016,ICE,Not Applicable,2,Statewide,15
31077,2022,T6,Unknown,Natural Gas,2023,ICE,Not Applicable,≥4,Statewide,15
31078,2022,T3,2,Natural Gas,2008,ICE,Not Applicable,2,Statewide,15
31079,2022,T3,2,Natural Gas,2005,ICE,Not Applicable,2,Statewide,15
31080,2022,T3,2,Natural Gas,2000,ICE,Not Applicable,≥4,Statewide,15
31081,2022,P,Not Applicable,Natural Gas,2018,ICE,Not Applicable,1,Statewide,15
31082,2022,P,Not Applicable,Natural Gas,2003,ICE,Not Applicable,1,Statewide,15
31083,2022,T6,4,Gasoline,2023,ICE,Not Applicable,3,Statewide,15
31084,2022,T3,Unknown,Gasoline,2021,ICE,Not Applicable,2,Statewide,5111
31085,2022,T6,5,Gasoline,2006,ICE,Not Applicable,2,Statewide,14
31086,2022,MC,Not Applicable,Gasoline,2019,ICE,Not Applicable,1,Statewide,5769
31087,2022,T4,Unknown,Diesel,2013,ICE,Not Applicable,2,Statewide,13
31088,2022,T6,6,Diesel,1984,ICE,Not Applicable,≥4,Statewide,13
31089,2022,T6,7,Diesel,1987,ICE,Not Applicable,3,Statewide,13
31090,2022,T6,7,Diesel,1988,ICE,Not Applicable,3,Statewide,13
31091,2022,T6,7,Diesel,1989,ICE,Not Applicable,2,Statewide,13
31092,2022,T6,6,Diesel,1989,ICE,Not Applicable,1,Statewide,13
31093,2022,T6,6,Diesel,1990,ICE,Not Applicable,2,Statewide,13
31094,2022,T4,Unknown,Diesel,1978,ICE,Not Applicable,1,Statewide,13
31095,2022,T6,6,Diesel,1992,ICE,Not Applicable,2,Statewide,13
31096,2022,T6,Unknown,Diesel,1999,ICE,Not Applicable,≥4,Statewide,13
31097,2022,T6,5,Diesel,2001,ICE,Not Applicable,1,Statewide,13
31098,2022,T6,Unknown,Diesel,2017,ICE,Not Applicable,3,Statewide,13
31099,2022,T6,Unknown,Diesel,2018,ICE,Not Applicable,1,Statewide,13
31100,2022,T6,Unknown,Diesel,2020,ICE,Not Applicable,3,Statewide,13
31101,2022,MC,Not Applicable,Electric,2017,BEV,Unknown,3,Statewide,13
31102,2022,MC,Not Applicable,Electric,2020,BEV,Unknown,2,Statewide,13
31103,2022,T6,6,Diesel,1993,ICE,Not Applicable,3,Statewide,13
31104,2022,T3,2,Diesel,1997,ICE,Not Applicable,2,Statewide,13
31105,2022,T3,2,Diesel,1991,ICE,Not Applicable,1,Statewide,13
31106,2022,T2,1,Diesel,2017,ICE,Not Applicable,3,Statewide,13
31107,2022,B,Not Applicable,Diesel,1978,ICE,Not Applicable,3,Statewide,13
31108,2022,B,Not Applicable,Diesel,1981,ICE,Not Applicable,≥4,Statewide,13
31109,2022,B,Not Applicable,Diesel,1992,ICE,Not Applicable,1,Statewide,13
31110,2022,B,Not Applicable,Diesel,1996,ICE,Not Applicable,3,Statewide,13
31111,2022,B,Not Applicable,Diesel,1998,ICE,Not Applicable,3,Statewide,13
31112,2022,B,Not Applicable,Diesel,2021,ICE,Not Applicable,3,Statewide,13
31113,2022,BS,Not Applicable,Diesel,1993,ICE,Not Applicable,2,Statewide,13
31114,2022,BS,Not Applicable,Diesel,1997,ICE,Not Applicable,1,Statewide,13
31115,2022,BS,Not Applicable,Diesel,2020,ICE,Not Applicable,2,Statewide,13
31116,2022,MH,Not Applicable,Diesel,1983,ICE,Not Applicable,≥4,Statewide,13
31117,2022,MH,Not Applicable,Diesel,1991,ICE,Not Applicable,2,Statewide,13
31118,2022,MH,Not Applicable,Diesel,1992,ICE,Not Applicable,2,Statewide,13
31119,2022,P,Not Applicable,Diesel,1995,ICE,Not Applicable,3,Statewide,13
31120,2022,T2,Unknown,Diesel,1978,ICE,Not Applicable,3,Statewide,13
31121,2022,T2,1,Diesel,1979,ICE,Not Applicable,1,Statewide,13
31122,2022,T2,Unknown,Diesel,1995,ICE,Not Applicable,≥4,Statewide,13
31123,2022,T2,1,Diesel,2013,ICE,Not Applicable,≥4,Statewide,13
31124,2022,MC,Not Applicable,Electric,2020,BEV,Unknown,1,Statewide,13
31125,2022,T4,2,Gasoline,2008,ICE,Not Applicable,2,Statewide,5624
31126,2022,P,Not Applicable,Electric,2006,BEV,Unknown,1,Statewide,13
31127,2022,P,Not Applicable,Electric,2016,BEV,>150 miles,1,Statewide,13
31128,2022,T6,5,Gasoline,2015,ICE,Not Applicable,1,Statewide,13
31129,2022,T7,8,Gasoline,1981,ICE,Not Applicable,1,Statewide,13
31130,2022,T7,8,Gasoline,1990,ICE,Not Applicable,≥4,Statewide,13
31131,2022,MH,Not Applicable,Unknown,2022,ICE,Not Applicable,2,Statewide,13
31132,2022,T7,8,Natural Gas,2021,ICE,Not Applicable,2,Statewide,13
31133,2022,T7,8,Natural Gas,2015,ICE,Not Applicable,2,Statewide,13
31134,2022,T6,7,Natural Gas,2002,ICE,Not Applicable,≥4,Statewide,13
31135,2022,T6,6,Gasoline,2011,ICE,Not Applicable,2,Statewide,13
31136,2022,T4,2,Natural Gas,2023,ICE,Not Applicable,≥4,Statewide,13
31137,2022,T4,2,Natural Gas,2006,ICE,Not Applicable,2,Statewide,13
31138,2022,T3,2,Natural Gas,1997,ICE,Not Applicable,≥4,Statewide,13
31139,2022,P,Not Applicable,Natural Gas,2001,ICE,Not Applicable,≥4,Statewide,13
31140,2022,BT,Not Applicable,Natural Gas,2016,ICE,Not Applicable,1,Statewide,13
31141,2022,BS,Not Applicable,Natural Gas,2022,ICE,Not Applicable,1,Statewide,13
31142,2022,B,Not Applicable,Natural Gas,2003,ICE,Not Applicable,≥4,Statewide,13
31143,2022,B,Not Applicable,Natural Gas,2002,ICE,Not Applicable,≥4,Statewide,13
31144,2022,T4,2,Natural Gas,2018,ICE,Not Applicable,≥4,Statewide,13
31145,2022,T6,5,Gasoline,2007,ICE,Not Applicable,2,Statewide,13
31146,2022,T6,5,Gasoline,2006,ICE,Not Applicable,3,Statewide,13
31147,2022,T6,7,Gasoline,1992,ICE,Not Applicable,1,Statewide,13
31148,2022,P,Not Applicable,Electric,2023,BEV,Unknown,≥4,Statewide,13
31149,2022,T2,1,Electric,2007,BEV,Unknown,2,Statewide,13
31150,2022,T2,Unknown,Electric,2016,BEV,Unknown,≥4,Statewide,13
31151,2022,T7,8,Electric,2018,BEV,Unknown,1,Statewide,13
31152,2022,B,Not Applicable,Gasoline,2001,ICE,Not Applicable,1,Statewide,13
31153,2022,BS,Not Applicable,Gasoline,2016,ICE,Not Applicable,1,Statewide,13
31154,2022,BS,Not Applicable,Gasoline,2021,ICE,Not Applicable,2,Statewide,13
31155,2022,T1,Unknown,Gasoline,2003,ICE,Not Applicable,2,Statewide,13
31156,2022,T1,Unknown,Gasoline,2007,ICE,Not Applicable,3,Statewide,13
31157,2022,T2,Unknown,Gasoline,1981,ICE,Not Applicable,2,Statewide,13
31158,2022,T3,Unknown,Gasoline,2024,PHEV,0 to 50 miles,1,Statewide,13
31159,2022,T4,Unknown,Gasoline,1981,ICE,Not Applicable,≥4,Statewide,13
31160,2022,T4,Unknown,Gasoline,1986,ICE,Not Applicable,≥4,Statewide,13
31161,2022,T5,3,Gasoline,1983,ICE,Not Applicable,≥4,Statewide,13
31162,2022,T5,3,Gasoline,1987,ICE,Not Applicable,1,Statewide,13
31163,2022,T6,Unknown,Gasoline,1987,ICE,Not Applicable,≥4,Statewide,13
31164,2022,T6,5,Gasoline,1988,ICE,Not Applicable,≥4,Statewide,13
31165,2022,P,Not Applicable,Electric,2008,BEV,Unknown,1,Statewide,13
31166,2022,T1,1,Gasoline,1999,ICE,Not Applicable,1,Statewide,5587
31167,2022,T4,2,Diesel,2021,ICE,Not Applicable,2,Statewide,5564
31168,2022,T4,2,Gasoline,2003,ICE,Not Applicable,≥4,Statewide,5554
31169,2022,B,Not Applicable,Gasoline,1988,ICE,Not Applicable,≥4,Statewide,14
31170,2022,T7,8,Electric,2018,BEV,Unknown,≥4,Statewide,14
31171,2022,T5,3,Electric,2016,BEV,Unknown,≥4,Statewide,14
31172,2022,T3,Unknown,Electric,2007,BEV,Unknown,1,Statewide,14
31173,2022,T2,1,Electric,2017,BEV,101 to 150 miles,≥4,Statewide,14
31174,2022,P,Not Applicable,Electric,2019,BEV,Unknown,3,Statewide,14
31175,2022,P,Not Applicable,Electric,2009,BEV,Unknown,2,Statewide,14
31176,2022,BS,Not Applicable,Gasoline,1982,ICE,Not Applicable,1,Statewide,14
31177,2022,P,Not Applicable,Electric,1978,BEV,Unknown,≥4,Statewide,14
31178,2022,MC,Not Applicable,Electric,2018,BEV,Unknown,2,Statewide,14
31179,2022,T7,8,Diesel,1987,ICE,Not Applicable,3,Statewide,14
31180,2022,T7,8,Diesel,1986,ICE,Not Applicable,3,Statewide,14
31181,2022,T6,Unknown,Diesel,2018,ICE,Not Applicable,3,Statewide,14
31182,2022,T6,Unknown,Diesel,2003,ICE,Not Applicable,≥4,Statewide,14
31183,2022,T6,5,Diesel,1999,ICE,Not Applicable,1,Statewide,14
31184,2022,T6,5,Diesel,1997,ICE,Not Applicable,2,Statewide,14
31185,2022,T3,2,Gasoline,1997,ICE,Not Applicable,≥4,Statewide,5721
31186,2022,BS,Not Applicable,Gasoline,2010,ICE,Not Applicable,2,Statewide,14
31187,2022,BT,Not Applicable,Gasoline,1988,ICE,Not Applicable,≥4,Statewide,14
31188,2022,BT,Not Applicable,Gasoline,2022,ICE,Not Applicable,2,Statewide,14
31189,2022,T6,6,Gasoline,2001,ICE,Not Applicable,2,Statewide,14
31190,2022,T6,7,Gasoline,2000,ICE,Not Applicable,1,Statewide,14
31191,2022,T6,7,Gasoline,1991,ICE,Not Applicable,1,Statewide,14
31192,2022,T4,2,Diesel,2009,ICE,Not Applicable,3,Statewide,5756
31193,2022,T6,6,Gasoline,1981,ICE,Not Applicable,2,Statewide,14
31194,2022,T4,Unknown,Gasoline,1997,ICE,Not Applicable,≥4,Statewide,14
31195,2022,T4,Unknown,Gasoline,1989,ICE,Not Applicable,≥4,Statewide,14
31196,2022,T3,Unknown,Gasoline,1989,ICE,Not Applicable,1,Statewide,14
31197,2022,T3,Unknown,Gasoline,1989,ICE,Not Applicable,3,Statewide,14
31198,2022,T4,2,Gasoline,2008,ICE,Not Applicable,3,Statewide,5752
31199,2022,T3,Unknown,Gasoline,1983,ICE,Not Applicable,2,Statewide,14
31200,2022,T2,1,Gasoline,2024,PHEV,0 to 50 miles,≥4,Statewide,14
31201,2022,T2,Unknown,Gasoline,1991,ICE,Not Applicable,3,Statewide,14
31202,2022,T2,Unknown,Gasoline,1990,ICE,Not Applicable,3,Statewide,14
31203,2022,T2,Unknown,Gasoline,1986,ICE,Not Applicable,2,Statewide,14
31204,2022,T1,Unknown,Gasoline,2010,ICE,Not Applicable,3,Statewide,14
31205,2022,T1,Unknown,Gasoline,2006,ICE,Not Applicable,3,Statewide,14
31206,2022,T6,7,Diesel,1984,ICE,Not Applicable,2,Statewide,14
31207,2022,T6,Unknown,Diesel,1982,ICE,Not Applicable,1,Statewide,14
31208,2022,T6,6,Diesel,1981,ICE,Not Applicable,1,Statewide,14
31209,2022,T4,Unknown,Diesel,2013,ICE,Not Applicable,3,Statewide,14
31210,2022,B,Not Applicable,Diesel,2018,ICE,Not Applicable,3,Statewide,14
31211,2022,B,Not Applicable,Diesel,2015,ICE,Not Applicable,3,Statewide,14
31212,2022,B,Not Applicable,Diesel,2001,ICE,Not Applicable,2,Statewide,14
31213,2022,B,Not Applicable,Diesel,2000,ICE,Not Applicable,3,Statewide,14
31214,2022,B,Not Applicable,Diesel,1995,ICE,Not Applicable,3,Statewide,14
31215,2022,B,Not Applicable,Diesel,1990,ICE,Not Applicable,1,Statewide,14
31216,2022,MC,Not Applicable,Gasoline,2011,ICE,Not Applicable,1,Statewide,5410
31217,2022,T2,Unknown,Gasoline,1978,ICE,Not Applicable,≥4,Statewide,5684
31218,2022,T2,1,Gasoline,1978,ICE,Not Applicable,3,Statewide,5668
31219,2022,T4,2,Diesel,2022,ICE,Not Applicable,1,Statewide,5433
31220,2022,T4,2,Diesel,2023,ICE,Not Applicable,≥4,Statewide,5440
31221,2022,T4,2,Gasoline,2001,ICE,Not Applicable,≥4,Statewide,5451
31222,2022,T2,1,Gasoline,1998,ICE,Not Applicable,2,Statewide,5471
31223,2022,MC,Not Applicable,Gasoline,2014,ICE,Not Applicable,2,Statewide,5482
31224,2022,P,Not Applicable,Gasoline,1989,ICE,Not Applicable,≥4,Statewide,5514
31225,2022,P,Not Applicable,Gasoline,2022,PHEV,51 to 100 miles,2,Statewide,5636
31226,2022,T4,2,Gasoline,1978,ICE,Not Applicable,≥4,Statewide,5629
31227,2022,B,Not Applicable,Diesel,2023,ICE,Not Applicable,2,Statewide,14
31228,2022,T6,7,Gasoline,2002,ICE,Not Applicable,1,Statewide,14
31229,2022,BS,Not Applicable,Diesel,1980,ICE,Not Applicable,≥4,Statewide,14
31230,2022,BS,Not Applicable,Diesel,2019,ICE,Not Applicable,2,Statewide,14
31231,2022,T3,2,Diesel,2007,ICE,Not Applicable,3,Statewide,14
31232,2022,T3,2,Diesel,2005,ICE,Not Applicable,≥4,Statewide,14
31233,2022,T3,2,Diesel,2003,ICE,Not Applicable,1,Statewide,14
31234,2022,T3,2,Diesel,1986,ICE,Not Applicable,≥4,Statewide,14
31235,2022,T4,2,Diesel,2009,ICE,Not Applicable,2,Statewide,5716
31236,2022,T2,1,Diesel,2016,ICE,Not Applicable,1,Statewide,14
31237,2022,T2,1,Diesel,2016,ICE,Not Applicable,2,Statewide,14
31238,2022,T2,1,Diesel,2013,ICE,Not Applicable,1,Statewide,14
31239,2022,T2,Unknown,Diesel,1996,ICE,Not Applicable,≥4,Statewide,14
31240,2022,T2,1,Diesel,1985,ICE,Not Applicable,2,Statewide,14
31241,2022,T2,1,Diesel,1980,ICE,Not Applicable,3,Statewide,14
31242,2022,T1,Unknown,Diesel,2000,ICE,Not Applicable,≥4,Statewide,14
31243,2022,T1,Unknown,Diesel,1988,ICE,Not Applicable,≥4,Statewide,14
31244,2022,T1,Unknown,Diesel,1983,ICE,Not Applicable,≥4,Statewide,14
31245,2022,T1,Unknown,Diesel,1978,ICE,Not Applicable,3,Statewide,14
31246,2022,MH,Not Applicable,Diesel,1978,ICE,Not Applicable,2,Statewide,14
31247,2022,BT,Not Applicable,Diesel,2002,ICE,Not Applicable,1,Statewide,14
31248,2022,BS,Not Applicable,Diesel,1994,ICE,Not Applicable,2,Statewide,14
31249,2022,T6,Unknown,Diesel,2021,ICE,Not Applicable,1,Statewide,12
31250,2022,T6,Unknown,Diesel,2017,ICE,Not Applicable,1,Statewide,12
31251,2022,T6,Unknown,Diesel,2014,ICE,Not Applicable,3,Statewide,12
31252,2022,T6,6,Diesel,1994,ICE,Not Applicable,2,Statewide,18
31253,2022,T6,5,Diesel,1992,ICE,Not Applicable,≥4,Statewide,18
31254,2022,T6,5,Diesel,1991,ICE,Not Applicable,≥4,Statewide,18
31255,2022,T6,7,Diesel,1988,ICE,Not Applicable,1,Statewide,18
31256,2022,T6,6,Diesel,1981,ICE,Not Applicable,≥4,Statewide,18
31257,2022,T6,6,Diesel,1979,ICE,Not Applicable,≥4,Statewide,18
31258,2022,T4,Unknown,Diesel,2011,ICE,Not Applicable,3,Statewide,18
31259,2022,T6,Unknown,Diesel,1997,ICE,Not Applicable,≥4,Statewide,18
31260,2022,T4,Unknown,Diesel,2003,ICE,Not Applicable,≥4,Statewide,18
31261,2022,T3,Unknown,Diesel,1978,ICE,Not Applicable,1,Statewide,18
31262,2022,T2,Unknown,Diesel,1991,ICE,Not Applicable,≥4,Statewide,18
31263,2022,T1,Unknown,Diesel,1986,ICE,Not Applicable,≥4,Statewide,18
31264,2022,P,Not Applicable,Diesel,1998,ICE,Not Applicable,2,Statewide,18
31265,2022,P,Not Applicable,Diesel,1995,ICE,Not Applicable,2,Statewide,18
31266,2022,MH,Not Applicable,Diesel,1992,ICE,Not Applicable,1,Statewide,18
31267,2022,BT,Not Applicable,Diesel,1985,ICE,Not Applicable,1,Statewide,18
31268,2022,T4,Unknown,Diesel,2001,ICE,Not Applicable,≥4,Statewide,18
31269,2022,T6,5,Diesel,2002,ICE,Not Applicable,1,Statewide,18
31270,2022,T6,5,Diesel,2003,ICE,Not Applicable,2,Statewide,18
31271,2022,T6,Unknown,Diesel,2010,ICE,Not Applicable,≥4,Statewide,18
31272,2022,T4,Unknown,Gasoline,2015,ICE,Not Applicable,≥4,Statewide,18
31273,2022,T3,Unknown,Gasoline,1982,ICE,Not Applicable,3,Statewide,18
31274,2022,T2,1,Gasoline,2024,PHEV,0 to 50 miles,3,Statewide,18
31275,2022,T2,Unknown,Gasoline,1993,ICE,Not Applicable,2,Statewide,18
31276,2022,T2,Unknown,Gasoline,1993,ICE,Not Applicable,3,Statewide,18
31277,2022,T2,Unknown,Gasoline,1992,ICE,Not Applicable,1,Statewide,18
31278,2022,T1,Unknown,Gasoline,2010,ICE,Not Applicable,1,Statewide,18
31279,2022,T1,Unknown,Gasoline,2007,ICE,Not Applicable,1,Statewide,18
31280,2022,T1,Unknown,Gasoline,2006,ICE,Not Applicable,2,Statewide,18
31281,2022,BS,Not Applicable,Gasoline,2002,ICE,Not Applicable,≥4,Statewide,18
31282,2022,BS,Not Applicable,Gasoline,2001,ICE,Not Applicable,≥4,Statewide,18
31283,2022,B,Not Applicable,Gasoline,1999,ICE,Not Applicable,3,Statewide,18
31284,2022,T2,Unknown,Electric,2022,BEV,Unknown,≥4,Statewide,18
31285,2022,P,Not Applicable,Electric,2012,BEV,Unknown,3,Statewide,18
31286,2022,MC,Not Applicable,Electric,2018,BEV,Unknown,3,Statewide,18
31287,2022,T6,5,Diesel,2024,ICE,Not Applicable,3,Statewide,18
31288,2022,T6,Unknown,Diesel,2019,ICE,Not Applicable,3,Statewide,18
31289,2022,BS,Not Applicable,Diesel,2024,ICE,Not Applicable,2,Statewide,18
31290,2022,T5,3,Gasoline,1978,ICE,Not Applicable,1,Statewide,18
31291,2022,BS,Not Applicable,Diesel,2021,ICE,Not Applicable,3,Statewide,18
31292,2022,BS,Not Applicable,Diesel,2012,ICE,Not Applicable,2,Statewide,18
31293,2022,P,Not Applicable,Natural Gas,2018,ICE,Not Applicable,3,Statewide,17
31294,2022,B,Not Applicable,Natural Gas,2004,ICE,Not Applicable,≥4,Statewide,17
31295,2022,T6,6,Gasoline,2018,ICE,Not Applicable,3,Statewide,17
31296,2022,T6,7,Gasoline,2018,ICE,Not Applicable,≥4,Statewide,17
31297,2022,T6,4,Gasoline,2016,ICE,Not Applicable,1,Statewide,17
31298,2022,T6,6,Gasoline,2012,ICE,Not Applicable,1,Statewide,17
31299,2022,T6,6,Gasoline,2010,ICE,Not Applicable,1,Statewide,17
31300,2022,P,Not Applicable,Natural Gas,2018,ICE,Not Applicable,2,Statewide,17
31301,2022,T6,5,Gasoline,2004,ICE,Not Applicable,2,Statewide,17
31302,2022,MC,Not Applicable,Gasoline,2012,ICE,Not Applicable,1,Statewide,6120
31303,2022,T6,7,Gasoline,1999,ICE,Not Applicable,≥4,Statewide,17
31304,2022,T6,6,Gasoline,1997,ICE,Not Applicable,3,Statewide,17
31305,2022,T6,5,Gasoline,1996,ICE,Not Applicable,≥4,Statewide,17
31306,2022,T6,6,Gasoline,1996,ICE,Not Applicable,3,Statewide,17
31307,2022,T6,6,Gasoline,1992,ICE,Not Applicable,1,Statewide,17
31308,2022,T6,6,Gasoline,1990,ICE,Not Applicable,1,Statewide,17
31309,2022,T6,6,Gasoline,2000,ICE,Not Applicable,3,Statewide,17
31310,2022,T3,2,Natural Gas,2003,ICE,Not Applicable,1,Statewide,17
31311,2022,T3,2,Natural Gas,2008,ICE,Not Applicable,3,Statewide,17
31312,2022,T4,2,Natural Gas,2006,ICE,Not Applicable,1,Statewide,17
31313,2022,BS,Not Applicable,Diesel,2001,ICE,Not Applicable,2,Statewide,18
31314,2022,BS,Not Applicable,Diesel,1993,ICE,Not Applicable,1,Statewide,18
31315,2022,BS,Not Applicable,Diesel,1986,ICE,Not Applicable,≥4,Statewide,18
31316,2022,B,Not Applicable,Diesel,2022,ICE,Not Applicable,3,Statewide,18
31317,2022,B,Not Applicable,Diesel,2011,ICE,Not Applicable,3,Statewide,18
31318,2022,B,Not Applicable,Diesel,2003,ICE,Not Applicable,3,Statewide,18
31319,2022,T4,2,Gasoline,2009,ICE,Not Applicable,3,Statewide,4844
31320,2022,T4,2,Gasoline,2019,ICE,Not Applicable,≥4,Statewide,4853
31321,2022,T2,Unknown,Gasoline,2015,ICE,Not Applicable,≥4,Statewide,4862
31322,2022,T4,2,Gasoline,2017,ICE,Not Applicable,≥4,Statewide,4902
31323,2022,T4,2,Diesel,2011,ICE,Not Applicable,1,Statewide,4907
31324,2022,MH,Not Applicable,Unknown,2021,ICE,Not Applicable,≥4,Statewide,17
31325,2022,MH,Not Applicable,Unknown,2017,ICE,Not Applicable,1,Statewide,17
31326,2022,T7,8,Natural Gas,2017,ICE,Not Applicable,1,Statewide,17
31327,2022,T7,8,Natural Gas,2017,ICE,Not Applicable,2,Statewide,17
31328,2022,T7,8,Natural Gas,2014,ICE,Not Applicable,2,Statewide,17
31329,2022,T6,6,Natural Gas,2012,ICE,Not Applicable,1,Statewide,17
31330,2022,BS,Not Applicable,Diesel,2015,ICE,Not Applicable,3,Statewide,18
31331,2022,T6,7,Gasoline,1978,ICE,Not Applicable,3,Statewide,18
31332,2022,T6,6,Gasoline,1987,ICE,Not Applicable,1,Statewide,18
31333,2022,T6,5,Gasoline,1987,ICE,Not Applicable,≥4,Statewide,18
31334,2022,T2,1,Diesel,1984,ICE,Not Applicable,2,Statewide,19
31335,2022,P,Not Applicable,Diesel,1999,ICE,Not Applicable,1,Statewide,19
31336,2022,P,Not Applicable,Diesel,1995,ICE,Not Applicable,1,Statewide,19
31337,2022,MH,Not Applicable,Diesel,1989,ICE,Not Applicable,2,Statewide,19
31338,2022,MH,Not Applicable,Diesel,1989,ICE,Not Applicable,3,Statewide,19
31339,2022,MH,Not Applicable,Diesel,1986,ICE,Not Applicable,≥4,Statewide,19
31340,2022,BT,Not Applicable,Diesel,2014,ICE,Not Applicable,1,Statewide,19
31341,2022,T2,1,Diesel,2014,ICE,Not Applicable,≥4,Statewide,19
31342,2022,BT,Not Applicable,Diesel,2004,ICE,Not Applicable,1,Statewide,19
31343,2022,BS,Not Applicable,Diesel,2023,ICE,Not Applicable,2,Statewide,19
31344,2022,BS,Not Applicable,Diesel,2014,ICE,Not Applicable,2,Statewide,19
31345,2022,B,Not Applicable,Diesel,2020,ICE,Not Applicable,3,Statewide,19
31346,2022,B,Not Applicable,Diesel,2012,ICE,Not Applicable,1,Statewide,19
31347,2022,B,Not Applicable,Diesel,2012,ICE,Not Applicable,3,Statewide,19
31348,2022,B,Not Applicable,Diesel,2009,ICE,Not Applicable,1,Statewide,19
31349,2022,B,Not Applicable,Diesel,2000,ICE,Not Applicable,2,Statewide,19
31350,2022,BS,Not Applicable,Diesel,2024,ICE,Not Applicable,1,Statewide,19
31351,2022,T3,2,Diesel,1996,ICE,Not Applicable,≥4,Statewide,19
31352,2022,T4,Unknown,Diesel,2013,ICE,Not Applicable,1,Statewide,19
31353,2022,T6,6,Diesel,1993,ICE,Not Applicable,2,Statewide,19
31354,2022,T2,Unknown,Gasoline,1990,ICE,Not Applicable,2,Statewide,19
31355,2022,T1,Unknown,Gasoline,2003,ICE,Not Applicable,1,Statewide,19
31356,2022,BT,Not Applicable,Gasoline,2016,ICE,Not Applicable,1,Statewide,19
31357,2022,BS,Not Applicable,Gasoline,2007,ICE,Not Applicable,1,Statewide,11
31358,2022,T4,Unknown,Electric,1990,BEV,Unknown,≥4,Statewide,19
31359,2022,T1,1,Electric,2006,BEV,Unknown,≥4,Statewide,19
31360,2022,P,Not Applicable,Electric,2019,BEV,Unknown,2,Statewide,19
31361,2022,MC,Not Applicable,Electric,2019,BEV,Unknown,1,Statewide,19
31362,2022,T1,Unknown,Gasoline,1988,ICE,Not Applicable,3,Statewide,11
31363,2022,T7,8,Diesel,1988,ICE,Not Applicable,2,Statewide,19
31364,2022,T7,8,Diesel,1988,ICE,Not Applicable,3,Statewide,19
31365,2022,T6,4,Diesel,2024,ICE,Not Applicable,1,Statewide,19
31366,2022,T6,Unknown,Diesel,2019,ICE,Not Applicable,1,Statewide,19
31367,2022,T6,5,Diesel,2002,ICE,Not Applicable,2,Statewide,19
31368,2022,T6,6,Diesel,1997,ICE,Not Applicable,3,Statewide,19
31369,2022,T6,4,Diesel,1996,ICE,Not Applicable,2,Statewide,19
31370,2022,T6,6,Diesel,1993,ICE,Not Applicable,1,Statewide,19
31371,2022,B,Not Applicable,Diesel,1995,ICE,Not Applicable,2,Statewide,19
31372,2022,T1,Unknown,Gasoline,2002,ICE,Not Applicable,3,Statewide,11
31373,2022,T1,Unknown,Gasoline,2002,ICE,Not Applicable,1,Statewide,11
31374,2022,T4,2,Diesel,2008,ICE,Not Applicable,2,Statewide,4696
31375,2022,T6,6,Gasoline,2010,ICE,Not Applicable,3,Statewide,11
31376,2022,T6,Unknown,Gasoline,2023,ICE,Not Applicable,≥4,Statewide,11
31377,2022,T6,Unknown,Gasoline,2023,ICE,Not Applicable,1,Statewide,11
31378,2022,T7,8,Gasoline,2006,ICE,Not Applicable,≥4,Statewide,11
31379,2022,T7,8,Gasoline,2012,ICE,Not Applicable,≥4,Statewide,11
31380,2022,BT,Not Applicable,Natural Gas,2012,ICE,Not Applicable,1,Statewide,11
31381,2022,P,Not Applicable,Natural Gas,2020,ICE,Not Applicable,3,Statewide,11
31382,2022,T4,2,Natural Gas,2006,ICE,Not Applicable,3,Statewide,11
31383,2022,MH,Not Applicable,Unknown,2015,ICE,Not Applicable,1,Statewide,11
31384,2022,MH,Not Applicable,Unknown,2021,ICE,Not Applicable,1,Statewide,11
31385,2022,T6,6,Natural Gas,2014,ICE,Not Applicable,1,Statewide,18
31386,2022,T6,4,Natural Gas,2012,ICE,Not Applicable,1,Statewide,18
31387,2022,T2,Unknown,Natural Gas,2018,ICE,Not Applicable,≥4,Statewide,18
31388,2022,T6,6,Gasoline,2019,ICE,Not Applicable,2,Statewide,18
31389,2022,T6,6,Gasoline,2006,ICE,Not Applicable,1,Statewide,18
31390,2022,T6,5,Gasoline,2005,ICE,Not Applicable,2,Statewide,18
31391,2022,T6,5,Gasoline,2004,ICE,Not Applicable,3,Statewide,18
31392,2022,T6,6,Gasoline,2007,ICE,Not Applicable,1,Statewide,11
31393,2022,T6,Unknown,Gasoline,1983,ICE,Not Applicable,≥4,Statewide,17
31394,2022,T6,6,Gasoline,2006,ICE,Not Applicable,3,Statewide,11
31395,2022,T6,6,Gasoline,1998,ICE,Not Applicable,2,Statewide,11
31396,2022,T4,Unknown,Gasoline,1979,ICE,Not Applicable,2,Statewide,11
31397,2022,T4,Unknown,Gasoline,1979,ICE,Not Applicable,1,Statewide,11
31398,2022,T4,2,Gasoline,2006,ICE,Not Applicable,2,Statewide,4711
31399,2022,T4,2,Diesel,2021,ICE,Not Applicable,3,Statewide,4739
31400,2022,P,Not Applicable,Electric,2021,BEV,51 to 100 miles,3,Statewide,4741
31401,2022,MC,Not Applicable,Gasoline,2014,ICE,Not Applicable,1,Statewide,4749
31402,2022,T4,2,Diesel,2022,ICE,Not Applicable,2,Statewide,4756
31403,2022,T4,Unknown,Gasoline,1990,ICE,Not Applicable,≥4,Statewide,11
31404,2022,MC,Not Applicable,Gasoline,2018,ICE,Not Applicable,1,Statewide,4762
31405,2022,T4,Unknown,Gasoline,2009,ICE,Not Applicable,≥4,Statewide,11
31406,2022,T4,Unknown,Gasoline,2010,ICE,Not Applicable,≥4,Statewide,11
31407,2022,T4,Unknown,Gasoline,2014,ICE,Not Applicable,1,Statewide,11
31408,2022,MC,Not Applicable,Gasoline,2013,ICE,Not Applicable,2,Statewide,4785
31409,2022,T5,3,Gasoline,1986,ICE,Not Applicable,1,Statewide,11
31410,2022,T6,7,Gasoline,1984,ICE,Not Applicable,1,Statewide,11
31411,2022,T6,6,Gasoline,1991,ICE,Not Applicable,3,Statewide,11
31412,2022,T6,6,Gasoline,1995,ICE,Not Applicable,3,Statewide,11
31413,2022,T6,6,Gasoline,1999,ICE,Not Applicable,2,Statewide,11
31414,2022,T6,5,Gasoline,1982,ICE,Not Applicable,≥4,Statewide,17
31415,2022,T6,6,Gasoline,1982,ICE,Not Applicable,3,Statewide,17
31416,2022,T6,5,Gasoline,1981,ICE,Not Applicable,≥4,Statewide,17
31417,2022,T5,3,Gasoline,1989,ICE,Not Applicable,2,Statewide,16
31418,2022,T5,3,Gasoline,1988,ICE,Not Applicable,1,Statewide,16
31419,2022,T4,Unknown,Gasoline,2007,ICE,Not Applicable,≥4,Statewide,16
31420,2022,T4,Unknown,Gasoline,1995,ICE,Not Applicable,≥4,Statewide,16
31421,2022,T3,Unknown,Gasoline,1984,ICE,Not Applicable,2,Statewide,16
31422,2022,T2,Unknown,Gasoline,1990,ICE,Not Applicable,1,Statewide,16
31423,2022,T2,Unknown,Gasoline,1988,ICE,Not Applicable,3,Statewide,16
31424,2022,T6,6,Gasoline,1985,ICE,Not Applicable,1,Statewide,16
31425,2022,T1,Unknown,Gasoline,1989,ICE,Not Applicable,3,Statewide,16
31426,2022,T6,7,Diesel,1986,ICE,Not Applicable,3,Statewide,12
31427,2022,BT,Not Applicable,Gasoline,2017,ICE,Not Applicable,1,Statewide,16
31428,2022,BT,Not Applicable,Gasoline,2003,ICE,Not Applicable,≥4,Statewide,16
31429,2022,BT,Not Applicable,Gasoline,1989,ICE,Not Applicable,≥4,Statewide,16
31430,2022,BS,Not Applicable,Gasoline,1983,ICE,Not Applicable,≥4,Statewide,16
31431,2022,B,Not Applicable,Gasoline,2023,ICE,Not Applicable,3,Statewide,16
31432,2022,B,Not Applicable,Gasoline,2003,ICE,Not Applicable,3,Statewide,16
31433,2022,T1,Unknown,Gasoline,1986,ICE,Not Applicable,1,Statewide,16
31434,2022,T6,7,Gasoline,1990,ICE,Not Applicable,1,Statewide,16
31435,2022,T6,6,Gasoline,1995,ICE,Not Applicable,2,Statewide,16
31436,2022,T6,6,Gasoline,1995,ICE,Not Applicable,1,Statewide,16
31437,2022,T2,Unknown,Diesel,1993,ICE,Not Applicable,≥4,Statewide,12
31438,2022,T3,2,Diesel,1985,ICE,Not Applicable,2,Statewide,12
31439,2022,T3,2,Diesel,1999,ICE,Not Applicable,3,Statewide,12
31440,2022,T5,3,Diesel,1990,ICE,Not Applicable,3,Statewide,12
31441,2022,T6,6,Diesel,1983,ICE,Not Applicable,≥4,Statewide,12
31442,2022,MH,Not Applicable,Unknown,2016,ICE,Not Applicable,2,Statewide,16
31443,2022,T7,8,Natural Gas,2023,ICE,Not Applicable,3,Statewide,16
31444,2022,T6,7,Natural Gas,2016,ICE,Not Applicable,≥4,Statewide,16
31445,2022,T6,7,Diesel,1985,ICE,Not Applicable,3,Statewide,12
31446,2022,T6,7,Natural Gas,2014,ICE,Not Applicable,≥4,Statewide,16
31447,2022,T6,7,Natural Gas,2007,ICE,Not Applicable,≥4,Statewide,16
31448,2022,T4,2,Natural Gas,2008,ICE,Not Applicable,1,Statewide,16
31449,2022,T6,6,Gasoline,2021,ICE,Not Applicable,1,Statewide,16
31450,2022,T6,5,Gasoline,2018,ICE,Not Applicable,2,Statewide,16
31451,2022,T6,4,Gasoline,2016,ICE,Not Applicable,3,Statewide,16
31452,2022,T6,4,Gasoline,2014,ICE,Not Applicable,3,Statewide,16
31453,2022,T6,5,Gasoline,2013,ICE,Not Applicable,2,Statewide,16
31454,2022,B,Not Applicable,Gasoline,2002,ICE,Not Applicable,3,Statewide,16
31455,2022,B,Not Applicable,Gasoline,1999,ICE,Not Applicable,1,Statewide,16
31456,2022,B,Not Applicable,Gasoline,1998,ICE,Not Applicable,1,Statewide,16
31457,2022,B,Not Applicable,Gasoline,1991,ICE,Not Applicable,≥4,Statewide,16
31458,2022,MH,Not Applicable,Diesel,1994,ICE,Not Applicable,1,Statewide,16
31459,2022,MH,Not Applicable,Diesel,1993,ICE,Not Applicable,1,Statewide,16
31460,2022,MH,Not Applicable,Diesel,1990,ICE,Not Applicable,2,Statewide,16
31461,2022,MH,Not Applicable,Diesel,1988,ICE,Not Applicable,1,Statewide,16
31462,2022,MH,Not Applicable,Diesel,1984,ICE,Not Applicable,≥4,Statewide,16
31463,2022,T6,5,Diesel,1993,ICE,Not Applicable,≥4,Statewide,12
31464,2022,T6,Unknown,Diesel,1994,ICE,Not Applicable,1,Statewide,12
31465,2022,BT,Not Applicable,Diesel,2019,ICE,Not Applicable,1,Statewide,16
31466,2022,BT,Not Applicable,Diesel,1981,ICE,Not Applicable,1,Statewide,16
31467,2022,BS,Not Applicable,Diesel,2010,ICE,Not Applicable,3,Statewide,16
31468,2022,B,Not Applicable,Diesel,2017,ICE,Not Applicable,2,Statewide,16
31469,2022,B,Not Applicable,Diesel,1995,ICE,Not Applicable,1,Statewide,16
31470,2022,B,Not Applicable,Diesel,1987,ICE,Not Applicable,≥4,Statewide,16
31471,2022,B,Not Applicable,Diesel,1982,ICE,Not Applicable,≥4,Statewide,16
31472,2022,MC,Not Applicable,Gasoline,2003,ICE,Not Applicable,≥4,Statewide,5052
31473,2022,T3,Unknown,Gasoline,2009,ICE,Not Applicable,3,Statewide,5069
31474,2022,P,Not Applicable,Gasoline,2018,PHEV,0 to 50 miles,2,Statewide,5080
31475,2022,P,Not Applicable,Diesel,1998,ICE,Not Applicable,1,Statewide,16
31476,2022,T2,Unknown,Diesel,1992,ICE,Not Applicable,≥4,Statewide,12
31477,2022,T1,Unknown,Diesel,1989,ICE,Not Applicable,≥4,Statewide,16
31478,2022,T2,1,Diesel,1985,ICE,Not Applicable,1,Statewide,16
31479,2022,MC,Not Applicable,Electric,2013,BEV,Unknown,≥4,Statewide,16
31480,2022,T6,6,Diesel,1988,ICE,Not Applicable,3,Statewide,12
31481,2022,T7,8,Diesel,1985,ICE,Not Applicable,2,Statewide,16
31482,2022,T6,Unknown,Diesel,2024,ICE,Not Applicable,≥4,Statewide,16
31483,2022,T6,5,Diesel,1998,ICE,Not Applicable,2,Statewide,16
31484,2022,T6,6,Diesel,1994,ICE,Not Applicable,3,Statewide,16
31485,2022,T6,7,Diesel,1984,ICE,Not Applicable,1,Statewide,16
31486,2022,T6,6,Diesel,1992,ICE,Not Applicable,3,Statewide,12
31487,2022,T6,Unknown,Diesel,1981,ICE,Not Applicable,1,Statewide,16
31488,2022,T6,Unknown,Diesel,1980,ICE,Not Applicable,1,Statewide,16
31489,2022,T3,2,Diesel,2003,ICE,Not Applicable,2,Statewide,16
31490,2022,T3,2,Diesel,1999,ICE,Not Applicable,1,Statewide,16
31491,2022,T3,2,Diesel,1998,ICE,Not Applicable,2,Statewide,16
31492,2022,T3,2,Diesel,1991,ICE,Not Applicable,3,Statewide,16
31493,2022,T3,2,Diesel,1985,ICE,Not Applicable,3,Statewide,16
31494,2022,T2,1,Diesel,2014,ICE,Not Applicable,1,Statewide,16
31495,2022,T2,1,Diesel,2013,ICE,Not Applicable,2,Statewide,16
31496,2022,T2,1,Diesel,1981,ICE,Not Applicable,≥4,Statewide,16
31497,2022,T4,Unknown,Gasoline,2018,ICE,Not Applicable,3,Statewide,19
31498,2022,T2,1,Diesel,1990,ICE,Not Applicable,≥4,Statewide,12
31499,2022,P,Not Applicable,Diesel,1998,ICE,Not Applicable,3,Statewide,12
31500,2022,T3,2,Diesel,1997,ICE,Not Applicable,1,Statewide,17
31501,2022,T3,Unknown,Diesel,1990,ICE,Not Applicable,≥4,Statewide,17
31502,2022,T2,1,Diesel,1988,ICE,Not Applicable,3,Statewide,17
31503,2022,T2,1,Diesel,1984,ICE,Not Applicable,1,Statewide,17
31504,2022,T1,Unknown,Diesel,1980,ICE,Not Applicable,1,Statewide,17
31505,2022,MH,Not Applicable,Diesel,1990,ICE,Not Applicable,3,Statewide,17
31506,2022,MH,Not Applicable,Diesel,1985,ICE,Not Applicable,≥4,Statewide,17
31507,2022,P,Not Applicable,Gasoline,2023,PHEV,0 to 50 miles,≥4,Statewide,6095
31508,2022,BT,Not Applicable,Diesel,1997,ICE,Not Applicable,1,Statewide,17
31509,2022,BS,Not Applicable,Diesel,2012,ICE,Not Applicable,3,Statewide,17
31510,2022,BS,Not Applicable,Diesel,2007,ICE,Not Applicable,2,Statewide,17
31511,2022,BS,Not Applicable,Diesel,1999,ICE,Not Applicable,1,Statewide,17
31512,2022,BS,Not Applicable,Diesel,1999,ICE,Not Applicable,2,Statewide,17
31513,2022,B,Not Applicable,Diesel,2023,ICE,Not Applicable,1,Statewide,17
31514,2022,B,Not Applicable,Diesel,2019,ICE,Not Applicable,2,Statewide,17
31515,2022,B,Not Applicable,Diesel,2018,ICE,Not Applicable,2,Statewide,17
31516,2022,BS,Not Applicable,Diesel,2015,ICE,Not Applicable,2,Statewide,17
31517,2022,T3,2,Diesel,2004,ICE,Not Applicable,2,Statewide,17
31518,2022,T6,5,Diesel,1997,ICE,Not Applicable,1,Statewide,17
31519,2022,T6,5,Diesel,2002,ICE,Not Applicable,3,Statewide,17
31520,2022,T4,Unknown,Gasoline,2014,ICE,Not Applicable,2,Statewide,17
31521,2022,T4,Unknown,Gasoline,1980,ICE,Not Applicable,≥4,Statewide,17
31522,2022,T2,Unknown,Gasoline,1992,ICE,Not Applicable,3,Statewide,17
31523,2022,T2,Unknown,Gasoline,1988,ICE,Not Applicable,1,Statewide,17
31524,2022,T2,Unknown,Gasoline,1986,ICE,Not Applicable,1,Statewide,17
31525,2022,T1,Unknown,Gasoline,2016,ICE,Not Applicable,1,Statewide,17
31526,2022,BT,Not Applicable,Gasoline,1997,ICE,Not Applicable,≥4,Statewide,17
31527,2022,BS,Not Applicable,Gasoline,2013,ICE,Not Applicable,1,Statewide,17
31528,2022,B,Not Applicable,Gasoline,2019,ICE,Not Applicable,3,Statewide,17
31529,2022,B,Not Applicable,Gasoline,1995,ICE,Not Applicable,1,Statewide,17
31530,2022,T4,Unknown,Electric,2022,BEV,Unknown,≥4,Statewide,17
31531,2022,T3,Unknown,Electric,2007,BEV,Unknown,2,Statewide,17
31532,2022,T2,Unknown,Electric,2013,BEV,Unknown,≥4,Statewide,17
31533,2022,P,Not Applicable,Electric,2010,BEV,Unknown,3,Statewide,17
31534,2022,P,Not Applicable,Electric,2008,BEV,Unknown,3,Statewide,17
31535,2022,BS,Not Applicable,Electric,2023,BEV,Unknown,≥4,Statewide,17
31536,2022,T7,8,Diesel,1987,ICE,Not Applicable,2,Statewide,17
31537,2022,B,Not Applicable,Diesel,2009,ICE,Not Applicable,2,Statewide,17
31538,2022,B,Not Applicable,Diesel,2009,ICE,Not Applicable,3,Statewide,17
31539,2022,B,Not Applicable,Diesel,1978,ICE,Not Applicable,2,Statewide,17
31540,2022,T1,1,Gasoline,2015,ICE,Not Applicable,3,Statewide,4920
31541,2022,T2,Unknown,Gasoline,2018,ICE,Not Applicable,3,Statewide,5946
31542,2022,T4,2,Diesel,2004,ICE,Not Applicable,≥4,Statewide,5940
31543,2022,T3,Unknown,Gasoline,2022,ICE,Not Applicable,≥4,Statewide,5893
31544,2022,MC,Not Applicable,Gasoline,2018,ICE,Not Applicable,3,Statewide,5884
31545,2022,T4,2,Diesel,2005,ICE,Not Applicable,≥4,Statewide,5875
31546,2022,T2,1,Gasoline,1994,ICE,Not Applicable,≥4,Statewide,5872
31547,2022,B,Not Applicable,Diesel,2001,ICE,Not Applicable,3,Statewide,12
31548,2022,B,Not Applicable,Diesel,2010,ICE,Not Applicable,2,Statewide,12
31549,2022,B,Not Applicable,Diesel,2014,ICE,Not Applicable,3,Statewide,12
31550,2022,BS,Not Applicable,Diesel,1990,ICE,Not Applicable,1,Statewide,12
31551,2022,BS,Not Applicable,Diesel,1996,ICE,Not Applicable,3,Statewide,12
31552,2022,BS,Not Applicable,Diesel,2010,ICE,Not Applicable,2,Statewide,12
31553,2022,BS,Not Applicable,Diesel,2016,ICE,Not Applicable,2,Statewide,12
31554,2022,BS,Not Applicable,Diesel,2023,ICE,Not Applicable,3,Statewide,12
31555,2022,BT,Not Applicable,Diesel,2008,ICE,Not Applicable,1,Statewide,12
31556,2022,MH,Not Applicable,Diesel,1992,ICE,Not Applicable,3,Statewide,12
31557,2022,P,Not Applicable,Diesel,1980,ICE,Not Applicable,3,Statewide,12
31558,2022,MC,Not Applicable,Gasoline,2008,ICE,Not Applicable,3,Statewide,5957
31559,2022,T1,1,Diesel,1991,ICE,Not Applicable,≥4,Statewide,12
31560,2022,T1,1,Gasoline,2015,ICE,Not Applicable,≥4,Statewide,5973
31561,2022,T3,Unknown,Gasoline,2010,ICE,Not Applicable,1,Statewide,6000
31562,2022,T2,1,Gasoline,1998,ICE,Not Applicable,3,Statewide,4942
31563,2022,T3,2,Gasoline,1999,ICE,Not Applicable,3,Statewide,6088
31564,2022,T3,Unknown,Gasoline,2009,ICE,Not Applicable,2,Statewide,6078
31565,2022,P,Not Applicable,Gasoline,2022,PHEV,0 to 50 miles,3,Statewide,6062
31566,2022,MC,Not Applicable,Gasoline,2017,ICE,Not Applicable,3,Statewide,4962
31567,2022,T3,Unknown,Gasoline,2009,ICE,Not Applicable,1,Statewide,4967
31568,2022,T3,Unknown,Gasoline,2021,ICE,Not Applicable,1,Statewide,4971
31569,2022,T4,2,Gasoline,2006,ICE,Not Applicable,3,Statewide,4994
31570,2022,T4,2,Gasoline,2009,ICE,Not Applicable,2,Statewide,4996
31571,2022,P,Not Applicable,Gasoline,2019,PHEV,0 to 50 miles,3,Statewide,5006
31572,2022,T1,1,Gasoline,2016,ICE,Not Applicable,≥4,Statewide,5019
31573,2022,T4,2,Gasoline,2008,ICE,Not Applicable,1,Statewide,5028
31574,2022,T1,1,Gasoline,2000,ICE,Not Applicable,3,Statewide,6015
31575,2022,T4,2,Gasoline,2022,ICE,Not Applicable,2,Statewide,5035
31576,2022,T3,2,Gasoline,1999,ICE,Not Applicable,2,Statewide,6013
31577,2022,T3,Unknown,Gasoline,2008,ICE,Not Applicable,≥4,Statewide,6003
31578,2022,T3,Unknown,Gasoline,2012,ICE,Not Applicable,1,Statewide,6002
31579,2022,T3,Unknown,Gasoline,2007,ICE,Not Applicable,3,Statewide,5977
31580,2022,T6,7,Natural Gas,2004,ICE,Not Applicable,3,Statewide,1
31581,2022,T7,8,Gasoline,1992,ICE,Not Applicable,≥4,Statewide,13
31582,2022,T6,7,Natural Gas,2004,ICE,Not Applicable,≥4,Statewide,1
31583,2022,T1,Unknown,Gasoline,1997,ICE,Not Applicable,3,Statewide,1
31584,2022,T1,Unknown,Gasoline,2019,ICE,Not Applicable,2,Statewide,1
31585,2022,T1,Unknown,Gasoline,2019,ICE,Not Applicable,1,Statewide,1
31586,2022,T1,Unknown,Gasoline,2020,ICE,Not Applicable,2,Statewide,1
31587,2022,T1,Unknown,Gasoline,2021,ICE,Not Applicable,≥4,Statewide,1
31588,2022,T1,Unknown,Gasoline,2022,ICE,Not Applicable,1,Statewide,1
31589,2022,T3,2,Gasoline,2024,PHEV,0 to 50 miles,≥4,Statewide,1
31590,2022,T6,6,Diesel,2020,ICE,Not Applicable,≥4,Statewide,3535
31591,2022,T4,Unknown,Gasoline,1982,ICE,Not Applicable,3,Statewide,1
31592,2022,T4,Unknown,Gasoline,1983,ICE,Not Applicable,2,Statewide,1
31593,2022,T4,Unknown,Gasoline,1983,ICE,Not Applicable,1,Statewide,1
31594,2022,T4,Unknown,Gasoline,1986,ICE,Not Applicable,2,Statewide,1
31595,2022,BS,Not Applicable,Electric,2022,BEV,Unknown,≥4,Statewide,1
31596,2022,T4,Unknown,Gasoline,1988,ICE,Not Applicable,3,Statewide,1
31597,2022,T4,Unknown,Gasoline,1989,ICE,Not Applicable,1,Statewide,1
31598,2022,BS,Not Applicable,Electric,2021,BEV,Unknown,1,Statewide,1
31599,2022,T4,Unknown,Gasoline,1982,ICE,Not Applicable,1,Statewide,1
31600,2022,T1,Unknown,Gasoline,1996,ICE,Not Applicable,2,Statewide,1
31601,2022,P,Not Applicable,Gasoline,2017,BEV,Unknown,1,Statewide,1
31602,2022,BS,Not Applicable,Electric,2023,BEV,Unknown,3,Statewide,1
31603,2022,T3,Unknown,Diesel,2013,ICE,Not Applicable,2,Statewide,38
31604,2022,T2,1,Diesel,2010,ICE,Not Applicable,2,Statewide,38
31605,2022,T1,Unknown,Diesel,1992,ICE,Not Applicable,≥4,Statewide,38
31606,2022,MH,Not Applicable,Diesel,1996,ICE,Not Applicable,2,Statewide,38
31607,2022,MH,Not Applicable,Diesel,1996,ICE,Not Applicable,3,Statewide,38
31608,2022,MH,Not Applicable,Diesel,1990,ICE,Not Applicable,≥4,Statewide,38
31609,2022,BS,Not Applicable,Diesel,2013,ICE,Not Applicable,1,Statewide,38
31610,2022,BS,Not Applicable,Diesel,2003,ICE,Not Applicable,1,Statewide,38
31611,2022,B,Not Applicable,Diesel,2005,ICE,Not Applicable,1,Statewide,38
31612,2022,BT,Not Applicable,Gasoline,2009,ICE,Not Applicable,3,Statewide,1
31613,2022,BT,Not Applicable,Gasoline,2009,ICE,Not Applicable,2,Statewide,1
31614,2022,BT,Not Applicable,Gasoline,2014,ICE,Not Applicable,3,Statewide,1
31615,2022,P,Not Applicable,Electric,2020,BEV,51 to 100 miles,3,Statewide,3509
31616,2022,T4,2,Gasoline,2021,ICE,Not Applicable,2,Statewide,3509
31617,2022,T7,8,Diesel,2005,ICE,Not Applicable,≥4,Statewide,3511
31618,2022,BT,Not Applicable,Gasoline,2022,ICE,Not Applicable,3,Statewide,1
31619,2022,MH,Not Applicable,Gasoline,2024,ICE,Not Applicable,2,Statewide,1
31620,2022,BS,Not Applicable,Electric,2002,BEV,Unknown,1,Statewide,1
31621,2022,BS,Not Applicable,Electric,2002,BEV,Unknown,≥4,Statewide,1
31622,2022,BS,Not Applicable,Electric,2001,BEV,Unknown,≥4,Statewide,1
31623,2022,BS,Not Applicable,Electric,1998,BEV,Unknown,≥4,Statewide,1
31624,2022,P,Not Applicable,Electric,2007,BEV,Unknown,1,Statewide,46
31625,2022,P,Not Applicable,Electric,2013,BEV,>150 miles,2,Statewide,46
31626,2022,T1,1,Electric,2017,BEV,101 to 150 miles,1,Statewide,46
31627,2022,T4,Unknown,Gasoline,1990,ICE,Not Applicable,2,Statewide,1
31628,2022,T4,Unknown,Gasoline,1991,ICE,Not Applicable,3,Statewide,1
31629,2022,T4,Unknown,Gasoline,1995,ICE,Not Applicable,3,Statewide,1
31630,2022,T4,Unknown,Gasoline,1996,ICE,Not Applicable,3,Statewide,1
31631,2022,T4,Unknown,Gasoline,1998,ICE,Not Applicable,2,Statewide,1
31632,2022,T4,Unknown,Gasoline,2002,ICE,Not Applicable,3,Statewide,1
31633,2022,T4,Unknown,Gasoline,2002,ICE,Not Applicable,1,Statewide,1
31634,2022,T4,Unknown,Gasoline,2003,ICE,Not Applicable,3,Statewide,1
31635,2022,T4,Unknown,Gasoline,2003,ICE,Not Applicable,1,Statewide,1
31636,2022,MH,Not Applicable,Unknown,2017,ICE,Not Applicable,3,Statewide,37
31637,2022,P,Not Applicable,Natural Gas,2005,ICE,Not Applicable,2,Statewide,37
31638,2022,P,Not Applicable,Natural Gas,2005,ICE,Not Applicable,3,Statewide,37
31639,2022,T2,1,Electric,2019,BEV,101 to 150 miles,≥4,Statewide,46
31640,2022,P,Not Applicable,Hydrogen,2023,FCEV,51 to 100 miles,1,Statewide,37
31641,2022,MC,Not Applicable,Electric,2022,BEV,Unknown,3,Statewide,46
31642,2022,T4,Unknown,Diesel,1992,ICE,Not Applicable,≥4,Statewide,38
31643,2022,T7,8,Diesel,1986,ICE,Not Applicable,1,Statewide,46
31644,2022,T6,6,Diesel,1997,ICE,Not Applicable,1,Statewide,46
31645,2022,T3,2,Gasoline,1998,ICE,Not Applicable,3,Statewide,3222
31646,2022,B,Not Applicable,Electric,2015,BEV,Unknown,≥4,Statewide,1
31647,2022,B,Not Applicable,Electric,2014,BEV,Unknown,≥4,Statewide,1
31648,2022,B,Not Applicable,Electric,2013,BEV,Unknown,≥4,Statewide,1
31649,2022,BS,Not Applicable,Diesel,1978,ICE,Not Applicable,2,Statewide,46
31650,2022,BS,Not Applicable,Diesel,2008,ICE,Not Applicable,1,Statewide,46
31651,2022,BT,Not Applicable,Diesel,1988,ICE,Not Applicable,1,Statewide,46
31652,2022,MH,Not Applicable,Diesel,1996,ICE,Not Applicable,1,Statewide,46
31653,2022,P,Not Applicable,Diesel,1982,ICE,Not Applicable,3,Statewide,46
31654,2022,P,Not Applicable,Diesel,1996,ICE,Not Applicable,3,Statewide,46
31655,2022,T1,Unknown,Diesel,2007,ICE,Not Applicable,≥4,Statewide,46
31656,2022,T3,2,Diesel,1989,ICE,Not Applicable,2,Statewide,46
31657,2022,T6,7,Diesel,1983,ICE,Not Applicable,1,Statewide,46
31658,2022,T6,4,Diesel,1994,ICE,Not Applicable,3,Statewide,46
31659,2022,P,Not Applicable,Electric,2020,BEV,51 to 100 miles,1,Statewide,4050
31660,2022,T6,4,Diesel,1995,ICE,Not Applicable,1,Statewide,46
31661,2022,T6,7,Diesel,1996,ICE,Not Applicable,3,Statewide,46
31662,2022,T6,5,Diesel,2015,ICE,Not Applicable,3,Statewide,46
31663,2022,BT,Not Applicable,Electric,1978,BEV,Unknown,1,Statewide,1
31664,2022,T5,3,Diesel,1991,ICE,Not Applicable,3,Statewide,38
31665,2022,T6,Unknown,Diesel,1980,ICE,Not Applicable,≥4,Statewide,38
31666,2022,BT,Not Applicable,Diesel,1980,ICE,Not Applicable,1,Statewide,45
31667,2022,P,Not Applicable,Diesel,2012,ICE,Not Applicable,3,Statewide,45
31668,2022,T2,1,Diesel,2011,ICE,Not Applicable,2,Statewide,45
31669,2022,T5,3,Diesel,2024,ICE,Not Applicable,1,Statewide,45
31670,2022,T6,Unknown,Diesel,2009,ICE,Not Applicable,≥4,Statewide,45
31671,2022,T6,4,Diesel,2014,ICE,Not Applicable,3,Statewide,45
31672,2022,T6,4,Diesel,2015,ICE,Not Applicable,3,Statewide,45
31673,2022,T6,4,Diesel,2015,ICE,Not Applicable,2,Statewide,45
31674,2022,T6,6,Diesel,2024,ICE,Not Applicable,3,Statewide,45
31675,2022,T7,8,Diesel,1992,ICE,Not Applicable,2,Statewide,45
31676,2022,B,Not Applicable,Gasoline,1996,ICE,Not Applicable,≥4,Statewide,45
31677,2022,B,Not Applicable,Gasoline,2015,ICE,Not Applicable,2,Statewide,45
31678,2022,BS,Not Applicable,Gasoline,2000,ICE,Not Applicable,≥4,Statewide,45
31679,2022,BT,Not Applicable,Gasoline,2004,ICE,Not Applicable,≥4,Statewide,45
31680,2022,MH,Not Applicable,Gasoline,1985,ICE,Not Applicable,2,Statewide,45
31681,2022,T2,Unknown,Gasoline,1979,ICE,Not Applicable,2,Statewide,45
31682,2022,T2,Unknown,Gasoline,1985,ICE,Not Applicable,3,Statewide,45
31683,2022,BS,Not Applicable,Diesel,2018,ICE,Not Applicable,1,Statewide,45
31684,2022,T3,Unknown,Gasoline,1983,ICE,Not Applicable,≥4,Statewide,45
31685,2022,BS,Not Applicable,Diesel,2007,ICE,Not Applicable,1,Statewide,45
31686,2022,MC,Not Applicable,Electric,2002,BEV,Unknown,2,Statewide,1
31687,2022,BT,Not Applicable,Gasoline,1983,ICE,Not Applicable,1,Statewide,1
31688,2022,BT,Not Applicable,Gasoline,1985,ICE,Not Applicable,1,Statewide,1
31689,2022,BT,Not Applicable,Gasoline,1986,ICE,Not Applicable,3,Statewide,1
31690,2022,BT,Not Applicable,Gasoline,1986,ICE,Not Applicable,2,Statewide,1
31691,2022,MC,Not Applicable,Electric,2010,BEV,Unknown,≥4,Statewide,1
31692,2022,MC,Not Applicable,Electric,2009,BEV,Unknown,2,Statewide,1
31693,2022,MC,Not Applicable,Electric,2009,BEV,Unknown,≥4,Statewide,1
31694,2022,MC,Not Applicable,Electric,2008,BEV,Unknown,2,Statewide,1
31695,2022,MC,Not Applicable,Electric,2007,BEV,Unknown,2,Statewide,1
31696,2022,MC,Not Applicable,Electric,2006,BEV,Unknown,1,Statewide,1
31697,2022,MC,Not Applicable,Electric,2005,BEV,Unknown,2,Statewide,1
31698,2022,MC,Not Applicable,Electric,2005,BEV,Unknown,3,Statewide,1
31699,2022,MC,Not Applicable,Electric,2004,BEV,Unknown,≥4,Statewide,1
31700,2022,T2,1,Gasoline,1995,ICE,Not Applicable,3,Statewide,3251
31701,2022,MC,Not Applicable,Electric,2003,BEV,Unknown,1,Statewide,1
31702,2022,T4,2,Gasoline,2016,ICE,Not Applicable,≥4,Statewide,3247
31703,2022,MH,Not Applicable,Gasoline,2004,ICE,Not Applicable,≥4,Statewide,3246
31704,2022,MC,Not Applicable,Gasoline,2005,ICE,Not Applicable,3,Statewide,3233
31705,2022,T6,4,Gasoline,1998,ICE,Not Applicable,3,Statewide,37
31706,2022,T3,Unknown,Gasoline,1997,ICE,Not Applicable,1,Statewide,45
31707,2022,MC,Not Applicable,Electric,1999,BEV,Unknown,≥4,Statewide,1
31708,2022,BT,Not Applicable,Gasoline,2001,ICE,Not Applicable,3,Statewide,1
31709,2022,BT,Not Applicable,Gasoline,2001,ICE,Not Applicable,1,Statewide,1
31710,2022,BT,Not Applicable,Gasoline,2005,ICE,Not Applicable,2,Statewide,1
31711,2022,BT,Not Applicable,Gasoline,2008,ICE,Not Applicable,3,Statewide,1
31712,2022,P,Not Applicable,Natural Gas,2006,ICE,Not Applicable,3,Statewide,38
31713,2022,T6,4,Gasoline,2013,ICE,Not Applicable,3,Statewide,38
31714,2022,T6,7,Gasoline,1997,ICE,Not Applicable,≥4,Statewide,38
31715,2022,T5,3,Gasoline,1990,ICE,Not Applicable,2,Statewide,38
31716,2022,T3,Unknown,Gasoline,2022,PHEV,0 to 50 miles,2,Statewide,38
31717,2022,T1,Unknown,Gasoline,1987,ICE,Not Applicable,≥4,Statewide,38
31718,2022,B,Not Applicable,Gasoline,2021,ICE,Not Applicable,3,Statewide,38
31719,2022,P,Not Applicable,Electric,2015,BEV,>150 miles,3,Statewide,38
31720,2022,T7,8,Diesel,1992,ICE,Not Applicable,3,Statewide,38
31721,2022,T6,7,Diesel,2015,ICE,Not Applicable,3,Statewide,38
31722,2022,T6,6,Diesel,1996,ICE,Not Applicable,2,Statewide,38
31723,2022,T6,7,Diesel,1993,ICE,Not Applicable,2,Statewide,38
31724,2022,T6,Unknown,Diesel,1989,ICE,Not Applicable,≥4,Statewide,38
31725,2022,BT,Not Applicable,Gasoline,1999,ICE,Not Applicable,3,Statewide,1
31726,2022,T6,4,Gasoline,2019,ICE,Not Applicable,1,Statewide,45
31727,2022,BT,Not Applicable,Gasoline,1996,ICE,Not Applicable,3,Statewide,1
31728,2022,BT,Not Applicable,Electric,2000,BEV,Unknown,≥4,Statewide,1
31729,2022,MC,Not Applicable,Electric,1998,BEV,Unknown,1,Statewide,1
31730,2022,MC,Not Applicable,Electric,1997,BEV,Unknown,1,Statewide,1
31731,2022,MC,Not Applicable,Electric,1996,BEV,Unknown,1,Statewide,1
31732,2022,MC,Not Applicable,Electric,1991,BEV,Unknown,≥4,Statewide,1
31733,2022,MC,Not Applicable,Electric,1987,BEV,Unknown,≥4,Statewide,1
31734,2022,MC,Not Applicable,Electric,1986,BEV,Unknown,≥4,Statewide,1
31735,2022,MC,Not Applicable,Electric,1982,BEV,Unknown,1,Statewide,1
31736,2022,MC,Not Applicable,Electric,1979,BEV,Unknown,3,Statewide,1
31737,2022,BT,Not Applicable,Gasoline,1987,ICE,Not Applicable,1,Statewide,1
31738,2022,MC,Not Applicable,Electric,1978,BEV,Unknown,2,Statewide,1
31739,2022,BT,Not Applicable,Gasoline,1989,ICE,Not Applicable,3,Statewide,1
31740,2022,BT,Not Applicable,Electric,2007,BEV,Unknown,1,Statewide,1
31741,2022,BT,Not Applicable,Gasoline,1990,ICE,Not Applicable,3,Statewide,1
31742,2022,BT,Not Applicable,Gasoline,1991,ICE,Not Applicable,1,Statewide,1
31743,2022,BT,Not Applicable,Electric,2003,BEV,Unknown,2,Statewide,1
31744,2022,BT,Not Applicable,Gasoline,1993,ICE,Not Applicable,1,Statewide,1
31745,2022,BT,Not Applicable,Electric,2001,BEV,Unknown,1,Statewide,1
31746,2022,BT,Not Applicable,Gasoline,1994,ICE,Not Applicable,2,Statewide,1
31747,2022,BT,Not Applicable,Gasoline,1983,ICE,Not Applicable,≥4,Statewide,1
31748,2022,T6,7,Gasoline,1993,ICE,Not Applicable,≥4,Statewide,37
31749,2022,T3,Unknown,Gasoline,2022,PHEV,0 to 50 miles,1,Statewide,37
31750,2022,T6,Unknown,Gasoline,1994,ICE,Not Applicable,3,Statewide,1
31751,2022,T6,Unknown,Gasoline,1994,ICE,Not Applicable,2,Statewide,1
31752,2022,T6,Unknown,Gasoline,1994,ICE,Not Applicable,1,Statewide,1
31753,2022,T6,5,Gasoline,1995,ICE,Not Applicable,1,Statewide,1
31754,2022,T6,Unknown,Gasoline,1995,ICE,Not Applicable,3,Statewide,1
31755,2022,T6,Unknown,Gasoline,1995,ICE,Not Applicable,2,Statewide,1
31756,2022,B,Not Applicable,Natural Gas,2007,ICE,Not Applicable,≥4,Statewide,46
31757,2022,T4,Unknown,Gasoline,2011,ICE,Not Applicable,2,Statewide,46
31758,2022,T6,Unknown,Gasoline,1997,ICE,Not Applicable,2,Statewide,1
31759,2022,T6,7,Gasoline,1998,ICE,Not Applicable,2,Statewide,1
31760,2022,T6,Unknown,Gasoline,1998,ICE,Not Applicable,1,Statewide,1
31761,2022,T6,7,Gasoline,1999,ICE,Not Applicable,3,Statewide,1
31762,2022,T6,Unknown,Gasoline,1999,ICE,Not Applicable,1,Statewide,1
31763,2022,T6,Unknown,Gasoline,2000,ICE,Not Applicable,2,Statewide,1
31764,2022,T7,8,Natural Gas,2016,ICE,Not Applicable,1,Statewide,35
31765,2022,T4,2,Natural Gas,2005,ICE,Not Applicable,≥4,Statewide,35
31766,2022,B,Not Applicable,Natural Gas,2022,ICE,Not Applicable,≥4,Statewide,46
31767,2022,T6,Unknown,Gasoline,1993,ICE,Not Applicable,1,Statewide,1
31768,2022,T6,Unknown,Gasoline,1993,ICE,Not Applicable,2,Statewide,1
31769,2022,T6,Unknown,Gasoline,1993,ICE,Not Applicable,3,Statewide,1
31770,2022,T6,5,Gasoline,1989,ICE,Not Applicable,2,Statewide,1
31771,2022,T6,6,Diesel,2021,ICE,Not Applicable,≥4,Statewide,3615
31772,2022,T2,1,Gasoline,1997,ICE,Not Applicable,1,Statewide,3619
31773,2022,T6,6,Diesel,2023,ICE,Not Applicable,≥4,Statewide,3624
31774,2022,MH,Not Applicable,Gasoline,2011,ICE,Not Applicable,≥4,Statewide,3628
31775,2022,T6,4,Gasoline,1989,ICE,Not Applicable,1,Statewide,1
31776,2022,T6,Unknown,Gasoline,1989,ICE,Not Applicable,3,Statewide,1
31777,2022,T6,Unknown,Gasoline,1989,ICE,Not Applicable,2,Statewide,1
31778,2022,T6,4,Gasoline,1990,ICE,Not Applicable,2,Statewide,1
31779,2022,T6,Unknown,Gasoline,1990,ICE,Not Applicable,3,Statewide,1
31780,2022,T6,7,Gasoline,1991,ICE,Not Applicable,2,Statewide,1
31781,2022,T6,4,Gasoline,1991,ICE,Not Applicable,3,Statewide,1
31782,2022,T6,4,Gasoline,1991,ICE,Not Applicable,1,Statewide,1
31783,2022,T6,Unknown,Gasoline,1991,ICE,Not Applicable,2,Statewide,1
31784,2022,T6,Unknown,Gasoline,1991,ICE,Not Applicable,1,Statewide,1
31785,2022,T6,Unknown,Gasoline,1993,ICE,Not Applicable,≥4,Statewide,1
31786,2022,T2,Unknown,Gasoline,2020,PHEV,0 to 50 miles,1,Statewide,46
31787,2022,P,Not Applicable,Natural Gas,2008,ICE,Not Applicable,3,Statewide,35
31788,2022,BT,Not Applicable,Natural Gas,2009,ICE,Not Applicable,1,Statewide,35
31789,2022,T2,1,Diesel,2010,ICE,Not Applicable,1,Statewide,44
31790,2022,T6,7,Gasoline,1983,ICE,Not Applicable,≥4,Statewide,35
31791,2022,T4,Unknown,Diesel,1988,ICE,Not Applicable,≥4,Statewide,35
31792,2022,T3,Unknown,Diesel,2013,ICE,Not Applicable,1,Statewide,35
31793,2022,T3,2,Diesel,1998,ICE,Not Applicable,≥4,Statewide,35
31794,2022,T2,1,Diesel,1987,ICE,Not Applicable,2,Statewide,35
31795,2022,T1,Unknown,Diesel,2012,ICE,Not Applicable,≥4,Statewide,35
31796,2022,MH,Not Applicable,Diesel,1994,ICE,Not Applicable,3,Statewide,35
31797,2022,BT,Not Applicable,Diesel,1986,ICE,Not Applicable,1,Statewide,35
31798,2022,BS,Not Applicable,Diesel,2015,ICE,Not Applicable,1,Statewide,35
31799,2022,BS,Not Applicable,Diesel,2011,ICE,Not Applicable,2,Statewide,35
31800,2022,BS,Not Applicable,Diesel,1979,ICE,Not Applicable,≥4,Statewide,35
31801,2022,B,Not Applicable,Diesel,2013,ICE,Not Applicable,2,Statewide,35
31802,2022,T3,2,Gasoline,2024,ICE,Not Applicable,≥4,Statewide,3631
31803,2022,T2,1,Gasoline,1996,ICE,Not Applicable,1,Statewide,3632
31804,2022,T6,Unknown,Gasoline,2000,ICE,Not Applicable,1,Statewide,1
31805,2022,P,Not Applicable,Gasoline,1988,ICE,Not Applicable,≥4,Statewide,3635
31806,2022,MH,Not Applicable,Gasoline,2009,ICE,Not Applicable,≥4,Statewide,3638
31807,2022,T6,5,Gasoline,2001,ICE,Not Applicable,1,Statewide,1
31808,2022,T6,7,Diesel,1986,ICE,Not Applicable,1,Statewide,35
31809,2022,T6,Unknown,Gasoline,1988,ICE,Not Applicable,3,Statewide,1
31810,2022,T6,7,Diesel,1998,ICE,Not Applicable,3,Statewide,35
31811,2022,B,Not Applicable,Electric,2006,BEV,Unknown,≥4,Statewide,1
31812,2022,P,Not Applicable,Natural Gas,2007,ICE,Not Applicable,1,Statewide,46
31813,2022,T4,2,Natural Gas,2006,ICE,Not Applicable,≥4,Statewide,46
31814,2022,T6,6,Gasoline,1979,ICE,Not Applicable,2,Statewide,35
31815,2022,B,Not Applicable,Electric,2012,BEV,Unknown,3,Statewide,1
31816,2022,T4,Unknown,Gasoline,2017,ICE,Not Applicable,2,Statewide,35
31817,2022,T3,Unknown,Gasoline,1995,ICE,Not Applicable,1,Statewide,35
31818,2022,B,Not Applicable,Electric,2008,BEV,Unknown,1,Statewide,1
31819,2022,T2,Unknown,Gasoline,2020,PHEV,0 to 50 miles,≥4,Statewide,35
31820,2022,T2,Unknown,Gasoline,1985,ICE,Not Applicable,2,Statewide,35
31821,2022,T1,Unknown,Gasoline,2004,ICE,Not Applicable,1,Statewide,35
31822,2022,MH,Not Applicable,Gasoline,1985,ICE,Not Applicable,3,Statewide,35
31823,2022,BT,Not Applicable,Gasoline,2002,ICE,Not Applicable,≥4,Statewide,35
31824,2022,BT,Not Applicable,Gasoline,1999,ICE,Not Applicable,≥4,Statewide,35
31825,2022,P,Not Applicable,Electric,2015,BEV,>150 miles,1,Statewide,35
31826,2022,P,Not Applicable,Electric,2009,BEV,Unknown,≥4,Statewide,35
31827,2022,MC,Not Applicable,Electric,2019,BEV,Unknown,2,Statewide,35
31828,2022,T6,Unknown,Diesel,2022,ICE,Not Applicable,1,Statewide,35
31829,2022,T6,4,Diesel,2016,ICE,Not Applicable,3,Statewide,35
31830,2022,T6,4,Gasoline,1988,ICE,Not Applicable,1,Statewide,1
31831,2022,T6,5,Gasoline,1988,ICE,Not Applicable,2,Statewide,1
31832,2022,T6,4,Gasoline,1987,ICE,Not Applicable,≥4,Statewide,1
31833,2022,T4,Unknown,Gasoline,2005,ICE,Not Applicable,1,Statewide,1
31834,2022,T4,Unknown,Gasoline,2006,ICE,Not Applicable,≥4,Statewide,1
31835,2022,T4,Unknown,Gasoline,2008,ICE,Not Applicable,3,Statewide,1
31836,2022,T4,Unknown,Gasoline,2010,ICE,Not Applicable,2,Statewide,1
31837,2022,T4,Unknown,Gasoline,2023,PHEV,0 to 50 miles,≥4,Statewide,1
31838,2022,T4,Unknown,Gasoline,2024,ICE,Not Applicable,3,Statewide,1
31839,2022,T5,3,Gasoline,1979,ICE,Not Applicable,3,Statewide,1
31840,2022,T5,3,Gasoline,1980,ICE,Not Applicable,3,Statewide,1
31841,2022,T5,3,Gasoline,1981,ICE,Not Applicable,2,Statewide,1
31842,2022,T5,3,Gasoline,1981,ICE,Not Applicable,1,Statewide,1
31843,2022,T5,3,Gasoline,1985,ICE,Not Applicable,2,Statewide,1
31844,2022,T5,3,Gasoline,2024,ICE,Not Applicable,3,Statewide,1
31845,2022,T6,4,Gasoline,1979,ICE,Not Applicable,2,Statewide,1
31846,2022,T6,7,Gasoline,1980,ICE,Not Applicable,3,Statewide,1
31847,2022,T6,4,Gasoline,1980,ICE,Not Applicable,2,Statewide,1
31848,2022,T6,4,Gasoline,1980,ICE,Not Applicable,1,Statewide,1
31849,2022,T6,Unknown,Gasoline,1980,ICE,Not Applicable,2,Statewide,1
31850,2022,T3,Unknown,Gasoline,2013,ICE,Not Applicable,2,Statewide,3574
31851,2022,T6,5,Gasoline,1981,ICE,Not Applicable,3,Statewide,1
31852,2022,P,Not Applicable,Gasoline,1982,ICE,Not Applicable,≥4,Statewide,3571
31853,2022,T2,1,Gasoline,1997,ICE,Not Applicable,3,Statewide,3563
31854,2022,T3,Unknown,Gasoline,1993,ICE,Not Applicable,2,Statewide,37
31855,2022,P,Not Applicable,Gasoline,2024,PHEV,0 to 50 miles,3,Statewide,37
31856,2022,MC,Not Applicable,Electric,2021,BEV,Unknown,3,Statewide,37
31857,2022,B,Not Applicable,Electric,1980,BEV,Unknown,1,Statewide,37
31858,2022,T6,6,Diesel,1995,ICE,Not Applicable,2,Statewide,37
31859,2022,T6,7,Diesel,1992,ICE,Not Applicable,3,Statewide,37
31860,2022,T3,2,Diesel,2008,ICE,Not Applicable,1,Statewide,37
31861,2022,T3,2,Diesel,2000,ICE,Not Applicable,2,Statewide,37
31862,2022,T2,1,Diesel,2011,ICE,Not Applicable,3,Statewide,37
31863,2022,T1,Unknown,Diesel,1998,ICE,Not Applicable,≥4,Statewide,37
31864,2022,BS,Not Applicable,Diesel,1978,ICE,Not Applicable,3,Statewide,37
31865,2022,B,Not Applicable,Diesel,1988,ICE,Not Applicable,≥4,Statewide,37
31866,2022,T4,Unknown,Gasoline,2004,ICE,Not Applicable,3,Statewide,1
31867,2022,T4,Unknown,Gasoline,2004,ICE,Not Applicable,2,Statewide,1
31868,2022,T4,Unknown,Gasoline,2004,ICE,Not Applicable,1,Statewide,1
31869,2022,T4,Unknown,Gasoline,2005,ICE,Not Applicable,2,Statewide,1
31870,2022,T4,2,Diesel,2012,ICE,Not Applicable,3,Statewide,3560
31871,2022,P,Not Applicable,Gasoline,2018,PHEV,0 to 50 miles,3,Statewide,3569
31872,2022,BS,Not Applicable,Gasoline,1991,ICE,Not Applicable,≥4,Statewide,46
31873,2022,T6,4,Gasoline,1981,ICE,Not Applicable,2,Statewide,1
31874,2022,T6,Unknown,Gasoline,1981,ICE,Not Applicable,1,Statewide,1
31875,2022,T1,Unknown,Gasoline,2002,ICE,Not Applicable,≥4,Statewide,36
31876,2022,BS,Not Applicable,Gasoline,1997,ICE,Not Applicable,≥4,Statewide,36
31877,2022,BS,Not Applicable,Gasoline,1989,ICE,Not Applicable,≥4,Statewide,36
31878,2022,T6,4,Diesel,1995,ICE,Not Applicable,2,Statewide,36
31879,2022,T6,7,Diesel,1994,ICE,Not Applicable,3,Statewide,36
31880,2022,T6,Unknown,Diesel,1979,ICE,Not Applicable,≥4,Statewide,36
31881,2022,T2,Unknown,Diesel,2016,ICE,Not Applicable,2,Statewide,36
31882,2022,T2,1,Diesel,2010,ICE,Not Applicable,3,Statewide,36
31883,2022,T1,Unknown,Diesel,2013,ICE,Not Applicable,≥4,Statewide,36
31884,2022,P,Not Applicable,Diesel,1982,ICE,Not Applicable,1,Statewide,36
31885,2022,BT,Not Applicable,Diesel,2023,ICE,Not Applicable,1,Statewide,36
31886,2022,BS,Not Applicable,Diesel,2011,ICE,Not Applicable,3,Statewide,36
31887,2022,T6,5,Gasoline,1987,ICE,Not Applicable,1,Statewide,1
31888,2022,BT,Not Applicable,Gasoline,2008,ICE,Not Applicable,≥4,Statewide,46
31889,2022,T2,Unknown,Gasoline,2020,PHEV,0 to 50 miles,2,Statewide,46
31890,2022,T4,2,Diesel,2008,ICE,Not Applicable,1,Statewide,3595
31891,2022,P,Not Applicable,Gasoline,2021,PHEV,0 to 50 miles,2,Statewide,3596
31892,2022,T1,Unknown,Gasoline,2014,ICE,Not Applicable,3,Statewide,36
31893,2022,T6,Unknown,Gasoline,1981,ICE,Not Applicable,2,Statewide,1
31894,2022,T1,Unknown,Gasoline,2016,ICE,Not Applicable,2,Statewide,36
31895,2022,T5,3,Gasoline,1993,ICE,Not Applicable,3,Statewide,36
31896,2022,T6,5,Gasoline,1982,ICE,Not Applicable,3,Statewide,1
31897,2022,T6,Unknown,Gasoline,1982,ICE,Not Applicable,3,Statewide,1
31898,2022,T6,Unknown,Gasoline,1982,ICE,Not Applicable,1,Statewide,1
31899,2022,T6,5,Gasoline,1983,ICE,Not Applicable,2,Statewide,1
31900,2022,T6,Unknown,Gasoline,1983,ICE,Not Applicable,3,Statewide,1
31901,2022,T6,5,Gasoline,1984,ICE,Not Applicable,3,Statewide,1
31902,2022,T6,5,Gasoline,1985,ICE,Not Applicable,2,Statewide,1
31903,2022,T6,Unknown,Gasoline,1985,ICE,Not Applicable,3,Statewide,1
31904,2022,T6,5,Gasoline,1986,ICE,Not Applicable,2,Statewide,1
31905,2022,T6,Unknown,Gasoline,1986,ICE,Not Applicable,2,Statewide,1
31906,2022,MH,Not Applicable,Unknown,2015,ICE,Not Applicable,3,Statewide,36
31907,2022,T3,2,Natural Gas,2006,ICE,Not Applicable,1,Statewide,36
31908,2022,B,Not Applicable,Natural Gas,2008,ICE,Not Applicable,≥4,Statewide,36
31909,2022,B,Not Applicable,Natural Gas,2005,ICE,Not Applicable,≥4,Statewide,36
31910,2022,T6,4,Gasoline,2017,ICE,Not Applicable,3,Statewide,36
31911,2022,T6,4,Gasoline,1998,ICE,Not Applicable,2,Statewide,36
31912,2022,T5,3,Gasoline,2024,ICE,Not Applicable,≥4,Statewide,36
31913,2022,T3,Unknown,Gasoline,1984,ICE,Not Applicable,≥4,Statewide,36
31914,2022,BT,Not Applicable,Gasoline,1982,ICE,Not Applicable,3,Statewide,1
31915,2022,BT,Not Applicable,Gasoline,1981,ICE,Not Applicable,1,Statewide,1
31916,2022,BS,Not Applicable,Gasoline,2023,ICE,Not Applicable,3,Statewide,1
31917,2022,P,Not Applicable,Hydrogen,2023,FCEV,51 to 100 miles,3,Statewide,42
31918,2022,T7,8,Gasoline,1980,ICE,Not Applicable,≥4,Statewide,42
31919,2022,T6,Unknown,Gasoline,2022,ICE,Not Applicable,1,Statewide,42
31920,2022,T6,6,Gasoline,2022,ICE,Not Applicable,1,Statewide,42
31921,2022,T6,4,Gasoline,1994,ICE,Not Applicable,3,Statewide,42
31922,2022,T6,7,Gasoline,1988,ICE,Not Applicable,≥4,Statewide,42
31923,2022,T6,5,Gasoline,1986,ICE,Not Applicable,≥4,Statewide,42
31924,2022,P,Not Applicable,Hydrogen,2023,FCEV,51 to 100 miles,2,Statewide,42
31925,2022,T3,Unknown,Gasoline,1999,ICE,Not Applicable,2,Statewide,42
31926,2022,P,Not Applicable,Electric,2018,BEV,0 to 50 miles,≥4,Statewide,42
31927,2022,P,Not Applicable,Electric,2011,BEV,Unknown,≥4,Statewide,42
31928,2022,T6,4,Diesel,2016,ICE,Not Applicable,2,Statewide,42
31929,2022,T6,4,Diesel,2014,ICE,Not Applicable,2,Statewide,42
31930,2022,T6,Unknown,Diesel,2005,ICE,Not Applicable,≥4,Statewide,42
31931,2022,T6,7,Diesel,1997,ICE,Not Applicable,3,Statewide,42
31932,2022,T6,4,Diesel,1994,ICE,Not Applicable,1,Statewide,42
31933,2022,B,Not Applicable,Gasoline,2022,ICE,Not Applicable,3,Statewide,42
31934,2022,P,Not Applicable,Natural Gas,2010,ICE,Not Applicable,3,Statewide,42
31935,2022,T7,8,Natural Gas,2015,ICE,Not Applicable,1,Statewide,42
31936,2022,T1,Unknown,Electric,2012,BEV,Unknown,1,Statewide,1
31937,2022,P,Not Applicable,Electric,1981,BEV,Unknown,1,Statewide,1
31938,2022,P,Not Applicable,Electric,1980,BEV,Unknown,3,Statewide,1
31939,2022,P,Not Applicable,Electric,1979,BEV,Unknown,1,Statewide,1
31940,2022,MH,Not Applicable,Electric,2015,BEV,Unknown,≥4,Statewide,1
31941,2022,MC,Not Applicable,Electric,2024,BEV,Unknown,2,Statewide,1
31942,2022,T1,Unknown,Electric,2002,BEV,Unknown,≥4,Statewide,1
31943,2022,T1,Unknown,Electric,2003,BEV,Unknown,≥4,Statewide,1
31944,2022,T1,Unknown,Electric,2004,BEV,Unknown,≥4,Statewide,1
31945,2022,T1,Unknown,Electric,2004,BEV,Unknown,1,Statewide,1
31946,2022,T1,Unknown,Electric,2005,BEV,Unknown,1,Statewide,1
31947,2022,T1,Unknown,Electric,2006,BEV,Unknown,3,Statewide,1
31948,2022,T1,1,Electric,2007,BEV,Unknown,2,Statewide,1
31949,2022,T1,Unknown,Electric,2008,BEV,Unknown,1,Statewide,1
31950,2022,T1,Unknown,Electric,2009,BEV,Unknown,3,Statewide,1
31951,2022,T1,Unknown,Electric,2010,BEV,Unknown,3,Statewide,1
31952,2022,T1,Unknown,Electric,2010,BEV,Unknown,1,Statewide,1
31953,2022,T1,Unknown,Electric,2012,BEV,Unknown,2,Statewide,1
31954,2022,T5,3,Diesel,1992,ICE,Not Applicable,1,Statewide,42
31955,2022,T5,3,Diesel,1992,ICE,Not Applicable,2,Statewide,42
31956,2022,T3,2,Diesel,2008,ICE,Not Applicable,3,Statewide,42
31957,2022,T2,1,Diesel,1987,ICE,Not Applicable,1,Statewide,42
31958,2022,T2,Unknown,Electric,2013,BEV,Unknown,2,Statewide,1
31959,2022,T2,1,Electric,2016,BEV,Unknown,3,Statewide,1
31960,2022,T2,Unknown,Electric,2016,BEV,Unknown,2,Statewide,1
31961,2022,T2,1,Electric,2017,BEV,Unknown,2,Statewide,1
31962,2022,T2,Unknown,Electric,2020,BEV,Unknown,3,Statewide,1
31963,2022,T2,Unknown,Electric,2021,BEV,Unknown,1,Statewide,1
31964,2022,T2,Unknown,Electric,2022,BEV,Unknown,2,Statewide,1
31965,2022,T3,Unknown,Electric,1986,BEV,Unknown,≥4,Statewide,1
31966,2022,T3,Unknown,Electric,1990,BEV,Unknown,≥4,Statewide,1
31967,2022,T3,Unknown,Electric,1996,BEV,Unknown,≥4,Statewide,1
31968,2022,T3,Unknown,Electric,1998,BEV,Unknown,1,Statewide,1
31969,2022,T3,Unknown,Electric,2001,BEV,Unknown,1,Statewide,1
31970,2022,T3,Unknown,Electric,2003,BEV,Unknown,1,Statewide,1
31971,2022,T3,Unknown,Electric,2004,BEV,Unknown,1,Statewide,1
31972,2022,T3,Unknown,Electric,2005,BEV,Unknown,2,Statewide,1
31973,2022,T3,Unknown,Electric,2011,BEV,Unknown,≥4,Statewide,1
31974,2022,T3,Unknown,Electric,2012,BEV,Unknown,1,Statewide,1
31975,2022,T2,Unknown,Electric,2013,BEV,Unknown,3,Statewide,1
31976,2022,P,Not Applicable,Electric,1982,BEV,Unknown,≥4,Statewide,1
31977,2022,T2,Unknown,Electric,2005,BEV,Unknown,2,Statewide,1
31978,2022,T2,1,Electric,2003,BEV,Unknown,1,Statewide,1
31979,2022,P,Not Applicable,Diesel,1999,ICE,Not Applicable,≥4,Statewide,42
31980,2022,B,Not Applicable,Diesel,1979,ICE,Not Applicable,≥4,Statewide,42
31981,2022,T1,Unknown,Electric,2013,BEV,Unknown,2,Statewide,1
31982,2022,T4,2,Diesel,2013,ICE,Not Applicable,2,Statewide,3347
31983,2022,T1,Unknown,Electric,2015,BEV,Unknown,1,Statewide,1
31984,2022,T1,1,Gasoline,1995,ICE,Not Applicable,3,Statewide,3355
31985,2022,T1,Unknown,Electric,2021,BEV,Unknown,≥4,Statewide,1
31986,2022,P,Not Applicable,Gasoline,1991,ICE,Not Applicable,2,Statewide,3360
31987,2022,T2,Unknown,Electric,1978,BEV,Unknown,2,Statewide,1
31988,2022,T7,8,Diesel,2010,ICE,Not Applicable,≥4,Statewide,3370
31989,2022,T1,1,Gasoline,1997,ICE,Not Applicable,1,Statewide,3380
31990,2022,T2,Unknown,Electric,1978,BEV,Unknown,1,Statewide,1
31991,2022,T2,Unknown,Gasoline,2014,ICE,Not Applicable,3,Statewide,3382
31992,2022,T2,Unknown,Electric,1998,BEV,Unknown,≥4,Statewide,1
31993,2022,T2,1,Electric,2000,BEV,Unknown,≥4,Statewide,1
31994,2022,T2,1,Electric,2002,BEV,Unknown,1,Statewide,1
31995,2022,T2,1,Electric,2003,BEV,Unknown,≥4,Statewide,1
31996,2022,T2,1,Electric,2004,BEV,Unknown,2,Statewide,1
31997,2022,T1,1,Electric,2002,BEV,Unknown,1,Statewide,1
31998,2022,T1,Unknown,Electric,2000,BEV,Unknown,2,Statewide,1
31999,2022,T1,Unknown,Electric,2000,BEV,Unknown,≥4,Statewide,1
32000,2022,T2,1,Electric,2019,BEV,101 to 150 miles,3,Statewide,44
32001,2022,P,Not Applicable,Electric,1996,BEV,Unknown,1,Statewide,1
32002,2022,P,Not Applicable,Electric,1997,BEV,Unknown,2,Statewide,1
32003,2022,P,Not Applicable,Electric,1997,BEV,Unknown,1,Statewide,1
32004,2022,MH,Not Applicable,Gasoline,2014,ICE,Not Applicable,1,Statewide,44
32005,2022,P,Not Applicable,Electric,2000,BEV,Unknown,1,Statewide,1
32006,2022,P,Not Applicable,Electric,2002,BEV,Unknown,2,Statewide,1
32007,2022,P,Not Applicable,Electric,2023,BEV,Unknown,2,Statewide,1
32008,2022,P,Not Applicable,Electric,2024,BEV,>150 miles,3,Statewide,1
32009,2022,P,Not Applicable,Electric,2024,BEV,Unknown,2,Statewide,1
32010,2022,T1,Unknown,Electric,1978,BEV,Unknown,3,Statewide,1
32011,2022,T1,Unknown,Gasoline,2005,ICE,Not Applicable,1,Statewide,44
32012,2022,T1,Unknown,Electric,1979,BEV,Unknown,3,Statewide,1
32013,2022,T6,7,Natural Gas,2021,ICE,Not Applicable,≥4,Statewide,43
32014,2022,T6,4,Gasoline,1994,ICE,Not Applicable,2,Statewide,43
32015,2022,T3,Unknown,Gasoline,1997,ICE,Not Applicable,2,Statewide,43
32016,2022,T2,Unknown,Gasoline,1998,ICE,Not Applicable,1,Statewide,43
32017,2022,P,Not Applicable,Electric,1996,BEV,Unknown,2,Statewide,1
32018,2022,T2,Unknown,Gasoline,1987,ICE,Not Applicable,≥4,Statewide,43
32019,2022,P,Not Applicable,Electric,1996,BEV,Unknown,3,Statewide,1
32020,2022,P,Not Applicable,Electric,1994,BEV,Unknown,1,Statewide,1
32021,2022,T6,4,Diesel,1995,ICE,Not Applicable,3,Statewide,44
32022,2022,P,Not Applicable,Electric,1983,BEV,Unknown,≥4,Statewide,1
32023,2022,P,Not Applicable,Electric,1984,BEV,Unknown,1,Statewide,1
32024,2022,P,Not Applicable,Electric,1987,BEV,Unknown,≥4,Statewide,1
32025,2022,T4,2,Gasoline,2012,ICE,Not Applicable,1,Statewide,3269
32026,2022,P,Not Applicable,Electric,1987,BEV,Unknown,1,Statewide,1
32027,2022,P,Not Applicable,Electric,1989,BEV,Unknown,1,Statewide,1
32028,2022,T4,2,Diesel,2013,ICE,Not Applicable,3,Statewide,3282
32029,2022,P,Not Applicable,Electric,1991,BEV,Unknown,2,Statewide,1
32030,2022,P,Not Applicable,Electric,1994,BEV,Unknown,≥4,Statewide,1
32031,2022,T4,2,Diesel,2020,ICE,Not Applicable,1,Statewide,3291
32032,2022,T2,Unknown,Gasoline,2014,ICE,Not Applicable,1,Statewide,3299
32033,2022,MC,Not Applicable,Gasoline,2009,ICE,Not Applicable,1,Statewide,3301
32034,2022,T4,2,Diesel,2023,ICE,Not Applicable,1,Statewide,3304
32035,2022,T6,7,Diesel,2001,ICE,Not Applicable,2,Statewide,44
32036,2022,P,Not Applicable,Electric,1994,BEV,Unknown,3,Statewide,1
32037,2022,P,Not Applicable,Electric,1994,BEV,Unknown,2,Statewide,1
32038,2022,P,Not Applicable,Electric,1995,BEV,Unknown,2,Statewide,1
32039,2022,T3,Unknown,Electric,2013,BEV,Unknown,3,Statewide,1
32040,2022,T1,Unknown,Gasoline,2014,ICE,Not Applicable,2,Statewide,43
32041,2022,BS,Not Applicable,Gasoline,1984,ICE,Not Applicable,≥4,Statewide,43
32042,2022,T6,4,Gasoline,1999,ICE,Not Applicable,2,Statewide,44
32043,2022,T1,Unknown,Electric,1987,BEV,Unknown,1,Statewide,1
32044,2022,T4,2,Gasoline,1999,ICE,Not Applicable,≥4,Statewide,3326
32045,2022,T4,2,Diesel,2020,ICE,Not Applicable,2,Statewide,3337
32046,2022,T3,2,Gasoline,1998,ICE,Not Applicable,2,Statewide,3337
32047,2022,T1,Unknown,Electric,1989,BEV,Unknown,≥4,Statewide,1
32048,2022,T1,Unknown,Electric,1989,BEV,Unknown,2,Statewide,1
32049,2022,T1,Unknown,Electric,1990,BEV,Unknown,1,Statewide,1
32050,2022,T1,Unknown,Electric,1991,BEV,Unknown,1,Statewide,1
32051,2022,T1,Unknown,Electric,1992,BEV,Unknown,3,Statewide,1
32052,2022,T1,Unknown,Electric,1994,BEV,Unknown,≥4,Statewide,1
32053,2022,P,Not Applicable,Hydrogen,2023,FCEV,51 to 100 miles,≥4,Statewide,44
32054,2022,T1,Unknown,Electric,1996,BEV,Unknown,≥4,Statewide,1
32055,2022,T1,Unknown,Electric,1998,BEV,Unknown,1,Statewide,1
32056,2022,T1,Unknown,Electric,1999,BEV,Unknown,1,Statewide,1
32057,2022,T6,7,Natural Gas,2012,ICE,Not Applicable,≥4,Statewide,44
32058,2022,P,Not Applicable,Electric,1982,BEV,Unknown,3,Statewide,1
32059,2022,T1,Unknown,Electric,1985,BEV,Unknown,1,Statewide,1
32060,2022,BT,Not Applicable,Gasoline,2006,ICE,Not Applicable,≥4,Statewide,43
32061,2022,T1,Unknown,Electric,1984,BEV,Unknown,2,Statewide,1
32062,2022,T1,Unknown,Electric,1981,BEV,Unknown,≥4,Statewide,1
32063,2022,BS,Not Applicable,Gasoline,1982,ICE,Not Applicable,≥4,Statewide,43
32064,2022,T2,Unknown,Gasoline,1984,ICE,Not Applicable,2,Statewide,44
32065,2022,BS,Not Applicable,Gasoline,1980,ICE,Not Applicable,≥4,Statewide,43
32066,2022,T2,Unknown,Gasoline,1996,ICE,Not Applicable,≥4,Statewide,44
32067,2022,T3,Unknown,Gasoline,1996,ICE,Not Applicable,2,Statewide,44
32068,2022,B,Not Applicable,Gasoline,2018,ICE,Not Applicable,3,Statewide,43
32069,2022,P,Not Applicable,Electric,2017,BEV,Unknown,1,Statewide,43
32070,2022,P,Not Applicable,Electric,2017,BEV,Unknown,2,Statewide,43
32071,2022,BT,Not Applicable,Electric,1998,BEV,Unknown,1,Statewide,43
32072,2022,T5,3,Gasoline,1991,ICE,Not Applicable,3,Statewide,44
32073,2022,T7,8,Diesel,1989,ICE,Not Applicable,2,Statewide,43
32074,2022,T7,8,Diesel,1978,ICE,Not Applicable,3,Statewide,43
32075,2022,T6,6,Diesel,1998,ICE,Not Applicable,3,Statewide,43
32076,2022,T4,Unknown,Diesel,1994,ICE,Not Applicable,≥4,Statewide,43
32077,2022,T1,1,Diesel,1988,ICE,Not Applicable,3,Statewide,43
32078,2022,P,Not Applicable,Diesel,1981,ICE,Not Applicable,3,Statewide,43
32079,2022,BS,Not Applicable,Diesel,2019,ICE,Not Applicable,1,Statewide,43
32080,2022,T6,4,Gasoline,1997,ICE,Not Applicable,1,Statewide,44
32081,2022,T3,Unknown,Electric,2013,BEV,Unknown,2,Statewide,1
32082,2022,T3,Unknown,Electric,2014,BEV,Unknown,1,Statewide,1
32083,2022,T3,Unknown,Electric,2019,BEV,Unknown,≥4,Statewide,1
32084,2022,T7,8,Electric,2009,BEV,Unknown,≥4,Statewide,1
32085,2022,T7,8,Electric,2011,BEV,Unknown,≥4,Statewide,1
32086,2022,T7,8,Electric,2015,BEV,Unknown,≥4,Statewide,1
32087,2022,T7,8,Electric,2023,BEV,Unknown,3,Statewide,1
32088,2022,B,Not Applicable,Gasoline,1981,ICE,Not Applicable,2,Statewide,1
32089,2022,B,Not Applicable,Gasoline,1990,ICE,Not Applicable,2,Statewide,1
32090,2022,BS,Not Applicable,Gasoline,1983,ICE,Not Applicable,3,Statewide,1
32091,2022,BS,Not Applicable,Gasoline,1984,ICE,Not Applicable,2,Statewide,1
32092,2022,BS,Not Applicable,Gasoline,1987,ICE,Not Applicable,2,Statewide,1
32093,2022,BS,Not Applicable,Gasoline,1988,ICE,Not Applicable,3,Statewide,1
32094,2022,BS,Not Applicable,Gasoline,1990,ICE,Not Applicable,3,Statewide,1
32095,2022,BS,Not Applicable,Gasoline,1994,ICE,Not Applicable,2,Statewide,1
32096,2022,B,Not Applicable,Natural Gas,2018,ICE,Not Applicable,≥4,Statewide,39
32097,2022,T6,4,Gasoline,2019,ICE,Not Applicable,2,Statewide,39
32098,2022,T6,6,Gasoline,2002,ICE,Not Applicable,1,Statewide,39
32099,2022,T6,4,Gasoline,1996,ICE,Not Applicable,2,Statewide,39
32100,2022,T5,3,Gasoline,1992,ICE,Not Applicable,2,Statewide,39
32101,2022,T7,8,Electric,2005,BEV,Unknown,≥4,Statewide,1
32102,2022,T4,2,Gasoline,2022,PHEV,0 to 50 miles,3,Statewide,39
32103,2022,T7,8,Electric,1996,BEV,Unknown,≥4,Statewide,1
32104,2022,T6,Unknown,Electric,2019,BEV,Unknown,3,Statewide,1
32105,2022,T5,3,Electric,2015,BEV,Unknown,1,Statewide,1
32106,2022,T5,3,Electric,2016,BEV,Unknown,1,Statewide,1
32107,2022,T5,3,Diesel,2017,ICE,Not Applicable,≥4,Statewide,3439
32108,2022,T5,3,Electric,2018,BEV,Unknown,≥4,Statewide,1
32109,2022,T1,1,Gasoline,1995,ICE,Not Applicable,2,Statewide,3446
32110,2022,T5,3,Electric,2020,BEV,Unknown,≥4,Statewide,1
32111,2022,T1,1,Gasoline,1994,ICE,Not Applicable,1,Statewide,3447
32112,2022,T6,Unknown,Electric,1978,BEV,Unknown,≥4,Statewide,1
32113,2022,T6,Unknown,Electric,1979,BEV,Unknown,≥4,Statewide,1
32114,2022,T6,Unknown,Electric,1987,BEV,Unknown,1,Statewide,1
32115,2022,T6,Unknown,Electric,2004,BEV,Unknown,≥4,Statewide,1
32116,2022,T6,Unknown,Electric,2012,BEV,Unknown,≥4,Statewide,1
32117,2022,T6,Unknown,Electric,2014,BEV,Unknown,3,Statewide,1
32118,2022,T6,6,Electric,2015,BEV,Unknown,1,Statewide,1
32119,2022,T6,Unknown,Electric,2017,BEV,Unknown,1,Statewide,1
32120,2022,T6,6,Electric,2018,BEV,Unknown,3,Statewide,1
32121,2022,T6,Unknown,Electric,2018,BEV,Unknown,≥4,Statewide,1
32122,2022,T6,Unknown,Electric,2020,BEV,Unknown,≥4,Statewide,1
32123,2022,MC,Not Applicable,Gasoline,2000,ICE,Not Applicable,≥4,Statewide,3427
32124,2022,T3,Unknown,Gasoline,1993,ICE,Not Applicable,3,Statewide,39
32125,2022,T2,Unknown,Gasoline,1988,ICE,Not Applicable,≥4,Statewide,39
32126,2022,T4,2,Gasoline,2012,ICE,Not Applicable,2,Statewide,3473
32127,2022,T3,Unknown,Gasoline,2021,ICE,Not Applicable,3,Statewide,3476
32128,2022,T3,Unknown,Gasoline,2013,ICE,Not Applicable,≥4,Statewide,3493
32129,2022,P,Not Applicable,Electric,2022,BEV,51 to 100 miles,2,Statewide,3495
32130,2022,MC,Not Applicable,Electric,2011,BEV,Unknown,1,Statewide,1
32131,2022,T3,Unknown,Gasoline,1978,ICE,Not Applicable,≥4,Statewide,3495
32132,2022,BS,Not Applicable,Gasoline,1998,ICE,Not Applicable,3,Statewide,1
32133,2022,T2,1,Gasoline,2024,ICE,Not Applicable,2,Statewide,3498
32134,2022,BS,Not Applicable,Gasoline,1998,ICE,Not Applicable,2,Statewide,1
32135,2022,BS,Not Applicable,Gasoline,2001,ICE,Not Applicable,1,Statewide,1
32136,2022,BS,Not Applicable,Gasoline,2002,ICE,Not Applicable,3,Statewide,1
32137,2022,MC,Not Applicable,Electric,2010,BEV,Unknown,3,Statewide,1
32138,2022,BS,Not Applicable,Gasoline,2002,ICE,Not Applicable,1,Statewide,1
32139,2022,BS,Not Applicable,Gasoline,2008,ICE,Not Applicable,2,Statewide,1
32140,2022,BS,Not Applicable,Gasoline,2014,ICE,Not Applicable,2,Statewide,1
32141,2022,BS,Not Applicable,Gasoline,2018,ICE,Not Applicable,2,Statewide,1
32142,2022,BS,Not Applicable,Gasoline,2019,ICE,Not Applicable,3,Statewide,1
32143,2022,MC,Not Applicable,Electric,2014,BEV,Unknown,3,Statewide,1
32144,2022,T3,Unknown,Gasoline,1989,ICE,Not Applicable,≥4,Statewide,39
32145,2022,BS,Not Applicable,Gasoline,1997,ICE,Not Applicable,3,Statewide,1
32146,2022,BS,Not Applicable,Gasoline,1996,ICE,Not Applicable,1,Statewide,1
32147,2022,BT,Not Applicable,Gasoline,1987,ICE,Not Applicable,≥4,Statewide,39
32148,2022,B,Not Applicable,Gasoline,1983,ICE,Not Applicable,≥4,Statewide,39
32149,2022,P,Not Applicable,Electric,2016,BEV,>150 miles,≥4,Statewide,39
32150,2022,P,Not Applicable,Electric,2014,BEV,Unknown,3,Statewide,39
32151,2022,T7,8,Diesel,1988,ICE,Not Applicable,1,Statewide,39
32152,2022,T6,4,Diesel,2018,ICE,Not Applicable,3,Statewide,39
32153,2022,T6,Unknown,Diesel,2014,ICE,Not Applicable,1,Statewide,39
32154,2022,T6,7,Diesel,2009,ICE,Not Applicable,2,Statewide,39
32155,2022,T2,1,Diesel,2011,ICE,Not Applicable,1,Statewide,39
32156,2022,T1,Unknown,Diesel,2002,ICE,Not Applicable,≥4,Statewide,39
32157,2022,P,Not Applicable,Diesel,1996,ICE,Not Applicable,1,Statewide,39
32158,2022,P,Not Applicable,Diesel,1996,ICE,Not Applicable,2,Statewide,39
32159,2022,MH,Not Applicable,Diesel,2014,ICE,Not Applicable,1,Statewide,39
32160,2022,MH,Not Applicable,Diesel,1988,ICE,Not Applicable,≥4,Statewide,39
32161,2022,BS,Not Applicable,Diesel,2002,ICE,Not Applicable,1,Statewide,39
32162,2022,B,Not Applicable,Diesel,2006,ICE,Not Applicable,1,Statewide,39
32163,2022,BS,Not Applicable,Gasoline,1996,ICE,Not Applicable,2,Statewide,1
32164,2022,T6,5,Diesel,2017,ICE,Not Applicable,≥4,Statewide,3466
32165,2022,T6,Unknown,Gasoline,2001,ICE,Not Applicable,1,Statewide,1
32166,2022,T4,2,Gasoline,2004,ICE,Not Applicable,3,Statewide,3425
32167,2022,B,Not Applicable,Diesel,2013,ICE,Not Applicable,1,Statewide,40
32168,2022,T6,Unknown,Diesel,2004,ICE,Not Applicable,≥4,Statewide,41
32169,2022,T5,3,Diesel,1993,ICE,Not Applicable,3,Statewide,41
32170,2022,T1,Unknown,Diesel,2018,ICE,Not Applicable,≥4,Statewide,41
32171,2022,MH,Not Applicable,Diesel,2014,ICE,Not Applicable,2,Statewide,41
32172,2022,BS,Not Applicable,Diesel,2004,ICE,Not Applicable,2,Statewide,41
32173,2022,T4,Unknown,Electric,1983,BEV,Unknown,1,Statewide,1
32174,2022,T2,Unknown,Gasoline,2016,ICE,Not Applicable,≥4,Statewide,3386
32175,2022,T5,3,Gasoline,2020,ICE,Not Applicable,≥4,Statewide,3386
32176,2022,P,Not Applicable,Gasoline,1986,ICE,Not Applicable,≥4,Statewide,3389
32177,2022,T4,Unknown,Electric,1985,BEV,Unknown,≥4,Statewide,1
32178,2022,P,Not Applicable,Gasoline,1987,ICE,Not Applicable,≥4,Statewide,3408
32179,2022,T4,Unknown,Electric,1985,BEV,Unknown,1,Statewide,1
32180,2022,T2,1,Gasoline,1995,ICE,Not Applicable,2,Statewide,3413
32181,2022,T4,2,Gasoline,2004,ICE,Not Applicable,2,Statewide,3413
32182,2022,P,Not Applicable,Electric,2022,BEV,51 to 100 miles,1,Statewide,3424
32183,2022,T4,Unknown,Electric,1987,BEV,Unknown,2,Statewide,1
32184,2022,T4,Unknown,Electric,1989,BEV,Unknown,≥4,Statewide,1
32185,2022,P,Not Applicable,Electric,2013,BEV,>150 miles,3,Statewide,41
32186,2022,T4,Unknown,Electric,1989,BEV,Unknown,2,Statewide,1
32187,2022,P,Not Applicable,Electric,2014,BEV,Unknown,2,Statewide,41
32188,2022,P,Not Applicable,Electric,2017,BEV,Unknown,3,Statewide,41
32189,2022,T3,Unknown,Electric,2021,BEV,51 to 100 miles,1,Statewide,1
32190,2022,T3,Unknown,Electric,2021,BEV,Unknown,≥4,Statewide,1
32191,2022,T3,Unknown,Electric,2024,BEV,Unknown,≥4,Statewide,1
32192,2022,T4,Unknown,Electric,1978,BEV,Unknown,2,Statewide,1
32193,2022,T6,6,Natural Gas,2012,ICE,Not Applicable,≥4,Statewide,41
32194,2022,T3,2,Natural Gas,2008,ICE,Not Applicable,1,Statewide,41
32195,2022,P,Not Applicable,Natural Gas,2010,ICE,Not Applicable,2,Statewide,41
32196,2022,T6,5,Gasoline,2023,ICE,Not Applicable,1,Statewide,41
32197,2022,T6,4,Gasoline,2020,ICE,Not Applicable,3,Statewide,41
32198,2022,T6,7,Gasoline,2009,ICE,Not Applicable,≥4,Statewide,41
32199,2022,T6,5,Gasoline,1990,ICE,Not Applicable,≥4,Statewide,41
32200,2022,T6,5,Gasoline,1978,ICE,Not Applicable,3,Statewide,41
32201,2022,T5,3,Gasoline,1990,ICE,Not Applicable,1,Statewide,41
32202,2022,T2,Unknown,Gasoline,1991,ICE,Not Applicable,≥4,Statewide,41
32203,2022,T2,Unknown,Gasoline,1982,ICE,Not Applicable,1,Statewide,41
32204,2022,BS,Not Applicable,Gasoline,2022,ICE,Not Applicable,1,Statewide,41
32205,2022,B,Not Applicable,Gasoline,2001,ICE,Not Applicable,≥4,Statewide,41
32206,2022,P,Not Applicable,Electric,2016,BEV,Unknown,3,Statewide,41
32207,2022,P,Not Applicable,Gasoline,2022,PHEV,51 to 100 miles,3,Statewide,3425
32208,2022,T4,Unknown,Electric,1989,BEV,Unknown,1,Statewide,1
32209,2022,T4,Unknown,Electric,1999,BEV,Unknown,1,Statewide,1
32210,2022,T7,8,Diesel,1990,ICE,Not Applicable,3,Statewide,40
32211,2022,T7,8,Diesel,1982,ICE,Not Applicable,1,Statewide,40
32212,2022,T6,4,Diesel,2023,ICE,Not Applicable,3,Statewide,40
32213,2022,T6,Unknown,Diesel,2013,ICE,Not Applicable,≥4,Statewide,40
32214,2022,T6,5,Diesel,1995,ICE,Not Applicable,≥4,Statewide,40
32215,2022,T6,7,Diesel,1992,ICE,Not Applicable,2,Statewide,40
32216,2022,T6,Unknown,Diesel,1981,ICE,Not Applicable,≥4,Statewide,40
32217,2022,T4,2,Diesel,2024,ICE,Not Applicable,3,Statewide,40
32218,2022,T3,2,Diesel,1985,ICE,Not Applicable,≥4,Statewide,40
32219,2022,T1,1,Diesel,1988,ICE,Not Applicable,2,Statewide,40
32220,2022,MH,Not Applicable,Diesel,1995,ICE,Not Applicable,3,Statewide,40
32221,2022,MH,Not Applicable,Diesel,1987,ICE,Not Applicable,≥4,Statewide,40
32222,2022,BT,Not Applicable,Diesel,1989,ICE,Not Applicable,1,Statewide,40
32223,2022,BS,Not Applicable,Diesel,2020,ICE,Not Applicable,1,Statewide,40
32224,2022,BS,Not Applicable,Diesel,2005,ICE,Not Applicable,2,Statewide,40
32225,2022,BS,Not Applicable,Diesel,2001,ICE,Not Applicable,1,Statewide,40
32226,2022,BS,Not Applicable,Diesel,1996,ICE,Not Applicable,1,Statewide,40
32227,2022,MC,Not Applicable,Electric,2021,BEV,Unknown,1,Statewide,40
32228,2022,T4,Unknown,Electric,1990,BEV,Unknown,1,Statewide,1
32229,2022,BT,Not Applicable,Gasoline,2019,ICE,Not Applicable,1,Statewide,40
32230,2022,T3,Unknown,Gasoline,1995,ICE,Not Applicable,3,Statewide,40
32231,2022,T4,Unknown,Electric,2004,BEV,Unknown,1,Statewide,1
32232,2022,T4,Unknown,Electric,2006,BEV,Unknown,≥4,Statewide,1
32233,2022,T4,Unknown,Electric,2011,BEV,Unknown,1,Statewide,1
32234,2022,T5,3,Electric,1999,BEV,Unknown,≥4,Statewide,1
32235,2022,T5,3,Electric,2001,BEV,Unknown,1,Statewide,1
32236,2022,T5,3,Electric,2006,BEV,Unknown,≥4,Statewide,1
32237,2022,MH,Not Applicable,Unknown,2015,ICE,Not Applicable,≥4,Statewide,40
32238,2022,P,Not Applicable,Natural Gas,2009,ICE,Not Applicable,3,Statewide,40
32239,2022,P,Not Applicable,Natural Gas,2008,ICE,Not Applicable,1,Statewide,40
32240,2022,BS,Not Applicable,Natural Gas,2015,ICE,Not Applicable,≥4,Statewide,40
32241,2022,BS,Not Applicable,Natural Gas,2010,ICE,Not Applicable,≥4,Statewide,40
32242,2022,B,Not Applicable,Natural Gas,2013,ICE,Not Applicable,≥4,Statewide,40
32243,2022,T6,7,Gasoline,1984,ICE,Not Applicable,≥4,Statewide,40
32244,2022,T6,7,Gasoline,1981,ICE,Not Applicable,≥4,Statewide,40
32245,2022,T5,3,Gasoline,1991,ICE,Not Applicable,1,Statewide,40
32246,2022,T4,2,Gasoline,2022,PHEV,0 to 50 miles,≥4,Statewide,40
32247,2022,T3,Unknown,Gasoline,1996,ICE,Not Applicable,3,Statewide,40
32248,2022,T1,Unknown,Gasoline,1992,ICE,Not Applicable,≥4,Statewide,40
32249,2022,T6,5,Gasoline,2002,ICE,Not Applicable,2,Statewide,1
32250,2022,B,Not Applicable,Natural Gas,2020,ICE,Not Applicable,≥4,Statewide,35
32251,2022,T6,Unknown,Gasoline,2002,ICE,Not Applicable,2,Statewide,1
32252,2022,T3,2,Diesel,1997,ICE,Not Applicable,≥4,Statewide,29
32253,2022,T1,Unknown,Diesel,2006,ICE,Not Applicable,≥4,Statewide,29
32254,2022,T1,1,Diesel,1986,ICE,Not Applicable,3,Statewide,29
32255,2022,MH,Not Applicable,Diesel,1994,ICE,Not Applicable,2,Statewide,29
32256,2022,T6,5,Diesel,1987,ICE,Not Applicable,≥4,Statewide,1
32257,2022,T6,Unknown,Diesel,1986,ICE,Not Applicable,1,Statewide,1
32258,2022,T6,6,Diesel,1986,ICE,Not Applicable,3,Statewide,1
32259,2022,T6,6,Diesel,1985,ICE,Not Applicable,1,Statewide,1
32260,2022,T6,6,Diesel,1985,ICE,Not Applicable,2,Statewide,1
32261,2022,T6,6,Diesel,1984,ICE,Not Applicable,2,Statewide,1
32262,2022,T6,6,Diesel,1983,ICE,Not Applicable,1,Statewide,1
32263,2022,T6,6,Diesel,1983,ICE,Not Applicable,3,Statewide,1
32264,2022,T6,Unknown,Diesel,1982,ICE,Not Applicable,2,Statewide,1
32265,2022,T6,6,Diesel,1982,ICE,Not Applicable,1,Statewide,1
32266,2022,T6,6,Diesel,1981,ICE,Not Applicable,3,Statewide,1
32267,2022,T6,6,Diesel,1979,ICE,Not Applicable,3,Statewide,1
32268,2022,T6,7,Diesel,1979,ICE,Not Applicable,2,Statewide,1
32269,2022,T4,2,Diesel,2024,ICE,Not Applicable,2,Statewide,29
32270,2022,T4,2,Gasoline,2004,ICE,Not Applicable,1,Statewide,3170
32271,2022,T6,7,Diesel,1982,ICE,Not Applicable,1,Statewide,29
32272,2022,T6,Unknown,Diesel,1996,ICE,Not Applicable,≥4,Statewide,29
32273,2022,P,Not Applicable,Natural Gas,1994,ICE,Not Applicable,≥4,Statewide,1
32274,2022,P,Not Applicable,Natural Gas,2000,ICE,Not Applicable,1,Statewide,1
32275,2022,MH,Not Applicable,Unknown,2017,ICE,Not Applicable,2,Statewide,29
32276,2022,T6,5,Gasoline,2024,ICE,Not Applicable,≥4,Statewide,29
32277,2022,T6,5,Gasoline,2007,ICE,Not Applicable,1,Statewide,29
32278,2022,T6,4,Gasoline,1993,ICE,Not Applicable,1,Statewide,29
32279,2022,T6,6,Gasoline,1980,ICE,Not Applicable,3,Statewide,29
32280,2022,T3,Unknown,Gasoline,1990,ICE,Not Applicable,1,Statewide,29
32281,2022,T3,Unknown,Gasoline,1990,ICE,Not Applicable,2,Statewide,29
32282,2022,T2,Unknown,Gasoline,2020,PHEV,0 to 50 miles,3,Statewide,29
32283,2022,T2,Unknown,Gasoline,1994,ICE,Not Applicable,3,Statewide,29
32284,2022,T1,Unknown,Gasoline,1981,ICE,Not Applicable,3,Statewide,29
32285,2022,BS,Not Applicable,Gasoline,1994,ICE,Not Applicable,≥4,Statewide,29
32286,2022,MC,Not Applicable,Electric,2023,BEV,Unknown,2,Statewide,29
32287,2022,MC,Not Applicable,Electric,1998,BEV,Unknown,≥4,Statewide,29
32288,2022,T7,8,Diesel,1991,ICE,Not Applicable,2,Statewide,29
32289,2022,T6,6,Diesel,1997,ICE,Not Applicable,2,Statewide,29
32290,2022,T6,6,Diesel,1995,ICE,Not Applicable,3,Statewide,29
32291,2022,P,Not Applicable,Natural Gas,1982,ICE,Not Applicable,≥4,Statewide,1
32292,2022,T6,7,Diesel,1979,ICE,Not Applicable,3,Statewide,1
32293,2022,T4,2,Gasoline,2012,ICE,Not Applicable,3,Statewide,3148
32294,2022,T2,Unknown,Gasoline,2015,ICE,Not Applicable,3,Statewide,3897
32295,2022,T1,Unknown,Natural Gas,1994,ICE,Not Applicable,3,Statewide,1
32296,2022,T2,1,Gasoline,1997,ICE,Not Applicable,2,Statewide,3902
32297,2022,T1,Unknown,Natural Gas,1994,ICE,Not Applicable,1,Statewide,1
32298,2022,T1,1,Gasoline,2016,ICE,Not Applicable,3,Statewide,3913
32299,2022,T1,1,Natural Gas,1999,ICE,Not Applicable,3,Statewide,1
32300,2022,T1,1,Gasoline,2010,ICE,Not Applicable,3,Statewide,3917
32301,2022,T1,Unknown,Natural Gas,2002,ICE,Not Applicable,≥4,Statewide,1
32302,2022,T1,1,Gasoline,1997,ICE,Not Applicable,3,Statewide,3925
32303,2022,MC,Not Applicable,Gasoline,2009,ICE,Not Applicable,2,Statewide,3932
32304,2022,T4,2,Gasoline,2023,ICE,Not Applicable,1,Statewide,3933
32305,2022,T1,Unknown,Natural Gas,2004,ICE,Not Applicable,≥4,Statewide,1
32306,2022,T6,6,Diesel,2022,ICE,Not Applicable,≥4,Statewide,3942
32307,2022,T1,Unknown,Natural Gas,2004,ICE,Not Applicable,3,Statewide,1
32308,2022,T1,Unknown,Natural Gas,2008,ICE,Not Applicable,≥4,Statewide,1
32309,2022,T1,Unknown,Natural Gas,2010,ICE,Not Applicable,1,Statewide,1
32310,2022,T1,Unknown,Natural Gas,2011,ICE,Not Applicable,≥4,Statewide,1
32311,2022,T1,Unknown,Natural Gas,1978,ICE,Not Applicable,2,Statewide,1
32312,2022,T4,2,Gasoline,1995,ICE,Not Applicable,≥4,Statewide,3149
32313,2022,T1,Unknown,Natural Gas,1978,ICE,Not Applicable,3,Statewide,1
32314,2022,P,Not Applicable,Natural Gas,2002,ICE,Not Applicable,2,Statewide,1
32315,2022,BS,Not Applicable,Diesel,2022,ICE,Not Applicable,1,Statewide,48
32316,2022,P,Not Applicable,Diesel,2012,ICE,Not Applicable,1,Statewide,48
32317,2022,BS,Not Applicable,Diesel,2002,ICE,Not Applicable,2,Statewide,29
32318,2022,T2,1,Diesel,1985,ICE,Not Applicable,≥4,Statewide,48
32319,2022,T3,2,Diesel,1988,ICE,Not Applicable,1,Statewide,48
32320,2022,T3,Unknown,Diesel,2012,ICE,Not Applicable,≥4,Statewide,48
32321,2022,T6,6,Diesel,1998,ICE,Not Applicable,2,Statewide,48
32322,2022,T6,4,Diesel,1998,ICE,Not Applicable,1,Statewide,48
32323,2022,T6,5,Diesel,2015,ICE,Not Applicable,2,Statewide,48
32324,2022,T7,8,Diesel,1990,ICE,Not Applicable,2,Statewide,48
32325,2022,T7,8,Diesel,1993,ICE,Not Applicable,3,Statewide,48
32326,2022,P,Not Applicable,Electric,2014,BEV,Unknown,1,Statewide,48
32327,2022,T6,5,Electric,2017,BEV,Unknown,≥4,Statewide,48
32328,2022,B,Not Applicable,Diesel,1978,ICE,Not Applicable,1,Statewide,29
32329,2022,P,Not Applicable,Natural Gas,2001,ICE,Not Applicable,3,Statewide,1
32330,2022,MC,Not Applicable,Gasoline,2007,ICE,Not Applicable,2,Statewide,3880
32331,2022,P,Not Applicable,Gasoline,2021,PHEV,0 to 50 miles,1,Statewide,3886
32332,2022,P,Not Applicable,Gasoline,2024,ICE,Not Applicable,3,Statewide,3889
32333,2022,P,Not Applicable,Natural Gas,1980,ICE,Not Applicable,2,Statewide,1
32334,2022,MH,Not Applicable,Natural Gas,2019,ICE,Not Applicable,3,Statewide,1
32335,2022,MH,Not Applicable,Natural Gas,2015,ICE,Not Applicable,2,Statewide,1
32336,2022,MC,Not Applicable,Natural Gas,1978,ICE,Not Applicable,1,Statewide,1
32337,2022,MC,Not Applicable,Natural Gas,1979,ICE,Not Applicable,3,Statewide,1
32338,2022,T4,2,Gasoline,2005,ICE,Not Applicable,1,Statewide,3866
32339,2022,MC,Not Applicable,Gasoline,2017,ICE,Not Applicable,1,Statewide,3867
32340,2022,MC,Not Applicable,Natural Gas,1985,ICE,Not Applicable,3,Statewide,1
32341,2022,P,Not Applicable,Gasoline,2022,PHEV,51 to 100 miles,≥4,Statewide,3870
32342,2022,MC,Not Applicable,Natural Gas,1986,ICE,Not Applicable,3,Statewide,1
32343,2022,MC,Not Applicable,Natural Gas,1986,ICE,Not Applicable,1,Statewide,1
32344,2022,MC,Not Applicable,Natural Gas,1988,ICE,Not Applicable,1,Statewide,1
32345,2022,MC,Not Applicable,Natural Gas,1989,ICE,Not Applicable,≥4,Statewide,1
32346,2022,MC,Not Applicable,Natural Gas,1990,ICE,Not Applicable,≥4,Statewide,1
32347,2022,T6,Unknown,Gasoline,2002,ICE,Not Applicable,≥4,Statewide,1
32348,2022,T6,6,Diesel,1978,ICE,Not Applicable,1,Statewide,47
32349,2022,T6,7,Diesel,1981,ICE,Not Applicable,≥4,Statewide,47
32350,2022,T6,7,Diesel,1994,ICE,Not Applicable,2,Statewide,47
32351,2022,T6,6,Diesel,1996,ICE,Not Applicable,1,Statewide,47
32352,2022,T6,7,Diesel,2001,ICE,Not Applicable,3,Statewide,47
32353,2022,P,Not Applicable,Gasoline,1992,ICE,Not Applicable,3,Statewide,3843
32354,2022,T6,7,Diesel,2007,ICE,Not Applicable,2,Statewide,47
32355,2022,T1,1,Gasoline,1994,ICE,Not Applicable,3,Statewide,3824
32356,2022,B,Not Applicable,Diesel,2024,ICE,Not Applicable,≥4,Statewide,30
32357,2022,T6,7,Diesel,1999,ICE,Not Applicable,2,Statewide,30
32358,2022,T6,7,Diesel,1998,ICE,Not Applicable,2,Statewide,30
32359,2022,T6,4,Diesel,1997,ICE,Not Applicable,2,Statewide,30
32360,2022,T6,7,Diesel,1991,ICE,Not Applicable,3,Statewide,30
32361,2022,T6,Unknown,Diesel,1978,ICE,Not Applicable,2,Statewide,30
32362,2022,T5,3,Diesel,1991,ICE,Not Applicable,2,Statewide,30
32363,2022,T4,Unknown,Diesel,2020,ICE,Not Applicable,1,Statewide,30
32364,2022,T4,Unknown,Diesel,2020,ICE,Not Applicable,3,Statewide,30
32365,2022,T3,2,Diesel,2001,ICE,Not Applicable,2,Statewide,30
32366,2022,T1,Unknown,Diesel,2014,ICE,Not Applicable,≥4,Statewide,30
32367,2022,T1,Unknown,Diesel,1993,ICE,Not Applicable,≥4,Statewide,30
32368,2022,T1,Unknown,Diesel,1978,ICE,Not Applicable,1,Statewide,30
32369,2022,P,Not Applicable,Diesel,1981,ICE,Not Applicable,1,Statewide,30
32370,2022,BT,Not Applicable,Diesel,1980,ICE,Not Applicable,≥4,Statewide,30
32371,2022,BS,Not Applicable,Diesel,2014,ICE,Not Applicable,3,Statewide,30
32372,2022,BS,Not Applicable,Diesel,2013,ICE,Not Applicable,2,Statewide,30
32373,2022,BS,Not Applicable,Diesel,2006,ICE,Not Applicable,1,Statewide,30
32374,2022,T4,2,Diesel,2006,ICE,Not Applicable,2,Statewide,3822
32375,2022,P,Not Applicable,Electric,2016,BEV,Unknown,2,Statewide,47
32376,2022,T2,Unknown,Electric,2014,BEV,Unknown,≥4,Statewide,47
32377,2022,B,Not Applicable,Gasoline,1998,ICE,Not Applicable,≥4,Statewide,47
32378,2022,MC,Not Applicable,Natural Gas,2006,ICE,Not Applicable,2,Statewide,1
32379,2022,MC,Not Applicable,Natural Gas,2007,ICE,Not Applicable,≥4,Statewide,1
32380,2022,MC,Not Applicable,Natural Gas,2010,ICE,Not Applicable,1,Statewide,1
32381,2022,MC,Not Applicable,Natural Gas,2011,ICE,Not Applicable,2,Statewide,1
32382,2022,MC,Not Applicable,Natural Gas,2012,ICE,Not Applicable,1,Statewide,1
32383,2022,MC,Not Applicable,Natural Gas,2013,ICE,Not Applicable,≥4,Statewide,1
32384,2022,MC,Not Applicable,Natural Gas,2016,ICE,Not Applicable,≥4,Statewide,1
32385,2022,MC,Not Applicable,Natural Gas,2017,ICE,Not Applicable,3,Statewide,1
32386,2022,MC,Not Applicable,Natural Gas,2022,ICE,Not Applicable,≥4,Statewide,1
32387,2022,MC,Not Applicable,Natural Gas,2022,ICE,Not Applicable,3,Statewide,1
32388,2022,MH,Not Applicable,Natural Gas,1984,ICE,Not Applicable,3,Statewide,1
32389,2022,MH,Not Applicable,Natural Gas,2000,ICE,Not Applicable,2,Statewide,1
32390,2022,MH,Not Applicable,Natural Gas,2004,ICE,Not Applicable,3,Statewide,1
32391,2022,MH,Not Applicable,Natural Gas,2007,ICE,Not Applicable,≥4,Statewide,1
32392,2022,MH,Not Applicable,Natural Gas,2007,ICE,Not Applicable,1,Statewide,1
32393,2022,MH,Not Applicable,Natural Gas,2008,ICE,Not Applicable,1,Statewide,1
32394,2022,MH,Not Applicable,Natural Gas,2012,ICE,Not Applicable,≥4,Statewide,1
32395,2022,MC,Not Applicable,Natural Gas,2004,ICE,Not Applicable,≥4,Statewide,1
32396,2022,T6,Unknown,Diesel,1987,ICE,Not Applicable,3,Statewide,1
32397,2022,T6,Unknown,Diesel,1987,ICE,Not Applicable,2,Statewide,1
32398,2022,MC,Not Applicable,Natural Gas,2002,ICE,Not Applicable,3,Statewide,1
32399,2022,BT,Not Applicable,Gasoline,1994,ICE,Not Applicable,≥4,Statewide,47
32400,2022,BT,Not Applicable,Gasoline,2000,ICE,Not Applicable,≥4,Statewide,47
32401,2022,T1,Unknown,Gasoline,1982,ICE,Not Applicable,2,Statewide,47
32402,2022,T1,Unknown,Gasoline,2004,ICE,Not Applicable,≥4,Statewide,47
32403,2022,T3,Unknown,Gasoline,1998,ICE,Not Applicable,3,Statewide,47
32404,2022,T6,5,Gasoline,1978,ICE,Not Applicable,2,Statewide,47
32405,2022,T6,4,Gasoline,1995,ICE,Not Applicable,2,Statewide,47
32406,2022,T6,5,Gasoline,2008,ICE,Not Applicable,1,Statewide,47
32407,2022,T1,Unknown,Natural Gas,2015,ICE,Not Applicable,≥4,Statewide,1
32408,2022,T6,5,Gasoline,2017,ICE,Not Applicable,1,Statewide,47
32409,2022,T6,4,Diesel,1991,ICE,Not Applicable,2,Statewide,1
32410,2022,T6,4,Diesel,1990,ICE,Not Applicable,2,Statewide,1
32411,2022,T6,5,Diesel,1990,ICE,Not Applicable,3,Statewide,1
32412,2022,T6,Unknown,Diesel,1989,ICE,Not Applicable,3,Statewide,1
32413,2022,T6,Unknown,Diesel,1988,ICE,Not Applicable,3,Statewide,1
32414,2022,MC,Not Applicable,Natural Gas,2000,ICE,Not Applicable,1,Statewide,1
32415,2022,MC,Not Applicable,Natural Gas,2001,ICE,Not Applicable,2,Statewide,1
32416,2022,MC,Not Applicable,Natural Gas,2002,ICE,Not Applicable,≥4,Statewide,1
32417,2022,MH,Not Applicable,Unknown,2017,ICE,Not Applicable,≥4,Statewide,47
32418,2022,T6,5,Diesel,2024,ICE,Not Applicable,1,Statewide,30
32419,2022,T1,Unknown,Natural Gas,2016,ICE,Not Applicable,≥4,Statewide,1
32420,2022,T2,Unknown,Natural Gas,1978,ICE,Not Applicable,2,Statewide,1
32421,2022,T3,2,Natural Gas,2001,ICE,Not Applicable,≥4,Statewide,27
32422,2022,P,Not Applicable,Natural Gas,2011,ICE,Not Applicable,1,Statewide,27
32423,2022,P,Not Applicable,Natural Gas,2008,ICE,Not Applicable,2,Statewide,27
32424,2022,BT,Not Applicable,Natural Gas,1999,ICE,Not Applicable,≥4,Statewide,27
32425,2022,T7,8,Gasoline,1985,ICE,Not Applicable,≥4,Statewide,27
32426,2022,T6,5,Gasoline,2021,ICE,Not Applicable,3,Statewide,27
32427,2022,T6,4,Gasoline,2019,ICE,Not Applicable,3,Statewide,27
32428,2022,T6,6,Gasoline,2019,ICE,Not Applicable,1,Statewide,27
32429,2022,T6,6,Gasoline,2019,ICE,Not Applicable,3,Statewide,27
32430,2022,T6,5,Gasoline,2017,ICE,Not Applicable,2,Statewide,27
32431,2022,T6,5,Gasoline,1999,ICE,Not Applicable,≥4,Statewide,27
32432,2022,T6,4,Gasoline,1993,ICE,Not Applicable,3,Statewide,27
32433,2022,T6,6,Gasoline,1984,ICE,Not Applicable,3,Statewide,27
32434,2022,T6,7,Gasoline,1982,ICE,Not Applicable,≥4,Statewide,27
32435,2022,T6,4,Gasoline,1978,ICE,Not Applicable,3,Statewide,27
32436,2022,T4,Unknown,Gasoline,2021,PHEV,0 to 50 miles,3,Statewide,27
32437,2022,T4,Unknown,Gasoline,2012,ICE,Not Applicable,3,Statewide,27
32438,2022,T4,2,Natural Gas,2007,ICE,Not Applicable,≥4,Statewide,27
32439,2022,T3,Unknown,Gasoline,1986,ICE,Not Applicable,≥4,Statewide,27
32440,2022,T7,8,Natural Gas,2014,ICE,Not Applicable,3,Statewide,27
32441,2022,T6,4,Natural Gas,2002,ICE,Not Applicable,1,Statewide,1
32442,2022,T4,2,Natural Gas,2003,ICE,Not Applicable,2,Statewide,1
32443,2022,T4,2,Natural Gas,2003,ICE,Not Applicable,1,Statewide,1
32444,2022,T4,2,Natural Gas,2013,ICE,Not Applicable,1,Statewide,1
32445,2022,T4,2,Natural Gas,2017,ICE,Not Applicable,3,Statewide,1
32446,2022,T4,Unknown,Natural Gas,2018,ICE,Not Applicable,≥4,Statewide,1
32447,2022,T4,2,Natural Gas,2019,ICE,Not Applicable,3,Statewide,1
32448,2022,T4,Unknown,Natural Gas,2019,ICE,Not Applicable,2,Statewide,1
32449,2022,T4,2,Natural Gas,2021,ICE,Not Applicable,3,Statewide,1
32450,2022,T4,2,Natural Gas,2021,ICE,Not Applicable,1,Statewide,1
32451,2022,T4,2,Natural Gas,2022,ICE,Not Applicable,1,Statewide,1
32452,2022,T4,2,Natural Gas,2023,ICE,Not Applicable,2,Statewide,1
32453,2022,T5,3,Natural Gas,2016,ICE,Not Applicable,2,Statewide,1
32454,2022,T5,3,Natural Gas,2019,ICE,Not Applicable,≥4,Statewide,1
32455,2022,T5,3,Natural Gas,2021,ICE,Not Applicable,≥4,Statewide,1
32456,2022,T6,Unknown,Natural Gas,1978,ICE,Not Applicable,3,Statewide,1
32457,2022,T6,7,Natural Gas,2001,ICE,Not Applicable,≥4,Statewide,1
32458,2022,T6,6,Natural Gas,2001,ICE,Not Applicable,≥4,Statewide,1
32459,2022,MH,Not Applicable,Unknown,2020,ICE,Not Applicable,≥4,Statewide,27
32460,2022,T4,2,Natural Gas,2002,ICE,Not Applicable,3,Statewide,1
32461,2022,T2,Unknown,Gasoline,1994,ICE,Not Applicable,1,Statewide,27
32462,2022,T1,Unknown,Gasoline,2009,ICE,Not Applicable,3,Statewide,27
32463,2022,B,Not Applicable,Diesel,2021,ICE,Not Applicable,1,Statewide,27
32464,2022,B,Not Applicable,Diesel,2018,ICE,Not Applicable,1,Statewide,27
32465,2022,B,Not Applicable,Diesel,2012,ICE,Not Applicable,2,Statewide,27
32466,2022,B,Not Applicable,Diesel,2006,ICE,Not Applicable,3,Statewide,27
32467,2022,T6,Unknown,Gasoline,1978,ICE,Not Applicable,≥4,Statewide,3999
32468,2022,T4,2,Gasoline,2022,ICE,Not Applicable,3,Statewide,4000
32469,2022,T4,2,Diesel,2010,ICE,Not Applicable,1,Statewide,4001
32470,2022,T3,Unknown,Gasoline,2022,ICE,Not Applicable,3,Statewide,4003
32471,2022,T6,4,Natural Gas,2003,ICE,Not Applicable,≥4,Statewide,1
32472,2022,T1,1,Gasoline,1997,ICE,Not Applicable,2,Statewide,4007
32473,2022,T3,Unknown,Gasoline,2008,ICE,Not Applicable,3,Statewide,4008
32474,2022,T6,4,Natural Gas,2003,ICE,Not Applicable,3,Statewide,1
32475,2022,T6,4,Natural Gas,2003,ICE,Not Applicable,1,Statewide,1
32476,2022,P,Not Applicable,Electric,2021,BEV,>150 miles,2,Statewide,4019
32477,2022,T4,2,Diesel,2007,ICE,Not Applicable,3,Statewide,4024
32478,2022,P,Not Applicable,Gasoline,1992,ICE,Not Applicable,1,Statewide,4028
32479,2022,P,Not Applicable,Gasoline,1983,ICE,Not Applicable,≥4,Statewide,4032
32480,2022,BS,Not Applicable,Diesel,1984,ICE,Not Applicable,≥4,Statewide,27
32481,2022,T1,Unknown,Gasoline,2009,ICE,Not Applicable,1,Statewide,27
32482,2022,BS,Not Applicable,Diesel,2000,ICE,Not Applicable,2,Statewide,27
32483,2022,T2,Unknown,Diesel,2016,ICE,Not Applicable,3,Statewide,27
32484,2022,T1,Unknown,Gasoline,2005,ICE,Not Applicable,3,Statewide,27
32485,2022,T1,Unknown,Gasoline,2004,ICE,Not Applicable,2,Statewide,27
32486,2022,T1,Unknown,Gasoline,1981,ICE,Not Applicable,2,Statewide,27
32487,2022,BT,Not Applicable,Gasoline,2009,ICE,Not Applicable,≥4,Statewide,27
32488,2022,BT,Not Applicable,Gasoline,1991,ICE,Not Applicable,≥4,Statewide,27
32489,2022,B,Not Applicable,Gasoline,2003,ICE,Not Applicable,2,Statewide,27
32490,2022,T2,Unknown,Electric,1978,BEV,Unknown,≥4,Statewide,27
32491,2022,MC,Not Applicable,Electric,2022,BEV,Unknown,2,Statewide,27
32492,2022,T7,8,Diesel,1987,ICE,Not Applicable,1,Statewide,27
32493,2022,T6,4,Diesel,1998,ICE,Not Applicable,3,Statewide,27
32494,2022,T6,4,Diesel,1997,ICE,Not Applicable,3,Statewide,27
32495,2022,T6,4,Diesel,1993,ICE,Not Applicable,1,Statewide,27
32496,2022,T4,Unknown,Diesel,2012,ICE,Not Applicable,≥4,Statewide,27
32497,2022,T4,Unknown,Diesel,1990,ICE,Not Applicable,≥4,Statewide,27
32498,2022,T3,2,Diesel,2006,ICE,Not Applicable,3,Statewide,27
32499,2022,T3,2,Diesel,2001,ICE,Not Applicable,1,Statewide,27
32500,2022,T3,2,Diesel,2000,ICE,Not Applicable,1,Statewide,27
32501,2022,T1,Unknown,Diesel,1994,ICE,Not Applicable,≥4,Statewide,27
32502,2022,T4,2,Natural Gas,2000,ICE,Not Applicable,≥4,Statewide,1
32503,2022,T4,Unknown,Natural Gas,1998,ICE,Not Applicable,≥4,Statewide,1
32504,2022,T4,Unknown,Natural Gas,1994,ICE,Not Applicable,≥4,Statewide,1
32505,2022,T2,Unknown,Natural Gas,2019,ICE,Not Applicable,≥4,Statewide,28
32506,2022,P,Not Applicable,Natural Gas,2007,ICE,Not Applicable,2,Statewide,28
32507,2022,B,Not Applicable,Natural Gas,2023,ICE,Not Applicable,≥4,Statewide,28
32508,2022,T6,5,Gasoline,2021,ICE,Not Applicable,2,Statewide,28
32509,2022,T6,4,Gasoline,2018,ICE,Not Applicable,3,Statewide,28
32510,2022,T6,5,Gasoline,2014,ICE,Not Applicable,1,Statewide,28
32511,2022,T4,Unknown,Gasoline,2018,ICE,Not Applicable,1,Statewide,28
32512,2022,T3,Unknown,Gasoline,1984,ICE,Not Applicable,3,Statewide,28
32513,2022,T2,Unknown,Gasoline,1989,ICE,Not Applicable,3,Statewide,28
32514,2022,T2,Unknown,Gasoline,1982,ICE,Not Applicable,2,Statewide,28
32515,2022,T1,Unknown,Gasoline,2009,ICE,Not Applicable,2,Statewide,28
32516,2022,T1,Unknown,Gasoline,2004,ICE,Not Applicable,3,Statewide,28
32517,2022,T1,Unknown,Gasoline,1996,ICE,Not Applicable,≥4,Statewide,28
32518,2022,BT,Not Applicable,Gasoline,1985,ICE,Not Applicable,≥4,Statewide,28
32519,2022,BS,Not Applicable,Gasoline,2021,ICE,Not Applicable,1,Statewide,28
32520,2022,B,Not Applicable,Gasoline,2000,ICE,Not Applicable,1,Statewide,28
32521,2022,B,Not Applicable,Gasoline,1995,ICE,Not Applicable,≥4,Statewide,28
32522,2022,T6,7,Natural Gas,2010,ICE,Not Applicable,≥4,Statewide,28
32523,2022,B,Not Applicable,Gasoline,1989,ICE,Not Applicable,≥4,Statewide,28
32524,2022,MH,Not Applicable,Unknown,2018,ICE,Not Applicable,2,Statewide,28
32525,2022,T3,2,Natural Gas,1998,ICE,Not Applicable,≥4,Statewide,1
32526,2022,T2,1,Natural Gas,1999,ICE,Not Applicable,1,Statewide,1
32527,2022,T2,1,Natural Gas,2000,ICE,Not Applicable,1,Statewide,1
32528,2022,T2,1,Natural Gas,2001,ICE,Not Applicable,3,Statewide,1
32529,2022,T2,Unknown,Natural Gas,2006,ICE,Not Applicable,2,Statewide,1
32530,2022,T2,Unknown,Natural Gas,2007,ICE,Not Applicable,2,Statewide,1
32531,2022,T2,Unknown,Natural Gas,2008,ICE,Not Applicable,≥4,Statewide,1
32532,2022,T2,Unknown,Natural Gas,2008,ICE,Not Applicable,3,Statewide,1
32533,2022,T2,Unknown,Natural Gas,2008,ICE,Not Applicable,2,Statewide,1
32534,2022,T2,Unknown,Natural Gas,2008,ICE,Not Applicable,1,Statewide,1
32535,2022,T2,Unknown,Natural Gas,2013,ICE,Not Applicable,≥4,Statewide,1
32536,2022,T2,Unknown,Natural Gas,2017,ICE,Not Applicable,1,Statewide,1
32537,2022,T2,Unknown,Natural Gas,2018,ICE,Not Applicable,2,Statewide,1
32538,2022,T2,Unknown,Natural Gas,2019,ICE,Not Applicable,3,Statewide,1
32539,2022,T2,1,Natural Gas,2020,ICE,Not Applicable,≥4,Statewide,1
32540,2022,T2,1,Natural Gas,2021,ICE,Not Applicable,≥4,Statewide,1
32541,2022,T3,Unknown,Natural Gas,1978,ICE,Not Applicable,2,Statewide,1
32542,2022,T3,2,Natural Gas,1997,ICE,Not Applicable,1,Statewide,1
32543,2022,T3,2,Natural Gas,1998,ICE,Not Applicable,3,Statewide,1
32544,2022,B,Not Applicable,Gasoline,1987,ICE,Not Applicable,≥4,Statewide,28
32545,2022,B,Not Applicable,Gasoline,1979,ICE,Not Applicable,≥4,Statewide,28
32546,2022,T6,6,Electric,2017,BEV,Unknown,≥4,Statewide,28
32547,2022,T4,2,Diesel,2018,ICE,Not Applicable,≥4,Statewide,3992
32548,2022,MC,Not Applicable,Gasoline,2023,ICE,Not Applicable,3,Statewide,3995
32549,2022,T3,Unknown,Natural Gas,2011,ICE,Not Applicable,≥4,Statewide,1
32550,2022,T3,2,Natural Gas,2012,ICE,Not Applicable,≥4,Statewide,1
32551,2022,T3,2,Natural Gas,2012,ICE,Not Applicable,1,Statewide,1
32552,2022,T3,2,Natural Gas,2014,ICE,Not Applicable,≥4,Statewide,1
32553,2022,T3,2,Natural Gas,2015,ICE,Not Applicable,1,Statewide,1
32554,2022,T3,2,Natural Gas,2016,ICE,Not Applicable,1,Statewide,1
32555,2022,T3,2,Natural Gas,2017,ICE,Not Applicable,2,Statewide,1
32556,2022,T3,2,Natural Gas,2017,ICE,Not Applicable,1,Statewide,1
32557,2022,T3,Unknown,Natural Gas,2017,ICE,Not Applicable,3,Statewide,1
32558,2022,T3,Unknown,Natural Gas,2017,ICE,Not Applicable,1,Statewide,1
32559,2022,T3,2,Natural Gas,2018,ICE,Not Applicable,3,Statewide,1
32560,2022,T3,2,Natural Gas,2019,ICE,Not Applicable,1,Statewide,1
32561,2022,T4,Unknown,Natural Gas,1987,ICE,Not Applicable,≥4,Statewide,1
32562,2022,T4,Unknown,Natural Gas,1991,ICE,Not Applicable,≥4,Statewide,1
32563,2022,T4,Unknown,Natural Gas,1993,ICE,Not Applicable,≥4,Statewide,1
32564,2022,T3,2,Natural Gas,2001,ICE,Not Applicable,2,Statewide,1
32565,2022,MC,Not Applicable,Gasoline,2017,ICE,Not Applicable,2,Statewide,3984
32566,2022,T3,2,Natural Gas,2000,ICE,Not Applicable,2,Statewide,1
32567,2022,T2,1,Gasoline,1978,ICE,Not Applicable,1,Statewide,3979
32568,2022,T3,Unknown,Electric,2020,BEV,Unknown,≥4,Statewide,28
32569,2022,T1,1,Electric,2003,BEV,Unknown,≥4,Statewide,28
32570,2022,P,Not Applicable,Electric,2013,BEV,Unknown,1,Statewide,28
32571,2022,P,Not Applicable,Electric,2013,BEV,Unknown,3,Statewide,28
32572,2022,T6,7,Diesel,1993,ICE,Not Applicable,3,Statewide,28
32573,2022,T6,Unknown,Diesel,1990,ICE,Not Applicable,≥4,Statewide,28
32574,2022,T6,Unknown,Diesel,1978,ICE,Not Applicable,3,Statewide,28
32575,2022,T3,Unknown,Diesel,2013,ICE,Not Applicable,3,Statewide,28
32576,2022,T1,Unknown,Natural Gas,2017,ICE,Not Applicable,≥4,Statewide,1
32577,2022,T3,2,Diesel,2008,ICE,Not Applicable,2,Statewide,28
32578,2022,BS,Not Applicable,Diesel,2003,ICE,Not Applicable,2,Statewide,28
32579,2022,B,Not Applicable,Diesel,2020,ICE,Not Applicable,2,Statewide,28
32580,2022,B,Not Applicable,Diesel,2013,ICE,Not Applicable,3,Statewide,28
32581,2022,B,Not Applicable,Diesel,2005,ICE,Not Applicable,2,Statewide,28
32582,2022,T3,Unknown,Natural Gas,1998,ICE,Not Applicable,≥4,Statewide,1
32583,2022,T2,Unknown,Gasoline,2015,ICE,Not Applicable,1,Statewide,3971
32584,2022,P,Not Applicable,Gasoline,1993,ICE,Not Applicable,3,Statewide,3973
32585,2022,T3,Unknown,Natural Gas,1999,ICE,Not Applicable,≥4,Statewide,1
32586,2022,T2,1,Diesel,1979,ICE,Not Applicable,3,Statewide,28
32587,2022,P,Not Applicable,Electric,2013,BEV,>150 miles,1,Statewide,30
32588,2022,MC,Not Applicable,Natural Gas,1992,ICE,Not Applicable,3,Statewide,1
32589,2022,T7,8,Gasoline,2019,ICE,Not Applicable,3,Statewide,1
32590,2022,BS,Not Applicable,Diesel,2010,ICE,Not Applicable,1,Statewide,33
32591,2022,BS,Not Applicable,Diesel,2000,ICE,Not Applicable,1,Statewide,33
32592,2022,BS,Not Applicable,Diesel,1982,ICE,Not Applicable,≥4,Statewide,33
32593,2022,T6,Unknown,Gasoline,2021,ICE,Not Applicable,1,Statewide,1
32594,2022,T6,Unknown,Gasoline,2022,ICE,Not Applicable,3,Statewide,1
32595,2022,T4,2,Gasoline,2007,ICE,Not Applicable,1,Statewide,3698
32596,2022,T6,Unknown,Gasoline,2023,ICE,Not Applicable,2,Statewide,1
32597,2022,T6,6,Diesel,2010,ICE,Not Applicable,≥4,Statewide,3712
32598,2022,BS,Not Applicable,Diesel,2017,ICE,Not Applicable,1,Statewide,33
32599,2022,T6,5,Gasoline,2024,ICE,Not Applicable,1,Statewide,1
32600,2022,MC,Not Applicable,Gasoline,2008,ICE,Not Applicable,1,Statewide,3720
32601,2022,T7,8,Gasoline,1982,ICE,Not Applicable,2,Statewide,1
32602,2022,T7,8,Gasoline,1984,ICE,Not Applicable,3,Statewide,1
32603,2022,T7,8,Gasoline,1985,ICE,Not Applicable,3,Statewide,1
32604,2022,T7,8,Gasoline,1985,ICE,Not Applicable,2,Statewide,1
32605,2022,T7,8,Gasoline,1986,ICE,Not Applicable,3,Statewide,1
32606,2022,T7,8,Gasoline,1989,ICE,Not Applicable,1,Statewide,1
32607,2022,T7,8,Gasoline,1990,ICE,Not Applicable,2,Statewide,1
32608,2022,T4,2,Diesel,2017,ICE,Not Applicable,≥4,Statewide,3717
32609,2022,MH,Not Applicable,Diesel,1978,ICE,Not Applicable,3,Statewide,33
32610,2022,T1,1,Diesel,1989,ICE,Not Applicable,3,Statewide,33
32611,2022,T2,1,Diesel,1987,ICE,Not Applicable,3,Statewide,33
32612,2022,T2,Unknown,Gasoline,1998,ICE,Not Applicable,3,Statewide,33
32613,2022,T2,Unknown,Gasoline,1980,ICE,Not Applicable,2,Statewide,33
32614,2022,BT,Not Applicable,Gasoline,1995,ICE,Not Applicable,≥4,Statewide,33
32615,2022,BS,Not Applicable,Gasoline,1996,ICE,Not Applicable,≥4,Statewide,33
32616,2022,B,Not Applicable,Gasoline,2019,ICE,Not Applicable,2,Statewide,33
32617,2022,T2,1,Electric,2019,BEV,101 to 150 miles,1,Statewide,33
32618,2022,T7,8,Diesel,1997,ICE,Not Applicable,2,Statewide,33
32619,2022,T6,Unknown,Diesel,2002,ICE,Not Applicable,≥4,Statewide,33
32620,2022,T6,7,Diesel,1999,ICE,Not Applicable,3,Statewide,33
32621,2022,T6,Unknown,Diesel,1994,ICE,Not Applicable,≥4,Statewide,33
32622,2022,T6,7,Diesel,1991,ICE,Not Applicable,2,Statewide,33
32623,2022,T6,7,Diesel,1979,ICE,Not Applicable,≥4,Statewide,33
32624,2022,T4,Unknown,Diesel,2020,ICE,Not Applicable,2,Statewide,33
32625,2022,T4,Unknown,Diesel,2000,ICE,Not Applicable,≥4,Statewide,33
32626,2022,T4,Unknown,Diesel,1997,ICE,Not Applicable,≥4,Statewide,33
32627,2022,T3,Unknown,Diesel,2012,ICE,Not Applicable,1,Statewide,33
32628,2022,T3,2,Diesel,2007,ICE,Not Applicable,≥4,Statewide,33
32629,2022,T3,2,Diesel,2004,ICE,Not Applicable,≥4,Statewide,33
32630,2022,T2,1,Diesel,1988,ICE,Not Applicable,≥4,Statewide,33
32631,2022,T7,8,Gasoline,1991,ICE,Not Applicable,3,Statewide,1
32632,2022,T7,8,Gasoline,1991,ICE,Not Applicable,2,Statewide,1
32633,2022,T7,8,Gasoline,1991,ICE,Not Applicable,1,Statewide,1
32634,2022,T7,8,Gasoline,1992,ICE,Not Applicable,3,Statewide,1
32635,2022,T7,8,Gasoline,2019,ICE,Not Applicable,≥4,Statewide,1
32636,2022,P,Not Applicable,Gasoline,1985,ICE,Not Applicable,≥4,Statewide,3188
32637,2022,T4,2,Natural Gas,2008,ICE,Not Applicable,≥4,Statewide,32
32638,2022,T3,2,Natural Gas,2009,ICE,Not Applicable,3,Statewide,32
32639,2022,T1,1,Gasoline,1978,ICE,Not Applicable,2,Statewide,3186
32640,2022,P,Not Applicable,Natural Gas,2006,ICE,Not Applicable,2,Statewide,32
32641,2022,P,Not Applicable,Natural Gas,2004,ICE,Not Applicable,1,Statewide,32
32642,2022,P,Not Applicable,Natural Gas,1978,ICE,Not Applicable,≥4,Statewide,32
32643,2022,BS,Not Applicable,Natural Gas,2003,ICE,Not Applicable,≥4,Statewide,32
32644,2022,B,Not Applicable,Natural Gas,2021,ICE,Not Applicable,≥4,Statewide,32
32645,2022,T6,5,Gasoline,2019,ICE,Not Applicable,3,Statewide,32
32646,2022,T6,6,Gasoline,2000,ICE,Not Applicable,1,Statewide,32
32647,2022,T5,3,Gasoline,1989,ICE,Not Applicable,1,Statewide,32
32648,2022,T4,Unknown,Gasoline,2017,ICE,Not Applicable,1,Statewide,32
32649,2022,T4,Unknown,Gasoline,2015,ICE,Not Applicable,2,Statewide,32
32650,2022,T3,Unknown,Gasoline,1997,ICE,Not Applicable,3,Statewide,32
32651,2022,T3,Unknown,Gasoline,1988,ICE,Not Applicable,≥4,Statewide,32
32652,2022,T1,Unknown,Gasoline,2010,ICE,Not Applicable,≥4,Statewide,32
32653,2022,T1,Unknown,Gasoline,2005,ICE,Not Applicable,2,Statewide,32
32654,2022,T7,8,Gasoline,2018,ICE,Not Applicable,1,Statewide,1
32655,2022,T5,3,Gasoline,1991,ICE,Not Applicable,2,Statewide,33
32656,2022,T6,Unknown,Diesel,1992,ICE,Not Applicable,3,Statewide,1
32657,2022,T7,8,Gasoline,2018,ICE,Not Applicable,3,Statewide,1
32658,2022,T7,8,Gasoline,1993,ICE,Not Applicable,2,Statewide,1
32659,2022,T7,8,Gasoline,1994,ICE,Not Applicable,2,Statewide,1
32660,2022,T7,8,Gasoline,1996,ICE,Not Applicable,1,Statewide,1
32661,2022,T7,8,Gasoline,2001,ICE,Not Applicable,3,Statewide,1
32662,2022,T7,8,Gasoline,2001,ICE,Not Applicable,1,Statewide,1
32663,2022,T7,8,Gasoline,2002,ICE,Not Applicable,1,Statewide,1
32664,2022,T7,8,Gasoline,2004,ICE,Not Applicable,≥4,Statewide,1
32665,2022,T7,8,Gasoline,2004,ICE,Not Applicable,1,Statewide,1
32666,2022,T6,Unknown,Diesel,2000,ICE,Not Applicable,2,Statewide,1
32667,2022,T6,Unknown,Diesel,1999,ICE,Not Applicable,3,Statewide,1
32668,2022,T6,Unknown,Diesel,1998,ICE,Not Applicable,2,Statewide,1
32669,2022,T7,8,Gasoline,2005,ICE,Not Applicable,2,Statewide,1
32670,2022,T6,Unknown,Diesel,1993,ICE,Not Applicable,1,Statewide,1
32671,2022,T7,8,Gasoline,2006,ICE,Not Applicable,2,Statewide,1
32672,2022,T7,8,Gasoline,2010,ICE,Not Applicable,2,Statewide,1
32673,2022,T6,6,Diesel,2017,ICE,Not Applicable,≥4,Statewide,3199
32674,2022,P,Not Applicable,Gasoline,1991,ICE,Not Applicable,3,Statewide,3195
32675,2022,T7,8,Gasoline,2010,ICE,Not Applicable,1,Statewide,1
32676,2022,T7,8,Gasoline,2017,ICE,Not Applicable,≥4,Statewide,1
32677,2022,T7,8,Gasoline,2018,ICE,Not Applicable,2,Statewide,1
32678,2022,T6,5,Gasoline,2005,ICE,Not Applicable,1,Statewide,33
32679,2022,T6,5,Gasoline,2008,ICE,Not Applicable,2,Statewide,33
32680,2022,T6,5,Gasoline,2010,ICE,Not Applicable,1,Statewide,33
32681,2022,T6,Unknown,Gasoline,1984,ICE,Not Applicable,≥4,Statewide,34
32682,2022,T4,Unknown,Gasoline,2017,ICE,Not Applicable,3,Statewide,34
32683,2022,T4,Unknown,Gasoline,1979,ICE,Not Applicable,≥4,Statewide,34
32684,2022,T3,Unknown,Gasoline,1993,ICE,Not Applicable,1,Statewide,34
32685,2022,T1,Unknown,Gasoline,1994,ICE,Not Applicable,≥4,Statewide,34
32686,2022,B,Not Applicable,Gasoline,1994,ICE,Not Applicable,≥4,Statewide,34
32687,2022,B,Not Applicable,Gasoline,1980,ICE,Not Applicable,1,Statewide,34
32688,2022,P,Not Applicable,Electric,2008,BEV,Unknown,≥4,Statewide,34
32689,2022,T7,8,Diesel,1991,ICE,Not Applicable,3,Statewide,34
32690,2022,T6,7,Diesel,1980,ICE,Not Applicable,1,Statewide,34
32691,2022,T4,Unknown,Diesel,2013,ICE,Not Applicable,≥4,Statewide,34
32692,2022,T3,2,Diesel,2002,ICE,Not Applicable,2,Statewide,34
32693,2022,B,Not Applicable,Electric,2005,BEV,Unknown,≥4,Statewide,1
32694,2022,T2,1,Diesel,1980,ICE,Not Applicable,≥4,Statewide,34
32695,2022,T1,Unknown,Diesel,2008,ICE,Not Applicable,≥4,Statewide,34
32696,2022,B,Not Applicable,Electric,2004,BEV,Unknown,2,Statewide,1
32697,2022,T1,1,Diesel,1989,ICE,Not Applicable,2,Statewide,34
32698,2022,T1,1,Diesel,1988,ICE,Not Applicable,1,Statewide,34
32699,2022,BT,Not Applicable,Diesel,2013,ICE,Not Applicable,1,Statewide,34
32700,2022,T6,6,Gasoline,1997,ICE,Not Applicable,1,Statewide,34
32701,2022,B,Not Applicable,Diesel,1991,ICE,Not Applicable,≥4,Statewide,34
32702,2022,T6,7,Gasoline,2001,ICE,Not Applicable,≥4,Statewide,34
32703,2022,T6,Unknown,Gasoline,2010,ICE,Not Applicable,1,Statewide,1
32704,2022,T6,7,Gasoline,2003,ICE,Not Applicable,3,Statewide,1
32705,2022,T6,5,Gasoline,2003,ICE,Not Applicable,≥4,Statewide,1
32706,2022,T6,5,Gasoline,2003,ICE,Not Applicable,2,Statewide,1
32707,2022,T6,7,Gasoline,2004,ICE,Not Applicable,3,Statewide,1
32708,2022,T6,7,Gasoline,2004,ICE,Not Applicable,2,Statewide,1
32709,2022,T6,7,Gasoline,2004,ICE,Not Applicable,1,Statewide,1
32710,2022,T6,Unknown,Gasoline,2004,ICE,Not Applicable,≥4,Statewide,1
32711,2022,T6,Unknown,Gasoline,2004,ICE,Not Applicable,3,Statewide,1
32712,2022,T6,Unknown,Gasoline,2004,ICE,Not Applicable,1,Statewide,1
32713,2022,T6,7,Gasoline,2005,ICE,Not Applicable,2,Statewide,1
32714,2022,T6,Unknown,Gasoline,2005,ICE,Not Applicable,2,Statewide,1
32715,2022,T6,Unknown,Gasoline,2006,ICE,Not Applicable,2,Statewide,1
32716,2022,T6,Unknown,Gasoline,2007,ICE,Not Applicable,2,Statewide,1
32717,2022,T6,7,Gasoline,2008,ICE,Not Applicable,3,Statewide,1
32718,2022,T6,7,Gasoline,2008,ICE,Not Applicable,1,Statewide,1
32719,2022,T6,Unknown,Gasoline,2008,ICE,Not Applicable,2,Statewide,1
32720,2022,T6,7,Gasoline,2009,ICE,Not Applicable,1,Statewide,1
32721,2022,T6,Unknown,Gasoline,2009,ICE,Not Applicable,2,Statewide,1
32722,2022,T6,Unknown,Gasoline,2010,ICE,Not Applicable,3,Statewide,1
32723,2022,T3,2,Natural Gas,2009,ICE,Not Applicable,2,Statewide,34
32724,2022,T1,Unknown,Gasoline,1999,ICE,Not Applicable,≥4,Statewide,32
32725,2022,T6,Unknown,Gasoline,2011,ICE,Not Applicable,≥4,Statewide,1
32726,2022,T6,Unknown,Gasoline,2011,ICE,Not Applicable,1,Statewide,1
32727,2022,T6,Unknown,Diesel,2011,ICE,Not Applicable,2,Statewide,1
32728,2022,T6,Unknown,Gasoline,2016,ICE,Not Applicable,1,Statewide,1
32729,2022,T6,Unknown,Diesel,2011,ICE,Not Applicable,3,Statewide,1
32730,2022,T6,7,Gasoline,2017,ICE,Not Applicable,1,Statewide,1
32731,2022,T6,Unknown,Diesel,2009,ICE,Not Applicable,2,Statewide,1
32732,2022,T6,Unknown,Gasoline,2017,ICE,Not Applicable,3,Statewide,1
32733,2022,T6,Unknown,Gasoline,2017,ICE,Not Applicable,2,Statewide,1
32734,2022,T6,Unknown,Diesel,2008,ICE,Not Applicable,1,Statewide,1
32735,2022,T6,Unknown,Gasoline,2017,ICE,Not Applicable,1,Statewide,1
32736,2022,T6,Unknown,Gasoline,2018,ICE,Not Applicable,3,Statewide,1
32737,2022,T6,Unknown,Gasoline,2019,ICE,Not Applicable,2,Statewide,1
32738,2022,T6,7,Gasoline,2021,ICE,Not Applicable,2,Statewide,1
32739,2022,T6,Unknown,Diesel,2004,ICE,Not Applicable,3,Statewide,1
32740,2022,T6,Unknown,Gasoline,2021,ICE,Not Applicable,3,Statewide,1
32741,2022,T6,7,Natural Gas,2008,ICE,Not Applicable,≥4,Statewide,33
32742,2022,T6,Unknown,Diesel,2003,ICE,Not Applicable,3,Statewide,1
32743,2022,T3,2,Natural Gas,2007,ICE,Not Applicable,1,Statewide,33
32744,2022,T7,8,Gasoline,1981,ICE,Not Applicable,≥4,Statewide,33
32745,2022,T6,4,Gasoline,2017,ICE,Not Applicable,2,Statewide,33
32746,2022,T6,Unknown,Diesel,2012,ICE,Not Applicable,1,Statewide,1
32747,2022,T6,Unknown,Gasoline,2011,ICE,Not Applicable,2,Statewide,1
32748,2022,T6,Unknown,Gasoline,2016,ICE,Not Applicable,3,Statewide,1
32749,2022,T6,Unknown,Gasoline,2015,ICE,Not Applicable,2,Statewide,1
32750,2022,T6,7,Gasoline,2012,ICE,Not Applicable,3,Statewide,1
32751,2022,T2,1,Gasoline,1996,ICE,Not Applicable,3,Statewide,3665
32752,2022,T3,2,Gasoline,1994,ICE,Not Applicable,≥4,Statewide,3670
32753,2022,T5,3,Gasoline,2022,ICE,Not Applicable,≥4,Statewide,3673
32754,2022,T4,2,Diesel,2012,ICE,Not Applicable,2,Statewide,3679
32755,2022,T6,7,Gasoline,2012,ICE,Not Applicable,1,Statewide,1
32756,2022,B,Not Applicable,Electric,2003,BEV,Unknown,2,Statewide,1
32757,2022,T6,Unknown,Gasoline,2012,ICE,Not Applicable,≥4,Statewide,1
32758,2022,T6,Unknown,Gasoline,2012,ICE,Not Applicable,3,Statewide,1
32759,2022,B,Not Applicable,Electric,2002,BEV,Unknown,≥4,Statewide,1
32760,2022,T6,Unknown,Gasoline,2012,ICE,Not Applicable,1,Statewide,1
32761,2022,B,Not Applicable,Electric,1999,BEV,Unknown,2,Statewide,1
32762,2022,B,Not Applicable,Electric,1998,BEV,Unknown,1,Statewide,1
32763,2022,T6,7,Gasoline,2013,ICE,Not Applicable,3,Statewide,1
32764,2022,B,Not Applicable,Electric,1997,BEV,Unknown,≥4,Statewide,1
32765,2022,T6,Unknown,Gasoline,2013,ICE,Not Applicable,≥4,Statewide,1
32766,2022,T6,Unknown,Gasoline,2013,ICE,Not Applicable,3,Statewide,1
32767,2022,T6,Unknown,Diesel,2015,ICE,Not Applicable,3,Statewide,1
32768,2022,T6,Unknown,Diesel,2013,ICE,Not Applicable,2,Statewide,1
32769,2022,T6,7,Gasoline,2016,ICE,Not Applicable,≥4,Statewide,1
32770,2022,BT,Not Applicable,Gasoline,2001,ICE,Not Applicable,≥4,Statewide,32
32771,2022,T3,2,Diesel,2002,ICE,Not Applicable,3,Statewide,44
32772,2022,BT,Not Applicable,Natural Gas,2002,ICE,Not Applicable,2,Statewide,1
32773,2022,B,Not Applicable,Natural Gas,2009,ICE,Not Applicable,≥4,Statewide,31
32774,2022,T6,6,Gasoline,2022,ICE,Not Applicable,2,Statewide,31
32775,2022,T6,7,Gasoline,2021,ICE,Not Applicable,≥4,Statewide,31
32776,2022,T6,6,Gasoline,2005,ICE,Not Applicable,3,Statewide,31
32777,2022,T6,6,Gasoline,2000,ICE,Not Applicable,2,Statewide,31
32778,2022,T6,6,Gasoline,1980,ICE,Not Applicable,2,Statewide,31
32779,2022,P,Not Applicable,Natural Gas,2011,ICE,Not Applicable,2,Statewide,31
32780,2022,T5,3,Gasoline,1990,ICE,Not Applicable,3,Statewide,31
32781,2022,T4,Unknown,Gasoline,2016,ICE,Not Applicable,1,Statewide,31
32782,2022,BS,Not Applicable,Natural Gas,2013,ICE,Not Applicable,2,Statewide,1
32783,2022,BS,Not Applicable,Natural Gas,2012,ICE,Not Applicable,1,Statewide,1
32784,2022,T4,Unknown,Gasoline,2013,ICE,Not Applicable,3,Statewide,31
32785,2022,BS,Not Applicable,Gasoline,1985,ICE,Not Applicable,≥4,Statewide,31
32786,2022,B,Not Applicable,Gasoline,2003,ICE,Not Applicable,1,Statewide,31
32787,2022,T4,2,Gasoline,2021,PHEV,0 to 50 miles,1,Statewide,31
32788,2022,T4,Unknown,Electric,2017,BEV,Unknown,≥4,Statewide,31
32789,2022,BS,Not Applicable,Natural Gas,2017,ICE,Not Applicable,3,Statewide,1
32790,2022,BS,Not Applicable,Natural Gas,2017,ICE,Not Applicable,2,Statewide,1
32791,2022,B,Not Applicable,Natural Gas,2010,ICE,Not Applicable,1,Statewide,1
32792,2022,BT,Not Applicable,Natural Gas,2014,ICE,Not Applicable,1,Statewide,1
32793,2022,B,Not Applicable,Natural Gas,2011,ICE,Not Applicable,1,Statewide,1
32794,2022,BT,Not Applicable,Natural Gas,2004,ICE,Not Applicable,1,Statewide,1
32795,2022,T1,1,Gasoline,1996,ICE,Not Applicable,1,Statewide,3800
32796,2022,B,Not Applicable,Natural Gas,2012,ICE,Not Applicable,1,Statewide,1
32797,2022,T3,2,Natural Gas,2002,ICE,Not Applicable,≥4,Statewide,31
32798,2022,BT,Not Applicable,Natural Gas,2000,ICE,Not Applicable,1,Statewide,1
32799,2022,B,Not Applicable,Natural Gas,2014,ICE,Not Applicable,2,Statewide,1
32800,2022,BT,Not Applicable,Natural Gas,2000,ICE,Not Applicable,3,Statewide,1
32801,2022,BT,Not Applicable,Natural Gas,1999,ICE,Not Applicable,1,Statewide,1
32802,2022,BT,Not Applicable,Natural Gas,1994,ICE,Not Applicable,≥4,Statewide,1
32803,2022,BS,Not Applicable,Natural Gas,2024,ICE,Not Applicable,2,Statewide,1
32804,2022,BS,Not Applicable,Natural Gas,2020,ICE,Not Applicable,3,Statewide,1
32805,2022,B,Not Applicable,Natural Gas,2013,ICE,Not Applicable,1,Statewide,1
32806,2022,P,Not Applicable,Electric,2010,BEV,Unknown,≥4,Statewide,31
32807,2022,BS,Not Applicable,Natural Gas,2012,ICE,Not Applicable,3,Statewide,1
32808,2022,T1,Unknown,Diesel,1991,ICE,Not Applicable,≥4,Statewide,47
32809,2022,BS,Not Applicable,Diesel,2009,ICE,Not Applicable,1,Statewide,31
32810,2022,BS,Not Applicable,Diesel,2004,ICE,Not Applicable,3,Statewide,31
32811,2022,BS,Not Applicable,Natural Gas,2002,ICE,Not Applicable,3,Statewide,1
32812,2022,BS,Not Applicable,Diesel,1996,ICE,Not Applicable,2,Statewide,31
32813,2022,B,Not Applicable,Diesel,2020,ICE,Not Applicable,1,Statewide,31
32814,2022,B,Not Applicable,Diesel,2002,ICE,Not Applicable,1,Statewide,31
32815,2022,BS,Not Applicable,Diesel,2023,ICE,Not Applicable,1,Statewide,31
32816,2022,B,Not Applicable,Diesel,2000,ICE,Not Applicable,1,Statewide,31
32817,2022,T3,Unknown,Gasoline,2008,ICE,Not Applicable,1,Statewide,3779
32818,2022,T1,1,Gasoline,1978,ICE,Not Applicable,3,Statewide,3781
32819,2022,B,Not Applicable,Natural Gas,2015,ICE,Not Applicable,2,Statewide,1
32820,2022,T2,Unknown,Gasoline,2013,ICE,Not Applicable,≥4,Statewide,3804
32821,2022,B,Not Applicable,Natural Gas,2022,ICE,Not Applicable,1,Statewide,1
32822,2022,BS,Not Applicable,Natural Gas,1998,ICE,Not Applicable,≥4,Statewide,1
32823,2022,B,Not Applicable,Diesel,1994,ICE,Not Applicable,1,Statewide,31
32824,2022,BS,Not Applicable,Natural Gas,2003,ICE,Not Applicable,3,Statewide,1
32825,2022,BS,Not Applicable,Natural Gas,2003,ICE,Not Applicable,2,Statewide,1
32826,2022,BT,Not Applicable,Diesel,1996,ICE,Not Applicable,1,Statewide,31
32827,2022,T2,1,Electric,2004,BEV,Unknown,≥4,Statewide,32
32828,2022,T6,4,Diesel,1999,ICE,Not Applicable,2,Statewide,31
32829,2022,T6,4,Diesel,1999,ICE,Not Applicable,3,Statewide,31
32830,2022,BS,Not Applicable,Natural Gas,2007,ICE,Not Applicable,3,Statewide,1
32831,2022,BS,Not Applicable,Natural Gas,2005,ICE,Not Applicable,3,Statewide,1
32832,2022,T6,4,Diesel,1996,ICE,Not Applicable,1,Statewide,31
32833,2022,T6,6,Diesel,1996,ICE,Not Applicable,3,Statewide,31
32834,2022,T3,Unknown,Diesel,2012,ICE,Not Applicable,2,Statewide,31
32835,2022,BS,Not Applicable,Natural Gas,2003,ICE,Not Applicable,1,Statewide,1
32836,2022,T3,2,Diesel,1989,ICE,Not Applicable,1,Statewide,47
32837,2022,T5,3,Diesel,1992,ICE,Not Applicable,3,Statewide,47
32838,2022,T3,2,Diesel,2002,ICE,Not Applicable,1,Statewide,31
32839,2022,T3,2,Diesel,2001,ICE,Not Applicable,3,Statewide,31
32840,2022,T1,Unknown,Diesel,2003,ICE,Not Applicable,≥4,Statewide,31
32841,2022,T1,Unknown,Diesel,1997,ICE,Not Applicable,≥4,Statewide,31
32842,2022,BT,Not Applicable,Natural Gas,2021,ICE,Not Applicable,2,Statewide,1
32843,2022,B,Not Applicable,Natural Gas,2010,ICE,Not Applicable,2,Statewide,1
32844,2022,P,Not Applicable,Electric,2020,BEV,51 to 100 miles,≥4,Statewide,3804
32845,2022,T6,6,Diesel,2011,ICE,Not Applicable,≥4,Statewide,3725
32846,2022,P,Not Applicable,Electric,2015,BEV,>150 miles,2,Statewide,30
32847,2022,T6,4,Diesel,1991,ICE,Not Applicable,1,Statewide,1
32848,2022,T3,Unknown,Gasoline,1985,ICE,Not Applicable,≥4,Statewide,30
32849,2022,P,Not Applicable,Hydrogen,2015,FCEV,>150 miles,≥4,Statewide,1
32850,2022,T4,2,Diesel,2006,ICE,Not Applicable,3,Statewide,3752
32851,2022,T7,8,Diesel,1984,ICE,Not Applicable,1,Statewide,32
32852,2022,T2,Unknown,Gasoline,1994,ICE,Not Applicable,2,Statewide,30
32853,2022,T1,Unknown,Gasoline,2003,ICE,Not Applicable,≥4,Statewide,30
32854,2022,T7,8,Gasoline,2020,ICE,Not Applicable,2,Statewide,1
32855,2022,T7,8,Gasoline,2020,ICE,Not Applicable,≥4,Statewide,1
32856,2022,T5,3,Diesel,2012,ICE,Not Applicable,≥4,Statewide,3731
32857,2022,T6,5,Diesel,2003,ICE,Not Applicable,1,Statewide,32
32858,2022,B,Not Applicable,Gasoline,2015,ICE,Not Applicable,3,Statewide,30
32859,2022,B,Not Applicable,Diesel,2003,ICE,Not Applicable,1,Statewide,32
32860,2022,BS,Not Applicable,Diesel,1995,ICE,Not Applicable,2,Statewide,32
32861,2022,BS,Not Applicable,Diesel,2000,ICE,Not Applicable,3,Statewide,32
32862,2022,BS,Not Applicable,Diesel,2021,ICE,Not Applicable,2,Statewide,32
32863,2022,T6,4,Diesel,1992,ICE,Not Applicable,2,Statewide,1
32864,2022,MH,Not Applicable,Diesel,1995,ICE,Not Applicable,1,Statewide,32
32865,2022,P,Not Applicable,Diesel,2002,ICE,Not Applicable,1,Statewide,47
32866,2022,T6,7,Diesel,1996,ICE,Not Applicable,2,Statewide,32
32867,2022,P,Not Applicable,Diesel,1980,ICE,Not Applicable,2,Statewide,32
32868,2022,T1,1,Diesel,1990,ICE,Not Applicable,3,Statewide,32
32869,2022,T1,Unknown,Diesel,1990,ICE,Not Applicable,≥4,Statewide,32
32870,2022,T3,2,Diesel,2006,ICE,Not Applicable,1,Statewide,32
32871,2022,T4,Unknown,Diesel,1989,ICE,Not Applicable,≥4,Statewide,32
32872,2022,T4,Unknown,Diesel,1995,ICE,Not Applicable,≥4,Statewide,32
32873,2022,T7,8,Diesel,1989,ICE,Not Applicable,3,Statewide,32
32874,2022,T1,1,Hydrogen,2020,FCEV,>150 miles,2,Statewide,1
32875,2022,T6,7,Gasoline,1980,ICE,Not Applicable,≥4,Statewide,30
32876,2022,B,Not Applicable,Natural Gas,1988,ICE,Not Applicable,2,Statewide,1
32877,2022,BT,Not Applicable,Natural Gas,2023,ICE,Not Applicable,1,Statewide,1
32878,2022,B,Not Applicable,Natural Gas,2009,ICE,Not Applicable,3,Statewide,1
32879,2022,T7,8,Natural Gas,2021,ICE,Not Applicable,1,Statewide,30
32880,2022,B,Not Applicable,Natural Gas,2006,ICE,Not Applicable,2,Statewide,1
32881,2022,B,Not Applicable,Natural Gas,2004,ICE,Not Applicable,3,Statewide,1
32882,2022,T7,8,Gasoline,1984,ICE,Not Applicable,≥4,Statewide,30
32883,2022,T6,5,Gasoline,2017,ICE,Not Applicable,3,Statewide,30
32884,2022,B,Not Applicable,Natural Gas,2003,ICE,Not Applicable,2,Statewide,1
32885,2022,T2,1,Hydrogen,2020,FCEV,>150 miles,≥4,Statewide,1
32886,2022,T6,4,Gasoline,2014,ICE,Not Applicable,1,Statewide,30
32887,2022,T6,5,Gasoline,2013,ICE,Not Applicable,1,Statewide,30
32888,2022,P,Not Applicable,Electric,2018,BEV,Unknown,2,Statewide,32
32889,2022,B,Not Applicable,Natural Gas,2002,ICE,Not Applicable,1,Statewide,1
32890,2022,B,Not Applicable,Natural Gas,2001,ICE,Not Applicable,2,Statewide,1
32891,2022,P,Not Applicable,Gasoline,1981,ICE,Not Applicable,≥4,Statewide,3772
32892,2022,B,Not Applicable,Natural Gas,1997,ICE,Not Applicable,3,Statewide,1
32893,2022,T6,6,Gasoline,1984,ICE,Not Applicable,2,Statewide,30
32894,2022,B,Not Applicable,Natural Gas,1997,ICE,Not Applicable,1,Statewide,1
32895,2022,T6,7,Gasoline,1998,ICE,Not Applicable,≥4,Statewide,30
32896,2022,T6,5,Gasoline,2009,ICE,Not Applicable,1,Statewide,30
32897,2022,MC,Not Applicable,Electric,2021,BEV,Unknown,2,Statewide,32
32898,2022,T6,5,Gasoline,2008,ICE,Not Applicable,3,Statewide,30
32899,2022,B,Not Applicable,Natural Gas,1998,ICE,Not Applicable,3,Statewide,1
32900,2022,B,Not Applicable,Natural Gas,1999,ICE,Not Applicable,2,Statewide,1
32901,2022,T6,Unknown,Diesel,1982,ICE,Not Applicable,≥4,Statewide,32
32902,2023,T7,8,Gasoline,2018,ICE,Not Applicable,2,Statewide,1
32903,2023,BT,Not Applicable,Natural Gas,2022,ICE,Not Applicable,2,Statewide,1
32904,2023,T2,1,Gasoline,2022,ICE,Not Applicable,3,Statewide,89325
32905,2023,T7,8,Gasoline,2002,ICE,Not Applicable,≥4,Statewide,1
32906,2023,BT,Not Applicable,Natural Gas,2024,ICE,Not Applicable,2,Statewide,1
32907,2023,BT,Not Applicable,Natural Gas,2002,ICE,Not Applicable,1,Statewide,1
32908,2023,T2,1,Gasoline,2023,ICE,Not Applicable,3,Statewide,83051
32909,2023,BT,Not Applicable,Natural Gas,2024,ICE,Not Applicable,3,Statewide,1
32910,2023,P,Not Applicable,Gasoline,2010,ICE,Not Applicable,3,Statewide,99954
32911,2023,P,Not Applicable,Gasoline,2007,ICE,Not Applicable,2,Statewide,82996
32912,2023,T7,8,Gasoline,2014,ICE,Not Applicable,2,Statewide,1
32913,2023,B,Not Applicable,Natural Gas,1988,ICE,Not Applicable,3,Statewide,1
32914,2023,T7,8,Gasoline,2018,ICE,Not Applicable,1,Statewide,1
32915,2023,T2,1,Gasoline,2009,ICE,Not Applicable,≥4,Statewide,89643
32916,2023,BT,Not Applicable,Natural Gas,2011,ICE,Not Applicable,1,Statewide,1
32917,2023,BT,Not Applicable,Natural Gas,2013,ICE,Not Applicable,3,Statewide,1
32918,2023,T7,8,Gasoline,2004,ICE,Not Applicable,≥4,Statewide,1
32919,2023,T2,1,Gasoline,2020,ICE,Not Applicable,2,Statewide,87282
32920,2023,T7,8,Gasoline,2002,ICE,Not Applicable,1,Statewide,1
32921,2023,T7,8,Gasoline,2017,ICE,Not Applicable,≥4,Statewide,1
32922,2023,BT,Not Applicable,Natural Gas,2021,ICE,Not Applicable,2,Statewide,1
32923,2023,P,Not Applicable,Gasoline,2008,ICE,Not Applicable,1,Statewide,99672
32924,2023,P,Not Applicable,Hydrogen,2010,FCEV,>150 miles,≥4,Statewide,1
32925,2023,P,Not Applicable,Hydrogen,2015,FCEV,>150 miles,≥4,Statewide,1
32926,2023,P,Not Applicable,Gasoline,2014,ICE,Not Applicable,3,Statewide,83671
32927,2023,T7,8,Gasoline,2025,ICE,Not Applicable,≥4,Statewide,1
32928,2023,BT,Not Applicable,Natural Gas,2008,ICE,Not Applicable,1,Statewide,1
32929,2023,BT,Not Applicable,Natural Gas,2004,ICE,Not Applicable,1,Statewide,1
32930,2023,T2,1,Gasoline,2020,ICE,Not Applicable,≥4,Statewide,83140
32931,2023,P,Not Applicable,Gasoline,2015,ICE,Not Applicable,3,Statewide,99860
32932,2023,T7,8,Gasoline,2015,ICE,Not Applicable,2,Statewide,1
32933,2023,T7,8,Gasoline,2008,ICE,Not Applicable,≥4,Statewide,1
32934,2023,B,Not Applicable,Natural Gas,1998,ICE,Not Applicable,≥4,Statewide,1
32935,2023,T7,8,Gasoline,2010,ICE,Not Applicable,2,Statewide,1
32936,2023,T2,1,Gasoline,2011,ICE,Not Applicable,≥4,Statewide,96189
32937,2023,BS,Not Applicable,Natural Gas,2005,ICE,Not Applicable,3,Statewide,1
32938,2023,B,Not Applicable,Natural Gas,2019,ICE,Not Applicable,2,Statewide,1
32939,2023,B,Not Applicable,Natural Gas,2015,ICE,Not Applicable,3,Statewide,1
32940,2023,B,Not Applicable,Natural Gas,2014,ICE,Not Applicable,1,Statewide,1
32941,2023,B,Not Applicable,Natural Gas,2014,ICE,Not Applicable,2,Statewide,1
32942,2023,T3,2,Gasoline,2009,ICE,Not Applicable,≥4,Statewide,96201
32943,2023,BS,Not Applicable,Natural Gas,2009,ICE,Not Applicable,3,Statewide,1
32944,2023,B,Not Applicable,Natural Gas,2013,ICE,Not Applicable,3,Statewide,1
32945,2023,B,Not Applicable,Natural Gas,2012,ICE,Not Applicable,1,Statewide,1
32946,2023,P,Not Applicable,Gasoline,2016,ICE,Not Applicable,3,Statewide,96422
32947,2023,B,Not Applicable,Natural Gas,2012,ICE,Not Applicable,2,Statewide,1
32948,2023,T2,1,Gasoline,2010,ICE,Not Applicable,≥4,Statewide,95899
32949,2023,P,Not Applicable,Gasoline,2024,ICE,Not Applicable,3,Statewide,96772
32950,2023,B,Not Applicable,Natural Gas,2013,ICE,Not Applicable,1,Statewide,1
32951,2023,T2,1,Gasoline,2021,ICE,Not Applicable,2,Statewide,94870
32952,2023,BS,Not Applicable,Natural Gas,2004,ICE,Not Applicable,3,Statewide,1
32953,2023,T3,2,Gasoline,2012,ICE,Not Applicable,≥4,Statewide,84992
32954,2023,T7,8,Gasoline,2007,ICE,Not Applicable,1,Statewide,1
32955,2023,BS,Not Applicable,Natural Gas,2003,ICE,Not Applicable,1,Statewide,1
32956,2023,T7,8,Gasoline,2006,ICE,Not Applicable,1,Statewide,1
32957,2023,T2,1,Gasoline,2024,ICE,Not Applicable,2,Statewide,88411
32958,2023,T7,8,Gasoline,2005,ICE,Not Applicable,2,Statewide,1
32959,2023,T3,2,Gasoline,2010,ICE,Not Applicable,≥4,Statewide,84238
32960,2023,B,Not Applicable,Natural Gas,2019,ICE,Not Applicable,1,Statewide,1
32961,2023,T3,2,Gasoline,2021,ICE,Not Applicable,≥4,Statewide,84092
32962,2023,BS,Not Applicable,Natural Gas,2003,ICE,Not Applicable,3,Statewide,1
32963,2023,B,Not Applicable,Natural Gas,2023,ICE,Not Applicable,2,Statewide,1
32964,2023,B,Not Applicable,Natural Gas,2022,ICE,Not Applicable,1,Statewide,1
32965,2023,B,Not Applicable,Natural Gas,2022,ICE,Not Applicable,2,Statewide,1
32966,2023,T2,1,Gasoline,2012,ICE,Not Applicable,≥4,Statewide,81878
32967,2023,P,Not Applicable,Gasoline,2007,ICE,Not Applicable,1,Statewide,84934
32968,2023,T7,8,Gasoline,2018,ICE,Not Applicable,≥4,Statewide,1
32969,2023,BT,Not Applicable,Natural Gas,2002,ICE,Not Applicable,2,Statewide,1
32970,2023,BS,Not Applicable,Natural Gas,2009,ICE,Not Applicable,2,Statewide,1
32971,2023,T2,1,Gasoline,2021,ICE,Not Applicable,1,Statewide,96906
32972,2023,B,Not Applicable,Natural Gas,1997,ICE,Not Applicable,1,Statewide,1
32973,2023,BS,Not Applicable,Natural Gas,2020,ICE,Not Applicable,3,Statewide,1
32974,2023,BT,Not Applicable,Natural Gas,1994,ICE,Not Applicable,≥4,Statewide,1
32975,2023,BT,Not Applicable,Natural Gas,1999,ICE,Not Applicable,1,Statewide,1
32976,2023,BT,Not Applicable,Natural Gas,2000,ICE,Not Applicable,3,Statewide,1
32977,2023,BT,Not Applicable,Natural Gas,2000,ICE,Not Applicable,1,Statewide,1
32978,2023,BS,Not Applicable,Natural Gas,2018,ICE,Not Applicable,2,Statewide,1
32979,2023,T2,1,Gasoline,2021,ICE,Not Applicable,≥4,Statewide,99099
32980,2023,T2,1,Gasoline,2019,ICE,Not Applicable,2,Statewide,82279
32981,2023,P,Not Applicable,Gasoline,2009,ICE,Not Applicable,3,Statewide,82345
32982,2023,B,Not Applicable,Natural Gas,1997,ICE,Not Applicable,3,Statewide,1
32983,2023,T7,8,Gasoline,2001,ICE,Not Applicable,3,Statewide,1
32984,2023,T3,2,Gasoline,2020,ICE,Not Applicable,≥4,Statewide,82650
32985,2023,T7,8,Gasoline,2001,ICE,Not Applicable,1,Statewide,1
32986,2023,T3,2,Gasoline,2024,ICE,Not Applicable,≥4,Statewide,86167
32987,2023,BS,Not Applicable,Natural Gas,2012,ICE,Not Applicable,3,Statewide,1
32988,2023,P,Not Applicable,Gasoline,2008,ICE,Not Applicable,2,Statewide,97352
32989,2023,T3,2,Gasoline,2022,ICE,Not Applicable,≥4,Statewide,97302
32990,2023,B,Not Applicable,Natural Gas,2010,ICE,Not Applicable,3,Statewide,1
32991,2023,B,Not Applicable,Natural Gas,2006,ICE,Not Applicable,3,Statewide,1
32992,2023,BS,Not Applicable,Natural Gas,2012,ICE,Not Applicable,1,Statewide,1
32993,2023,BS,Not Applicable,Natural Gas,2013,ICE,Not Applicable,2,Statewide,1
32994,2023,BS,Not Applicable,Natural Gas,2014,ICE,Not Applicable,1,Statewide,1
32995,2023,B,Not Applicable,Natural Gas,2005,ICE,Not Applicable,2,Statewide,1
32996,2023,BS,Not Applicable,Natural Gas,2018,ICE,Not Applicable,3,Statewide,1
32997,2023,B,Not Applicable,Natural Gas,2005,ICE,Not Applicable,3,Statewide,1
32998,2023,B,Not Applicable,Natural Gas,2004,ICE,Not Applicable,3,Statewide,1
32999,2023,BS,Not Applicable,Natural Gas,2017,ICE,Not Applicable,3,Statewide,1
33000,2023,BS,Not Applicable,Natural Gas,2017,ICE,Not Applicable,2,Statewide,1
33001,2023,B,Not Applicable,Natural Gas,2002,ICE,Not Applicable,1,Statewide,1
33002,2023,B,Not Applicable,Natural Gas,2001,ICE,Not Applicable,2,Statewide,1
33003,2023,B,Not Applicable,Natural Gas,1999,ICE,Not Applicable,1,Statewide,1
33004,2023,B,Not Applicable,Natural Gas,2004,ICE,Not Applicable,2,Statewide,1
33005,2023,T3,2,Gasoline,2008,ICE,Not Applicable,≥4,Statewide,90645
33006,2023,T6,6,Natural Gas,2021,ICE,Not Applicable,≥4,Statewide,1
33007,2023,MC,Not Applicable,Natural Gas,1986,ICE,Not Applicable,3,Statewide,1
33008,2023,T3,2,Gasoline,2015,ICE,Not Applicable,≥4,Statewide,40865
33009,2023,P,Not Applicable,Gasoline,2003,ICE,Not Applicable,1,Statewide,41137
33010,2023,P,Not Applicable,Gasoline,2017,ICE,Not Applicable,≥4,Statewide,218490
33011,2023,P,Not Applicable,Gasoline,2019,ICE,Not Applicable,2,Statewide,209180
33012,2023,T3,2,Gasoline,2020,ICE,Not Applicable,3,Statewide,41416
33013,2023,P,Not Applicable,Gasoline,2012,ICE,Not Applicable,≥4,Statewide,201788
33014,2023,T7,8,Natural Gas,2025,ICE,Not Applicable,3,Statewide,1
33015,2023,T7,8,Natural Gas,2020,ICE,Not Applicable,3,Statewide,1
33016,2023,P,Not Applicable,Gasoline,2024,ICE,Not Applicable,1,Statewide,196726
33017,2023,P,Not Applicable,Gasoline,2023,ICE,Not Applicable,2,Statewide,195553
33018,2023,T7,8,Natural Gas,2013,ICE,Not Applicable,3,Statewide,1
33019,2023,T7,8,Natural Gas,2012,ICE,Not Applicable,3,Statewide,1
33020,2023,T7,8,Natural Gas,2011,ICE,Not Applicable,3,Statewide,1
33021,2023,P,Not Applicable,Gasoline,2017,ICE,Not Applicable,1,Statewide,188143
33022,2023,P,Not Applicable,Gasoline,2011,ICE,Not Applicable,≥4,Statewide,187814
33023,2023,P,Not Applicable,Gasoline,2018,ICE,Not Applicable,2,Statewide,218815
33024,2023,P,Not Applicable,Gasoline,2017,ICE,Not Applicable,2,Statewide,184845
33025,2023,T3,2,Gasoline,2012,ICE,Not Applicable,3,Statewide,40672
33026,2023,P,Not Applicable,Gasoline,1979,ICE,Not Applicable,≥4,Statewide,225067
33027,2023,T3,2,Gasoline,2011,ICE,Not Applicable,2,Statewide,38666
33028,2023,P,Not Applicable,Gasoline,2020,ICE,Not Applicable,2,Statewide,242587
33029,2023,P,Not Applicable,Gasoline,2022,ICE,Not Applicable,2,Statewide,239161
33030,2023,T3,2,Gasoline,2019,ICE,Not Applicable,3,Statewide,38699
33031,2023,T2,1,Gasoline,2007,ICE,Not Applicable,1,Statewide,39179
33032,2023,T2,1,Gasoline,2017,ICE,Not Applicable,3,Statewide,39472
33033,2023,P,Not Applicable,Gasoline,2004,ICE,Not Applicable,3,Statewide,39613
33034,2023,T3,2,Gasoline,2007,ICE,Not Applicable,2,Statewide,39667
33035,2023,P,Not Applicable,Gasoline,2018,ICE,Not Applicable,1,Statewide,232618
33036,2023,P,Not Applicable,Gasoline,2003,ICE,Not Applicable,2,Statewide,39839
33037,2023,P,Not Applicable,Gasoline,2021,ICE,Not Applicable,2,Statewide,231927
33038,2023,T3,2,Gasoline,2024,ICE,Not Applicable,2,Statewide,39991
33039,2023,T2,1,Gasoline,2013,ICE,Not Applicable,1,Statewide,40210
33040,2023,P,Not Applicable,Gasoline,2019,ICE,Not Applicable,1,Statewide,225940
33041,2023,T3,2,Gasoline,2018,ICE,Not Applicable,2,Statewide,40227
33042,2023,T3,2,Gasoline,2009,ICE,Not Applicable,1,Statewide,40637
33043,2023,P,Not Applicable,Gasoline,2020,ICE,Not Applicable,3,Statewide,181697
33044,2023,P,Not Applicable,Gasoline,2021,ICE,Not Applicable,3,Statewide,174293
33045,2023,P,Not Applicable,Gasoline,2013,ICE,Not Applicable,≥4,Statewide,174222
33046,2023,T6,7,Natural Gas,2019,ICE,Not Applicable,2,Statewide,1
33047,2023,T6,Unknown,Natural Gas,2018,ICE,Not Applicable,2,Statewide,1
33048,2023,T6,Unknown,Natural Gas,2018,ICE,Not Applicable,3,Statewide,1
33049,2023,T6,7,Natural Gas,2018,ICE,Not Applicable,2,Statewide,1
33050,2023,T6,7,Natural Gas,2018,ICE,Not Applicable,3,Statewide,1
33051,2023,T6,Unknown,Natural Gas,2017,ICE,Not Applicable,2,Statewide,1
33052,2023,T6,7,Natural Gas,2017,ICE,Not Applicable,1,Statewide,1
33053,2023,T6,7,Natural Gas,2017,ICE,Not Applicable,2,Statewide,1
33054,2023,T6,5,Natural Gas,2015,ICE,Not Applicable,1,Statewide,1
33055,2023,T6,5,Natural Gas,2014,ICE,Not Applicable,3,Statewide,1
33056,2023,T6,Unknown,Natural Gas,2012,ICE,Not Applicable,≥4,Statewide,1
33057,2023,T6,Unknown,Natural Gas,2011,ICE,Not Applicable,≥4,Statewide,1
33058,2023,T6,6,Natural Gas,2011,ICE,Not Applicable,1,Statewide,1
33059,2023,T6,6,Natural Gas,2011,ICE,Not Applicable,2,Statewide,1
33060,2023,T6,Unknown,Natural Gas,2010,ICE,Not Applicable,1,Statewide,1
33061,2023,T6,7,Natural Gas,2020,ICE,Not Applicable,2,Statewide,1
33062,2023,T6,4,Natural Gas,2020,ICE,Not Applicable,3,Statewide,1
33063,2023,T6,4,Natural Gas,2020,ICE,Not Applicable,2,Statewide,1
33064,2023,T6,4,Natural Gas,2020,ICE,Not Applicable,1,Statewide,1
33065,2023,P,Not Applicable,Gasoline,2010,ICE,Not Applicable,≥4,Statewide,173110
33066,2023,P,Not Applicable,Gasoline,2022,ICE,Not Applicable,3,Statewide,172573
33067,2023,T7,8,Natural Gas,2009,ICE,Not Applicable,1,Statewide,1
33068,2023,T7,8,Natural Gas,2009,ICE,Not Applicable,2,Statewide,1
33069,2023,T7,8,Natural Gas,2008,ICE,Not Applicable,3,Statewide,1
33070,2023,T7,8,Natural Gas,1994,ICE,Not Applicable,≥4,Statewide,1
33071,2023,P,Not Applicable,Gasoline,2018,ICE,Not Applicable,3,Statewide,163435
33072,2023,T1,1,Gasoline,2020,ICE,Not Applicable,2,Statewide,38604
33073,2023,T7,8,Natural Gas,1987,ICE,Not Applicable,≥4,Statewide,1
33074,2023,T6,Unknown,Natural Gas,2025,ICE,Not Applicable,2,Statewide,1
33075,2023,T6,4,Natural Gas,2023,ICE,Not Applicable,2,Statewide,1
33076,2023,T6,7,Natural Gas,2023,ICE,Not Applicable,1,Statewide,1
33077,2023,T6,7,Natural Gas,2023,ICE,Not Applicable,3,Statewide,1
33078,2023,T6,4,Natural Gas,2022,ICE,Not Applicable,1,Statewide,1
33079,2023,T6,4,Natural Gas,2021,ICE,Not Applicable,1,Statewide,1
33080,2023,T6,7,Natural Gas,2021,ICE,Not Applicable,3,Statewide,1
33081,2023,T6,Unknown,Natural Gas,2025,ICE,Not Applicable,1,Statewide,1
33082,2023,T1,1,Gasoline,2020,ICE,Not Applicable,≥4,Statewide,38351
33083,2023,T3,2,Gasoline,2007,ICE,Not Applicable,3,Statewide,37920
33084,2023,T3,2,Gasoline,2013,ICE,Not Applicable,2,Statewide,37910
33085,2023,MC,Not Applicable,Diesel,2007,ICE,Not Applicable,1,Statewide,2
33086,2023,MC,Not Applicable,Diesel,2006,ICE,Not Applicable,2,Statewide,2
33087,2023,MC,Not Applicable,Diesel,2005,ICE,Not Applicable,2,Statewide,2
33088,2023,MC,Not Applicable,Diesel,2004,ICE,Not Applicable,1,Statewide,2
33089,2023,MC,Not Applicable,Diesel,2004,ICE,Not Applicable,3,Statewide,2
33090,2023,MC,Not Applicable,Diesel,1999,ICE,Not Applicable,2,Statewide,2
33091,2023,MC,Not Applicable,Diesel,1998,ICE,Not Applicable,≥4,Statewide,2
33092,2023,MC,Not Applicable,Diesel,1997,ICE,Not Applicable,3,Statewide,2
33093,2023,MC,Not Applicable,Diesel,1997,ICE,Not Applicable,≥4,Statewide,2
33094,2023,MC,Not Applicable,Diesel,1979,ICE,Not Applicable,2,Statewide,2
33095,2023,BT,Not Applicable,Diesel,2022,ICE,Not Applicable,2,Statewide,2
33096,2023,BT,Not Applicable,Diesel,2018,ICE,Not Applicable,2,Statewide,2
33097,2023,BT,Not Applicable,Diesel,2018,ICE,Not Applicable,3,Statewide,2
33098,2023,BT,Not Applicable,Diesel,2017,ICE,Not Applicable,2,Statewide,2
33099,2023,BT,Not Applicable,Diesel,2004,ICE,Not Applicable,3,Statewide,2
33100,2023,MC,Not Applicable,Diesel,2008,ICE,Not Applicable,3,Statewide,2
33101,2023,MC,Not Applicable,Diesel,2009,ICE,Not Applicable,1,Statewide,2
33102,2023,MC,Not Applicable,Diesel,2010,ICE,Not Applicable,1,Statewide,2
33103,2023,MC,Not Applicable,Diesel,2011,ICE,Not Applicable,1,Statewide,2
33104,2023,T2,1,Diesel,1991,ICE,Not Applicable,2,Statewide,2
33105,2023,T2,Unknown,Diesel,1990,ICE,Not Applicable,3,Statewide,2
33106,2023,T2,Unknown,Diesel,1979,ICE,Not Applicable,1,Statewide,2
33107,2023,T1,1,Diesel,1996,ICE,Not Applicable,≥4,Statewide,2
33108,2023,T1,1,Diesel,1992,ICE,Not Applicable,2,Statewide,2
33109,2023,P,Not Applicable,Diesel,2024,ICE,Not Applicable,3,Statewide,2
33110,2023,P,Not Applicable,Diesel,1999,ICE,Not Applicable,3,Statewide,2
33111,2023,BT,Not Applicable,Diesel,1999,ICE,Not Applicable,2,Statewide,2
33112,2023,P,Not Applicable,Diesel,1994,ICE,Not Applicable,2,Statewide,2
33113,2023,MH,Not Applicable,Diesel,2025,ICE,Not Applicable,3,Statewide,2
33114,2023,MC,Not Applicable,Diesel,2020,ICE,Not Applicable,≥4,Statewide,2
33115,2023,MC,Not Applicable,Diesel,2017,ICE,Not Applicable,3,Statewide,2
33116,2023,MC,Not Applicable,Diesel,2016,ICE,Not Applicable,3,Statewide,2
33117,2023,MC,Not Applicable,Diesel,2015,ICE,Not Applicable,≥4,Statewide,2
33118,2023,MC,Not Applicable,Diesel,2013,ICE,Not Applicable,2,Statewide,2
33119,2023,MC,Not Applicable,Diesel,2012,ICE,Not Applicable,2,Statewide,2
33120,2023,P,Not Applicable,Diesel,1994,ICE,Not Applicable,3,Statewide,2
33121,2023,T6,Unknown,Natural Gas,2010,ICE,Not Applicable,≥4,Statewide,1
33122,2023,BT,Not Applicable,Diesel,1998,ICE,Not Applicable,2,Statewide,2
33123,2023,BT,Not Applicable,Diesel,1992,ICE,Not Applicable,1,Statewide,2
33124,2023,B,Not Applicable,Diesel,1984,ICE,Not Applicable,2,Statewide,2
33125,2023,B,Not Applicable,Diesel,1983,ICE,Not Applicable,1,Statewide,2
33126,2023,B,Not Applicable,Diesel,1983,ICE,Not Applicable,2,Statewide,2
33127,2023,B,Not Applicable,Diesel,1980,ICE,Not Applicable,3,Statewide,2
33128,2023,P,Not Applicable,Gasoline,2022,ICE,Not Applicable,1,Statewide,299201
33129,2023,P,Not Applicable,Gasoline,2020,ICE,Not Applicable,≥4,Statewide,298620
33130,2023,P,Not Applicable,Gasoline,2022,ICE,Not Applicable,≥4,Statewide,292462
33131,2023,P,Not Applicable,Gasoline,2021,ICE,Not Applicable,≥4,Statewide,288606
33132,2023,P,Not Applicable,Gasoline,2021,ICE,Not Applicable,1,Statewide,285718
33133,2023,P,Not Applicable,Gasoline,2023,ICE,Not Applicable,≥4,Statewide,278774
33134,2023,P,Not Applicable,Gasoline,2020,ICE,Not Applicable,1,Statewide,274735
33135,2023,P,Not Applicable,Gasoline,2018,ICE,Not Applicable,≥4,Statewide,258489
33136,2023,P,Not Applicable,Gasoline,2019,ICE,Not Applicable,≥4,Statewide,255707
33137,2023,P,Not Applicable,Gasoline,2023,ICE,Not Applicable,1,Statewide,254099
33138,2023,P,Not Applicable,Gasoline,2024,ICE,Not Applicable,≥4,Statewide,248234
33139,2023,B,Not Applicable,Diesel,1985,ICE,Not Applicable,3,Statewide,2
33140,2023,B,Not Applicable,Diesel,1985,ICE,Not Applicable,2,Statewide,2
33141,2023,B,Not Applicable,Diesel,1985,ICE,Not Applicable,1,Statewide,2
33142,2023,B,Not Applicable,Diesel,1987,ICE,Not Applicable,3,Statewide,2
33143,2023,BT,Not Applicable,Diesel,1990,ICE,Not Applicable,2,Statewide,2
33144,2023,BT,Not Applicable,Diesel,1990,ICE,Not Applicable,3,Statewide,2
33145,2023,BT,Not Applicable,Diesel,1989,ICE,Not Applicable,3,Statewide,2
33146,2023,BT,Not Applicable,Diesel,1988,ICE,Not Applicable,2,Statewide,2
33147,2023,BT,Not Applicable,Diesel,1987,ICE,Not Applicable,2,Statewide,2
33148,2023,BT,Not Applicable,Diesel,1986,ICE,Not Applicable,3,Statewide,2
33149,2023,BT,Not Applicable,Diesel,1985,ICE,Not Applicable,2,Statewide,2
33150,2023,BT,Not Applicable,Diesel,1995,ICE,Not Applicable,2,Statewide,2
33151,2023,BT,Not Applicable,Diesel,1985,ICE,Not Applicable,3,Statewide,2
33152,2023,BS,Not Applicable,Diesel,1987,ICE,Not Applicable,2,Statewide,2
33153,2023,BS,Not Applicable,Diesel,1984,ICE,Not Applicable,1,Statewide,2
33154,2023,BS,Not Applicable,Diesel,1980,ICE,Not Applicable,2,Statewide,2
33155,2023,B,Not Applicable,Diesel,1992,ICE,Not Applicable,2,Statewide,2
33156,2023,B,Not Applicable,Diesel,1989,ICE,Not Applicable,3,Statewide,2
33157,2023,B,Not Applicable,Diesel,1988,ICE,Not Applicable,2,Statewide,2
33158,2023,B,Not Applicable,Diesel,1988,ICE,Not Applicable,3,Statewide,2
33159,2023,BT,Not Applicable,Diesel,1980,ICE,Not Applicable,2,Statewide,2
33160,2023,MC,Not Applicable,Natural Gas,1985,ICE,Not Applicable,3,Statewide,1
33161,2023,T6,7,Natural Gas,2010,ICE,Not Applicable,2,Statewide,1
33162,2023,T6,7,Natural Gas,2009,ICE,Not Applicable,1,Statewide,1
33163,2023,T2,1,Gasoline,2007,ICE,Not Applicable,3,Statewide,35963
33164,2023,P,Not Applicable,Gasoline,2010,ICE,Not Applicable,2,Statewide,125674
33165,2023,T3,2,Gasoline,2012,ICE,Not Applicable,1,Statewide,35749
33166,2023,T3,2,Gasoline,2006,ICE,Not Applicable,2,Statewide,35421
33167,2023,P,Not Applicable,Gasoline,2000,ICE,Not Applicable,≥4,Statewide,35382
33168,2023,T3,2,Gasoline,2010,ICE,Not Applicable,1,Statewide,35152
33169,2023,T3,2,Gasoline,2011,ICE,Not Applicable,3,Statewide,35112
33170,2023,P,Not Applicable,Gasoline,2007,ICE,Not Applicable,≥4,Statewide,122246
33171,2023,T2,1,Gasoline,2024,ICE,Not Applicable,1,Statewide,121198
33172,2023,P,Not Applicable,Gasoline,2012,ICE,Not Applicable,3,Statewide,119866
33173,2023,T2,1,Gasoline,2006,ICE,Not Applicable,2,Statewide,34456
33174,2023,T3,2,Gasoline,2016,ICE,Not Applicable,2,Statewide,34257
33175,2023,T3,2,Gasoline,2006,ICE,Not Applicable,3,Statewide,34104
33176,2023,P,Not Applicable,Gasoline,2003,ICE,Not Applicable,3,Statewide,32959
33177,2023,P,Not Applicable,Gasoline,2006,ICE,Not Applicable,≥4,Statewide,112426
33178,2023,T2,1,Gasoline,2023,ICE,Not Applicable,2,Statewide,127014
33179,2023,T3,2,Gasoline,2013,ICE,Not Applicable,3,Statewide,32612
33180,2023,T3,2,Gasoline,2017,ICE,Not Applicable,2,Statewide,36389
33181,2023,P,Not Applicable,Gasoline,2010,ICE,Not Applicable,1,Statewide,128383
33182,2023,T2,1,Natural Gas,2001,ICE,Not Applicable,≥4,Statewide,1
33183,2023,T1,1,Natural Gas,1999,ICE,Not Applicable,1,Statewide,1
33184,2023,T1,1,Gasoline,2021,ICE,Not Applicable,1,Statewide,36863
33185,2023,P,Not Applicable,Natural Gas,2002,ICE,Not Applicable,2,Statewide,1
33186,2023,P,Not Applicable,Natural Gas,2000,ICE,Not Applicable,1,Statewide,1
33187,2023,P,Not Applicable,Gasoline,2011,ICE,Not Applicable,1,Statewide,135850
33188,2023,P,Not Applicable,Gasoline,2011,ICE,Not Applicable,2,Statewide,134920
33189,2023,P,Not Applicable,Natural Gas,1982,ICE,Not Applicable,≥4,Statewide,1
33190,2023,P,Not Applicable,Gasoline,2015,ICE,Not Applicable,1,Statewide,134098
33191,2023,T2,1,Gasoline,2022,ICE,Not Applicable,2,Statewide,134057
33192,2023,P,Not Applicable,Gasoline,2015,ICE,Not Applicable,2,Statewide,133168
33193,2023,P,Not Applicable,Gasoline,2013,ICE,Not Applicable,1,Statewide,132564
33194,2023,P,Not Applicable,Gasoline,2013,ICE,Not Applicable,2,Statewide,132228
33195,2023,P,Not Applicable,Gasoline,2016,ICE,Not Applicable,1,Statewide,129846
33196,2023,P,Not Applicable,Gasoline,2024,ICE,Not Applicable,2,Statewide,128716
33197,2023,P,Not Applicable,Gasoline,2016,ICE,Not Applicable,2,Statewide,128073
33198,2023,P,Not Applicable,Gasoline,2014,ICE,Not Applicable,2,Statewide,109758
33199,2023,MH,Not Applicable,Natural Gas,2015,ICE,Not Applicable,3,Statewide,1
33200,2023,MH,Not Applicable,Natural Gas,2007,ICE,Not Applicable,1,Statewide,1
33201,2023,MC,Not Applicable,Natural Gas,2007,ICE,Not Applicable,3,Statewide,1
33202,2023,P,Not Applicable,Gasoline,2005,ICE,Not Applicable,≥4,Statewide,103381
33203,2023,P,Not Applicable,Gasoline,2013,ICE,Not Applicable,3,Statewide,103315
33204,2023,MC,Not Applicable,Natural Gas,2006,ICE,Not Applicable,1,Statewide,1
33205,2023,MC,Not Applicable,Natural Gas,2006,ICE,Not Applicable,≥4,Statewide,1
33206,2023,P,Not Applicable,Gasoline,2009,ICE,Not Applicable,2,Statewide,102982
33207,2023,MC,Not Applicable,Natural Gas,2004,ICE,Not Applicable,≥4,Statewide,1
33208,2023,MC,Not Applicable,Natural Gas,2003,ICE,Not Applicable,≥4,Statewide,1
33209,2023,T3,2,Gasoline,2023,ICE,Not Applicable,≥4,Statewide,102907
33210,2023,MC,Not Applicable,Natural Gas,2002,ICE,Not Applicable,3,Statewide,1
33211,2023,MC,Not Applicable,Natural Gas,2001,ICE,Not Applicable,3,Statewide,1
33212,2023,MC,Not Applicable,Natural Gas,2000,ICE,Not Applicable,1,Statewide,1
33213,2023,MC,Not Applicable,Natural Gas,1990,ICE,Not Applicable,≥4,Statewide,1
33214,2023,MC,Not Applicable,Natural Gas,1989,ICE,Not Applicable,≥4,Statewide,1
33215,2023,MC,Not Applicable,Natural Gas,1988,ICE,Not Applicable,1,Statewide,1
33216,2023,MC,Not Applicable,Natural Gas,2008,ICE,Not Applicable,3,Statewide,1
33217,2023,MC,Not Applicable,Natural Gas,2008,ICE,Not Applicable,2,Statewide,1
33218,2023,MC,Not Applicable,Natural Gas,2010,ICE,Not Applicable,3,Statewide,1
33219,2023,P,Not Applicable,Gasoline,2009,ICE,Not Applicable,1,Statewide,104616
33220,2023,MH,Not Applicable,Natural Gas,2007,ICE,Not Applicable,≥4,Statewide,1
33221,2023,MH,Not Applicable,Natural Gas,2004,ICE,Not Applicable,≥4,Statewide,1
33222,2023,P,Not Applicable,Gasoline,2014,ICE,Not Applicable,1,Statewide,109365
33223,2023,MH,Not Applicable,Natural Gas,2000,ICE,Not Applicable,3,Statewide,1
33224,2023,MH,Not Applicable,Natural Gas,1984,ICE,Not Applicable,3,Statewide,1
33225,2023,P,Not Applicable,Gasoline,2011,ICE,Not Applicable,3,Statewide,108626
33226,2023,P,Not Applicable,Gasoline,2002,ICE,Not Applicable,1,Statewide,32185
33227,2023,T2,1,Gasoline,2022,ICE,Not Applicable,≥4,Statewide,136677
33228,2023,MH,Not Applicable,Natural Gas,1979,ICE,Not Applicable,1,Statewide,1
33229,2023,T3,2,Gasoline,2018,ICE,Not Applicable,1,Statewide,32094
33230,2023,MC,Not Applicable,Natural Gas,2017,ICE,Not Applicable,3,Statewide,1
33231,2023,MC,Not Applicable,Natural Gas,2016,ICE,Not Applicable,≥4,Statewide,1
33232,2023,MC,Not Applicable,Natural Gas,2014,ICE,Not Applicable,3,Statewide,1
33233,2023,MC,Not Applicable,Natural Gas,2014,ICE,Not Applicable,≥4,Statewide,1
33234,2023,MC,Not Applicable,Natural Gas,2013,ICE,Not Applicable,≥4,Statewide,1
33235,2023,MC,Not Applicable,Natural Gas,2011,ICE,Not Applicable,2,Statewide,1
33236,2023,MC,Not Applicable,Natural Gas,2023,ICE,Not Applicable,1,Statewide,1
33237,2023,P,Not Applicable,Gasoline,2014,ICE,Not Applicable,≥4,Statewide,137016
33238,2023,T2,1,Natural Gas,2001,ICE,Not Applicable,3,Statewide,1
33239,2023,T2,1,Gasoline,2024,ICE,Not Applicable,≥4,Statewide,137430
33240,2023,T6,Unknown,Natural Gas,1980,ICE,Not Applicable,2,Statewide,1
33241,2023,T5,3,Natural Gas,2024,ICE,Not Applicable,3,Statewide,1
33242,2023,T5,3,Natural Gas,2024,ICE,Not Applicable,≥4,Statewide,1
33243,2023,T5,3,Natural Gas,2023,ICE,Not Applicable,2,Statewide,1
33244,2023,T5,3,Natural Gas,2020,ICE,Not Applicable,≥4,Statewide,1
33245,2023,T4,2,Natural Gas,2024,ICE,Not Applicable,1,Statewide,1
33246,2023,T4,2,Natural Gas,2022,ICE,Not Applicable,2,Statewide,1
33247,2023,T4,Unknown,Natural Gas,2019,ICE,Not Applicable,2,Statewide,1
33248,2023,T4,Unknown,Natural Gas,2019,ICE,Not Applicable,3,Statewide,1
33249,2023,T4,2,Natural Gas,2019,ICE,Not Applicable,1,Statewide,1
33250,2023,T4,2,Natural Gas,2019,ICE,Not Applicable,3,Statewide,1
33251,2023,T4,2,Natural Gas,2018,ICE,Not Applicable,3,Statewide,1
33252,2023,T2,1,Gasoline,2023,ICE,Not Applicable,1,Statewide,148337
33253,2023,T4,Unknown,Natural Gas,2017,ICE,Not Applicable,3,Statewide,1
33254,2023,T4,2,Natural Gas,2012,ICE,Not Applicable,≥4,Statewide,1
33255,2023,P,Not Applicable,Gasoline,2012,ICE,Not Applicable,2,Statewide,153017
33256,2023,T3,2,Gasoline,2008,ICE,Not Applicable,1,Statewide,37531
33257,2023,T6,Unknown,Natural Gas,1995,ICE,Not Applicable,≥4,Statewide,1
33258,2023,T6,Unknown,Natural Gas,1998,ICE,Not Applicable,≥4,Statewide,1
33259,2023,T6,7,Natural Gas,2008,ICE,Not Applicable,2,Statewide,1
33260,2023,T6,7,Natural Gas,2008,ICE,Not Applicable,3,Statewide,1
33261,2023,T2,1,Gasoline,2004,ICE,Not Applicable,≥4,Statewide,37779
33262,2023,P,Not Applicable,Gasoline,2015,ICE,Not Applicable,≥4,Statewide,157919
33263,2023,T6,4,Natural Gas,2007,ICE,Not Applicable,1,Statewide,1
33264,2023,P,Not Applicable,Gasoline,2019,ICE,Not Applicable,3,Statewide,157601
33265,2023,T6,4,Natural Gas,2007,ICE,Not Applicable,3,Statewide,1
33266,2023,T4,Unknown,Natural Gas,2004,ICE,Not Applicable,≥4,Statewide,1
33267,2023,T6,5,Natural Gas,2007,ICE,Not Applicable,1,Statewide,1
33268,2023,T6,7,Natural Gas,2007,ICE,Not Applicable,3,Statewide,1
33269,2023,T6,4,Natural Gas,2006,ICE,Not Applicable,2,Statewide,1
33270,2023,T6,6,Natural Gas,2006,ICE,Not Applicable,3,Statewide,1
33271,2023,T6,4,Natural Gas,2003,ICE,Not Applicable,≥4,Statewide,1
33272,2023,T6,Unknown,Natural Gas,2002,ICE,Not Applicable,≥4,Statewide,1
33273,2023,P,Not Applicable,Gasoline,2012,ICE,Not Applicable,1,Statewide,153635
33274,2023,T6,4,Natural Gas,2002,ICE,Not Applicable,3,Statewide,1
33275,2023,P,Not Applicable,Gasoline,2016,ICE,Not Applicable,≥4,Statewide,156032
33276,2023,T2,1,Diesel,1991,ICE,Not Applicable,1,Statewide,2
33277,2023,T2,1,Gasoline,2013,ICE,Not Applicable,3,Statewide,37433
33278,2023,T4,2,Natural Gas,2001,ICE,Not Applicable,3,Statewide,1
33279,2023,T2,1,Gasoline,2015,ICE,Not Applicable,3,Statewide,37401
33280,2023,T3,2,Natural Gas,2017,ICE,Not Applicable,2,Statewide,1
33281,2023,T3,2,Natural Gas,2014,ICE,Not Applicable,1,Statewide,1
33282,2023,T3,2,Natural Gas,2014,ICE,Not Applicable,2,Statewide,1
33283,2023,T3,2,Natural Gas,2014,ICE,Not Applicable,≥4,Statewide,1
33284,2023,T3,2,Natural Gas,2013,ICE,Not Applicable,2,Statewide,1
33285,2023,T3,2,Natural Gas,2000,ICE,Not Applicable,1,Statewide,1
33286,2023,T3,2,Natural Gas,1999,ICE,Not Applicable,2,Statewide,1
33287,2023,P,Not Applicable,Gasoline,2017,ICE,Not Applicable,3,Statewide,138728
33288,2023,T3,2,Natural Gas,1999,ICE,Not Applicable,3,Statewide,1
33289,2023,P,Not Applicable,Gasoline,2001,ICE,Not Applicable,≥4,Statewide,37176
33290,2023,T3,2,Natural Gas,1997,ICE,Not Applicable,2,Statewide,1
33291,2023,T3,Unknown,Natural Gas,1979,ICE,Not Applicable,1,Statewide,1
33292,2023,T2,1,Natural Gas,2021,ICE,Not Applicable,3,Statewide,1
33293,2023,T2,Unknown,Natural Gas,2017,ICE,Not Applicable,2,Statewide,1
33294,2023,T3,2,Natural Gas,2018,ICE,Not Applicable,3,Statewide,1
33295,2023,P,Not Applicable,Gasoline,2023,ICE,Not Applicable,3,Statewide,141182
33296,2023,T3,2,Natural Gas,2020,ICE,Not Applicable,2,Statewide,1
33297,2023,T3,Unknown,Natural Gas,2022,ICE,Not Applicable,≥4,Statewide,1
33298,2023,T4,Unknown,Natural Gas,2000,ICE,Not Applicable,≥4,Statewide,1
33299,2023,P,Not Applicable,Gasoline,2009,ICE,Not Applicable,≥4,Statewide,144142
33300,2023,T4,2,Natural Gas,2000,ICE,Not Applicable,2,Statewide,1
33301,2023,T4,Unknown,Natural Gas,1999,ICE,Not Applicable,≥4,Statewide,1
33302,2023,T4,Unknown,Natural Gas,1998,ICE,Not Applicable,≥4,Statewide,1
33303,2023,P,Not Applicable,Gasoline,2008,ICE,Not Applicable,≥4,Statewide,141637
33304,2023,T4,2,Natural Gas,1998,ICE,Not Applicable,3,Statewide,1
33305,2023,T4,Unknown,Natural Gas,2001,ICE,Not Applicable,3,Statewide,1
33306,2023,T2,1,Gasoline,2023,ICE,Not Applicable,≥4,Statewide,141479
33307,2023,T2,1,Gasoline,2022,ICE,Not Applicable,1,Statewide,141465
33308,2023,T4,Unknown,Natural Gas,1993,ICE,Not Applicable,≥4,Statewide,1
33309,2023,T4,Unknown,Natural Gas,1992,ICE,Not Applicable,≥4,Statewide,1
33310,2023,T4,Unknown,Natural Gas,1991,ICE,Not Applicable,≥4,Statewide,1
33311,2023,T4,Unknown,Natural Gas,1987,ICE,Not Applicable,≥4,Statewide,1
33312,2023,T3,Unknown,Natural Gas,2022,ICE,Not Applicable,2,Statewide,1
33313,2023,P,Not Applicable,Gasoline,1979,ICE,Not Applicable,1,Statewide,37421
33314,2023,T4,2,Natural Gas,1998,ICE,Not Applicable,≥4,Statewide,1
33315,2023,MC,Not Applicable,Diesel,2023,ICE,Not Applicable,≥4,Statewide,2
33316,2023,T6,6,Diesel,1985,ICE,Not Applicable,2,Statewide,1
33317,2023,T7,8,Gasoline,2000,ICE,Not Applicable,2,Statewide,1
33318,2023,MC,Not Applicable,Electric,2014,BEV,Unknown,2,Statewide,1
33319,2023,MC,Not Applicable,Electric,2009,BEV,Unknown,2,Statewide,1
33320,2023,T2,1,Gasoline,2004,ICE,Not Applicable,2,Statewide,21643
33321,2023,P,Not Applicable,Electric,2023,BEV,>150 miles,≥4,Statewide,21582
33322,2023,T4,2,Gasoline,2011,ICE,Not Applicable,≥4,Statewide,21579
33323,2023,MC,Not Applicable,Electric,2009,BEV,Unknown,≥4,Statewide,1
33324,2023,MC,Not Applicable,Electric,2008,BEV,Unknown,2,Statewide,1
33325,2023,MC,Not Applicable,Gasoline,2011,ICE,Not Applicable,≥4,Statewide,21499
33326,2023,MC,Not Applicable,Electric,2008,BEV,Unknown,3,Statewide,1
33327,2023,MC,Not Applicable,Electric,2015,BEV,Unknown,1,Statewide,1
33328,2023,MC,Not Applicable,Electric,2008,BEV,Unknown,≥4,Statewide,1
33329,2023,MC,Not Applicable,Electric,2007,BEV,Unknown,3,Statewide,1
33330,2023,MC,Not Applicable,Electric,2006,BEV,Unknown,1,Statewide,1
33331,2023,MC,Not Applicable,Electric,2006,BEV,Unknown,2,Statewide,1
33332,2023,MC,Not Applicable,Electric,2005,BEV,Unknown,3,Statewide,1
33333,2023,MC,Not Applicable,Electric,2004,BEV,Unknown,≥4,Statewide,1
33334,2023,MC,Not Applicable,Electric,2003,BEV,Unknown,1,Statewide,1
33335,2023,MC,Not Applicable,Electric,2002,BEV,Unknown,2,Statewide,1
33336,2023,MC,Not Applicable,Electric,1999,BEV,Unknown,≥4,Statewide,1
33337,2023,MC,Not Applicable,Electric,1998,BEV,Unknown,2,Statewide,1
33338,2023,MC,Not Applicable,Electric,2007,BEV,Unknown,2,Statewide,1
33339,2023,MC,Not Applicable,Electric,1996,BEV,Unknown,1,Statewide,1
33340,2023,T3,2,Gasoline,2005,ICE,Not Applicable,1,Statewide,21696
33341,2023,P,Not Applicable,Electric,1981,BEV,Unknown,≥4,Statewide,1
33342,2023,P,Not Applicable,Electric,2000,BEV,Unknown,3,Statewide,1
33343,2023,P,Not Applicable,Electric,1999,BEV,Unknown,≥4,Statewide,1
33344,2023,P,Not Applicable,Electric,1998,BEV,Unknown,3,Statewide,1
33345,2023,P,Not Applicable,Electric,1994,BEV,Unknown,1,Statewide,1
33346,2023,T1,1,Gasoline,2023,ICE,Not Applicable,1,Statewide,24057
33347,2023,T1,1,Gasoline,2006,ICE,Not Applicable,≥4,Statewide,23961
33348,2023,P,Not Applicable,Electric,1994,BEV,Unknown,≥4,Statewide,1
33349,2023,MC,Not Applicable,Gasoline,2012,ICE,Not Applicable,≥4,Statewide,23894
33350,2023,P,Not Applicable,Electric,1989,BEV,Unknown,3,Statewide,1
33351,2023,P,Not Applicable,Electric,1980,BEV,Unknown,≥4,Statewide,1
33352,2023,T1,1,Gasoline,2004,ICE,Not Applicable,≥4,Statewide,22692
33353,2023,P,Not Applicable,Gasoline,2001,ICE,Not Applicable,1,Statewide,21936
33354,2023,P,Not Applicable,Electric,1988,BEV,Unknown,≥4,Statewide,1
33355,2023,P,Not Applicable,Electric,1987,BEV,Unknown,1,Statewide,1
33356,2023,P,Not Applicable,Electric,1984,BEV,Unknown,1,Statewide,1
33357,2023,P,Not Applicable,Electric,1984,BEV,Unknown,≥4,Statewide,1
33358,2023,P,Not Applicable,Electric,1982,BEV,Unknown,1,Statewide,1
33359,2023,P,Not Applicable,Electric,1982,BEV,Unknown,≥4,Statewide,1
33360,2023,P,Not Applicable,Electric,1981,BEV,Unknown,1,Statewide,1
33361,2023,P,Not Applicable,Electric,1981,BEV,Unknown,3,Statewide,1
33362,2023,T3,2,Gasoline,2003,ICE,Not Applicable,≥4,Statewide,22459
33363,2023,MC,Not Applicable,Electric,1991,BEV,Unknown,≥4,Statewide,1
33364,2023,MC,Not Applicable,Electric,1990,BEV,Unknown,≥4,Statewide,1
33365,2023,MC,Not Applicable,Electric,1987,BEV,Unknown,≥4,Statewide,1
33366,2023,B,Not Applicable,Electric,1999,BEV,Unknown,2,Statewide,1
33367,2023,B,Not Applicable,Electric,1997,BEV,Unknown,≥4,Statewide,1
33368,2023,T6,Unknown,Diesel,2023,ICE,Not Applicable,2,Statewide,1
33369,2023,T6,Unknown,Diesel,2022,ICE,Not Applicable,3,Statewide,1
33370,2023,T6,Unknown,Diesel,2021,ICE,Not Applicable,3,Statewide,1
33371,2023,T6,Unknown,Diesel,2020,ICE,Not Applicable,3,Statewide,1
33372,2023,T6,Unknown,Diesel,2018,ICE,Not Applicable,3,Statewide,1
33373,2023,T6,Unknown,Diesel,2015,ICE,Not Applicable,2,Statewide,1
33374,2023,T6,Unknown,Diesel,2014,ICE,Not Applicable,2,Statewide,1
33375,2023,B,Not Applicable,Electric,1999,BEV,Unknown,1,Statewide,1
33376,2023,T6,Unknown,Diesel,2014,ICE,Not Applicable,3,Statewide,1
33377,2023,T6,Unknown,Diesel,2010,ICE,Not Applicable,2,Statewide,1
33378,2023,T6,Unknown,Diesel,2009,ICE,Not Applicable,3,Statewide,1
33379,2023,T6,Unknown,Diesel,2008,ICE,Not Applicable,3,Statewide,1
33380,2023,T6,Unknown,Diesel,2007,ICE,Not Applicable,3,Statewide,1
33381,2023,T6,Unknown,Diesel,2003,ICE,Not Applicable,3,Statewide,1
33382,2023,T6,Unknown,Diesel,2002,ICE,Not Applicable,3,Statewide,1
33383,2023,T6,Unknown,Diesel,2000,ICE,Not Applicable,2,Statewide,1
33384,2023,T6,Unknown,Diesel,1999,ICE,Not Applicable,1,Statewide,1
33385,2023,T6,Unknown,Diesel,1998,ICE,Not Applicable,3,Statewide,1
33386,2023,T6,Unknown,Diesel,2011,ICE,Not Applicable,3,Statewide,1
33387,2023,B,Not Applicable,Electric,2002,BEV,Unknown,≥4,Statewide,1
33388,2023,B,Not Applicable,Electric,2003,BEV,Unknown,2,Statewide,1
33389,2023,B,Not Applicable,Electric,2004,BEV,Unknown,2,Statewide,1
33390,2023,MC,Not Applicable,Electric,1986,BEV,Unknown,≥4,Statewide,1
33391,2023,MC,Not Applicable,Electric,1982,BEV,Unknown,1,Statewide,1
33392,2023,MC,Not Applicable,Electric,1979,BEV,Unknown,2,Statewide,1
33393,2023,BT,Not Applicable,Electric,2024,BEV,Unknown,1,Statewide,1
33394,2023,BT,Not Applicable,Electric,2006,BEV,Unknown,≥4,Statewide,1
33395,2023,BT,Not Applicable,Electric,2001,BEV,Unknown,1,Statewide,1
33396,2023,BT,Not Applicable,Electric,2000,BEV,Unknown,≥4,Statewide,1
33397,2023,BT,Not Applicable,Electric,1979,BEV,Unknown,1,Statewide,1
33398,2023,BS,Not Applicable,Electric,2024,BEV,Unknown,1,Statewide,1
33399,2023,BS,Not Applicable,Electric,2023,BEV,Unknown,3,Statewide,1
33400,2023,BS,Not Applicable,Electric,2003,BEV,Unknown,2,Statewide,1
33401,2023,BS,Not Applicable,Electric,2002,BEV,Unknown,1,Statewide,1
33402,2023,BS,Not Applicable,Electric,2002,BEV,Unknown,≥4,Statewide,1
33403,2023,BS,Not Applicable,Electric,2001,BEV,Unknown,≥4,Statewide,1
33404,2023,BS,Not Applicable,Electric,1998,BEV,Unknown,≥4,Statewide,1
33405,2023,B,Not Applicable,Electric,2022,BEV,Unknown,3,Statewide,1
33406,2023,B,Not Applicable,Electric,2017,BEV,Unknown,≥4,Statewide,1
33407,2023,B,Not Applicable,Electric,2015,BEV,Unknown,≥4,Statewide,1
33408,2023,B,Not Applicable,Electric,2014,BEV,Unknown,≥4,Statewide,1
33409,2023,B,Not Applicable,Electric,2013,BEV,Unknown,≥4,Statewide,1
33410,2023,B,Not Applicable,Electric,2008,BEV,Unknown,1,Statewide,1
33411,2023,P,Not Applicable,Electric,2002,BEV,51 to 100 miles,3,Statewide,1
33412,2023,T1,1,Gasoline,2005,ICE,Not Applicable,≥4,Statewide,24476
33413,2023,P,Not Applicable,Electric,2002,BEV,51 to 100 miles,1,Statewide,1
33414,2023,T2,1,Gasoline,2002,ICE,Not Applicable,≥4,Statewide,24631
33415,2023,T4,Unknown,Electric,2002,BEV,Unknown,3,Statewide,1
33416,2023,T4,Unknown,Electric,2001,BEV,Unknown,3,Statewide,1
33417,2023,T4,Unknown,Electric,2000,BEV,Unknown,1,Statewide,1
33418,2023,T4,Unknown,Electric,2000,BEV,Unknown,2,Statewide,1
33419,2023,T4,Unknown,Electric,1999,BEV,Unknown,1,Statewide,1
33420,2023,T4,Unknown,Electric,1997,BEV,Unknown,1,Statewide,1
33421,2023,T4,Unknown,Electric,1994,BEV,Unknown,1,Statewide,1
33422,2023,T4,Unknown,Electric,1992,BEV,Unknown,2,Statewide,1
33423,2023,T4,Unknown,Electric,1991,BEV,Unknown,1,Statewide,1
33424,2023,T4,Unknown,Electric,2004,BEV,Unknown,1,Statewide,1
33425,2023,T4,Unknown,Electric,1990,BEV,Unknown,1,Statewide,1
33426,2023,T4,Unknown,Electric,1988,BEV,Unknown,3,Statewide,1
33427,2023,T4,Unknown,Electric,1985,BEV,Unknown,1,Statewide,1
33428,2023,T4,Unknown,Electric,1985,BEV,Unknown,3,Statewide,1
33429,2023,T3,Unknown,Electric,2024,BEV,Unknown,≥4,Statewide,1
33430,2023,T3,Unknown,Electric,2023,BEV,Unknown,1,Statewide,1
33431,2023,T3,Unknown,Electric,2020,BEV,Unknown,2,Statewide,1
33432,2023,T3,2,Electric,2020,BEV,Unknown,≥4,Statewide,1
33433,2023,T1,1,Gasoline,2020,ICE,Not Applicable,3,Statewide,25440
33434,2023,T1,1,Gasoline,2007,ICE,Not Applicable,≥4,Statewide,25170
33435,2023,T4,Unknown,Electric,1989,BEV,Unknown,1,Statewide,1
33436,2023,T4,Unknown,Electric,2012,BEV,Unknown,2,Statewide,1
33437,2023,T4,Unknown,Electric,2014,BEV,Unknown,≥4,Statewide,1
33438,2023,T4,Unknown,Electric,2016,BEV,Unknown,≥4,Statewide,1
33439,2023,T6,Unknown,Electric,2014,BEV,Unknown,≥4,Statewide,1
33440,2023,T6,Unknown,Electric,2012,BEV,Unknown,3,Statewide,1
33441,2023,T6,Unknown,Electric,2011,BEV,Unknown,3,Statewide,1
33442,2023,T6,Unknown,Electric,2010,BEV,Unknown,3,Statewide,1
33443,2023,T6,Unknown,Electric,2009,BEV,Unknown,1,Statewide,1
33444,2023,T6,Unknown,Electric,2009,BEV,Unknown,3,Statewide,1
33445,2023,T6,Unknown,Electric,2008,BEV,Unknown,1,Statewide,1
33446,2023,T6,Unknown,Electric,2008,BEV,Unknown,3,Statewide,1
33447,2023,T6,Unknown,Electric,2007,BEV,Unknown,3,Statewide,1
33448,2023,T6,Unknown,Electric,2006,BEV,Unknown,1,Statewide,1
33449,2023,T6,Unknown,Electric,1999,BEV,Unknown,≥4,Statewide,1
33450,2023,T6,Unknown,Electric,1997,BEV,Unknown,1,Statewide,1
33451,2023,T6,Unknown,Electric,1993,BEV,Unknown,≥4,Statewide,1
33452,2023,T6,Unknown,Electric,1990,BEV,Unknown,1,Statewide,1
33453,2023,T6,Unknown,Electric,1987,BEV,Unknown,1,Statewide,1
33454,2023,T6,Unknown,Electric,1986,BEV,Unknown,≥4,Statewide,1
33455,2023,T6,Unknown,Electric,1983,BEV,Unknown,1,Statewide,1
33456,2023,T6,Unknown,Electric,1982,BEV,Unknown,2,Statewide,1
33457,2023,T4,Unknown,Electric,2024,BEV,Unknown,≥4,Statewide,1
33458,2023,T4,Unknown,Electric,2018,BEV,Unknown,1,Statewide,1
33459,2023,T4,Unknown,Electric,2018,BEV,Unknown,3,Statewide,1
33460,2023,T3,Unknown,Electric,2017,BEV,Unknown,2,Statewide,1
33461,2023,T6,Unknown,Diesel,1997,ICE,Not Applicable,1,Statewide,1
33462,2023,P,Not Applicable,Gasoline,1999,ICE,Not Applicable,≥4,Statewide,25127
33463,2023,T3,Unknown,Electric,2015,BEV,Unknown,≥4,Statewide,1
33464,2023,T1,1,Electric,2000,BEV,Unknown,≥4,Statewide,1
33465,2023,P,Not Applicable,Electric,2024,BEV,Unknown,1,Statewide,1
33466,2023,P,Not Applicable,Electric,2024,BEV,Unknown,≥4,Statewide,1
33467,2023,P,Not Applicable,Electric,2023,BEV,Unknown,1,Statewide,1
33468,2023,P,Not Applicable,Electric,2023,BEV,Unknown,3,Statewide,1
33469,2023,P,Not Applicable,Electric,2022,BEV,Unknown,2,Statewide,1
33470,2023,P,Not Applicable,Electric,2022,BEV,Unknown,≥4,Statewide,1
33471,2023,P,Not Applicable,Electric,2021,BEV,Unknown,3,Statewide,1
33472,2023,P,Not Applicable,Electric,2019,BEV,Unknown,3,Statewide,1
33473,2023,T1,1,Electric,2002,BEV,Unknown,3,Statewide,1
33474,2023,P,Not Applicable,Electric,2010,BEV,Unknown,1,Statewide,1
33475,2023,P,Not Applicable,Electric,2009,BEV,Unknown,1,Statewide,1
33476,2023,P,Not Applicable,Electric,2006,BEV,Unknown,1,Statewide,1
33477,2023,P,Not Applicable,Electric,2005,BEV,Unknown,2,Statewide,1
33478,2023,P,Not Applicable,Electric,2004,BEV,Unknown,1,Statewide,1
33479,2023,P,Not Applicable,Electric,2004,BEV,Unknown,2,Statewide,1
33480,2023,P,Not Applicable,Electric,2004,BEV,Unknown,3,Statewide,1
33481,2023,P,Not Applicable,Electric,2004,BEV,101 to 150 miles,1,Statewide,1
33482,2023,P,Not Applicable,Electric,2003,BEV,Unknown,1,Statewide,1
33483,2023,P,Not Applicable,Electric,2002,BEV,Unknown,≥4,Statewide,1
33484,2023,P,Not Applicable,Electric,2010,BEV,Unknown,2,Statewide,1
33485,2023,T1,1,Electric,2003,BEV,Unknown,2,Statewide,1
33486,2023,T1,1,Electric,2003,BEV,Unknown,1,Statewide,1
33487,2023,T1,1,Electric,2005,BEV,Unknown,3,Statewide,1
33488,2023,T3,Unknown,Electric,2013,BEV,Unknown,3,Statewide,1
33489,2023,P,Not Applicable,Gasoline,2002,ICE,Not Applicable,3,Statewide,25102
33490,2023,T3,Unknown,Electric,2012,BEV,Unknown,2,Statewide,1
33491,2023,T3,Unknown,Electric,2011,BEV,Unknown,3,Statewide,1
33492,2023,T3,Unknown,Electric,2010,BEV,Unknown,≥4,Statewide,1
33493,2023,T3,Unknown,Electric,2009,BEV,Unknown,1,Statewide,1
33494,2023,T3,Unknown,Electric,1989,BEV,Unknown,≥4,Statewide,1
33495,2023,T3,Unknown,Electric,1987,BEV,Unknown,1,Statewide,1
33496,2023,T3,Unknown,Electric,1984,BEV,Unknown,2,Statewide,1
33497,2023,T3,Unknown,Electric,1979,BEV,Unknown,3,Statewide,1
33498,2023,T2,Unknown,Electric,2020,BEV,Unknown,1,Statewide,1
33499,2023,T2,Unknown,Electric,2017,BEV,Unknown,1,Statewide,1
33500,2023,T2,1,Electric,2017,BEV,51 to 100 miles,1,Statewide,1
33501,2023,T2,1,Electric,2017,BEV,51 to 100 miles,3,Statewide,1
33502,2023,T2,1,Electric,2016,BEV,51 to 100 miles,1,Statewide,1
33503,2023,T2,1,Electric,2016,BEV,51 to 100 miles,3,Statewide,1
33504,2023,T2,1,Electric,2008,BEV,Unknown,1,Statewide,1
33505,2023,T2,Unknown,Electric,1989,BEV,Unknown,≥4,Statewide,1
33506,2023,T1,Unknown,Electric,2007,BEV,Unknown,1,Statewide,1
33507,2023,T1,1,Electric,2006,BEV,Unknown,1,Statewide,1
33508,2023,T1,Unknown,Electric,2005,BEV,Unknown,1,Statewide,1
33509,2023,T3,2,Gasoline,2005,ICE,Not Applicable,3,Statewide,25118
33510,2023,T6,Unknown,Electric,2015,BEV,Unknown,1,Statewide,1
33511,2023,T6,Unknown,Diesel,1997,ICE,Not Applicable,2,Statewide,1
33512,2023,T6,5,Diesel,1996,ICE,Not Applicable,1,Statewide,1
33513,2023,MC,Not Applicable,Diesel,2022,ICE,Not Applicable,2,Statewide,1
33514,2023,MC,Not Applicable,Diesel,2021,ICE,Not Applicable,1,Statewide,1
33515,2023,MC,Not Applicable,Diesel,2021,ICE,Not Applicable,2,Statewide,1
33516,2023,MC,Not Applicable,Diesel,2021,ICE,Not Applicable,3,Statewide,1
33517,2023,MC,Not Applicable,Diesel,2020,ICE,Not Applicable,2,Statewide,1
33518,2023,MC,Not Applicable,Diesel,2019,ICE,Not Applicable,1,Statewide,1
33519,2023,MC,Not Applicable,Diesel,2019,ICE,Not Applicable,2,Statewide,1
33520,2023,MC,Not Applicable,Diesel,2018,ICE,Not Applicable,2,Statewide,1
33521,2023,MC,Not Applicable,Diesel,2018,ICE,Not Applicable,3,Statewide,1
33522,2023,MC,Not Applicable,Diesel,2023,ICE,Not Applicable,3,Statewide,1
33523,2023,MC,Not Applicable,Diesel,2016,ICE,Not Applicable,1,Statewide,1
33524,2023,MC,Not Applicable,Diesel,2015,ICE,Not Applicable,2,Statewide,1
33525,2023,MC,Not Applicable,Diesel,2015,ICE,Not Applicable,3,Statewide,1
33526,2023,MC,Not Applicable,Diesel,2014,ICE,Not Applicable,2,Statewide,1
33527,2023,MC,Not Applicable,Diesel,2012,ICE,Not Applicable,1,Statewide,1
33528,2023,MC,Not Applicable,Diesel,2011,ICE,Not Applicable,2,Statewide,1
33529,2023,MC,Not Applicable,Diesel,2010,ICE,Not Applicable,2,Statewide,1
33530,2023,MC,Not Applicable,Diesel,2008,ICE,Not Applicable,2,Statewide,1
33531,2023,MC,Not Applicable,Diesel,2007,ICE,Not Applicable,3,Statewide,1
33532,2023,MC,Not Applicable,Diesel,2006,ICE,Not Applicable,1,Statewide,1
33533,2023,MC,Not Applicable,Diesel,2016,ICE,Not Applicable,2,Statewide,1
33534,2023,MC,Not Applicable,Diesel,2004,ICE,Not Applicable,≥4,Statewide,1
33535,2023,MC,Not Applicable,Diesel,2024,ICE,Not Applicable,1,Statewide,1
33536,2023,MH,Not Applicable,Diesel,1982,ICE,Not Applicable,3,Statewide,1
33537,2023,T2,1,Diesel,1994,ICE,Not Applicable,1,Statewide,1
33538,2023,T2,1,Diesel,1994,ICE,Not Applicable,3,Statewide,1
33539,2023,T2,1,Diesel,1994,ICE,Not Applicable,≥4,Statewide,1
33540,2023,T2,1,Diesel,1993,ICE,Not Applicable,2,Statewide,1
33541,2023,T2,Unknown,Diesel,1992,ICE,Not Applicable,1,Statewide,1
33542,2023,T2,Unknown,Diesel,1992,ICE,Not Applicable,3,Statewide,1
33543,2023,T2,1,Diesel,1990,ICE,Not Applicable,2,Statewide,1
33544,2023,T2,Unknown,Diesel,1987,ICE,Not Applicable,≥4,Statewide,1
33545,2023,T2,Unknown,Diesel,1982,ICE,Not Applicable,2,Statewide,1
33546,2023,MH,Not Applicable,Diesel,1980,ICE,Not Applicable,2,Statewide,1
33547,2023,T1,1,Diesel,2007,ICE,Not Applicable,2,Statewide,1
33548,2023,T1,1,Diesel,2005,ICE,Not Applicable,2,Statewide,1
33549,2023,T1,1,Diesel,2004,ICE,Not Applicable,≥4,Statewide,1
33550,2023,T1,1,Diesel,1996,ICE,Not Applicable,2,Statewide,1
33551,2023,T1,1,Diesel,1992,ICE,Not Applicable,1,Statewide,1
33552,2023,T1,Unknown,Diesel,1979,ICE,Not Applicable,2,Statewide,1
33553,2023,T1,Unknown,Diesel,1979,ICE,Not Applicable,3,Statewide,1
33554,2023,T1,1,Diesel,1979,ICE,Not Applicable,≥4,Statewide,1
33555,2023,MH,Not Applicable,Diesel,1984,ICE,Not Applicable,2,Statewide,1
33556,2023,MH,Not Applicable,Diesel,1982,ICE,Not Applicable,1,Statewide,1
33557,2023,T1,1,Diesel,2006,ICE,Not Applicable,≥4,Statewide,1
33558,2023,MC,Not Applicable,Diesel,2003,ICE,Not Applicable,≥4,Statewide,1
33559,2023,MC,Not Applicable,Diesel,2002,ICE,Not Applicable,2,Statewide,1
33560,2023,MC,Not Applicable,Diesel,2002,ICE,Not Applicable,3,Statewide,1
33561,2023,BT,Not Applicable,Diesel,1986,ICE,Not Applicable,2,Statewide,1
33562,2023,BT,Not Applicable,Diesel,1984,ICE,Not Applicable,1,Statewide,1
33563,2023,BT,Not Applicable,Diesel,1983,ICE,Not Applicable,1,Statewide,1
33564,2023,BT,Not Applicable,Diesel,1983,ICE,Not Applicable,≥4,Statewide,1
33565,2023,BT,Not Applicable,Diesel,1982,ICE,Not Applicable,1,Statewide,1
33566,2023,BS,Not Applicable,Diesel,1989,ICE,Not Applicable,3,Statewide,1
33567,2023,BS,Not Applicable,Diesel,1988,ICE,Not Applicable,3,Statewide,1
33568,2023,BS,Not Applicable,Diesel,1987,ICE,Not Applicable,3,Statewide,1
33569,2023,BS,Not Applicable,Diesel,1985,ICE,Not Applicable,2,Statewide,1
33570,2023,BT,Not Applicable,Diesel,1992,ICE,Not Applicable,3,Statewide,1
33571,2023,BS,Not Applicable,Diesel,1984,ICE,Not Applicable,2,Statewide,1
33572,2023,BS,Not Applicable,Diesel,1982,ICE,Not Applicable,2,Statewide,1
33573,2023,BS,Not Applicable,Diesel,1982,ICE,Not Applicable,3,Statewide,1
33574,2023,BS,Not Applicable,Diesel,1981,ICE,Not Applicable,2,Statewide,1
33575,2023,BS,Not Applicable,Diesel,1981,ICE,Not Applicable,3,Statewide,1
33576,2023,B,Not Applicable,Diesel,2025,ICE,Not Applicable,1,Statewide,1
33577,2023,B,Not Applicable,Diesel,1984,ICE,Not Applicable,3,Statewide,1
33578,2023,B,Not Applicable,Diesel,1981,ICE,Not Applicable,2,Statewide,1
33579,2023,B,Not Applicable,Diesel,1980,ICE,Not Applicable,2,Statewide,1
33580,2023,T2,1,Diesel,1992,ICE,Not Applicable,1,Statewide,2
33581,2023,BS,Not Applicable,Diesel,1982,ICE,Not Applicable,1,Statewide,1
33582,2023,BT,Not Applicable,Diesel,1996,ICE,Not Applicable,3,Statewide,1
33583,2023,BT,Not Applicable,Diesel,2000,ICE,Not Applicable,1,Statewide,1
33584,2023,BT,Not Applicable,Diesel,2003,ICE,Not Applicable,3,Statewide,1
33585,2023,MC,Not Applicable,Diesel,2001,ICE,Not Applicable,1,Statewide,1
33586,2023,MC,Not Applicable,Diesel,2001,ICE,Not Applicable,3,Statewide,1
33587,2023,MC,Not Applicable,Diesel,1999,ICE,Not Applicable,≥4,Statewide,1
33588,2023,MC,Not Applicable,Diesel,1998,ICE,Not Applicable,2,Statewide,1
33589,2023,MC,Not Applicable,Diesel,1996,ICE,Not Applicable,1,Statewide,1
33590,2023,MC,Not Applicable,Diesel,1994,ICE,Not Applicable,≥4,Statewide,1
33591,2023,MC,Not Applicable,Diesel,1993,ICE,Not Applicable,1,Statewide,1
33592,2023,MC,Not Applicable,Diesel,1992,ICE,Not Applicable,≥4,Statewide,1
33593,2023,MC,Not Applicable,Diesel,1984,ICE,Not Applicable,≥4,Statewide,1
33594,2023,MC,Not Applicable,Diesel,1980,ICE,Not Applicable,≥4,Statewide,1
33595,2023,MC,Not Applicable,Diesel,1979,ICE,Not Applicable,3,Statewide,1
33596,2023,BT,Not Applicable,Diesel,2025,ICE,Not Applicable,1,Statewide,1
33597,2023,BT,Not Applicable,Diesel,2025,ICE,Not Applicable,≥4,Statewide,1
33598,2023,BT,Not Applicable,Diesel,2021,ICE,Not Applicable,2,Statewide,1
33599,2023,BT,Not Applicable,Diesel,2011,ICE,Not Applicable,2,Statewide,1
33600,2023,BT,Not Applicable,Diesel,2010,ICE,Not Applicable,2,Statewide,1
33601,2023,BT,Not Applicable,Diesel,2009,ICE,Not Applicable,3,Statewide,1
33602,2023,BT,Not Applicable,Diesel,2008,ICE,Not Applicable,2,Statewide,1
33603,2023,BT,Not Applicable,Diesel,2008,ICE,Not Applicable,3,Statewide,1
33604,2023,BT,Not Applicable,Diesel,2005,ICE,Not Applicable,2,Statewide,1
33605,2023,BT,Not Applicable,Diesel,2003,ICE,Not Applicable,1,Statewide,1
33606,2023,T2,Unknown,Diesel,1994,ICE,Not Applicable,≥4,Statewide,1
33607,2023,T2,1,Diesel,1995,ICE,Not Applicable,≥4,Statewide,1
33608,2023,T2,1,Diesel,1995,ICE,Not Applicable,3,Statewide,1
33609,2023,T2,Unknown,Diesel,1995,ICE,Not Applicable,≥4,Statewide,1
33610,2023,T5,3,Diesel,1987,ICE,Not Applicable,2,Statewide,1
33611,2023,T5,3,Diesel,1987,ICE,Not Applicable,3,Statewide,1
33612,2023,T5,3,Diesel,1980,ICE,Not Applicable,≥4,Statewide,1
33613,2023,T4,Unknown,Diesel,2023,ICE,Not Applicable,3,Statewide,1
33614,2023,T4,Unknown,Diesel,2020,ICE,Not Applicable,≥4,Statewide,1
33615,2023,T4,Unknown,Diesel,2015,ICE,Not Applicable,1,Statewide,1
33616,2023,T4,Unknown,Diesel,2011,ICE,Not Applicable,1,Statewide,1
33617,2023,T4,Unknown,Diesel,2010,ICE,Not Applicable,≥4,Statewide,1
33618,2023,T4,Unknown,Diesel,2007,ICE,Not Applicable,≥4,Statewide,1
33619,2023,T5,3,Diesel,1988,ICE,Not Applicable,2,Statewide,1
33620,2023,T4,Unknown,Diesel,2005,ICE,Not Applicable,≥4,Statewide,1
33621,2023,T4,Unknown,Diesel,1987,ICE,Not Applicable,3,Statewide,1
33622,2023,T4,Unknown,Diesel,1986,ICE,Not Applicable,≥4,Statewide,1
33623,2023,T4,Unknown,Diesel,1984,ICE,Not Applicable,1,Statewide,1
33624,2023,T4,Unknown,Diesel,1983,ICE,Not Applicable,2,Statewide,1
33625,2023,T4,Unknown,Diesel,1983,ICE,Not Applicable,≥4,Statewide,1
33626,2023,T4,Unknown,Diesel,1982,ICE,Not Applicable,2,Statewide,1
33627,2023,T4,2,Diesel,1979,ICE,Not Applicable,3,Statewide,1
33628,2023,T4,2,Diesel,1979,ICE,Not Applicable,≥4,Statewide,1
33629,2023,T3,Unknown,Diesel,2022,ICE,Not Applicable,1,Statewide,1
33630,2023,T4,Unknown,Diesel,2002,ICE,Not Applicable,2,Statewide,1
33631,2023,T6,6,Diesel,1980,ICE,Not Applicable,2,Statewide,1
33632,2023,T6,5,Diesel,1980,ICE,Not Applicable,≥4,Statewide,1
33633,2023,T6,6,Diesel,1981,ICE,Not Applicable,3,Statewide,1
33634,2023,T6,5,Diesel,1994,ICE,Not Applicable,2,Statewide,1
33635,2023,T6,5,Diesel,1993,ICE,Not Applicable,1,Statewide,1
33636,2023,T6,4,Diesel,1992,ICE,Not Applicable,3,Statewide,1
33637,2023,T6,4,Diesel,1991,ICE,Not Applicable,2,Statewide,1
33638,2023,T6,5,Diesel,1991,ICE,Not Applicable,2,Statewide,1
33639,2023,T6,5,Diesel,1991,ICE,Not Applicable,3,Statewide,1
33640,2023,T6,4,Diesel,1990,ICE,Not Applicable,2,Statewide,1
33641,2023,T6,4,Diesel,1990,ICE,Not Applicable,3,Statewide,1
33642,2023,T6,4,Diesel,1989,ICE,Not Applicable,1,Statewide,1
33643,2023,T6,Unknown,Diesel,1988,ICE,Not Applicable,2,Statewide,1
33644,2023,T6,Unknown,Diesel,1988,ICE,Not Applicable,3,Statewide,1
33645,2023,T6,Unknown,Diesel,1987,ICE,Not Applicable,3,Statewide,1
33646,2023,T6,5,Diesel,1987,ICE,Not Applicable,≥4,Statewide,1
33647,2023,T6,Unknown,Diesel,1986,ICE,Not Applicable,2,Statewide,1
33648,2023,T6,Unknown,Diesel,1986,ICE,Not Applicable,3,Statewide,1
33649,2023,T6,Unknown,Diesel,1985,ICE,Not Applicable,2,Statewide,1
33650,2023,T6,Unknown,Diesel,1985,ICE,Not Applicable,3,Statewide,1
33651,2023,T6,6,Diesel,1984,ICE,Not Applicable,1,Statewide,1
33652,2023,T6,6,Diesel,1984,ICE,Not Applicable,3,Statewide,1
33653,2023,T6,Unknown,Diesel,1982,ICE,Not Applicable,3,Statewide,1
33654,2023,T6,6,Diesel,1981,ICE,Not Applicable,2,Statewide,1
33655,2023,T3,Unknown,Diesel,2020,ICE,Not Applicable,1,Statewide,1
33656,2023,T6,Unknown,Diesel,1997,ICE,Not Applicable,3,Statewide,1
33657,2023,T3,Unknown,Diesel,2020,ICE,Not Applicable,3,Statewide,1
33658,2023,T3,Unknown,Diesel,2013,ICE,Not Applicable,2,Statewide,1
33659,2023,T3,Unknown,Diesel,1983,ICE,Not Applicable,3,Statewide,1
33660,2023,T3,2,Diesel,1983,ICE,Not Applicable,1,Statewide,1
33661,2023,T3,Unknown,Diesel,1982,ICE,Not Applicable,3,Statewide,1
33662,2023,T3,Unknown,Diesel,1981,ICE,Not Applicable,≥4,Statewide,1
33663,2023,T3,Unknown,Diesel,1980,ICE,Not Applicable,≥4,Statewide,1
33664,2023,T2,1,Diesel,2025,ICE,Not Applicable,2,Statewide,1
33665,2023,T2,Unknown,Diesel,2018,ICE,Not Applicable,≥4,Statewide,1
33666,2023,T2,Unknown,Diesel,2016,ICE,Not Applicable,≥4,Statewide,1
33667,2023,T2,Unknown,Diesel,2014,ICE,Not Applicable,3,Statewide,1
33668,2023,T3,Unknown,Diesel,1983,ICE,Not Applicable,2,Statewide,1
33669,2023,T2,1,Diesel,2006,ICE,Not Applicable,≥4,Statewide,1
33670,2023,T2,1,Diesel,2002,ICE,Not Applicable,≥4,Statewide,1
33671,2023,T2,Unknown,Diesel,2000,ICE,Not Applicable,3,Statewide,1
33672,2023,T2,Unknown,Diesel,1998,ICE,Not Applicable,≥4,Statewide,1
33673,2023,T2,1,Diesel,1998,ICE,Not Applicable,3,Statewide,1
33674,2023,T2,1,Diesel,1997,ICE,Not Applicable,1,Statewide,1
33675,2023,T2,Unknown,Diesel,1996,ICE,Not Applicable,1,Statewide,1
33676,2023,T2,Unknown,Diesel,1996,ICE,Not Applicable,≥4,Statewide,1
33677,2023,T2,1,Diesel,1996,ICE,Not Applicable,2,Statewide,1
33678,2023,T2,1,Diesel,1996,ICE,Not Applicable,≥4,Statewide,1
33679,2023,T2,Unknown,Diesel,2004,ICE,Not Applicable,≥4,Statewide,1
33680,2023,T3,Unknown,Diesel,1983,ICE,Not Applicable,1,Statewide,1
33681,2023,T3,2,Diesel,1984,ICE,Not Applicable,3,Statewide,1
33682,2023,T3,2,Diesel,1984,ICE,Not Applicable,2,Statewide,1
33683,2023,T3,Unknown,Diesel,2012,ICE,Not Applicable,2,Statewide,1
33684,2023,T3,Unknown,Diesel,2011,ICE,Not Applicable,≥4,Statewide,1
33685,2023,T3,Unknown,Diesel,2010,ICE,Not Applicable,1,Statewide,1
33686,2023,T3,Unknown,Diesel,2010,ICE,Not Applicable,≥4,Statewide,1
33687,2023,T3,Unknown,Diesel,2009,ICE,Not Applicable,2,Statewide,1
33688,2023,T3,Unknown,Diesel,2008,ICE,Not Applicable,1,Statewide,1
33689,2023,T3,2,Diesel,2008,ICE,Not Applicable,≥4,Statewide,1
33690,2023,T3,Unknown,Diesel,2005,ICE,Not Applicable,1,Statewide,1
33691,2023,T3,Unknown,Diesel,2005,ICE,Not Applicable,2,Statewide,1
33692,2023,T3,Unknown,Diesel,2003,ICE,Not Applicable,≥4,Statewide,1
33693,2023,T3,2,Diesel,2003,ICE,Not Applicable,≥4,Statewide,1
33694,2023,T3,Unknown,Diesel,2001,ICE,Not Applicable,1,Statewide,1
33695,2023,T3,Unknown,Diesel,1999,ICE,Not Applicable,1,Statewide,1
33696,2023,T3,Unknown,Diesel,1999,ICE,Not Applicable,≥4,Statewide,1
33697,2023,T3,Unknown,Diesel,1998,ICE,Not Applicable,1,Statewide,1
33698,2023,T3,Unknown,Diesel,1996,ICE,Not Applicable,1,Statewide,1
33699,2023,T3,2,Diesel,1993,ICE,Not Applicable,≥4,Statewide,1
33700,2023,T3,Unknown,Diesel,1989,ICE,Not Applicable,1,Statewide,1
33701,2023,T3,Unknown,Diesel,1988,ICE,Not Applicable,3,Statewide,1
33702,2023,T3,Unknown,Diesel,1987,ICE,Not Applicable,2,Statewide,1
33703,2023,T3,Unknown,Diesel,1984,ICE,Not Applicable,1,Statewide,1
33704,2023,T3,Unknown,Diesel,2019,ICE,Not Applicable,≥4,Statewide,1
33705,2023,T6,6,Electric,2018,BEV,Unknown,≥4,Statewide,1
33706,2023,T6,6,Electric,2018,BEV,Unknown,1,Statewide,1
33707,2023,T6,Unknown,Electric,2018,BEV,Unknown,3,Statewide,1
33708,2023,T5,3,Gasoline,1981,ICE,Not Applicable,≥4,Statewide,1
33709,2023,T2,1,Gasoline,2010,ICE,Not Applicable,1,Statewide,60893
33710,2023,T4,Unknown,Gasoline,2023,ICE,Not Applicable,1,Statewide,1
33711,2023,T4,Unknown,Gasoline,2023,ICE,Not Applicable,≥4,Statewide,1
33712,2023,T4,Unknown,Gasoline,2022,ICE,Not Applicable,≥4,Statewide,1
33713,2023,T4,Unknown,Gasoline,2021,ICE,Not Applicable,1,Statewide,1
33714,2023,T4,Unknown,Gasoline,2021,ICE,Not Applicable,3,Statewide,1
33715,2023,T4,Unknown,Gasoline,2018,ICE,Not Applicable,1,Statewide,1
33716,2023,T4,Unknown,Gasoline,2015,ICE,Not Applicable,≥4,Statewide,1
33717,2023,T5,3,Gasoline,1983,ICE,Not Applicable,3,Statewide,1
33718,2023,T4,Unknown,Gasoline,2012,ICE,Not Applicable,2,Statewide,1
33719,2023,T4,Unknown,Gasoline,2010,ICE,Not Applicable,1,Statewide,1
33720,2023,T4,Unknown,Gasoline,2010,ICE,Not Applicable,2,Statewide,1
33721,2023,T4,Unknown,Gasoline,2009,ICE,Not Applicable,≥4,Statewide,1
33722,2023,T4,Unknown,Gasoline,2008,ICE,Not Applicable,1,Statewide,1
33723,2023,T4,Unknown,Gasoline,2008,ICE,Not Applicable,≥4,Statewide,1
33724,2023,T4,Unknown,Gasoline,2006,ICE,Not Applicable,3,Statewide,1
33725,2023,T4,Unknown,Gasoline,2005,ICE,Not Applicable,≥4,Statewide,1
33726,2023,T4,Unknown,Gasoline,1998,ICE,Not Applicable,2,Statewide,1
33727,2023,T4,Unknown,Gasoline,1987,ICE,Not Applicable,1,Statewide,1
33728,2023,T4,Unknown,Gasoline,2011,ICE,Not Applicable,2,Statewide,1
33729,2023,T3,2,Gasoline,2018,ICE,Not Applicable,≥4,Statewide,60307
33730,2023,T5,3,Gasoline,1983,ICE,Not Applicable,2,Statewide,1
33731,2023,T6,4,Gasoline,1980,ICE,Not Applicable,2,Statewide,1
33732,2023,T2,1,Gasoline,2009,ICE,Not Applicable,2,Statewide,64588
33733,2023,T2,1,Gasoline,2021,ICE,Not Applicable,3,Statewide,64280
33734,2023,T3,2,Gasoline,2023,ICE,Not Applicable,2,Statewide,63973
33735,2023,T2,1,Gasoline,2007,ICE,Not Applicable,≥4,Statewide,63233
33736,2023,T2,1,Gasoline,2005,ICE,Not Applicable,2,Statewide,32061
33737,2023,T6,Unknown,Gasoline,1987,ICE,Not Applicable,2,Statewide,1
33738,2023,T6,5,Gasoline,1987,ICE,Not Applicable,2,Statewide,1
33739,2023,T3,2,Gasoline,2014,ICE,Not Applicable,≥4,Statewide,32008
33740,2023,T6,4,Gasoline,1986,ICE,Not Applicable,2,Statewide,1
33741,2023,T5,3,Gasoline,1984,ICE,Not Applicable,2,Statewide,1
33742,2023,T6,5,Gasoline,1984,ICE,Not Applicable,3,Statewide,1
33743,2023,T3,2,Gasoline,2023,ICE,Not Applicable,1,Statewide,61964
33744,2023,T3,2,Gasoline,2022,ICE,Not Applicable,1,Statewide,61691
33745,2023,T6,4,Gasoline,1981,ICE,Not Applicable,1,Statewide,1
33746,2023,T6,4,Gasoline,1981,ICE,Not Applicable,≥4,Statewide,1
33747,2023,T2,1,Gasoline,2006,ICE,Not Applicable,1,Statewide,31931
33748,2023,T6,7,Gasoline,1981,ICE,Not Applicable,2,Statewide,1
33749,2023,T6,7,Gasoline,1981,ICE,Not Applicable,3,Statewide,1
33750,2023,T6,4,Gasoline,1980,ICE,Not Applicable,1,Statewide,1
33751,2023,T2,1,Gasoline,2024,ICE,Not Applicable,3,Statewide,61275
33752,2023,T6,7,Gasoline,1983,ICE,Not Applicable,3,Statewide,1
33753,2023,T2,1,Gasoline,2011,ICE,Not Applicable,1,Statewide,60296
33754,2023,T4,Unknown,Gasoline,1986,ICE,Not Applicable,2,Statewide,1
33755,2023,T4,Unknown,Gasoline,1983,ICE,Not Applicable,1,Statewide,1
33756,2023,T3,Unknown,Gasoline,2010,ICE,Not Applicable,3,Statewide,1
33757,2023,T3,Unknown,Gasoline,2008,ICE,Not Applicable,1,Statewide,1
33758,2023,T3,2,Gasoline,2011,ICE,Not Applicable,1,Statewide,31166
33759,2023,T3,2,Gasoline,2021,ICE,Not Applicable,2,Statewide,57890
33760,2023,T2,1,Gasoline,2010,ICE,Not Applicable,3,Statewide,57875
33761,2023,T2,1,Gasoline,2020,ICE,Not Applicable,3,Statewide,57439
33762,2023,T3,Unknown,Gasoline,2008,ICE,Not Applicable,2,Statewide,1
33763,2023,T2,1,Gasoline,2006,ICE,Not Applicable,3,Statewide,30690
33764,2023,T3,2,Gasoline,2013,ICE,Not Applicable,1,Statewide,30636
33765,2023,T3,Unknown,Gasoline,2010,ICE,Not Applicable,1,Statewide,1
33766,2023,T2,1,Gasoline,2017,ICE,Not Applicable,2,Statewide,57089
33767,2023,T2,1,Gasoline,2013,ICE,Not Applicable,≥4,Statewide,56883
33768,2023,T3,2,Gasoline,2024,ICE,Not Applicable,3,Statewide,30629
33769,2023,T2,1,Gasoline,2017,ICE,Not Applicable,≥4,Statewide,56666
33770,2023,T3,2,Gasoline,2018,ICE,Not Applicable,3,Statewide,30372
33771,2023,T1,1,Gasoline,2021,ICE,Not Applicable,2,Statewide,30326
33772,2023,T2,1,Gasoline,2016,ICE,Not Applicable,1,Statewide,56028
33773,2023,T2,1,Gasoline,2012,ICE,Not Applicable,1,Statewide,55966
33774,2023,T3,2,Gasoline,2020,ICE,Not Applicable,2,Statewide,55953
33775,2023,P,Not Applicable,Gasoline,2002,ICE,Not Applicable,2,Statewide,30287
33776,2023,T2,1,Gasoline,2006,ICE,Not Applicable,≥4,Statewide,56958
33777,2023,T3,Unknown,Gasoline,2011,ICE,Not Applicable,3,Statewide,1
33778,2023,T3,Unknown,Gasoline,2012,ICE,Not Applicable,2,Statewide,1
33779,2023,T3,Unknown,Gasoline,2012,ICE,Not Applicable,1,Statewide,1
33780,2023,T4,Unknown,Gasoline,1983,ICE,Not Applicable,3,Statewide,1
33781,2023,T4,Unknown,Gasoline,1982,ICE,Not Applicable,3,Statewide,1
33782,2023,T4,Unknown,Gasoline,1980,ICE,Not Applicable,3,Statewide,1
33783,2023,T3,Unknown,Gasoline,2024,ICE,Not Applicable,2,Statewide,1
33784,2023,P,Not Applicable,Gasoline,2006,ICE,Not Applicable,3,Statewide,59963
33785,2023,T3,2,Gasoline,2007,ICE,Not Applicable,1,Statewide,31744
33786,2023,T3,Unknown,Gasoline,2023,ICE,Not Applicable,1,Statewide,1
33787,2023,T3,Unknown,Gasoline,2023,ICE,Not Applicable,2,Statewide,1
33788,2023,T3,Unknown,Gasoline,2022,ICE,Not Applicable,2,Statewide,1
33789,2023,T3,Unknown,Gasoline,2022,ICE,Not Applicable,≥4,Statewide,1
33790,2023,T3,Unknown,Gasoline,2021,ICE,Not Applicable,1,Statewide,1
33791,2023,T3,Unknown,Gasoline,2020,ICE,Not Applicable,2,Statewide,1
33792,2023,T3,Unknown,Gasoline,2018,ICE,Not Applicable,2,Statewide,1
33793,2023,T3,Unknown,Gasoline,2018,ICE,Not Applicable,≥4,Statewide,1
33794,2023,T3,Unknown,Gasoline,2017,ICE,Not Applicable,2,Statewide,1
33795,2023,T3,Unknown,Gasoline,2016,ICE,Not Applicable,3,Statewide,1
33796,2023,T3,Unknown,Gasoline,2015,ICE,Not Applicable,1,Statewide,1
33797,2023,T3,Unknown,Gasoline,2015,ICE,Not Applicable,≥4,Statewide,1
33798,2023,T3,Unknown,Gasoline,2014,ICE,Not Applicable,1,Statewide,1
33799,2023,T3,Unknown,Gasoline,2014,ICE,Not Applicable,3,Statewide,1
33800,2023,T2,1,Gasoline,2011,ICE,Not Applicable,3,Statewide,59333
33801,2023,T2,1,Gasoline,2018,ICE,Not Applicable,1,Statewide,65252
33802,2023,P,Not Applicable,Gasoline,2005,ICE,Not Applicable,2,Statewide,65302
33803,2023,P,Not Applicable,Gasoline,2003,ICE,Not Applicable,≥4,Statewide,65349
33804,2023,T2,1,Gasoline,2016,ICE,Not Applicable,≥4,Statewide,65542
33805,2023,T6,7,Gasoline,2020,ICE,Not Applicable,2,Statewide,1
33806,2023,T6,Unknown,Gasoline,2018,ICE,Not Applicable,2,Statewide,1
33807,2023,T6,Unknown,Gasoline,2018,ICE,Not Applicable,3,Statewide,1
33808,2023,T6,7,Gasoline,2017,ICE,Not Applicable,2,Statewide,1
33809,2023,T6,6,Gasoline,2016,ICE,Not Applicable,3,Statewide,1
33810,2023,T6,7,Gasoline,2013,ICE,Not Applicable,3,Statewide,1
33811,2023,T6,7,Gasoline,2009,ICE,Not Applicable,1,Statewide,1
33812,2023,T6,Unknown,Gasoline,2008,ICE,Not Applicable,3,Statewide,1
33813,2023,T2,1,Gasoline,2019,ICE,Not Applicable,1,Statewide,77424
33814,2023,T6,7,Gasoline,2020,ICE,Not Applicable,1,Statewide,1
33815,2023,P,Not Applicable,Gasoline,2004,ICE,Not Applicable,≥4,Statewide,77200
33816,2023,T6,Unknown,Gasoline,2006,ICE,Not Applicable,2,Statewide,1
33817,2023,T2,1,Gasoline,2018,ICE,Not Applicable,2,Statewide,76581
33818,2023,T6,Unknown,Gasoline,2004,ICE,Not Applicable,≥4,Statewide,1
33819,2023,P,Not Applicable,Gasoline,2006,ICE,Not Applicable,1,Statewide,75560
33820,2023,T6,7,Gasoline,2004,ICE,Not Applicable,1,Statewide,1
33821,2023,T6,7,Gasoline,2004,ICE,Not Applicable,2,Statewide,1
33822,2023,T6,Unknown,Gasoline,2003,ICE,Not Applicable,3,Statewide,1
33823,2023,T6,5,Gasoline,2003,ICE,Not Applicable,2,Statewide,1
33824,2023,T6,5,Gasoline,2003,ICE,Not Applicable,≥4,Statewide,1
33825,2023,T6,7,Gasoline,2008,ICE,Not Applicable,1,Statewide,1
33826,2023,T2,1,Gasoline,2019,ICE,Not Applicable,≥4,Statewide,77972
33827,2023,T6,7,Gasoline,2021,ICE,Not Applicable,3,Statewide,1
33828,2023,T6,Unknown,Gasoline,2021,ICE,Not Applicable,3,Statewide,1
33829,2023,T7,8,Gasoline,1999,ICE,Not Applicable,1,Statewide,1
33830,2023,T3,2,Gasoline,2019,ICE,Not Applicable,≥4,Statewide,79561
33831,2023,T7,8,Gasoline,1997,ICE,Not Applicable,1,Statewide,1
33832,2023,T7,8,Gasoline,1997,ICE,Not Applicable,3,Statewide,1
33833,2023,T7,8,Gasoline,1993,ICE,Not Applicable,1,Statewide,1
33834,2023,T7,8,Gasoline,1992,ICE,Not Applicable,3,Statewide,1
33835,2023,T7,8,Gasoline,1991,ICE,Not Applicable,1,Statewide,1
33836,2023,T3,2,Gasoline,2007,ICE,Not Applicable,≥4,Statewide,79115
33837,2023,T7,8,Gasoline,1991,ICE,Not Applicable,2,Statewide,1
33838,2023,T7,8,Gasoline,1989,ICE,Not Applicable,1,Statewide,1
33839,2023,T7,8,Gasoline,1987,ICE,Not Applicable,1,Statewide,1
33840,2023,T7,8,Gasoline,1986,ICE,Not Applicable,3,Statewide,1
33841,2023,T7,8,Gasoline,1985,ICE,Not Applicable,1,Statewide,1
33842,2023,T7,8,Gasoline,1981,ICE,Not Applicable,2,Statewide,1
33843,2023,T6,5,Gasoline,2025,ICE,Not Applicable,3,Statewide,1
33844,2023,T6,Unknown,Gasoline,2024,ICE,Not Applicable,2,Statewide,1
33845,2023,T6,7,Gasoline,2024,ICE,Not Applicable,2,Statewide,1
33846,2023,T6,7,Gasoline,2022,ICE,Not Applicable,1,Statewide,1
33847,2023,T2,1,Gasoline,2020,ICE,Not Applicable,1,Statewide,78163
33848,2023,P,Not Applicable,Gasoline,2008,ICE,Not Applicable,3,Statewide,78092
33849,2023,T6,7,Gasoline,2022,ICE,Not Applicable,3,Statewide,1
33850,2023,T6,Unknown,Gasoline,2002,ICE,Not Applicable,1,Statewide,1
33851,2023,T2,1,Gasoline,2005,ICE,Not Applicable,1,Statewide,29940
33852,2023,T6,Unknown,Gasoline,2002,ICE,Not Applicable,3,Statewide,1
33853,2023,T6,Unknown,Gasoline,2001,ICE,Not Applicable,1,Statewide,1
33854,2023,T6,Unknown,Gasoline,1991,ICE,Not Applicable,2,Statewide,1
33855,2023,T6,5,Gasoline,1991,ICE,Not Applicable,3,Statewide,1
33856,2023,T6,4,Gasoline,1990,ICE,Not Applicable,1,Statewide,1
33857,2023,T6,5,Gasoline,1990,ICE,Not Applicable,3,Statewide,1
33858,2023,T6,4,Gasoline,1989,ICE,Not Applicable,1,Statewide,1
33859,2023,T6,4,Gasoline,1989,ICE,Not Applicable,2,Statewide,1
33860,2023,T6,4,Gasoline,1989,ICE,Not Applicable,3,Statewide,1
33861,2023,T2,1,Gasoline,2010,ICE,Not Applicable,2,Statewide,70382
33862,2023,T6,5,Gasoline,1989,ICE,Not Applicable,2,Statewide,1
33863,2023,T6,5,Gasoline,1992,ICE,Not Applicable,3,Statewide,1
33864,2023,T6,Unknown,Gasoline,1988,ICE,Not Applicable,2,Statewide,1
33865,2023,T6,5,Gasoline,1988,ICE,Not Applicable,3,Statewide,1
33866,2023,T6,Unknown,Gasoline,1987,ICE,Not Applicable,1,Statewide,1
33867,2023,P,Not Applicable,Gasoline,2005,ICE,Not Applicable,1,Statewide,68425
33868,2023,T3,2,Gasoline,2022,ICE,Not Applicable,2,Statewide,68088
33869,2023,P,Not Applicable,Gasoline,2007,ICE,Not Applicable,3,Statewide,67759
33870,2023,T2,1,Gasoline,2016,ICE,Not Applicable,2,Statewide,67454
33871,2023,P,Not Applicable,Gasoline,1979,ICE,Not Applicable,3,Statewide,67388
33872,2023,T2,1,Gasoline,2012,ICE,Not Applicable,2,Statewide,67089
33873,2023,T3,2,Gasoline,2013,ICE,Not Applicable,≥4,Statewide,65693
33874,2023,T6,4,Gasoline,1988,ICE,Not Applicable,1,Statewide,1
33875,2023,T6,Unknown,Gasoline,1992,ICE,Not Applicable,3,Statewide,1
33876,2023,T3,2,Gasoline,2006,ICE,Not Applicable,≥4,Statewide,71288
33877,2023,T6,Unknown,Gasoline,1992,ICE,Not Applicable,2,Statewide,1
33878,2023,T6,5,Gasoline,2001,ICE,Not Applicable,1,Statewide,1
33879,2023,T6,5,Gasoline,2001,ICE,Not Applicable,2,Statewide,1
33880,2023,T6,7,Gasoline,2001,ICE,Not Applicable,2,Statewide,1
33881,2023,T6,Unknown,Gasoline,2000,ICE,Not Applicable,1,Statewide,1
33882,2023,T6,Unknown,Gasoline,2000,ICE,Not Applicable,3,Statewide,1
33883,2023,P,Not Applicable,Gasoline,2006,ICE,Not Applicable,2,Statewide,72644
33884,2023,T6,7,Gasoline,2000,ICE,Not Applicable,2,Statewide,1
33885,2023,T6,Unknown,Gasoline,1999,ICE,Not Applicable,1,Statewide,1
33886,2023,T2,1,Gasoline,2008,ICE,Not Applicable,≥4,Statewide,72345
33887,2023,T6,Unknown,Gasoline,1998,ICE,Not Applicable,≥4,Statewide,1
33888,2023,T2,1,Gasoline,2018,ICE,Not Applicable,≥4,Statewide,72023
33889,2023,T6,Unknown,Gasoline,1995,ICE,Not Applicable,2,Statewide,1
33890,2023,T2,1,Gasoline,2011,ICE,Not Applicable,2,Statewide,71924
33891,2023,T6,5,Gasoline,1995,ICE,Not Applicable,1,Statewide,1
33892,2023,T6,5,Gasoline,1995,ICE,Not Applicable,3,Statewide,1
33893,2023,T6,5,Gasoline,1994,ICE,Not Applicable,1,Statewide,1
33894,2023,T6,5,Gasoline,1994,ICE,Not Applicable,3,Statewide,1
33895,2023,T6,Unknown,Gasoline,1993,ICE,Not Applicable,1,Statewide,1
33896,2023,T6,Unknown,Gasoline,1993,ICE,Not Applicable,2,Statewide,1
33897,2023,T6,Unknown,Gasoline,1993,ICE,Not Applicable,3,Statewide,1
33898,2023,T3,2,Gasoline,2011,ICE,Not Applicable,≥4,Statewide,71452
33899,2023,T6,5,Gasoline,2002,ICE,Not Applicable,3,Statewide,1
33900,2023,T2,1,Gasoline,2003,ICE,Not Applicable,≥4,Statewide,29789
33901,2023,T2,1,Gasoline,2005,ICE,Not Applicable,≥4,Statewide,55377
33902,2023,T2,1,Gasoline,2009,ICE,Not Applicable,1,Statewide,55271
33903,2023,BT,Not Applicable,Gasoline,2010,ICE,Not Applicable,2,Statewide,1
33904,2023,BT,Not Applicable,Gasoline,2009,ICE,Not Applicable,2,Statewide,1
33905,2023,P,Not Applicable,Gasoline,1979,ICE,Not Applicable,2,Statewide,45905
33906,2023,BT,Not Applicable,Gasoline,2008,ICE,Not Applicable,3,Statewide,1
33907,2023,BT,Not Applicable,Gasoline,2007,ICE,Not Applicable,1,Statewide,1
33908,2023,BT,Not Applicable,Gasoline,2006,ICE,Not Applicable,3,Statewide,1
33909,2023,T3,2,Gasoline,2020,ICE,Not Applicable,1,Statewide,45786
33910,2023,BT,Not Applicable,Gasoline,2005,ICE,Not Applicable,2,Statewide,1
33911,2023,BT,Not Applicable,Gasoline,2002,ICE,Not Applicable,2,Statewide,1
33912,2023,BT,Not Applicable,Gasoline,2011,ICE,Not Applicable,3,Statewide,1
33913,2023,BT,Not Applicable,Gasoline,2001,ICE,Not Applicable,1,Statewide,1
33914,2023,BT,Not Applicable,Gasoline,1999,ICE,Not Applicable,2,Statewide,1
33915,2023,BT,Not Applicable,Gasoline,1996,ICE,Not Applicable,3,Statewide,1
33916,2023,BT,Not Applicable,Gasoline,1995,ICE,Not Applicable,3,Statewide,1
33917,2023,BT,Not Applicable,Gasoline,1994,ICE,Not Applicable,1,Statewide,1
33918,2023,BT,Not Applicable,Gasoline,1993,ICE,Not Applicable,1,Statewide,1
33919,2023,BT,Not Applicable,Gasoline,1991,ICE,Not Applicable,1,Statewide,1
33920,2023,BT,Not Applicable,Gasoline,1990,ICE,Not Applicable,3,Statewide,1
33921,2023,BT,Not Applicable,Gasoline,1989,ICE,Not Applicable,3,Statewide,1
33922,2023,BT,Not Applicable,Gasoline,1987,ICE,Not Applicable,1,Statewide,1
33923,2023,BT,Not Applicable,Gasoline,1999,ICE,Not Applicable,1,Statewide,1
33924,2023,BT,Not Applicable,Gasoline,2014,ICE,Not Applicable,3,Statewide,1
33925,2023,T3,2,Gasoline,2023,ICE,Not Applicable,3,Statewide,45921
33926,2023,BT,Not Applicable,Gasoline,2014,ICE,Not Applicable,2,Statewide,1
33927,2023,T3,2,Gasoline,2009,ICE,Not Applicable,3,Statewide,48342
33928,2023,T3,2,Gasoline,2024,ICE,Not Applicable,1,Statewide,48053
33929,2023,P,Not Applicable,Gasoline,2004,ICE,Not Applicable,2,Statewide,47792
33930,2023,T2,1,Gasoline,2017,ICE,Not Applicable,1,Statewide,47297
33931,2023,T3,2,Gasoline,2008,ICE,Not Applicable,2,Statewide,46605
33932,2023,T1,Unknown,Gasoline,2006,ICE,Not Applicable,≥4,Statewide,1
33933,2023,T1,Unknown,Gasoline,2004,ICE,Not Applicable,≥4,Statewide,1
33934,2023,T1,Unknown,Gasoline,2003,ICE,Not Applicable,≥4,Statewide,1
33935,2023,T1,Unknown,Gasoline,1991,ICE,Not Applicable,2,Statewide,1
33936,2023,T1,Unknown,Gasoline,1989,ICE,Not Applicable,2,Statewide,1
33937,2023,T1,Unknown,Gasoline,1989,ICE,Not Applicable,3,Statewide,1
33938,2023,T1,Unknown,Gasoline,1988,ICE,Not Applicable,≥4,Statewide,1
33939,2023,T1,Unknown,Gasoline,1984,ICE,Not Applicable,1,Statewide,1
33940,2023,T1,Unknown,Gasoline,1984,ICE,Not Applicable,≥4,Statewide,1
33941,2023,T1,Unknown,Gasoline,1980,ICE,Not Applicable,≥4,Statewide,1
33942,2023,T2,1,Gasoline,2016,ICE,Not Applicable,3,Statewide,46169
33943,2023,P,Not Applicable,Gasoline,2019,PHEV,Unknown,2,Statewide,1
33944,2023,MH,Not Applicable,Gasoline,2025,ICE,Not Applicable,1,Statewide,1
33945,2023,MH,Not Applicable,Gasoline,2025,ICE,Not Applicable,3,Statewide,1
33946,2023,BT,Not Applicable,Gasoline,2020,ICE,Not Applicable,2,Statewide,1
33947,2023,BT,Not Applicable,Gasoline,2017,ICE,Not Applicable,3,Statewide,1
33948,2023,BT,Not Applicable,Gasoline,1986,ICE,Not Applicable,3,Statewide,1
33949,2023,T3,2,Gasoline,2022,ICE,Not Applicable,3,Statewide,49205
33950,2023,BT,Not Applicable,Gasoline,1985,ICE,Not Applicable,1,Statewide,1
33951,2023,BT,Not Applicable,Gasoline,1982,ICE,Not Applicable,1,Statewide,1
33952,2023,T2,1,Gasoline,2007,ICE,Not Applicable,2,Statewide,42249
33953,2023,T3,2,Gasoline,2019,ICE,Not Applicable,1,Statewide,42221
33954,2023,T3,2,Gasoline,2004,ICE,Not Applicable,≥4,Statewide,42090
33955,2023,T2,1,Gasoline,2008,ICE,Not Applicable,3,Statewide,42061
33956,2023,BS,Not Applicable,Gasoline,1991,ICE,Not Applicable,3,Statewide,1
33957,2023,B,Not Applicable,Gasoline,1991,ICE,Not Applicable,3,Statewide,1
33958,2023,T3,2,Gasoline,2010,ICE,Not Applicable,3,Statewide,41730
33959,2023,B,Not Applicable,Gasoline,1987,ICE,Not Applicable,3,Statewide,1
33960,2023,B,Not Applicable,Gasoline,1981,ICE,Not Applicable,1,Statewide,1
33961,2023,T3,2,Gasoline,2021,ICE,Not Applicable,3,Statewide,42402
33962,2023,B,Not Applicable,Gasoline,1981,ICE,Not Applicable,2,Statewide,1
33963,2023,T7,8,Electric,2022,BEV,Unknown,3,Statewide,1
33964,2023,T7,8,Electric,2017,BEV,Unknown,2,Statewide,1
33965,2023,T7,8,Electric,2014,BEV,Unknown,≥4,Statewide,1
33966,2023,T7,8,Electric,2012,BEV,Unknown,2,Statewide,1
33967,2023,T7,8,Electric,2010,BEV,Unknown,1,Statewide,1
33968,2023,T7,8,Electric,1992,BEV,Unknown,3,Statewide,1
33969,2023,T7,8,Electric,1979,BEV,Unknown,≥4,Statewide,1
33970,2023,T6,4,Electric,2023,BEV,Unknown,1,Statewide,1
33971,2023,T6,Unknown,Electric,2018,BEV,Unknown,2,Statewide,1
33972,2023,T7,8,Electric,2022,BEV,Unknown,1,Statewide,1
33973,2023,T1,1,Gasoline,2020,ICE,Not Applicable,1,Statewide,42535
33974,2023,T3,2,Gasoline,2012,ICE,Not Applicable,2,Statewide,44063
33975,2023,T2,1,Gasoline,2008,ICE,Not Applicable,1,Statewide,44126
33976,2023,BT,Not Applicable,Gasoline,1982,ICE,Not Applicable,3,Statewide,1
33977,2023,BS,Not Applicable,Gasoline,2026,ICE,Not Applicable,≥4,Statewide,1
33978,2023,BS,Not Applicable,Gasoline,2019,ICE,Not Applicable,2,Statewide,1
33979,2023,BS,Not Applicable,Gasoline,2019,ICE,Not Applicable,3,Statewide,1
33980,2023,BS,Not Applicable,Gasoline,2015,ICE,Not Applicable,3,Statewide,1
33981,2023,BS,Not Applicable,Gasoline,2006,ICE,Not Applicable,2,Statewide,1
33982,2023,T2,1,Gasoline,2015,ICE,Not Applicable,1,Statewide,45185
33983,2023,BS,Not Applicable,Gasoline,2005,ICE,Not Applicable,3,Statewide,1
33984,2023,BS,Not Applicable,Gasoline,2002,ICE,Not Applicable,1,Statewide,1
33985,2023,BS,Not Applicable,Gasoline,2002,ICE,Not Applicable,2,Statewide,1
33986,2023,BS,Not Applicable,Gasoline,2002,ICE,Not Applicable,3,Statewide,1
33987,2023,BS,Not Applicable,Gasoline,2001,ICE,Not Applicable,1,Statewide,1
33988,2023,BS,Not Applicable,Gasoline,2001,ICE,Not Applicable,3,Statewide,1
33989,2023,BS,Not Applicable,Gasoline,1999,ICE,Not Applicable,3,Statewide,1
33990,2023,BS,Not Applicable,Gasoline,1997,ICE,Not Applicable,1,Statewide,1
33991,2023,BS,Not Applicable,Gasoline,1996,ICE,Not Applicable,1,Statewide,1
33992,2023,BS,Not Applicable,Gasoline,1995,ICE,Not Applicable,1,Statewide,1
33993,2023,BS,Not Applicable,Gasoline,1994,ICE,Not Applicable,2,Statewide,1
33994,2023,BS,Not Applicable,Gasoline,1992,ICE,Not Applicable,3,Statewide,1
33995,2023,T3,2,Gasoline,2008,ICE,Not Applicable,3,Statewide,44728
33996,2023,T3,2,Gasoline,2010,ICE,Not Applicable,2,Statewide,44360
33997,2023,BT,Not Applicable,Gasoline,1983,ICE,Not Applicable,1,Statewide,1
33998,2023,T7,8,Gasoline,2000,ICE,Not Applicable,1,Statewide,1
33999,2023,T2,1,Gasoline,2008,ICE,Not Applicable,2,Statewide,49340
34000,2023,T1,Unknown,Gasoline,2008,ICE,Not Applicable,2,Statewide,1
34001,2023,T3,Unknown,Gasoline,2003,ICE,Not Applicable,≥4,Statewide,1
34002,2023,T3,Unknown,Gasoline,2002,ICE,Not Applicable,2,Statewide,1
34003,2023,T3,2,Gasoline,2005,ICE,Not Applicable,2,Statewide,25965
34004,2023,T3,Unknown,Gasoline,2002,ICE,Not Applicable,3,Statewide,1
34005,2023,T3,Unknown,Gasoline,2001,ICE,Not Applicable,1,Statewide,1
34006,2023,T3,Unknown,Gasoline,2000,ICE,Not Applicable,1,Statewide,1
34007,2023,T3,Unknown,Gasoline,1998,ICE,Not Applicable,3,Statewide,1
34008,2023,T2,1,Gasoline,2014,ICE,Not Applicable,2,Statewide,25796
34009,2023,T3,Unknown,Gasoline,1996,ICE,Not Applicable,2,Statewide,1
34010,2023,T1,1,Gasoline,2003,ICE,Not Applicable,≥4,Statewide,26134
34011,2023,T3,Unknown,Gasoline,1995,ICE,Not Applicable,≥4,Statewide,1
34012,2023,T3,Unknown,Gasoline,1994,ICE,Not Applicable,3,Statewide,1
34013,2023,T3,Unknown,Gasoline,1993,ICE,Not Applicable,1,Statewide,1
34014,2023,T3,Unknown,Gasoline,1993,ICE,Not Applicable,2,Statewide,1
34015,2023,T3,Unknown,Gasoline,1992,ICE,Not Applicable,1,Statewide,1
34016,2023,T3,Unknown,Gasoline,1990,ICE,Not Applicable,2,Statewide,1
34017,2023,T3,Unknown,Gasoline,1989,ICE,Not Applicable,1,Statewide,1
34018,2023,T3,Unknown,Gasoline,1988,ICE,Not Applicable,1,Statewide,1
34019,2023,T3,Unknown,Gasoline,1988,ICE,Not Applicable,2,Statewide,1
34020,2023,T3,Unknown,Gasoline,1987,ICE,Not Applicable,3,Statewide,1
34021,2023,T3,Unknown,Gasoline,1994,ICE,Not Applicable,1,Statewide,1
34022,2023,T3,Unknown,Gasoline,2003,ICE,Not Applicable,3,Statewide,1
34023,2023,T3,Unknown,Gasoline,2007,ICE,Not Applicable,3,Statewide,1
34024,2023,T3,Unknown,Gasoline,2007,ICE,Not Applicable,2,Statewide,1
34025,2023,P,Not Applicable,Electric,2023,BEV,>150 miles,2,Statewide,29512
34026,2023,T3,2,Gasoline,2006,ICE,Not Applicable,1,Statewide,29150
34027,2023,T2,1,Gasoline,2005,ICE,Not Applicable,3,Statewide,28813
34028,2023,T2,1,Gasoline,2019,ICE,Not Applicable,3,Statewide,54955
34029,2023,T3,Unknown,Gasoline,1979,ICE,Not Applicable,≥4,Statewide,27999
34030,2023,T3,2,Gasoline,2017,ICE,Not Applicable,1,Statewide,27885
34031,2023,T1,1,Gasoline,2021,ICE,Not Applicable,≥4,Statewide,27845
34032,2023,T2,1,Gasoline,2009,ICE,Not Applicable,3,Statewide,53946
34033,2023,T3,2,Gasoline,2017,ICE,Not Applicable,3,Statewide,27785
34034,2023,P,Not Applicable,Gasoline,2005,ICE,Not Applicable,3,Statewide,53800
34035,2023,T2,1,Gasoline,2014,ICE,Not Applicable,≥4,Statewide,27479
34036,2023,T2,1,Gasoline,2015,ICE,Not Applicable,2,Statewide,53591
34037,2023,T3,2,Gasoline,2005,ICE,Not Applicable,≥4,Statewide,52978
34038,2023,T3,2,Gasoline,2016,ICE,Not Applicable,3,Statewide,27215
34039,2023,T3,2,Gasoline,2019,ICE,Not Applicable,2,Statewide,52282
34040,2023,T2,1,Gasoline,2012,ICE,Not Applicable,3,Statewide,52202
34041,2023,T3,2,Gasoline,2016,ICE,Not Applicable,1,Statewide,26555
34042,2023,T2,1,Gasoline,2015,ICE,Not Applicable,≥4,Statewide,52150
34043,2023,T3,2,Gasoline,2017,ICE,Not Applicable,≥4,Statewide,52136
34044,2023,T3,2,Gasoline,2015,ICE,Not Applicable,2,Statewide,26485
34045,2023,T3,Unknown,Gasoline,2008,ICE,Not Applicable,3,Statewide,1
34046,2023,T2,1,Gasoline,2025,PHEV,0 to 50 miles,2,Statewide,1
34047,2023,T2,1,Gasoline,2013,ICE,Not Applicable,2,Statewide,49441
34048,2023,T2,1,Gasoline,2025,PHEV,0 to 50 miles,3,Statewide,1
34049,2023,T2,Unknown,Gasoline,2024,ICE,Not Applicable,3,Statewide,1
34050,2023,T2,Unknown,Gasoline,2006,ICE,Not Applicable,3,Statewide,1
34051,2023,T2,Unknown,Gasoline,2005,ICE,Not Applicable,2,Statewide,1
34052,2023,T2,Unknown,Gasoline,2005,ICE,Not Applicable,3,Statewide,1
34053,2023,T2,Unknown,Gasoline,2004,ICE,Not Applicable,1,Statewide,1
34054,2023,T2,Unknown,Gasoline,2004,ICE,Not Applicable,2,Statewide,1
34055,2023,T2,Unknown,Gasoline,2003,ICE,Not Applicable,3,Statewide,1
34056,2023,T2,Unknown,Gasoline,1998,ICE,Not Applicable,≥4,Statewide,1
34057,2023,T2,Unknown,Gasoline,1997,ICE,Not Applicable,≥4,Statewide,1
34058,2023,T2,Unknown,Gasoline,1995,ICE,Not Applicable,2,Statewide,1
34059,2023,T2,Unknown,Gasoline,2007,ICE,Not Applicable,≥4,Statewide,1
34060,2023,T2,Unknown,Gasoline,1994,ICE,Not Applicable,1,Statewide,1
34061,2023,T2,Unknown,Gasoline,1988,ICE,Not Applicable,≥4,Statewide,1
34062,2023,T2,Unknown,Gasoline,1986,ICE,Not Applicable,2,Statewide,1
34063,2023,P,Not Applicable,Gasoline,2004,ICE,Not Applicable,1,Statewide,50123
34064,2023,T2,Unknown,Gasoline,1986,ICE,Not Applicable,3,Statewide,1
34065,2023,T2,Unknown,Gasoline,1984,ICE,Not Applicable,2,Statewide,1
34066,2023,T2,Unknown,Gasoline,1980,ICE,Not Applicable,2,Statewide,1
34067,2023,T3,2,Gasoline,2021,ICE,Not Applicable,1,Statewide,49993
34068,2023,T1,Unknown,Gasoline,2013,ICE,Not Applicable,≥4,Statewide,1
34069,2023,T1,Unknown,Gasoline,2012,ICE,Not Applicable,1,Statewide,1
34070,2023,T2,Unknown,Gasoline,1994,ICE,Not Applicable,≥4,Statewide,1
34071,2023,T2,Unknown,Gasoline,2007,ICE,Not Applicable,1,Statewide,1
34072,2023,T2,Unknown,Gasoline,2008,ICE,Not Applicable,1,Statewide,1
34073,2023,T2,Unknown,Gasoline,2009,ICE,Not Applicable,2,Statewide,1
34074,2023,P,Not Applicable,Gasoline,2002,ICE,Not Applicable,≥4,Statewide,51302
34075,2023,T2,Unknown,Gasoline,2023,ICE,Not Applicable,1,Statewide,1
34076,2023,T2,Unknown,Gasoline,2022,ICE,Not Applicable,2,Statewide,1
34077,2023,T2,1,Gasoline,2018,ICE,Not Applicable,3,Statewide,51149
34078,2023,T2,Unknown,Gasoline,2022,ICE,Not Applicable,≥4,Statewide,1
34079,2023,T2,Unknown,Gasoline,2021,ICE,Not Applicable,1,Statewide,1
34080,2023,T2,Unknown,Gasoline,2021,ICE,Not Applicable,2,Statewide,1
34081,2023,T2,Unknown,Gasoline,2020,ICE,Not Applicable,2,Statewide,1
34082,2023,T3,2,Gasoline,2009,ICE,Not Applicable,2,Statewide,51112
34083,2023,T2,Unknown,Gasoline,2020,ICE,Not Applicable,≥4,Statewide,1
34084,2023,T2,Unknown,Gasoline,2018,ICE,Not Applicable,1,Statewide,1
34085,2023,T2,Unknown,Gasoline,2017,ICE,Not Applicable,3,Statewide,1
34086,2023,T2,Unknown,Gasoline,2014,ICE,Not Applicable,1,Statewide,1
34087,2023,T2,Unknown,Gasoline,2013,ICE,Not Applicable,2,Statewide,1
34088,2023,T2,Unknown,Gasoline,2013,ICE,Not Applicable,≥4,Statewide,1
34089,2023,T3,2,Gasoline,2016,ICE,Not Applicable,≥4,Statewide,50967
34090,2023,T2,Unknown,Gasoline,2011,ICE,Not Applicable,1,Statewide,1
34091,2023,T2,Unknown,Gasoline,2011,ICE,Not Applicable,2,Statewide,1
34092,2023,T2,Unknown,Gasoline,2011,ICE,Not Applicable,≥4,Statewide,1
34093,2023,T2,Unknown,Gasoline,2010,ICE,Not Applicable,2,Statewide,1
34094,2023,T2,Unknown,Gasoline,2009,ICE,Not Applicable,1,Statewide,1
34095,2023,T2,1,Gasoline,2025,PHEV,0 to 50 miles,≥4,Statewide,1
34096,2023,T3,2,Diesel,1982,ICE,Not Applicable,1,Statewide,2
34097,2023,P,Not Applicable,Gasoline,1982,ICE,Not Applicable,3,Statewide,1077
34098,2023,T3,Unknown,Diesel,1983,ICE,Not Applicable,≥4,Statewide,2
34099,2023,P,Not Applicable,Natural Gas,2014,ICE,Not Applicable,2,Statewide,98
34100,2023,B,Not Applicable,Gasoline,2012,ICE,Not Applicable,3,Statewide,98
34101,2023,T6,4,Diesel,2000,ICE,Not Applicable,1,Statewide,98
34102,2023,T1,1,Diesel,1988,ICE,Not Applicable,≥4,Statewide,98
34103,2023,P,Not Applicable,Diesel,2003,ICE,Not Applicable,3,Statewide,98
34104,2023,BT,Not Applicable,Diesel,2020,ICE,Not Applicable,1,Statewide,98
34105,2023,P,Not Applicable,Natural Gas,2011,ICE,Not Applicable,≥4,Statewide,97
34106,2023,T4,2,Gasoline,1983,ICE,Not Applicable,2,Statewide,97
34107,2023,T2,1,Gasoline,1987,ICE,Not Applicable,1,Statewide,97
34108,2023,T3,2,Natural Gas,2007,ICE,Not Applicable,≥4,Statewide,98
34109,2023,T7,8,Diesel,1981,ICE,Not Applicable,≥4,Statewide,97
34110,2023,T4,Unknown,Diesel,1994,ICE,Not Applicable,≥4,Statewide,97
34111,2023,MH,Not Applicable,Diesel,2003,ICE,Not Applicable,2,Statewide,97
34112,2023,MC,Not Applicable,Gasoline,2006,ICE,Not Applicable,1,Statewide,2360
34113,2023,T6,4,Gasoline,2002,ICE,Not Applicable,1,Statewide,96
34114,2023,MH,Not Applicable,Gasoline,2014,ICE,Not Applicable,3,Statewide,96
34115,2023,B,Not Applicable,Gasoline,2013,ICE,Not Applicable,3,Statewide,96
34116,2023,B,Not Applicable,Gasoline,2008,ICE,Not Applicable,3,Statewide,96
34117,2023,T6,5,Diesel,2007,ICE,Not Applicable,3,Statewide,96
34118,2023,T6,5,Diesel,2004,ICE,Not Applicable,3,Statewide,96
34119,2023,T6,5,Diesel,2007,ICE,Not Applicable,2,Statewide,97
34120,2023,T7,8,Natural Gas,2010,ICE,Not Applicable,≥4,Statewide,98
34121,2023,T3,2,Gasoline,1998,ICE,Not Applicable,1,Statewide,2341
34122,2023,T6,4,Diesel,2011,ICE,Not Applicable,≥4,Statewide,2340
34123,2023,P,Not Applicable,Natural Gas,2014,ICE,Not Applicable,3,Statewide,100
34124,2023,T6,4,Gasoline,2021,ICE,Not Applicable,1,Statewide,100
34125,2023,MH,Not Applicable,Gasoline,1987,ICE,Not Applicable,3,Statewide,100
34126,2023,MH,Not Applicable,Gasoline,1980,ICE,Not Applicable,2,Statewide,100
34127,2023,B,Not Applicable,Gasoline,2006,ICE,Not Applicable,1,Statewide,100
34128,2023,T6,5,Diesel,2014,ICE,Not Applicable,1,Statewide,100
34129,2023,T1,1,Diesel,1987,ICE,Not Applicable,2,Statewide,100
34130,2023,BS,Not Applicable,Natural Gas,2018,ICE,Not Applicable,≥4,Statewide,99
34131,2023,T2,1,Gasoline,1987,ICE,Not Applicable,2,Statewide,99
34132,2023,MH,Not Applicable,Gasoline,1981,ICE,Not Applicable,3,Statewide,99
34133,2023,T1,1,Electric,2017,BEV,101 to 150 miles,2,Statewide,99
34134,2023,T6,4,Diesel,2018,ICE,Not Applicable,1,Statewide,99
34135,2023,T6,6,Diesel,2014,ICE,Not Applicable,2,Statewide,99
34136,2023,T6,Unknown,Diesel,2006,ICE,Not Applicable,≥4,Statewide,99
34137,2023,T6,5,Diesel,2004,ICE,Not Applicable,2,Statewide,99
34138,2023,T5,3,Diesel,1997,ICE,Not Applicable,1,Statewide,99
34139,2023,T3,2,Diesel,1999,ICE,Not Applicable,≥4,Statewide,99
34140,2023,P,Not Applicable,Electric,2024,BEV,101 to 150 miles,2,Statewide,2326
34141,2023,T1,1,Gasoline,2015,ICE,Not Applicable,≥4,Statewide,2333
34142,2023,T4,2,Gasoline,2002,ICE,Not Applicable,2,Statewide,2334
34143,2023,P,Not Applicable,Diesel,2020,ICE,Not Applicable,2,Statewide,2335
34144,2023,T6,4,Diesel,2003,ICE,Not Applicable,1,Statewide,96
34145,2023,T6,Unknown,Diesel,1995,ICE,Not Applicable,≥4,Statewide,96
34146,2023,T6,Unknown,Diesel,1991,ICE,Not Applicable,≥4,Statewide,96
34147,2023,T4,Unknown,Diesel,2000,ICE,Not Applicable,≥4,Statewide,96
34148,2023,T4,Unknown,Natural Gas,2019,ICE,Not Applicable,≥4,Statewide,93
34149,2023,T4,Unknown,Gasoline,1979,ICE,Not Applicable,1,Statewide,93
34150,2023,MC,Not Applicable,Electric,2023,BEV,Unknown,≥4,Statewide,93
34151,2023,BT,Not Applicable,Electric,2022,BEV,Unknown,≥4,Statewide,93
34152,2023,T7,8,Diesel,2002,ICE,Not Applicable,2,Statewide,93
34153,2023,T6,Unknown,Diesel,2017,ICE,Not Applicable,≥4,Statewide,93
34154,2023,T4,Unknown,Diesel,2001,ICE,Not Applicable,≥4,Statewide,93
34155,2023,T2,1,Diesel,2015,ICE,Not Applicable,1,Statewide,93
34156,2023,T2,1,Diesel,2014,ICE,Not Applicable,1,Statewide,93
34157,2023,MH,Not Applicable,Diesel,2015,ICE,Not Applicable,3,Statewide,93
34158,2023,MH,Not Applicable,Diesel,2014,ICE,Not Applicable,3,Statewide,93
34159,2023,MH,Not Applicable,Diesel,2002,ICE,Not Applicable,1,Statewide,93
34160,2023,P,Not Applicable,Natural Gas,2013,ICE,Not Applicable,3,Statewide,92
34161,2023,BT,Not Applicable,Natural Gas,2007,ICE,Not Applicable,≥4,Statewide,92
34162,2023,T2,1,Gasoline,2021,PHEV,0 to 50 miles,≥4,Statewide,92
34163,2023,T6,7,Diesel,2006,ICE,Not Applicable,1,Statewide,92
34164,2023,T6,4,Diesel,2000,ICE,Not Applicable,2,Statewide,92
34165,2023,BT,Not Applicable,Diesel,2010,ICE,Not Applicable,≥4,Statewide,92
34166,2023,T6,5,Diesel,2016,ICE,Not Applicable,≥4,Statewide,2396
34167,2023,MC,Not Applicable,Gasoline,1991,ICE,Not Applicable,≥4,Statewide,2396
34168,2023,T5,3,Gasoline,2006,ICE,Not Applicable,≥4,Statewide,2396
34169,2023,T2,1,Gasoline,1997,ICE,Not Applicable,3,Statewide,2389
34170,2023,T7,8,Natural Gas,2011,ICE,Not Applicable,≥4,Statewide,100
34171,2023,T3,2,Diesel,2017,ICE,Not Applicable,≥4,Statewide,2378
34172,2023,T6,7,Diesel,2007,ICE,Not Applicable,1,Statewide,94
34173,2023,T2,1,Gasoline,2025,ICE,Not Applicable,3,Statewide,2372
34174,2023,P,Not Applicable,Natural Gas,2014,ICE,Not Applicable,1,Statewide,95
34175,2023,T6,5,Gasoline,2022,ICE,Not Applicable,1,Statewide,95
34176,2023,T5,3,Gasoline,2014,ICE,Not Applicable,2,Statewide,95
34177,2023,B,Not Applicable,Gasoline,2012,ICE,Not Applicable,2,Statewide,95
34178,2023,B,Not Applicable,Gasoline,2010,ICE,Not Applicable,1,Statewide,95
34179,2023,B,Not Applicable,Gasoline,2004,ICE,Not Applicable,1,Statewide,95
34180,2023,B,Not Applicable,Gasoline,2002,ICE,Not Applicable,≥4,Statewide,95
34181,2023,T7,8,Diesel,2008,ICE,Not Applicable,2,Statewide,95
34182,2023,T7,8,Diesel,2007,ICE,Not Applicable,3,Statewide,95
34183,2023,T6,7,Diesel,2018,ICE,Not Applicable,2,Statewide,95
34184,2023,MH,Not Applicable,Diesel,2018,ICE,Not Applicable,1,Statewide,95
34185,2023,BT,Not Applicable,Diesel,1999,ICE,Not Applicable,≥4,Statewide,95
34186,2023,BT,Not Applicable,Diesel,1998,ICE,Not Applicable,≥4,Statewide,95
34187,2023,T3,2,Gasoline,1997,ICE,Not Applicable,2,Statewide,2373
34188,2023,P,Not Applicable,Diesel,2019,ICE,Not Applicable,2,Statewide,2375
34189,2023,T6,4,Gasoline,2002,ICE,Not Applicable,3,Statewide,94
34190,2023,T2,1,Gasoline,2021,PHEV,0 to 50 miles,1,Statewide,94
34191,2023,T1,1,Electric,2018,BEV,101 to 150 miles,3,Statewide,94
34192,2023,T7,8,Diesel,2003,ICE,Not Applicable,3,Statewide,94
34193,2023,T7,8,Diesel,1994,ICE,Not Applicable,1,Statewide,94
34194,2023,P,Not Applicable,Gasoline,1990,ICE,Not Applicable,3,Statewide,2376
34195,2023,T2,1,Gasoline,1992,ICE,Not Applicable,≥4,Statewide,2398
34196,2023,T3,2,Diesel,2020,ICE,Not Applicable,1,Statewide,2307
34197,2023,T4,2,Diesel,2013,ICE,Not Applicable,1,Statewide,2301
34198,2023,T6,7,Diesel,2021,ICE,Not Applicable,1,Statewide,109
34199,2023,T6,7,Diesel,2017,ICE,Not Applicable,2,Statewide,109
34200,2023,P,Not Applicable,Diesel,2006,ICE,Not Applicable,2,Statewide,109
34201,2023,BT,Not Applicable,Diesel,2023,ICE,Not Applicable,1,Statewide,109
34202,2023,T6,4,Diesel,2013,ICE,Not Applicable,≥4,Statewide,2242
34203,2023,BS,Not Applicable,Natural Gas,2025,ICE,Not Applicable,≥4,Statewide,108
34204,2023,T6,4,Gasoline,2007,ICE,Not Applicable,2,Statewide,108
34205,2023,P,Not Applicable,Electric,2021,BEV,Unknown,≥4,Statewide,108
34206,2023,T6,6,Diesel,2025,ICE,Not Applicable,1,Statewide,108
34207,2023,MC,Not Applicable,Electric,2021,BEV,Unknown,≥4,Statewide,109
34208,2023,T2,1,Diesel,2024,ICE,Not Applicable,1,Statewide,108
34209,2023,B,Not Applicable,Diesel,2010,ICE,Not Applicable,≥4,Statewide,108
34210,2023,P,Not Applicable,Natural Gas,2007,ICE,Not Applicable,1,Statewide,107
34211,2023,T6,4,Gasoline,2012,ICE,Not Applicable,2,Statewide,107
34212,2023,MH,Not Applicable,Gasoline,2015,ICE,Not Applicable,2,Statewide,107
34213,2023,MH,Not Applicable,Gasoline,1988,ICE,Not Applicable,2,Statewide,107
34214,2023,B,Not Applicable,Gasoline,1979,ICE,Not Applicable,2,Statewide,107
34215,2023,T5,3,Diesel,1998,ICE,Not Applicable,2,Statewide,107
34216,2023,T5,3,Diesel,1995,ICE,Not Applicable,1,Statewide,107
34217,2023,MH,Not Applicable,Diesel,2024,ICE,Not Applicable,1,Statewide,107
34218,2023,P,Not Applicable,Diesel,2013,ICE,Not Applicable,≥4,Statewide,108
34219,2023,T2,1,Gasoline,1982,ICE,Not Applicable,1,Statewide,109
34220,2023,T2,1,Gasoline,2021,PHEV,0 to 50 miles,3,Statewide,109
34221,2023,T6,4,Gasoline,2023,ICE,Not Applicable,1,Statewide,109
34222,2023,MC,Not Applicable,Gasoline,1997,ICE,Not Applicable,≥4,Statewide,2221
34223,2023,T5,3,Gasoline,2014,ICE,Not Applicable,3,Statewide,111
34224,2023,MH,Not Applicable,Gasoline,1981,ICE,Not Applicable,1,Statewide,111
34225,2023,MC,Not Applicable,Electric,2022,BEV,Unknown,≥4,Statewide,111
34226,2023,T7,8,Diesel,1999,ICE,Not Applicable,1,Statewide,111
34227,2023,T6,6,Diesel,2003,ICE,Not Applicable,2,Statewide,111
34228,2023,T6,6,Diesel,1991,ICE,Not Applicable,≥4,Statewide,111
34229,2023,P,Not Applicable,Diesel,2004,ICE,Not Applicable,1,Statewide,111
34230,2023,MH,Not Applicable,Diesel,2019,ICE,Not Applicable,1,Statewide,111
34231,2023,MC,Not Applicable,Gasoline,2004,ICE,Not Applicable,3,Statewide,2230
34232,2023,T4,2,Gasoline,1979,ICE,Not Applicable,3,Statewide,2232
34233,2023,T3,2,Gasoline,1987,ICE,Not Applicable,2,Statewide,110
34234,2023,T3,Unknown,Gasoline,1986,ICE,Not Applicable,≥4,Statewide,110
34235,2023,T1,1,Electric,2018,BEV,101 to 150 miles,≥4,Statewide,110
34236,2023,BT,Not Applicable,Electric,2006,BEV,Unknown,1,Statewide,110
34237,2023,T6,5,Diesel,2002,ICE,Not Applicable,≥4,Statewide,110
34238,2023,T5,3,Diesel,1999,ICE,Not Applicable,3,Statewide,110
34239,2023,T4,2,Diesel,1993,ICE,Not Applicable,1,Statewide,110
34240,2023,MC,Not Applicable,Gasoline,2005,ICE,Not Applicable,2,Statewide,2234
34241,2023,MC,Not Applicable,Gasoline,2016,ICE,Not Applicable,2,Statewide,2237
34242,2023,T7,8,Diesel,2005,ICE,Not Applicable,≥4,Statewide,2238
34243,2023,MH,Not Applicable,Diesel,2003,ICE,Not Applicable,1,Statewide,107
34244,2023,B,Not Applicable,Diesel,2009,ICE,Not Applicable,≥4,Statewide,107
34245,2023,T5,3,Diesel,2006,ICE,Not Applicable,≥4,Statewide,2247
34246,2023,T4,2,Gasoline,1997,ICE,Not Applicable,≥4,Statewide,2249
34247,2023,B,Not Applicable,Gasoline,2009,ICE,Not Applicable,3,Statewide,103
34248,2023,T6,7,Diesel,2023,ICE,Not Applicable,1,Statewide,103
34249,2023,T3,2,Diesel,2020,ICE,Not Applicable,3,Statewide,2285
34250,2023,T2,1,Gasoline,1996,ICE,Not Applicable,1,Statewide,2285
34251,2023,T5,3,Gasoline,2024,ICE,Not Applicable,≥4,Statewide,2288
34252,2023,T6,6,Diesel,2019,ICE,Not Applicable,≥4,Statewide,2291
34253,2023,T6,6,Gasoline,2016,ICE,Not Applicable,≥4,Statewide,102
34254,2023,T4,Unknown,Gasoline,1979,ICE,Not Applicable,2,Statewide,102
34255,2023,T2,1,Gasoline,1982,ICE,Not Applicable,2,Statewide,102
34256,2023,T7,8,Diesel,2003,ICE,Not Applicable,2,Statewide,102
34257,2023,T6,Unknown,Diesel,2012,ICE,Not Applicable,≥4,Statewide,102
34258,2023,T4,Unknown,Diesel,1993,ICE,Not Applicable,≥4,Statewide,102
34259,2023,T4,2,Diesel,2005,ICE,Not Applicable,2,Statewide,2301
34260,2023,T4,2,Natural Gas,2021,ICE,Not Applicable,≥4,Statewide,101
34261,2023,P,Not Applicable,Natural Gas,2008,ICE,Not Applicable,≥4,Statewide,101
34262,2023,BT,Not Applicable,Natural Gas,2008,ICE,Not Applicable,≥4,Statewide,101
34263,2023,T4,2,Gasoline,1982,ICE,Not Applicable,1,Statewide,101
34264,2023,MH,Not Applicable,Gasoline,1987,ICE,Not Applicable,2,Statewide,101
34265,2023,T6,Unknown,Diesel,2008,ICE,Not Applicable,≥4,Statewide,101
34266,2023,T6,7,Diesel,1979,ICE,Not Applicable,1,Statewide,101
34267,2023,T4,Unknown,Diesel,1996,ICE,Not Applicable,≥4,Statewide,101
34268,2023,T3,2,Gasoline,1987,ICE,Not Applicable,1,Statewide,103
34269,2023,T4,2,Gasoline,2013,ICE,Not Applicable,1,Statewide,2303
34270,2023,T3,2,Gasoline,1993,ICE,Not Applicable,≥4,Statewide,2281
34271,2023,P,Not Applicable,Diesel,2006,ICE,Not Applicable,3,Statewide,104
34272,2023,T6,4,Gasoline,2008,ICE,Not Applicable,1,Statewide,106
34273,2023,T6,6,Gasoline,1989,ICE,Not Applicable,≥4,Statewide,106
34274,2023,MH,Not Applicable,Gasoline,1980,ICE,Not Applicable,1,Statewide,106
34275,2023,T6,7,Diesel,2015,ICE,Not Applicable,1,Statewide,106
34276,2023,T4,2,Diesel,1988,ICE,Not Applicable,3,Statewide,106
34277,2023,T2,1,Diesel,2015,ICE,Not Applicable,≥4,Statewide,106
34278,2023,MH,Not Applicable,Diesel,1979,ICE,Not Applicable,≥4,Statewide,106
34279,2023,P,Not Applicable,Natural Gas,2005,ICE,Not Applicable,≥4,Statewide,105
34280,2023,BT,Not Applicable,Natural Gas,2002,ICE,Not Applicable,≥4,Statewide,105
34281,2023,T6,7,Gasoline,2002,ICE,Not Applicable,≥4,Statewide,105
34282,2023,T6,4,Gasoline,1979,ICE,Not Applicable,1,Statewide,105
34283,2023,BT,Not Applicable,Gasoline,1979,ICE,Not Applicable,≥4,Statewide,105
34284,2023,T6,Unknown,Diesel,2007,ICE,Not Applicable,≥4,Statewide,105
34285,2023,T6,Unknown,Diesel,2005,ICE,Not Applicable,≥4,Statewide,105
34286,2023,T6,6,Diesel,1990,ICE,Not Applicable,≥4,Statewide,105
34287,2023,P,Not Applicable,Diesel,2005,ICE,Not Applicable,2,Statewide,105
34288,2023,MH,Not Applicable,Diesel,2018,ICE,Not Applicable,2,Statewide,105
34289,2023,MH,Not Applicable,Diesel,2001,ICE,Not Applicable,3,Statewide,105
34290,2023,T1,1,Gasoline,1993,ICE,Not Applicable,1,Statewide,2271
34291,2023,T3,2,Gasoline,1986,ICE,Not Applicable,2,Statewide,104
34292,2023,T6,7,Diesel,2017,ICE,Not Applicable,3,Statewide,104
34293,2023,MH,Not Applicable,Diesel,1998,ICE,Not Applicable,3,Statewide,104
34294,2023,P,Not Applicable,Diesel,2020,ICE,Not Applicable,1,Statewide,2402
34295,2023,T2,Unknown,Gasoline,1979,ICE,Not Applicable,3,Statewide,2403
34296,2023,T3,2,Natural Gas,2005,ICE,Not Applicable,≥4,Statewide,91
34297,2023,B,Not Applicable,Gasoline,2022,ICE,Not Applicable,1,Statewide,80
34298,2023,B,Not Applicable,Gasoline,2010,ICE,Not Applicable,2,Statewide,80
34299,2023,B,Not Applicable,Gasoline,2003,ICE,Not Applicable,≥4,Statewide,80
34300,2023,T7,8,Diesel,1979,ICE,Not Applicable,2,Statewide,80
34301,2023,T6,4,Diesel,2017,ICE,Not Applicable,2,Statewide,80
34302,2023,T6,6,Diesel,2015,ICE,Not Applicable,2,Statewide,80
34303,2023,T6,4,Diesel,2003,ICE,Not Applicable,2,Statewide,80
34304,2023,T5,3,Diesel,1995,ICE,Not Applicable,2,Statewide,80
34305,2023,P,Not Applicable,Diesel,2003,ICE,Not Applicable,1,Statewide,80
34306,2023,T6,4,Gasoline,2002,ICE,Not Applicable,2,Statewide,80
34307,2023,B,Not Applicable,Diesel,1989,ICE,Not Applicable,≥4,Statewide,80
34308,2023,T4,2,Diesel,2000,ICE,Not Applicable,≥4,Statewide,2518
34309,2023,P,Not Applicable,Gasoline,1991,ICE,Not Applicable,1,Statewide,2524
34310,2023,T4,2,Diesel,2024,ICE,Not Applicable,1,Statewide,2529
34311,2023,T2,1,Gasoline,1996,ICE,Not Applicable,3,Statewide,2529
34312,2023,T6,4,Gasoline,2000,ICE,Not Applicable,2,Statewide,79
34313,2023,BS,Not Applicable,Gasoline,2016,ICE,Not Applicable,≥4,Statewide,79
34314,2023,T7,8,Diesel,1997,ICE,Not Applicable,1,Statewide,79
34315,2023,T6,4,Diesel,2019,ICE,Not Applicable,2,Statewide,79
34316,2023,P,Not Applicable,Diesel,1983,ICE,Not Applicable,2,Statewide,79
34317,2023,T2,1,Gasoline,1997,ICE,Not Applicable,2,Statewide,2517
34318,2023,T6,4,Gasoline,2008,ICE,Not Applicable,2,Statewide,80
34319,2023,T1,1,Gasoline,1991,ICE,Not Applicable,1,Statewide,2510
34320,2023,BT,Not Applicable,Diesel,2001,ICE,Not Applicable,≥4,Statewide,81
34321,2023,B,Not Applicable,Gasoline,2010,ICE,Not Applicable,3,Statewide,82
34322,2023,T7,8,Diesel,2002,ICE,Not Applicable,3,Statewide,82
34323,2023,T6,7,Diesel,2022,ICE,Not Applicable,1,Statewide,82
34324,2023,T6,6,Diesel,2001,ICE,Not Applicable,1,Statewide,82
34325,2023,T5,3,Diesel,2025,ICE,Not Applicable,1,Statewide,82
34326,2023,P,Not Applicable,Diesel,2005,ICE,Not Applicable,3,Statewide,82
34327,2023,T6,7,Diesel,2020,ICE,Not Applicable,≥4,Statewide,2501
34328,2023,P,Not Applicable,Gasoline,1990,ICE,Not Applicable,2,Statewide,2507
34329,2023,P,Not Applicable,Natural Gas,2013,ICE,Not Applicable,1,Statewide,81
34330,2023,P,Not Applicable,Natural Gas,2013,ICE,Not Applicable,2,Statewide,81
34331,2023,BS,Not Applicable,Natural Gas,2004,ICE,Not Applicable,≥4,Statewide,81
34332,2023,T6,4,Gasoline,2013,ICE,Not Applicable,1,Statewide,81
34333,2023,T5,3,Gasoline,2015,ICE,Not Applicable,3,Statewide,81
34334,2023,T3,Unknown,Gasoline,1983,ICE,Not Applicable,1,Statewide,81
34335,2023,T7,8,Diesel,2007,ICE,Not Applicable,2,Statewide,81
34336,2023,T6,4,Diesel,2021,ICE,Not Applicable,2,Statewide,81
34337,2023,T6,4,Diesel,2003,ICE,Not Applicable,3,Statewide,81
34338,2023,T1,1,Diesel,1990,ICE,Not Applicable,≥4,Statewide,81
34339,2023,T1,1,Diesel,1989,ICE,Not Applicable,≥4,Statewide,81
34340,2023,P,Not Applicable,Diesel,2013,ICE,Not Applicable,2,Statewide,81
34341,2023,MH,Not Applicable,Diesel,1999,ICE,Not Applicable,1,Statewide,81
34342,2023,MH,Not Applicable,Diesel,1998,ICE,Not Applicable,1,Statewide,79
34343,2023,BS,Not Applicable,Diesel,1990,ICE,Not Applicable,≥4,Statewide,79
34344,2023,MC,Not Applicable,Gasoline,2015,ICE,Not Applicable,3,Statewide,2537
34345,2023,T6,4,Gasoline,2008,ICE,Not Applicable,3,Statewide,78
34346,2023,T4,Unknown,Gasoline,1991,ICE,Not Applicable,≥4,Statewide,76
34347,2023,BT,Not Applicable,Gasoline,2007,ICE,Not Applicable,≥4,Statewide,76
34348,2023,BS,Not Applicable,Gasoline,1981,ICE,Not Applicable,≥4,Statewide,76
34349,2023,B,Not Applicable,Gasoline,2014,ICE,Not Applicable,1,Statewide,76
34350,2023,B,Not Applicable,Gasoline,2006,ICE,Not Applicable,2,Statewide,76
34351,2023,T6,Unknown,Diesel,2024,ICE,Not Applicable,≥4,Statewide,76
34352,2023,T6,7,Diesel,2005,ICE,Not Applicable,3,Statewide,76
34353,2023,T6,4,Diesel,2001,ICE,Not Applicable,1,Statewide,76
34354,2023,T2,1,Diesel,2014,ICE,Not Applicable,3,Statewide,76
34355,2023,P,Not Applicable,Diesel,2013,ICE,Not Applicable,1,Statewide,76
34356,2023,P,Not Applicable,Diesel,2000,ICE,Not Applicable,3,Statewide,76
34357,2023,MH,Not Applicable,Diesel,1998,ICE,Not Applicable,2,Statewide,76
34358,2023,T6,7,Diesel,2013,ICE,Not Applicable,3,Statewide,75
34359,2023,T6,7,Diesel,1980,ICE,Not Applicable,≥4,Statewide,75
34360,2023,T3,2,Diesel,1988,ICE,Not Applicable,3,Statewide,75
34361,2023,MH,Not Applicable,Diesel,1999,ICE,Not Applicable,2,Statewide,75
34362,2023,T4,2,Diesel,2004,ICE,Not Applicable,3,Statewide,2589
34363,2023,T7,8,Natural Gas,2007,ICE,Not Applicable,≥4,Statewide,74
34364,2023,P,Not Applicable,Natural Gas,2004,ICE,Not Applicable,≥4,Statewide,74
34365,2023,T6,4,Gasoline,2000,ICE,Not Applicable,3,Statewide,74
34366,2023,BT,Not Applicable,Electric,2023,BEV,Unknown,≥4,Statewide,74
34367,2023,T5,3,Gasoline,1986,ICE,Not Applicable,≥4,Statewide,76
34368,2023,T6,Unknown,Gasoline,1983,ICE,Not Applicable,≥4,Statewide,82
34369,2023,T5,3,Gasoline,1995,ICE,Not Applicable,3,Statewide,76
34370,2023,T6,7,Gasoline,1991,ICE,Not Applicable,≥4,Statewide,76
34371,2023,MH,Not Applicable,Gasoline,1986,ICE,Not Applicable,1,Statewide,78
34372,2023,MH,Not Applicable,Gasoline,1986,ICE,Not Applicable,3,Statewide,78
34373,2023,BS,Not Applicable,Gasoline,2015,ICE,Not Applicable,≥4,Statewide,78
34374,2023,T7,8,Diesel,2000,ICE,Not Applicable,3,Statewide,78
34375,2023,T7,8,Diesel,1990,ICE,Not Applicable,1,Statewide,78
34376,2023,T6,4,Diesel,2022,ICE,Not Applicable,3,Statewide,78
34377,2023,T6,7,Diesel,2012,ICE,Not Applicable,2,Statewide,78
34378,2023,T4,Unknown,Diesel,1990,ICE,Not Applicable,≥4,Statewide,78
34379,2023,T2,1,Diesel,1979,ICE,Not Applicable,≥4,Statewide,78
34380,2023,P,Not Applicable,Natural Gas,2019,ICE,Not Applicable,2,Statewide,77
34381,2023,MH,Not Applicable,Gasoline,2015,ICE,Not Applicable,1,Statewide,77
34382,2023,BS,Not Applicable,Gasoline,2008,ICE,Not Applicable,≥4,Statewide,77
34383,2023,T6,4,Diesel,2023,ICE,Not Applicable,2,Statewide,77
34384,2023,T6,7,Diesel,2013,ICE,Not Applicable,2,Statewide,77
34385,2023,T6,7,Diesel,2008,ICE,Not Applicable,1,Statewide,77
34386,2023,T6,6,Diesel,1988,ICE,Not Applicable,≥4,Statewide,77
34387,2023,P,Not Applicable,Diesel,2005,ICE,Not Applicable,1,Statewide,77
34388,2023,MH,Not Applicable,Gasoline,2007,ICE,Not Applicable,≥4,Statewide,2557
34389,2023,T3,2,Gasoline,1979,ICE,Not Applicable,1,Statewide,2557
34390,2023,P,Not Applicable,Electric,2022,BEV,101 to 150 miles,2,Statewide,2562
34391,2023,T3,2,Gasoline,1979,ICE,Not Applicable,3,Statewide,2564
34392,2023,T5,3,Gasoline,1998,ICE,Not Applicable,3,Statewide,76
34393,2023,T6,7,Gasoline,1986,ICE,Not Applicable,≥4,Statewide,82
34394,2023,T6,4,Gasoline,2009,ICE,Not Applicable,3,Statewide,82
34395,2023,T5,3,Gasoline,2009,ICE,Not Applicable,≥4,Statewide,2498
34396,2023,T5,3,Gasoline,1995,ICE,Not Applicable,2,Statewide,89
34397,2023,T4,2,Gasoline,1982,ICE,Not Applicable,3,Statewide,89
34398,2023,T7,8,Diesel,1995,ICE,Not Applicable,1,Statewide,89
34399,2023,T6,7,Diesel,2004,ICE,Not Applicable,1,Statewide,89
34400,2023,T6,4,Diesel,2000,ICE,Not Applicable,3,Statewide,89
34401,2023,T6,7,Diesel,1984,ICE,Not Applicable,≥4,Statewide,89
34402,2023,T5,3,Diesel,1997,ICE,Not Applicable,3,Statewide,89
34403,2023,T4,Unknown,Diesel,1997,ICE,Not Applicable,≥4,Statewide,89
34404,2023,T4,Unknown,Diesel,1991,ICE,Not Applicable,≥4,Statewide,89
34405,2023,T2,1,Diesel,2024,ICE,Not Applicable,2,Statewide,89
34406,2023,T2,1,Gasoline,1995,ICE,Not Applicable,3,Statewide,2422
34407,2023,T4,2,Diesel,2004,ICE,Not Applicable,2,Statewide,2423
34408,2023,T5,3,Diesel,2018,ICE,Not Applicable,≥4,Statewide,2429
34409,2023,T6,5,Diesel,2018,ICE,Not Applicable,≥4,Statewide,2430
34410,2023,T6,7,Gasoline,2010,ICE,Not Applicable,≥4,Statewide,88
34411,2023,T6,6,Gasoline,1999,ICE,Not Applicable,≥4,Statewide,88
34412,2023,T6,7,Gasoline,1995,ICE,Not Applicable,≥4,Statewide,88
34413,2023,T7,8,Diesel,1982,ICE,Not Applicable,≥4,Statewide,88
34414,2023,T6,Unknown,Diesel,2010,ICE,Not Applicable,≥4,Statewide,88
34415,2023,T6,Unknown,Diesel,2009,ICE,Not Applicable,≥4,Statewide,88
34416,2023,T6,Unknown,Gasoline,1980,ICE,Not Applicable,≥4,Statewide,87
34417,2023,P,Not Applicable,Electric,2020,BEV,>150 miles,2,Statewide,2421
34418,2023,BT,Not Applicable,Gasoline,2005,ICE,Not Applicable,≥4,Statewide,87
34419,2023,T5,3,Diesel,2009,ICE,Not Applicable,≥4,Statewide,2414
34420,2023,MH,Not Applicable,Diesel,1995,ICE,Not Applicable,≥4,Statewide,90
34421,2023,BS,Not Applicable,Natural Gas,2022,ICE,Not Applicable,≥4,Statewide,91
34422,2023,T6,4,Gasoline,2007,ICE,Not Applicable,3,Statewide,91
34423,2023,P,Not Applicable,Electric,2013,BEV,>150 miles,≥4,Statewide,91
34424,2023,T6,6,Diesel,2015,ICE,Not Applicable,3,Statewide,91
34425,2023,T6,6,Diesel,1979,ICE,Not Applicable,≥4,Statewide,91
34426,2023,T4,2,Diesel,1988,ICE,Not Applicable,1,Statewide,91
34427,2023,T4,2,Diesel,1988,ICE,Not Applicable,2,Statewide,91
34428,2023,T2,1,Diesel,2015,ICE,Not Applicable,2,Statewide,91
34429,2023,MH,Not Applicable,Diesel,1994,ICE,Not Applicable,≥4,Statewide,91
34430,2023,T4,2,Diesel,2005,ICE,Not Applicable,3,Statewide,2405
34431,2023,T6,5,Diesel,2011,ICE,Not Applicable,≥4,Statewide,2411
34432,2023,T6,6,Gasoline,1998,ICE,Not Applicable,≥4,Statewide,90
34433,2023,T6,6,Gasoline,1994,ICE,Not Applicable,≥4,Statewide,90
34434,2023,T5,3,Gasoline,2015,ICE,Not Applicable,1,Statewide,90
34435,2023,T6,Unknown,Electric,2023,BEV,Unknown,≥4,Statewide,90
34436,2023,T6,Unknown,Diesel,2023,ICE,Not Applicable,≥4,Statewide,90
34437,2023,T6,7,Diesel,2018,ICE,Not Applicable,3,Statewide,90
34438,2023,T6,7,Diesel,2003,ICE,Not Applicable,1,Statewide,90
34439,2023,T6,7,Diesel,2000,ICE,Not Applicable,1,Statewide,90
34440,2023,T6,Unknown,Diesel,1993,ICE,Not Applicable,≥4,Statewide,90
34441,2023,T3,2,Diesel,1991,ICE,Not Applicable,≥4,Statewide,90
34442,2023,BT,Not Applicable,Diesel,2012,ICE,Not Applicable,1,Statewide,90
34443,2023,T4,2,Gasoline,1996,ICE,Not Applicable,≥4,Statewide,2220
34444,2023,T1,1,Electric,2017,BEV,101 to 150 miles,3,Statewide,87
34445,2023,T7,8,Diesel,1983,ICE,Not Applicable,1,Statewide,87
34446,2023,T5,3,Gasoline,2015,ICE,Not Applicable,2,Statewide,84
34447,2023,T5,3,Gasoline,1998,ICE,Not Applicable,1,Statewide,84
34448,2023,B,Not Applicable,Gasoline,2008,ICE,Not Applicable,2,Statewide,84
34449,2023,T7,8,Diesel,2009,ICE,Not Applicable,3,Statewide,84
34450,2023,T6,4,Diesel,2022,ICE,Not Applicable,2,Statewide,84
34451,2023,T2,1,Diesel,2015,ICE,Not Applicable,3,Statewide,84
34452,2023,P,Not Applicable,Diesel,1981,ICE,Not Applicable,≥4,Statewide,84
34453,2023,MH,Not Applicable,Diesel,1997,ICE,Not Applicable,3,Statewide,84
34454,2023,B,Not Applicable,Diesel,2000,ICE,Not Applicable,≥4,Statewide,84
34455,2023,B,Not Applicable,Diesel,1997,ICE,Not Applicable,≥4,Statewide,84
34456,2023,T4,2,Diesel,2012,ICE,Not Applicable,1,Statewide,2478
34457,2023,T1,1,Gasoline,1992,ICE,Not Applicable,1,Statewide,2486
34458,2023,T6,6,Gasoline,1988,ICE,Not Applicable,≥4,Statewide,83
34459,2023,MH,Not Applicable,Gasoline,1981,ICE,Not Applicable,2,Statewide,83
34460,2023,BS,Not Applicable,Gasoline,2007,ICE,Not Applicable,≥4,Statewide,83
34461,2023,T6,4,Diesel,2016,ICE,Not Applicable,1,Statewide,83
34462,2023,T6,Unknown,Diesel,1994,ICE,Not Applicable,≥4,Statewide,83
34463,2023,T5,3,Diesel,1994,ICE,Not Applicable,1,Statewide,83
34464,2023,MH,Not Applicable,Diesel,2002,ICE,Not Applicable,2,Statewide,83
34465,2023,T4,2,Gasoline,2002,ICE,Not Applicable,3,Statewide,2493
34466,2023,P,Not Applicable,Gasoline,2017,PHEV,0 to 50 miles,2,Statewide,2496
34467,2023,T6,6,Gasoline,1993,ICE,Not Applicable,≥4,Statewide,84
34468,2023,T7,8,Diesel,2009,ICE,Not Applicable,2,Statewide,87
34469,2023,P,Not Applicable,Electric,2020,BEV,51 to 100 miles,3,Statewide,2476
34470,2023,P,Not Applicable,Diesel,2019,ICE,Not Applicable,1,Statewide,2472
34471,2023,T6,Unknown,Diesel,2021,ICE,Not Applicable,≥4,Statewide,87
34472,2023,T6,Unknown,Diesel,2019,ICE,Not Applicable,≥4,Statewide,87
34473,2023,P,Not Applicable,Diesel,2000,ICE,Not Applicable,2,Statewide,87
34474,2023,T3,2,Gasoline,1982,ICE,Not Applicable,≥4,Statewide,2454
34475,2023,T2,1,Gasoline,1995,ICE,Not Applicable,2,Statewide,2458
34476,2023,T6,4,Gasoline,2022,ICE,Not Applicable,1,Statewide,86
34477,2023,T6,4,Gasoline,2000,ICE,Not Applicable,1,Statewide,86
34478,2023,T6,4,Diesel,2024,ICE,Not Applicable,1,Statewide,86
34479,2023,T6,Unknown,Diesel,2011,ICE,Not Applicable,≥4,Statewide,86
34480,2023,T6,Unknown,Diesel,1992,ICE,Not Applicable,≥4,Statewide,86
34481,2023,T5,3,Diesel,1997,ICE,Not Applicable,2,Statewide,86
34482,2023,T1,1,Diesel,1987,ICE,Not Applicable,1,Statewide,86
34483,2023,T3,2,Gasoline,1997,ICE,Not Applicable,3,Statewide,2465
34484,2023,T6,4,Gasoline,2012,ICE,Not Applicable,3,Statewide,85
34485,2023,T6,6,Gasoline,1987,ICE,Not Applicable,≥4,Statewide,85
34486,2023,T6,6,Gasoline,1982,ICE,Not Applicable,1,Statewide,85
34487,2023,T5,3,Gasoline,1995,ICE,Not Applicable,1,Statewide,85
34488,2023,B,Not Applicable,Gasoline,2016,ICE,Not Applicable,1,Statewide,85
34489,2023,T2,1,Diesel,2014,ICE,Not Applicable,2,Statewide,85
34490,2023,P,Not Applicable,Diesel,1983,ICE,Not Applicable,1,Statewide,85
34491,2023,T6,5,Diesel,2013,ICE,Not Applicable,≥4,Statewide,2470
34492,2023,MC,Not Applicable,Gasoline,1998,ICE,Not Applicable,≥4,Statewide,2474
34493,2023,MH,Not Applicable,Diesel,2016,ICE,Not Applicable,2,Statewide,74
34494,2023,T6,7,Diesel,2011,ICE,Not Applicable,1,Statewide,112
34495,2023,MH,Not Applicable,Gasoline,1984,ICE,Not Applicable,2,Statewide,112
34496,2023,T6,6,Diesel,2021,ICE,Not Applicable,2,Statewide,149
34497,2023,T6,6,Diesel,2019,ICE,Not Applicable,2,Statewide,149
34498,2023,T6,Unknown,Diesel,2013,ICE,Not Applicable,≥4,Statewide,149
34499,2023,T4,2,Gasoline,2000,ICE,Not Applicable,3,Statewide,2011
34500,2023,T6,6,Gasoline,2003,ICE,Not Applicable,≥4,Statewide,148
34501,2023,T5,3,Gasoline,1999,ICE,Not Applicable,3,Statewide,148
34502,2023,T4,2,Gasoline,1988,ICE,Not Applicable,1,Statewide,148
34503,2023,T4,2,Gasoline,1980,ICE,Not Applicable,2,Statewide,148
34504,2023,T7,8,Diesel,2002,ICE,Not Applicable,1,Statewide,148
34505,2023,T7,8,Diesel,2010,ICE,Not Applicable,2,Statewide,149
34506,2023,T6,6,Diesel,2021,ICE,Not Applicable,3,Statewide,148
34507,2023,T7,8,Diesel,2006,ICE,Not Applicable,≥4,Statewide,2014
34508,2023,T5,3,Gasoline,2019,ICE,Not Applicable,≥4,Statewide,2014
34509,2023,MC,Not Applicable,Gasoline,1990,ICE,Not Applicable,≥4,Statewide,2015
34510,2023,MH,Not Applicable,Gasoline,2023,ICE,Not Applicable,≥4,Statewide,2016
34511,2023,P,Not Applicable,Gasoline,2023,PHEV,51 to 100 miles,3,Statewide,2016
34512,2023,T5,3,Diesel,2004,ICE,Not Applicable,≥4,Statewide,2018
34513,2023,T2,1,Gasoline,1983,ICE,Not Applicable,2,Statewide,147
34514,2023,MH,Not Applicable,Gasoline,1983,ICE,Not Applicable,2,Statewide,147
34515,2023,T6,7,Diesel,2024,ICE,Not Applicable,1,Statewide,147
34516,2023,T6,6,Diesel,1994,ICE,Not Applicable,≥4,Statewide,148
34517,2023,B,Not Applicable,Gasoline,1979,ICE,Not Applicable,3,Statewide,149
34518,2023,T6,5,Gasoline,2007,ICE,Not Applicable,≥4,Statewide,149
34519,2023,MH,Not Applicable,Diesel,2016,ICE,Not Applicable,3,Statewide,150
34520,2023,T6,7,Diesel,2020,ICE,Not Applicable,1,Statewide,155
34521,2023,T4,2,Gasoline,1986,ICE,Not Applicable,1,Statewide,154
34522,2023,T3,Unknown,Gasoline,1982,ICE,Not Applicable,≥4,Statewide,154
34523,2023,MH,Not Applicable,Diesel,2019,ICE,Not Applicable,2,Statewide,154
34524,2023,BS,Not Applicable,Gasoline,2009,ICE,Not Applicable,≥4,Statewide,153
34525,2023,T6,6,Diesel,2016,ICE,Not Applicable,2,Statewide,153
34526,2023,T6,7,Diesel,2005,ICE,Not Applicable,1,Statewide,153
34527,2023,T3,2,Diesel,2014,ICE,Not Applicable,2,Statewide,153
34528,2023,P,Not Applicable,Diesel,2000,ICE,Not Applicable,≥4,Statewide,153
34529,2023,MH,Not Applicable,Diesel,2023,ICE,Not Applicable,1,Statewide,153
34530,2023,T6,5,Diesel,2003,ICE,Not Applicable,≥4,Statewide,152
34531,2023,MH,Not Applicable,Diesel,2007,ICE,Not Applicable,1,Statewide,152
34532,2023,T4,2,Gasoline,1984,ICE,Not Applicable,1,Statewide,150
34533,2023,T2,1,Gasoline,1986,ICE,Not Applicable,2,Statewide,150
34534,2023,P,Not Applicable,Electric,2024,BEV,51 to 100 miles,3,Statewide,150
34535,2023,T7,8,Diesel,2025,ICE,Not Applicable,3,Statewide,150
34536,2023,T7,8,Diesel,2004,ICE,Not Applicable,2,Statewide,150
34537,2023,T6,Unknown,Diesel,2018,ICE,Not Applicable,≥4,Statewide,150
34538,2023,T6,4,Diesel,2007,ICE,Not Applicable,3,Statewide,150
34539,2023,T6,7,Diesel,1985,ICE,Not Applicable,≥4,Statewide,150
34540,2023,T4,2,Diesel,1992,ICE,Not Applicable,2,Statewide,150
34541,2023,T6,7,Diesel,2019,ICE,Not Applicable,1,Statewide,147
34542,2023,T6,4,Diesel,2008,ICE,Not Applicable,3,Statewide,147
34543,2023,T5,3,Diesel,2003,ICE,Not Applicable,2,Statewide,147
34544,2023,T2,1,Diesel,2024,ICE,Not Applicable,≥4,Statewide,147
34545,2023,P,Not Applicable,Electric,2020,BEV,>150 miles,≥4,Statewide,2042
34546,2023,MC,Not Applicable,Gasoline,1982,ICE,Not Applicable,1,Statewide,143
34547,2023,T7,8,Diesel,2000,ICE,Not Applicable,1,Statewide,143
34548,2023,T6,4,Diesel,2002,ICE,Not Applicable,3,Statewide,143
34549,2023,P,Not Applicable,Diesel,2004,ICE,Not Applicable,2,Statewide,143
34550,2023,MH,Not Applicable,Diesel,2017,ICE,Not Applicable,3,Statewide,143
34551,2023,T3,2,Gasoline,1988,ICE,Not Applicable,1,Statewide,142
34552,2023,T2,1,Gasoline,1984,ICE,Not Applicable,3,Statewide,142
34553,2023,MH,Not Applicable,Gasoline,1982,ICE,Not Applicable,3,Statewide,142
34554,2023,B,Not Applicable,Gasoline,2012,ICE,Not Applicable,1,Statewide,142
34555,2023,T6,6,Diesel,2016,ICE,Not Applicable,3,Statewide,142
34556,2023,T2,1,Diesel,2016,ICE,Not Applicable,2,Statewide,142
34557,2023,T6,6,Gasoline,2004,ICE,Not Applicable,≥4,Statewide,141
34558,2023,T4,2,Gasoline,1986,ICE,Not Applicable,3,Statewide,141
34559,2023,MH,Not Applicable,Gasoline,1988,ICE,Not Applicable,1,Statewide,141
34560,2023,MC,Not Applicable,Gasoline,2025,ICE,Not Applicable,3,Statewide,141
34561,2023,T6,6,Diesel,2019,ICE,Not Applicable,3,Statewide,141
34562,2023,T6,4,Diesel,1994,ICE,Not Applicable,≥4,Statewide,141
34563,2023,P,Not Applicable,Gasoline,1990,ICE,Not Applicable,1,Statewide,2056
34564,2023,T6,5,Diesel,2012,ICE,Not Applicable,≥4,Statewide,2057
34565,2023,P,Not Applicable,Natural Gas,2016,ICE,Not Applicable,3,Statewide,140
34566,2023,BT,Not Applicable,Diesel,2004,ICE,Not Applicable,≥4,Statewide,144
34567,2023,T7,8,Diesel,2009,ICE,Not Applicable,1,Statewide,155
34568,2023,BT,Not Applicable,Diesel,2011,ICE,Not Applicable,≥4,Statewide,144
34569,2023,MH,Not Applicable,Diesel,2020,ICE,Not Applicable,1,Statewide,144
34570,2023,MH,Not Applicable,Diesel,2006,ICE,Not Applicable,2,Statewide,147
34571,2023,MH,Not Applicable,Diesel,2005,ICE,Not Applicable,1,Statewide,147
34572,2023,T7,8,Natural Gas,2025,ICE,Not Applicable,≥4,Statewide,146
34573,2023,T6,6,Gasoline,1997,ICE,Not Applicable,≥4,Statewide,146
34574,2023,T5,3,Gasoline,2024,ICE,Not Applicable,3,Statewide,146
34575,2023,T7,8,Diesel,2011,ICE,Not Applicable,3,Statewide,146
34576,2023,T2,1,Diesel,2016,ICE,Not Applicable,1,Statewide,146
34577,2023,P,Not Applicable,Diesel,2001,ICE,Not Applicable,≥4,Statewide,146
34578,2023,T6,Unknown,Gasoline,1979,ICE,Not Applicable,1,Statewide,2024
34579,2023,T3,2,Diesel,2019,ICE,Not Applicable,≥4,Statewide,2026
34580,2023,T5,3,Diesel,2008,ICE,Not Applicable,≥4,Statewide,2028
34581,2023,MC,Not Applicable,Gasoline,2025,ICE,Not Applicable,2,Statewide,145
34582,2023,T6,5,Diesel,2018,ICE,Not Applicable,2,Statewide,145
34583,2023,T6,4,Diesel,2017,ICE,Not Applicable,1,Statewide,145
34584,2023,T4,2,Diesel,1992,ICE,Not Applicable,1,Statewide,145
34585,2023,P,Not Applicable,Diesel,1984,ICE,Not Applicable,3,Statewide,145
34586,2023,MC,Not Applicable,Gasoline,1994,ICE,Not Applicable,≥4,Statewide,2039
34587,2023,T6,6,Gasoline,2006,ICE,Not Applicable,≥4,Statewide,144
34588,2023,T6,6,Gasoline,1986,ICE,Not Applicable,≥4,Statewide,144
34589,2023,T4,2,Gasoline,1986,ICE,Not Applicable,2,Statewide,144
34590,2023,T6,4,Diesel,2008,ICE,Not Applicable,2,Statewide,144
34591,2023,MH,Not Applicable,Diesel,2002,ICE,Not Applicable,3,Statewide,144
34592,2023,T6,6,Gasoline,2001,ICE,Not Applicable,≥4,Statewide,140
34593,2023,T1,1,Gasoline,1980,ICE,Not Applicable,1,Statewide,155
34594,2023,T2,1,Gasoline,1995,ICE,Not Applicable,1,Statewide,1986
34595,2023,T6,6,Diesel,1993,ICE,Not Applicable,≥4,Statewide,166
34596,2023,T5,3,Diesel,2003,ICE,Not Applicable,1,Statewide,166
34597,2023,T4,2,Diesel,1992,ICE,Not Applicable,3,Statewide,166
34598,2023,P,Not Applicable,Diesel,1985,ICE,Not Applicable,3,Statewide,166
34599,2023,B,Not Applicable,Diesel,2005,ICE,Not Applicable,≥4,Statewide,166
34600,2023,T6,4,Diesel,2010,ICE,Not Applicable,≥4,Statewide,1926
34601,2023,BT,Not Applicable,Natural Gas,2015,ICE,Not Applicable,≥4,Statewide,165
34602,2023,MH,Not Applicable,Gasoline,1991,ICE,Not Applicable,2,Statewide,165
34603,2023,BT,Not Applicable,Gasoline,2011,ICE,Not Applicable,≥4,Statewide,165
34604,2023,T5,3,Gasoline,2000,ICE,Not Applicable,2,Statewide,166
34605,2023,T4,2,Diesel,1989,ICE,Not Applicable,2,Statewide,165
34606,2023,P,Not Applicable,Gasoline,2016,PHEV,0 to 50 miles,3,Statewide,164
34607,2023,P,Not Applicable,Diesel,2009,ICE,Not Applicable,1,Statewide,164
34608,2023,MH,Not Applicable,Diesel,2023,ICE,Not Applicable,2,Statewide,164
34609,2023,BT,Not Applicable,Diesel,1987,ICE,Not Applicable,≥4,Statewide,164
34610,2023,T4,2,Gasoline,2001,ICE,Not Applicable,3,Statewide,1934
34611,2023,BT,Not Applicable,Natural Gas,2022,ICE,Not Applicable,≥4,Statewide,163
34612,2023,T5,3,Gasoline,2001,ICE,Not Applicable,2,Statewide,163
34613,2023,T5,3,Diesel,1991,ICE,Not Applicable,≥4,Statewide,163
34614,2023,P,Not Applicable,Diesel,1983,ICE,Not Applicable,≥4,Statewide,163
34615,2023,T4,2,Gasoline,1979,ICE,Not Applicable,1,Statewide,1931
34616,2023,T6,6,Gasoline,1991,ICE,Not Applicable,≥4,Statewide,166
34617,2023,BT,Not Applicable,Natural Gas,2019,ICE,Not Applicable,≥4,Statewide,166
34618,2023,T4,2,Diesel,2005,ICE,Not Applicable,1,Statewide,1924
34619,2023,T3,2,Diesel,2023,ICE,Not Applicable,1,Statewide,1911
34620,2023,P,Not Applicable,Natural Gas,2009,ICE,Not Applicable,≥4,Statewide,170
34621,2023,BT,Not Applicable,Diesel,1996,ICE,Not Applicable,≥4,Statewide,170
34622,2023,BS,Not Applicable,Diesel,1992,ICE,Not Applicable,≥4,Statewide,170
34623,2023,T6,5,Gasoline,2005,ICE,Not Applicable,≥4,Statewide,169
34624,2023,P,Not Applicable,Diesel,1984,ICE,Not Applicable,2,Statewide,169
34625,2023,B,Not Applicable,Diesel,2004,ICE,Not Applicable,≥4,Statewide,169
34626,2023,P,Not Applicable,Electric,2018,BEV,101 to 150 miles,2,Statewide,1916
34627,2023,P,Not Applicable,Electric,2020,BEV,>150 miles,1,Statewide,1916
34628,2023,BS,Not Applicable,Natural Gas,2024,ICE,Not Applicable,≥4,Statewide,168
34629,2023,T6,5,Gasoline,2006,ICE,Not Applicable,≥4,Statewide,168
34630,2023,T3,2,Gasoline,1988,ICE,Not Applicable,3,Statewide,168
34631,2023,T7,8,Diesel,2005,ICE,Not Applicable,2,Statewide,168
34632,2023,T3,2,Diesel,1989,ICE,Not Applicable,≥4,Statewide,168
34633,2023,P,Not Applicable,Diesel,2009,ICE,Not Applicable,2,Statewide,168
34634,2023,T4,2,Gasoline,1979,ICE,Not Applicable,2,Statewide,1920
34635,2023,T4,2,Gasoline,2000,ICE,Not Applicable,2,Statewide,1920
34636,2023,B,Not Applicable,Gasoline,2013,ICE,Not Applicable,1,Statewide,167
34637,2023,T6,5,Diesel,2008,ICE,Not Applicable,1,Statewide,167
34638,2023,T6,6,Diesel,2003,ICE,Not Applicable,1,Statewide,167
34639,2023,T1,1,Gasoline,1990,ICE,Not Applicable,2,Statewide,1921
34640,2023,T4,2,Diesel,2014,ICE,Not Applicable,≥4,Statewide,1937
34641,2023,T5,3,Gasoline,2003,ICE,Not Applicable,2,Statewide,162
34642,2023,T1,1,Gasoline,1981,ICE,Not Applicable,1,Statewide,162
34643,2023,T6,5,Diesel,2006,ICE,Not Applicable,1,Statewide,162
34644,2023,T5,3,Diesel,2003,ICE,Not Applicable,3,Statewide,159
34645,2023,MC,Not Applicable,Gasoline,2015,ICE,Not Applicable,2,Statewide,1956
34646,2023,MH,Not Applicable,Gasoline,2021,ICE,Not Applicable,≥4,Statewide,1959
34647,2023,P,Not Applicable,Gasoline,2017,PHEV,0 to 50 miles,3,Statewide,1967
34648,2023,T4,2,Diesel,2024,ICE,Not Applicable,2,Statewide,1968
34649,2023,P,Not Applicable,Electric,2019,BEV,51 to 100 miles,≥4,Statewide,1971
34650,2023,T6,6,Gasoline,2014,ICE,Not Applicable,≥4,Statewide,157
34651,2023,T6,6,Diesel,2023,ICE,Not Applicable,3,Statewide,157
34652,2023,T6,4,Diesel,2019,ICE,Not Applicable,1,Statewide,157
34653,2023,T6,5,Diesel,2009,ICE,Not Applicable,2,Statewide,157
34654,2023,BT,Not Applicable,Diesel,2012,ICE,Not Applicable,≥4,Statewide,157
34655,2023,BS,Not Applicable,Diesel,1993,ICE,Not Applicable,≥4,Statewide,157
34656,2023,T5,3,Gasoline,2017,ICE,Not Applicable,≥4,Statewide,1974
34657,2023,T6,6,Diesel,2006,ICE,Not Applicable,≥4,Statewide,1975
34658,2023,T6,4,Gasoline,2004,ICE,Not Applicable,2,Statewide,156
34659,2023,T6,6,Gasoline,1990,ICE,Not Applicable,≥4,Statewide,156
34660,2023,T3,Unknown,Gasoline,1981,ICE,Not Applicable,≥4,Statewide,156
34661,2023,P,Not Applicable,Diesel,1991,ICE,Not Applicable,≥4,Statewide,156
34662,2023,BT,Not Applicable,Diesel,2021,ICE,Not Applicable,1,Statewide,156
34663,2023,BS,Not Applicable,Diesel,1997,ICE,Not Applicable,≥4,Statewide,156
34664,2023,T5,3,Gasoline,2008,ICE,Not Applicable,≥4,Statewide,1979
34665,2023,T6,Unknown,Diesel,1979,ICE,Not Applicable,1,Statewide,159
34666,2023,T4,2,Gasoline,1988,ICE,Not Applicable,2,Statewide,155
34667,2023,T6,4,Diesel,1997,ICE,Not Applicable,≥4,Statewide,159
34668,2023,T5,3,Gasoline,2016,ICE,Not Applicable,2,Statewide,159
34669,2023,P,Not Applicable,Diesel,2019,ICE,Not Applicable,3,Statewide,1940
34670,2023,T1,1,Gasoline,1990,ICE,Not Applicable,3,Statewide,1941
34671,2023,T6,7,Diesel,2021,ICE,Not Applicable,≥4,Statewide,1944
34672,2023,T4,2,Diesel,2004,ICE,Not Applicable,1,Statewide,1947
34673,2023,T6,6,Natural Gas,2014,ICE,Not Applicable,≥4,Statewide,161
34674,2023,T5,3,Gasoline,2024,ICE,Not Applicable,2,Statewide,161
34675,2023,T4,2,Gasoline,1987,ICE,Not Applicable,1,Statewide,161
34676,2023,MH,Not Applicable,Gasoline,2017,ICE,Not Applicable,1,Statewide,161
34677,2023,P,Not Applicable,Diesel,1992,ICE,Not Applicable,1,Statewide,161
34678,2023,BT,Not Applicable,Diesel,1985,ICE,Not Applicable,≥4,Statewide,161
34679,2023,BS,Not Applicable,Diesel,1991,ICE,Not Applicable,≥4,Statewide,161
34680,2023,T6,6,Diesel,2016,ICE,Not Applicable,≥4,Statewide,1951
34681,2023,P,Not Applicable,Gasoline,1980,ICE,Not Applicable,1,Statewide,1952
34682,2023,T6,7,Diesel,2017,ICE,Not Applicable,≥4,Statewide,1956
34683,2023,BS,Not Applicable,Natural Gas,2007,ICE,Not Applicable,≥4,Statewide,160
34684,2023,T4,2,Gasoline,1987,ICE,Not Applicable,3,Statewide,160
34685,2023,P,Not Applicable,Gasoline,2025,PHEV,0 to 50 miles,3,Statewide,160
34686,2023,B,Not Applicable,Gasoline,2009,ICE,Not Applicable,1,Statewide,160
34687,2023,T6,4,Diesel,1998,ICE,Not Applicable,≥4,Statewide,160
34688,2023,T6,7,Diesel,1979,ICE,Not Applicable,≥4,Statewide,160
34689,2023,T6,6,Gasoline,1985,ICE,Not Applicable,≥4,Statewide,159
34690,2023,T5,3,Gasoline,2001,ICE,Not Applicable,3,Statewide,159
34691,2023,T4,2,Gasoline,1984,ICE,Not Applicable,3,Statewide,140
34692,2023,T3,Unknown,Gasoline,1980,ICE,Not Applicable,≥4,Statewide,140
34693,2023,T6,4,Diesel,2021,ICE,Not Applicable,1,Statewide,140
34694,2023,T2,1,Gasoline,1987,ICE,Not Applicable,3,Statewide,121
34695,2023,T2,1,Gasoline,1983,ICE,Not Applicable,1,Statewide,121
34696,2023,BS,Not Applicable,Gasoline,2006,ICE,Not Applicable,≥4,Statewide,121
34697,2023,B,Not Applicable,Gasoline,2013,ICE,Not Applicable,2,Statewide,121
34698,2023,T1,1,Electric,2019,BEV,101 to 150 miles,1,Statewide,121
34699,2023,T6,4,Diesel,2022,ICE,Not Applicable,1,Statewide,121
34700,2023,T6,5,Diesel,2008,ICE,Not Applicable,2,Statewide,121
34701,2023,T5,3,Diesel,1995,ICE,Not Applicable,3,Statewide,121
34702,2023,T3,2,Diesel,2014,ICE,Not Applicable,1,Statewide,121
34703,2023,BS,Not Applicable,Natural Gas,2005,ICE,Not Applicable,≥4,Statewide,121
34704,2023,B,Not Applicable,Diesel,1998,ICE,Not Applicable,≥4,Statewide,121
34705,2023,BS,Not Applicable,Natural Gas,2021,ICE,Not Applicable,≥4,Statewide,120
34706,2023,P,Not Applicable,Electric,2024,BEV,101 to 150 miles,1,Statewide,2175
34707,2023,T6,6,Gasoline,1980,ICE,Not Applicable,1,Statewide,119
34708,2023,T2,1,Gasoline,1984,ICE,Not Applicable,1,Statewide,119
34709,2023,MH,Not Applicable,Gasoline,1980,ICE,Not Applicable,3,Statewide,119
34710,2023,T6,5,Diesel,2018,ICE,Not Applicable,3,Statewide,119
34711,2023,T6,5,Diesel,2007,ICE,Not Applicable,1,Statewide,119
34712,2023,T3,2,Diesel,2013,ICE,Not Applicable,1,Statewide,119
34713,2023,T2,1,Diesel,2014,ICE,Not Applicable,≥4,Statewide,119
34714,2023,T3,2,Gasoline,2023,PHEV,0 to 50 miles,2,Statewide,2167
34715,2023,T3,2,Gasoline,1979,ICE,Not Applicable,2,Statewide,2162
34716,2023,MH,Not Applicable,Gasoline,2002,ICE,Not Applicable,≥4,Statewide,2160
34717,2023,MC,Not Applicable,Gasoline,1996,ICE,Not Applicable,≥4,Statewide,2160
34718,2023,T4,Unknown,Diesel,1995,ICE,Not Applicable,≥4,Statewide,125
34719,2023,T4,Unknown,Diesel,1992,ICE,Not Applicable,≥4,Statewide,125
34720,2023,T4,2,Gasoline,2002,ICE,Not Applicable,1,Statewide,2141
34721,2023,MH,Not Applicable,Gasoline,1982,ICE,Not Applicable,2,Statewide,124
34722,2023,T6,7,Diesel,2010,ICE,Not Applicable,1,Statewide,124
34723,2023,T1,1,Gasoline,2016,ICE,Not Applicable,3,Statewide,2147
34724,2023,T3,2,Gasoline,1997,ICE,Not Applicable,1,Statewide,2151
34725,2023,T6,4,Gasoline,2006,ICE,Not Applicable,3,Statewide,123
34726,2023,T6,6,Gasoline,1995,ICE,Not Applicable,≥4,Statewide,123
34727,2023,T6,6,Gasoline,1992,ICE,Not Applicable,≥4,Statewide,123
34728,2023,T4,2,Gasoline,1983,ICE,Not Applicable,1,Statewide,123
34729,2023,B,Not Applicable,Gasoline,2008,ICE,Not Applicable,1,Statewide,123
34730,2023,T7,8,Diesel,2008,ICE,Not Applicable,3,Statewide,123
34731,2023,T5,3,Diesel,1998,ICE,Not Applicable,3,Statewide,123
34732,2023,P,Not Applicable,Diesel,2002,ICE,Not Applicable,≥4,Statewide,123
34733,2023,T4,2,Gasoline,2013,ICE,Not Applicable,2,Statewide,2154
34734,2023,T6,4,Gasoline,2006,ICE,Not Applicable,2,Statewide,122
34735,2023,T5,3,Gasoline,1989,ICE,Not Applicable,≥4,Statewide,122
34736,2023,BS,Not Applicable,Gasoline,2010,ICE,Not Applicable,≥4,Statewide,122
34737,2023,T1,1,Electric,2017,BEV,101 to 150 miles,≥4,Statewide,122
34738,2023,T6,5,Diesel,2016,ICE,Not Applicable,2,Statewide,122
34739,2023,P,Not Applicable,Diesel,2006,ICE,Not Applicable,1,Statewide,119
34740,2023,P,Not Applicable,Diesel,2003,ICE,Not Applicable,2,Statewide,119
34741,2023,BT,Not Applicable,Diesel,2018,ICE,Not Applicable,1,Statewide,119
34742,2023,T4,2,Gasoline,1993,ICE,Not Applicable,≥4,Statewide,2176
34743,2023,BT,Not Applicable,Electric,2023,BEV,Unknown,1,Statewide,115
34744,2023,T6,5,Diesel,2006,ICE,Not Applicable,2,Statewide,115
34745,2023,T2,1,Diesel,2016,ICE,Not Applicable,3,Statewide,115
34746,2023,P,Not Applicable,Diesel,2004,ICE,Not Applicable,3,Statewide,115
34747,2023,T6,6,Diesel,2009,ICE,Not Applicable,≥4,Statewide,2199
34748,2023,T6,6,Diesel,2014,ICE,Not Applicable,3,Statewide,114
34749,2023,BT,Not Applicable,Diesel,2016,ICE,Not Applicable,≥4,Statewide,114
34750,2023,T4,2,Gasoline,2013,ICE,Not Applicable,3,Statewide,2202
34751,2023,T2,1,Gasoline,1997,ICE,Not Applicable,1,Statewide,2208
34752,2023,T4,2,Gasoline,2020,ICE,Not Applicable,1,Statewide,2208
34753,2023,T4,2,Natural Gas,2020,ICE,Not Applicable,≥4,Statewide,113
34754,2023,T3,2,Gasoline,1986,ICE,Not Applicable,1,Statewide,113
34755,2023,MH,Not Applicable,Gasoline,1985,ICE,Not Applicable,≥4,Statewide,113
34756,2023,B,Not Applicable,Gasoline,2009,ICE,Not Applicable,2,Statewide,113
34757,2023,T6,6,Diesel,2002,ICE,Not Applicable,1,Statewide,113
34758,2023,T5,3,Diesel,1999,ICE,Not Applicable,2,Statewide,113
34759,2023,T1,1,Diesel,1987,ICE,Not Applicable,3,Statewide,113
34760,2023,MH,Not Applicable,Diesel,2000,ICE,Not Applicable,3,Statewide,113
34761,2023,T6,4,Diesel,2012,ICE,Not Applicable,≥4,Statewide,2210
34762,2023,T3,2,Natural Gas,2008,ICE,Not Applicable,≥4,Statewide,112
34763,2023,BS,Not Applicable,Natural Gas,2002,ICE,Not Applicable,≥4,Statewide,112
34764,2023,T6,Unknown,Gasoline,2013,ICE,Not Applicable,≥4,Statewide,115
34765,2023,T6,7,Diesel,2012,ICE,Not Applicable,1,Statewide,125
34766,2023,BT,Not Applicable,Natural Gas,2016,ICE,Not Applicable,≥4,Statewide,115
34767,2023,T7,8,Diesel,2006,ICE,Not Applicable,2,Statewide,116
34768,2023,T6,6,Diesel,2013,ICE,Not Applicable,≥4,Statewide,2177
34769,2023,P,Not Applicable,Natural Gas,2006,ICE,Not Applicable,≥4,Statewide,118
34770,2023,BS,Not Applicable,Natural Gas,2014,ICE,Not Applicable,≥4,Statewide,118
34771,2023,T6,7,Gasoline,1990,ICE,Not Applicable,≥4,Statewide,118
34772,2023,T4,2,Gasoline,1983,ICE,Not Applicable,3,Statewide,118
34773,2023,T3,2,Gasoline,1987,ICE,Not Applicable,3,Statewide,118
34774,2023,T3,Unknown,Gasoline,1985,ICE,Not Applicable,≥4,Statewide,118
34775,2023,MH,Not Applicable,Gasoline,1984,ICE,Not Applicable,3,Statewide,118
34776,2023,T1,1,Electric,2004,BEV,Unknown,≥4,Statewide,118
34777,2023,T6,6,Diesel,2008,ICE,Not Applicable,3,Statewide,118
34778,2023,T6,6,Diesel,2004,ICE,Not Applicable,3,Statewide,118
34779,2023,T6,Unknown,Diesel,1985,ICE,Not Applicable,≥4,Statewide,118
34780,2023,T3,2,Natural Gas,2006,ICE,Not Applicable,≥4,Statewide,117
34781,2023,T6,4,Gasoline,2010,ICE,Not Applicable,1,Statewide,117
34782,2023,T6,4,Gasoline,2009,ICE,Not Applicable,1,Statewide,117
34783,2023,T6,6,Gasoline,1996,ICE,Not Applicable,≥4,Statewide,117
34784,2023,T6,6,Gasoline,1979,ICE,Not Applicable,3,Statewide,117
34785,2023,T1,1,Electric,2019,BEV,101 to 150 miles,3,Statewide,117
34786,2023,T6,6,Diesel,2003,ICE,Not Applicable,3,Statewide,117
34787,2023,T6,6,Diesel,2000,ICE,Not Applicable,1,Statewide,117
34788,2023,T3,2,Diesel,1990,ICE,Not Applicable,≥4,Statewide,117
34789,2023,MH,Not Applicable,Diesel,2024,ICE,Not Applicable,3,Statewide,116
34790,2023,T6,4,Diesel,2023,ICE,Not Applicable,1,Statewide,125
34791,2023,BS,Not Applicable,Gasoline,2024,ICE,Not Applicable,≥4,Statewide,125
34792,2023,T4,Unknown,Gasoline,1989,ICE,Not Applicable,≥4,Statewide,125
34793,2023,T4,2,Gasoline,1985,ICE,Not Applicable,1,Statewide,136
34794,2023,BT,Not Applicable,Gasoline,2012,ICE,Not Applicable,≥4,Statewide,136
34795,2023,T7,8,Diesel,2006,ICE,Not Applicable,3,Statewide,136
34796,2023,T6,7,Diesel,1987,ICE,Not Applicable,≥4,Statewide,136
34797,2023,T4,2,Gasoline,2020,ICE,Not Applicable,2,Statewide,2078
34798,2023,P,Not Applicable,Natural Gas,2020,ICE,Not Applicable,≥4,Statewide,135
34799,2023,MH,Not Applicable,Gasoline,1982,ICE,Not Applicable,1,Statewide,135
34800,2023,T4,2,Diesel,2019,ICE,Not Applicable,2,Statewide,2083
34801,2023,MC,Not Applicable,Gasoline,1992,ICE,Not Applicable,≥4,Statewide,2083
34802,2023,T3,2,Gasoline,1983,ICE,Not Applicable,≥4,Statewide,2084
34803,2023,T6,4,Gasoline,1993,ICE,Not Applicable,≥4,Statewide,134
34804,2023,BS,Not Applicable,Gasoline,1979,ICE,Not Applicable,3,Statewide,134
34805,2023,T2,1,Electric,2024,BEV,>150 miles,3,Statewide,134
34806,2023,T6,5,Diesel,2016,ICE,Not Applicable,3,Statewide,134
34807,2023,T6,7,Diesel,2014,ICE,Not Applicable,1,Statewide,134
34808,2023,T6,7,Diesel,2013,ICE,Not Applicable,1,Statewide,134
34809,2023,T6,4,Diesel,1996,ICE,Not Applicable,≥4,Statewide,134
34810,2023,T4,2,Diesel,1993,ICE,Not Applicable,2,Statewide,134
34811,2023,T4,2,Diesel,1993,ICE,Not Applicable,3,Statewide,134
34812,2023,MH,Not Applicable,Diesel,2004,ICE,Not Applicable,2,Statewide,134
34813,2023,MH,Not Applicable,Gasoline,2010,ICE,Not Applicable,≥4,Statewide,2089
34814,2023,T6,Unknown,Gasoline,1979,ICE,Not Applicable,3,Statewide,2076
34815,2023,T2,1,Gasoline,1986,ICE,Not Applicable,1,Statewide,133
34816,2023,T5,3,Diesel,2000,ICE,Not Applicable,3,Statewide,137
34817,2023,T6,6,Gasoline,1979,ICE,Not Applicable,2,Statewide,137
34818,2023,T6,6,Diesel,1992,ICE,Not Applicable,≥4,Statewide,140
34819,2023,T5,3,Diesel,2000,ICE,Not Applicable,1,Statewide,140
34820,2023,T5,3,Diesel,2000,ICE,Not Applicable,2,Statewide,140
34821,2023,T5,3,Diesel,1999,ICE,Not Applicable,1,Statewide,140
34822,2023,T5,3,Gasoline,2023,ICE,Not Applicable,≥4,Statewide,2062
34823,2023,T7,8,Natural Gas,2009,ICE,Not Applicable,≥4,Statewide,139
34824,2023,T5,3,Gasoline,2018,ICE,Not Applicable,3,Statewide,139
34825,2023,T7,8,Diesel,2001,ICE,Not Applicable,1,Statewide,139
34826,2023,T6,6,Diesel,2015,ICE,Not Applicable,1,Statewide,139
34827,2023,T6,4,Diesel,2002,ICE,Not Applicable,2,Statewide,139
34828,2023,T6,7,Diesel,1988,ICE,Not Applicable,≥4,Statewide,139
34829,2023,T5,3,Gasoline,2004,ICE,Not Applicable,≥4,Statewide,2068
34830,2023,T1,1,Gasoline,2015,ICE,Not Applicable,3,Statewide,2069
34831,2023,T4,2,Gasoline,1987,ICE,Not Applicable,2,Statewide,138
34832,2023,T2,1,Gasoline,2022,PHEV,0 to 50 miles,≥4,Statewide,138
34833,2023,T1,1,Electric,2005,BEV,Unknown,≥4,Statewide,138
34834,2023,T6,4,Diesel,2020,ICE,Not Applicable,1,Statewide,138
34835,2023,T6,5,Diesel,2008,ICE,Not Applicable,3,Statewide,138
34836,2023,T6,5,Diesel,2006,ICE,Not Applicable,3,Statewide,138
34837,2023,T6,5,Diesel,2004,ICE,Not Applicable,1,Statewide,138
34838,2023,T4,2,Gasoline,2024,ICE,Not Applicable,1,Statewide,2074
34839,2023,T5,3,Gasoline,1999,ICE,Not Applicable,2,Statewide,137
34840,2023,B,Not Applicable,Gasoline,2007,ICE,Not Applicable,1,Statewide,112
34841,2023,T7,8,Diesel,2010,ICE,Not Applicable,3,Statewide,133
34842,2023,T6,5,Diesel,2005,ICE,Not Applicable,3,Statewide,133
34843,2023,T2,1,Gasoline,2022,PHEV,0 to 50 miles,3,Statewide,129
34844,2023,MH,Not Applicable,Gasoline,1987,ICE,Not Applicable,1,Statewide,129
34845,2023,MH,Not Applicable,Diesel,2006,ICE,Not Applicable,1,Statewide,129
34846,2023,T3,2,Gasoline,1984,ICE,Not Applicable,≥4,Statewide,2115
34847,2023,BS,Not Applicable,Natural Gas,2020,ICE,Not Applicable,≥4,Statewide,128
34848,2023,T6,6,Gasoline,2011,ICE,Not Applicable,≥4,Statewide,128
34849,2023,T4,Unknown,Gasoline,1979,ICE,Not Applicable,3,Statewide,128
34850,2023,T6,5,Diesel,2005,ICE,Not Applicable,2,Statewide,128
34851,2023,MC,Not Applicable,Gasoline,1995,ICE,Not Applicable,≥4,Statewide,2123
34852,2023,P,Not Applicable,Natural Gas,2016,ICE,Not Applicable,2,Statewide,127
34853,2023,T6,6,Gasoline,2007,ICE,Not Applicable,≥4,Statewide,127
34854,2023,T4,2,Gasoline,1984,ICE,Not Applicable,2,Statewide,127
34855,2023,MH,Not Applicable,Gasoline,1988,ICE,Not Applicable,3,Statewide,127
34856,2023,BS,Not Applicable,Gasoline,2017,ICE,Not Applicable,≥4,Statewide,127
34857,2023,BS,Not Applicable,Gasoline,2012,ICE,Not Applicable,≥4,Statewide,127
34858,2023,T7,8,Diesel,1980,ICE,Not Applicable,≥4,Statewide,127
34859,2023,T2,1,Gasoline,1984,ICE,Not Applicable,2,Statewide,126
34860,2023,T6,6,Diesel,2007,ICE,Not Applicable,2,Statewide,126
34861,2023,T5,3,Diesel,1998,ICE,Not Applicable,1,Statewide,126
34862,2023,P,Not Applicable,Natural Gas,2016,ICE,Not Applicable,1,Statewide,125
34863,2023,P,Not Applicable,Natural Gas,2010,ICE,Not Applicable,≥4,Statewide,125
34864,2023,T4,2,Gasoline,1985,ICE,Not Applicable,2,Statewide,129
34865,2023,T7,8,Diesel,1983,ICE,Not Applicable,≥4,Statewide,133
34866,2023,T5,3,Gasoline,2014,ICE,Not Applicable,1,Statewide,129
34867,2023,T6,6,Gasoline,2013,ICE,Not Applicable,≥4,Statewide,129
34868,2023,P,Not Applicable,Diesel,2009,ICE,Not Applicable,3,Statewide,133
34869,2023,MC,Not Applicable,Gasoline,1979,ICE,Not Applicable,2,Statewide,2094
34870,2023,T6,7,Gasoline,1985,ICE,Not Applicable,≥4,Statewide,132
34871,2023,T1,1,Electric,2018,BEV,101 to 150 miles,2,Statewide,132
34872,2023,P,Not Applicable,Gasoline,2021,PHEV,0 to 50 miles,3,Statewide,2100
34873,2023,T6,4,Gasoline,2007,ICE,Not Applicable,1,Statewide,131
34874,2023,T5,3,Gasoline,2018,ICE,Not Applicable,2,Statewide,131
34875,2023,T3,2,Gasoline,1986,ICE,Not Applicable,3,Statewide,131
34876,2023,T7,8,Diesel,2004,ICE,Not Applicable,3,Statewide,131
34877,2023,T6,6,Diesel,2008,ICE,Not Applicable,2,Statewide,131
34878,2023,T6,6,Diesel,2007,ICE,Not Applicable,3,Statewide,131
34879,2023,MH,Not Applicable,Diesel,2004,ICE,Not Applicable,1,Statewide,131
34880,2023,MH,Not Applicable,Diesel,1999,ICE,Not Applicable,3,Statewide,131
34881,2023,P,Not Applicable,Electric,2019,BEV,51 to 100 miles,2,Statewide,2102
34882,2023,T2,1,Gasoline,1982,ICE,Not Applicable,3,Statewide,130
34883,2023,MH,Not Applicable,Gasoline,1984,ICE,Not Applicable,1,Statewide,130
34884,2023,B,Not Applicable,Gasoline,1979,ICE,Not Applicable,1,Statewide,130
34885,2023,T6,7,Diesel,2016,ICE,Not Applicable,1,Statewide,130
34886,2023,T3,2,Diesel,2014,ICE,Not Applicable,3,Statewide,130
34887,2023,MH,Not Applicable,Diesel,1996,ICE,Not Applicable,≥4,Statewide,130
34888,2023,T6,7,Diesel,2019,ICE,Not Applicable,≥4,Statewide,2115
34889,2023,T6,7,Gasoline,2011,ICE,Not Applicable,≥4,Statewide,129
34890,2023,T7,8,Diesel,1981,ICE,Not Applicable,1,Statewide,171
34891,2023,BT,Not Applicable,Diesel,1991,ICE,Not Applicable,≥4,Statewide,74
34892,2023,P,Not Applicable,Gasoline,2023,PHEV,51 to 100 miles,≥4,Statewide,2605
34893,2023,T1,1,Gasoline,1989,ICE,Not Applicable,≥4,Statewide,3261
34894,2023,MC,Not Applicable,Gasoline,2000,ICE,Not Applicable,≥4,Statewide,3262
34895,2023,T6,6,Diesel,2010,ICE,Not Applicable,≥4,Statewide,3265
34896,2023,T1,1,Gasoline,2016,ICE,Not Applicable,1,Statewide,3271
34897,2023,MC,Not Applicable,Gasoline,2008,ICE,Not Applicable,1,Statewide,3275
34898,2023,MC,Not Applicable,Gasoline,2017,ICE,Not Applicable,1,Statewide,3282
34899,2023,P,Not Applicable,Gasoline,1987,ICE,Not Applicable,≥4,Statewide,3285
34900,2023,T1,1,Gasoline,1979,ICE,Not Applicable,1,Statewide,3304
34901,2023,P,Not Applicable,Natural Gas,2003,ICE,Not Applicable,≥4,Statewide,43
34902,2023,B,Not Applicable,Diesel,1999,ICE,Not Applicable,≥4,Statewide,44
34903,2023,T6,7,Gasoline,1997,ICE,Not Applicable,≥4,Statewide,43
34904,2023,B,Not Applicable,Gasoline,2017,ICE,Not Applicable,3,Statewide,43
34905,2023,B,Not Applicable,Gasoline,1983,ICE,Not Applicable,≥4,Statewide,43
34906,2023,T6,Unknown,Electric,2017,BEV,Unknown,≥4,Statewide,43
34907,2023,BT,Not Applicable,Electric,1998,BEV,Unknown,1,Statewide,43
34908,2023,T6,6,Diesel,2025,ICE,Not Applicable,3,Statewide,43
34909,2023,T6,7,Diesel,2022,ICE,Not Applicable,2,Statewide,43
34910,2023,T6,7,Diesel,2009,ICE,Not Applicable,3,Statewide,43
34911,2023,T6,4,Diesel,1999,ICE,Not Applicable,1,Statewide,43
34912,2023,T6,6,Diesel,1999,ICE,Not Applicable,3,Statewide,43
34913,2023,T6,Unknown,Gasoline,1984,ICE,Not Applicable,≥4,Statewide,43
34914,2023,P,Not Applicable,Diesel,1982,ICE,Not Applicable,2,Statewide,44
34915,2023,P,Not Applicable,Diesel,2012,ICE,Not Applicable,2,Statewide,44
34916,2023,T6,Unknown,Diesel,1986,ICE,Not Applicable,≥4,Statewide,44
34917,2023,T2,1,Diesel,1987,ICE,Not Applicable,≥4,Statewide,45
34918,2023,P,Not Applicable,Diesel,2012,ICE,Not Applicable,1,Statewide,45
34919,2023,MH,Not Applicable,Diesel,1989,ICE,Not Applicable,≥4,Statewide,45
34920,2023,B,Not Applicable,Diesel,2007,ICE,Not Applicable,1,Statewide,45
34921,2023,T2,1,Gasoline,1998,ICE,Not Applicable,3,Statewide,3233
34922,2023,P,Not Applicable,Gasoline,2021,PHEV,0 to 50 miles,1,Statewide,3250
34923,2023,T4,2,Diesel,2012,ICE,Not Applicable,2,Statewide,3258
34924,2023,T5,3,Gasoline,2021,ICE,Not Applicable,≥4,Statewide,3260
34925,2023,T4,2,Natural Gas,2008,ICE,Not Applicable,≥4,Statewide,44
34926,2023,T7,8,Gasoline,1986,ICE,Not Applicable,≥4,Statewide,44
34927,2023,T6,4,Gasoline,1999,ICE,Not Applicable,2,Statewide,44
34928,2023,T6,4,Gasoline,1995,ICE,Not Applicable,2,Statewide,44
34929,2023,T6,7,Gasoline,1988,ICE,Not Applicable,≥4,Statewide,44
34930,2023,T6,7,Gasoline,1984,ICE,Not Applicable,≥4,Statewide,44
34931,2023,T4,Unknown,Gasoline,1985,ICE,Not Applicable,1,Statewide,44
34932,2023,MH,Not Applicable,Gasoline,1985,ICE,Not Applicable,3,Statewide,44
34933,2023,P,Not Applicable,Electric,2015,BEV,Unknown,≥4,Statewide,44
34934,2023,MC,Not Applicable,Electric,2023,BEV,Unknown,3,Statewide,44
34935,2023,MC,Not Applicable,Electric,2022,BEV,Unknown,3,Statewide,44
34936,2023,T6,7,Diesel,2015,ICE,Not Applicable,2,Statewide,44
34937,2023,T6,6,Diesel,1996,ICE,Not Applicable,1,Statewide,44
34938,2023,T6,7,Diesel,1999,ICE,Not Applicable,1,Statewide,43
34939,2023,P,Not Applicable,Diesel,1982,ICE,Not Applicable,1,Statewide,43
34940,2023,P,Not Applicable,Diesel,1981,ICE,Not Applicable,3,Statewide,43
34941,2023,P,Not Applicable,Electric,2021,BEV,51 to 100 miles,≥4,Statewide,3312
34942,2023,BS,Not Applicable,Diesel,2018,ICE,Not Applicable,1,Statewide,42
34943,2023,B,Not Applicable,Diesel,2013,ICE,Not Applicable,2,Statewide,42
34944,2023,B,Not Applicable,Diesel,2012,ICE,Not Applicable,3,Statewide,42
34945,2023,T4,2,Gasoline,2010,ICE,Not Applicable,3,Statewide,3340
34946,2023,T4,2,Diesel,2012,ICE,Not Applicable,3,Statewide,3351
34947,2023,P,Not Applicable,Electric,2021,BEV,>150 miles,1,Statewide,3358
34948,2023,T4,2,Diesel,2017,ICE,Not Applicable,≥4,Statewide,3360
34949,2023,P,Not Applicable,Gasoline,1986,ICE,Not Applicable,≥4,Statewide,3380
34950,2023,T1,1,Gasoline,2015,ICE,Not Applicable,2,Statewide,3383
34951,2023,T6,6,Natural Gas,2012,ICE,Not Applicable,≥4,Statewide,41
34952,2023,T4,2,Natural Gas,2002,ICE,Not Applicable,≥4,Statewide,41
34953,2023,BS,Not Applicable,Natural Gas,2015,ICE,Not Applicable,≥4,Statewide,41
34954,2023,BS,Not Applicable,Natural Gas,2012,ICE,Not Applicable,≥4,Statewide,41
34955,2023,P,Not Applicable,Hydrogen,2021,FCEV,>150 miles,3,Statewide,41
34956,2023,T7,8,Gasoline,1984,ICE,Not Applicable,≥4,Statewide,41
34957,2023,T6,Unknown,Gasoline,2023,ICE,Not Applicable,1,Statewide,41
34958,2023,T6,Unknown,Gasoline,2009,ICE,Not Applicable,≥4,Statewide,41
34959,2023,T6,7,Gasoline,2009,ICE,Not Applicable,≥4,Statewide,41
34960,2023,T6,Unknown,Gasoline,2007,ICE,Not Applicable,≥4,Statewide,41
34961,2023,T6,4,Gasoline,1998,ICE,Not Applicable,1,Statewide,41
34962,2023,T6,7,Gasoline,1981,ICE,Not Applicable,≥4,Statewide,41
34963,2023,MH,Not Applicable,Diesel,2014,ICE,Not Applicable,2,Statewide,42
34964,2023,T3,2,Diesel,1987,ICE,Not Applicable,3,Statewide,45
34965,2023,P,Not Applicable,Diesel,1980,ICE,Not Applicable,≥4,Statewide,42
34966,2023,T3,2,Diesel,1988,ICE,Not Applicable,1,Statewide,42
34967,2023,P,Not Applicable,Electric,2022,BEV,51 to 100 miles,1,Statewide,3316
34968,2023,T4,2,Gasoline,2021,ICE,Not Applicable,2,Statewide,3317
34969,2023,P,Not Applicable,Gasoline,2023,PHEV,51 to 100 miles,2,Statewide,3318
34970,2023,T6,7,Natural Gas,2021,ICE,Not Applicable,≥4,Statewide,42
34971,2023,T4,2,Natural Gas,2017,ICE,Not Applicable,≥4,Statewide,42
34972,2023,P,Not Applicable,Natural Gas,2019,ICE,Not Applicable,1,Statewide,42
34973,2023,BS,Not Applicable,Natural Gas,2010,ICE,Not Applicable,≥4,Statewide,42
34974,2023,B,Not Applicable,Natural Gas,2013,ICE,Not Applicable,≥4,Statewide,42
34975,2023,T6,4,Gasoline,2017,ICE,Not Applicable,2,Statewide,42
34976,2023,T6,5,Gasoline,1986,ICE,Not Applicable,≥4,Statewide,42
34977,2023,T4,Unknown,Gasoline,1996,ICE,Not Applicable,≥4,Statewide,42
34978,2023,T4,2,Gasoline,1981,ICE,Not Applicable,3,Statewide,42
34979,2023,BS,Not Applicable,Gasoline,2025,ICE,Not Applicable,≥4,Statewide,42
34980,2023,B,Not Applicable,Gasoline,2022,ICE,Not Applicable,3,Statewide,42
34981,2023,MC,Not Applicable,Electric,2022,BEV,Unknown,1,Statewide,42
34982,2023,MC,Not Applicable,Electric,2022,BEV,Unknown,2,Statewide,42
34983,2023,T6,4,Diesel,2016,ICE,Not Applicable,2,Statewide,42
34984,2023,T6,4,Diesel,2014,ICE,Not Applicable,3,Statewide,42
34985,2023,T6,7,Diesel,2006,ICE,Not Applicable,3,Statewide,42
34986,2023,T6,7,Diesel,2000,ICE,Not Applicable,2,Statewide,42
34987,2023,T6,6,Diesel,1998,ICE,Not Applicable,1,Statewide,42
34988,2023,T2,1,Diesel,1985,ICE,Not Applicable,≥4,Statewide,42
34989,2023,T3,2,Gasoline,2020,PHEV,0 to 50 miles,≥4,Statewide,41
34990,2023,T3,2,Diesel,1989,ICE,Not Applicable,3,Statewide,45
34991,2023,T6,Unknown,Diesel,1998,ICE,Not Applicable,≥4,Statewide,45
34992,2023,T6,6,Diesel,2001,ICE,Not Applicable,2,Statewide,48
34993,2023,T6,7,Diesel,1992,ICE,Not Applicable,1,Statewide,48
34994,2023,T3,2,Diesel,1999,ICE,Not Applicable,2,Statewide,48
34995,2023,P,Not Applicable,Diesel,2002,ICE,Not Applicable,1,Statewide,48
34996,2023,BT,Not Applicable,Diesel,2024,ICE,Not Applicable,≥4,Statewide,48
34997,2023,B,Not Applicable,Diesel,2013,ICE,Not Applicable,3,Statewide,48
34998,2023,T2,1,Gasoline,1998,ICE,Not Applicable,1,Statewide,3165
34999,2023,T4,2,Gasoline,2010,ICE,Not Applicable,1,Statewide,3174
35000,2023,T7,8,Natural Gas,2008,ICE,Not Applicable,≥4,Statewide,47
35001,2023,MC,Not Applicable,Electric,2024,BEV,Unknown,1,Statewide,48
35002,2023,T4,2,Natural Gas,2005,ICE,Not Applicable,≥4,Statewide,47
35003,2023,T7,8,Gasoline,1980,ICE,Not Applicable,≥4,Statewide,47
35004,2023,T6,7,Gasoline,2005,ICE,Not Applicable,≥4,Statewide,47
35005,2023,T3,2,Gasoline,2020,PHEV,0 to 50 miles,2,Statewide,47
35006,2023,T3,Unknown,Gasoline,1980,ICE,Not Applicable,3,Statewide,47
35007,2023,BT,Not Applicable,Gasoline,2004,ICE,Not Applicable,≥4,Statewide,47
35008,2023,BS,Not Applicable,Gasoline,1982,ICE,Not Applicable,≥4,Statewide,47
35009,2023,B,Not Applicable,Gasoline,2018,ICE,Not Applicable,2,Statewide,47
35010,2023,B,Not Applicable,Gasoline,1996,ICE,Not Applicable,≥4,Statewide,47
35011,2023,T6,5,Electric,2017,BEV,Unknown,≥4,Statewide,47
35012,2023,BT,Not Applicable,Natural Gas,2001,ICE,Not Applicable,≥4,Statewide,47
35013,2023,P,Not Applicable,Electric,2013,BEV,>150 miles,3,Statewide,48
35014,2023,T6,6,Electric,2015,BEV,Unknown,≥4,Statewide,48
35015,2023,B,Not Applicable,Gasoline,2019,ICE,Not Applicable,1,Statewide,48
35016,2023,T6,4,Diesel,2018,ICE,Not Applicable,2,Statewide,49
35017,2023,T6,Unknown,Diesel,1999,ICE,Not Applicable,≥4,Statewide,49
35018,2023,T6,Unknown,Diesel,1997,ICE,Not Applicable,≥4,Statewide,49
35019,2023,T6,5,Diesel,1997,ICE,Not Applicable,≥4,Statewide,49
35020,2023,T6,Unknown,Diesel,1979,ICE,Not Applicable,2,Statewide,49
35021,2023,T3,2,Diesel,1997,ICE,Not Applicable,≥4,Statewide,49
35022,2023,P,Not Applicable,Diesel,2002,ICE,Not Applicable,3,Statewide,49
35023,2023,MH,Not Applicable,Diesel,2015,ICE,Not Applicable,2,Statewide,49
35024,2023,MH,Not Applicable,Diesel,1991,ICE,Not Applicable,≥4,Statewide,49
35025,2023,P,Not Applicable,Electric,2022,BEV,51 to 100 miles,≥4,Statewide,3111
35026,2023,T5,3,Diesel,2024,ICE,Not Applicable,≥4,Statewide,3119
35027,2023,T4,2,Diesel,2020,ICE,Not Applicable,2,Statewide,3124
35028,2023,T4,2,Diesel,2013,ICE,Not Applicable,2,Statewide,3125
35029,2023,T7,8,Diesel,2011,ICE,Not Applicable,≥4,Statewide,3130
35030,2023,T4,2,Gasoline,2010,ICE,Not Applicable,2,Statewide,3138
35031,2023,T4,2,Diesel,2013,ICE,Not Applicable,3,Statewide,3140
35032,2023,P,Not Applicable,Hydrogen,2021,FCEV,>150 miles,2,Statewide,48
35033,2023,T6,5,Gasoline,2023,ICE,Not Applicable,1,Statewide,48
35034,2023,T6,4,Gasoline,2010,ICE,Not Applicable,2,Statewide,48
35035,2023,T5,3,Gasoline,1997,ICE,Not Applicable,1,Statewide,48
35036,2023,T4,2,Gasoline,1981,ICE,Not Applicable,2,Statewide,48
35037,2023,T6,7,Diesel,2007,ICE,Not Applicable,2,Statewide,47
35038,2023,T6,7,Diesel,1981,ICE,Not Applicable,≥4,Statewide,47
35039,2023,T5,3,Diesel,2025,ICE,Not Applicable,2,Statewide,47
35040,2023,T3,2,Diesel,1999,ICE,Not Applicable,3,Statewide,47
35041,2023,BT,Not Applicable,Diesel,1988,ICE,Not Applicable,1,Statewide,46
35042,2023,BS,Not Applicable,Diesel,2022,ICE,Not Applicable,1,Statewide,46
35043,2023,BS,Not Applicable,Diesel,2005,ICE,Not Applicable,1,Statewide,46
35044,2023,B,Not Applicable,Diesel,1995,ICE,Not Applicable,≥4,Statewide,46
35045,2023,T4,2,Gasoline,2004,ICE,Not Applicable,2,Statewide,3207
35046,2023,T4,2,Diesel,2008,ICE,Not Applicable,1,Statewide,3216
35047,2023,T1,1,Gasoline,2016,ICE,Not Applicable,2,Statewide,3220
35048,2023,P,Not Applicable,Gasoline,2022,PHEV,51 to 100 miles,3,Statewide,3224
35049,2023,T4,2,Natural Gas,2006,ICE,Not Applicable,≥4,Statewide,45
35050,2023,P,Not Applicable,Natural Gas,2009,ICE,Not Applicable,2,Statewide,45
35051,2023,BT,Not Applicable,Natural Gas,2004,ICE,Not Applicable,≥4,Statewide,45
35052,2023,T6,5,Gasoline,2008,ICE,Not Applicable,1,Statewide,45
35053,2023,T6,Unknown,Gasoline,2007,ICE,Not Applicable,1,Statewide,45
35054,2023,T6,4,Gasoline,1994,ICE,Not Applicable,1,Statewide,45
35055,2023,T6,7,Gasoline,1993,ICE,Not Applicable,≥4,Statewide,45
35056,2023,T4,Unknown,Gasoline,2003,ICE,Not Applicable,≥4,Statewide,45
35057,2023,T3,Unknown,Gasoline,1980,ICE,Not Applicable,2,Statewide,45
35058,2023,B,Not Applicable,Gasoline,2015,ICE,Not Applicable,2,Statewide,45
35059,2023,P,Not Applicable,Electric,2016,BEV,>150 miles,≥4,Statewide,45
35060,2023,T6,7,Diesel,2015,ICE,Not Applicable,3,Statewide,45
35061,2023,T6,5,Diesel,1999,ICE,Not Applicable,≥4,Statewide,45
35062,2023,BT,Not Applicable,Diesel,2006,ICE,Not Applicable,1,Statewide,46
35063,2023,T6,7,Diesel,1983,ICE,Not Applicable,1,Statewide,45
35064,2023,MH,Not Applicable,Diesel,1992,ICE,Not Applicable,≥4,Statewide,46
35065,2023,T3,2,Diesel,1987,ICE,Not Applicable,1,Statewide,46
35066,2023,P,Not Applicable,Diesel,1996,ICE,Not Applicable,≥4,Statewide,47
35067,2023,BT,Not Applicable,Diesel,1980,ICE,Not Applicable,1,Statewide,47
35068,2023,BS,Not Applicable,Diesel,1989,ICE,Not Applicable,≥4,Statewide,47
35069,2023,MH,Not Applicable,Gasoline,2004,ICE,Not Applicable,≥4,Statewide,3179
35070,2023,T3,2,Gasoline,2025,ICE,Not Applicable,≥4,Statewide,3184
35071,2023,T6,6,Diesel,2017,ICE,Not Applicable,≥4,Statewide,3193
35072,2023,P,Not Applicable,Gasoline,1992,ICE,Not Applicable,1,Statewide,3199
35073,2023,T6,4,Gasoline,2024,ICE,Not Applicable,1,Statewide,46
35074,2023,T6,5,Gasoline,2018,ICE,Not Applicable,1,Statewide,46
35075,2023,T6,4,Gasoline,1999,ICE,Not Applicable,1,Statewide,46
35076,2023,T6,4,Gasoline,1995,ICE,Not Applicable,1,Statewide,46
35077,2023,T3,Unknown,Gasoline,1983,ICE,Not Applicable,3,Statewide,46
35078,2023,MH,Not Applicable,Gasoline,2014,ICE,Not Applicable,1,Statewide,46
35079,2023,BS,Not Applicable,Gasoline,1991,ICE,Not Applicable,≥4,Statewide,46
35080,2023,BS,Not Applicable,Gasoline,1984,ICE,Not Applicable,≥4,Statewide,46
35081,2023,MC,Not Applicable,Electric,2023,BEV,Unknown,1,Statewide,46
35082,2023,T7,8,Diesel,1991,ICE,Not Applicable,1,Statewide,46
35083,2023,T6,7,Diesel,2003,ICE,Not Applicable,3,Statewide,46
35084,2023,T6,4,Diesel,1997,ICE,Not Applicable,1,Statewide,46
35085,2023,T5,3,Diesel,1993,ICE,Not Applicable,1,Statewide,46
35086,2023,T5,3,Diesel,1990,ICE,Not Applicable,≥4,Statewide,46
35087,2023,MH,Not Applicable,Diesel,2015,ICE,Not Applicable,1,Statewide,46
35088,2023,BT,Not Applicable,Gasoline,2008,ICE,Not Applicable,≥4,Statewide,41
35089,2023,BS,Not Applicable,Gasoline,1989,ICE,Not Applicable,≥4,Statewide,41
35090,2023,T1,1,Electric,2017,BEV,101 to 150 miles,1,Statewide,41
35091,2023,T4,2,Gasoline,2021,ICE,Not Applicable,1,Statewide,3541
35092,2023,P,Not Applicable,Gasoline,1992,ICE,Not Applicable,2,Statewide,3551
35093,2023,T7,8,Natural Gas,2006,ICE,Not Applicable,≥4,Statewide,36
35094,2023,T6,7,Gasoline,2023,ICE,Not Applicable,≥4,Statewide,36
35095,2023,T6,4,Gasoline,1998,ICE,Not Applicable,3,Statewide,36
35096,2023,T6,4,Gasoline,1996,ICE,Not Applicable,2,Statewide,36
35097,2023,T6,7,Gasoline,1983,ICE,Not Applicable,≥4,Statewide,36
35098,2023,T5,3,Gasoline,1993,ICE,Not Applicable,1,Statewide,36
35099,2023,T5,3,Gasoline,1993,ICE,Not Applicable,3,Statewide,36
35100,2023,T6,6,Diesel,2020,ICE,Not Applicable,≥4,Statewide,3540
35101,2023,T5,3,Gasoline,1992,ICE,Not Applicable,2,Statewide,36
35102,2023,T4,Unknown,Gasoline,1997,ICE,Not Applicable,≥4,Statewide,36
35103,2023,MH,Not Applicable,Gasoline,1985,ICE,Not Applicable,2,Statewide,36
35104,2023,BT,Not Applicable,Gasoline,2002,ICE,Not Applicable,≥4,Statewide,36
35105,2023,BT,Not Applicable,Gasoline,1999,ICE,Not Applicable,≥4,Statewide,36
35106,2023,BT,Not Applicable,Gasoline,1987,ICE,Not Applicable,≥4,Statewide,36
35107,2023,B,Not Applicable,Gasoline,2001,ICE,Not Applicable,≥4,Statewide,36
35108,2023,P,Not Applicable,Electric,2015,BEV,Unknown,3,Statewide,36
35109,2023,P,Not Applicable,Electric,2015,BEV,>150 miles,1,Statewide,36
35110,2023,P,Not Applicable,Electric,2007,BEV,Unknown,2,Statewide,36
35111,2023,T4,Unknown,Gasoline,2004,ICE,Not Applicable,≥4,Statewide,36
35112,2023,MC,Not Applicable,Gasoline,2007,ICE,Not Applicable,2,Statewide,3539
35113,2023,B,Not Applicable,Diesel,2008,ICE,Not Applicable,1,Statewide,37
35114,2023,B,Not Applicable,Diesel,2020,ICE,Not Applicable,1,Statewide,37
35115,2023,MH,Not Applicable,Gasoline,2011,ICE,Not Applicable,≥4,Statewide,3537
35116,2023,P,Not Applicable,Gasoline,1993,ICE,Not Applicable,1,Statewide,3538
35117,2023,B,Not Applicable,Natural Gas,2022,ICE,Not Applicable,≥4,Statewide,37
35118,2023,T6,5,Gasoline,2020,ICE,Not Applicable,2,Statewide,37
35119,2023,T6,5,Gasoline,2017,ICE,Not Applicable,1,Statewide,37
35120,2023,T6,4,Gasoline,1996,ICE,Not Applicable,3,Statewide,37
35121,2023,T6,5,Gasoline,1990,ICE,Not Applicable,≥4,Statewide,37
35122,2023,T5,3,Gasoline,1991,ICE,Not Applicable,3,Statewide,37
35123,2023,T3,2,Gasoline,2020,PHEV,0 to 50 miles,1,Statewide,37
35124,2023,BS,Not Applicable,Gasoline,1997,ICE,Not Applicable,≥4,Statewide,37
35125,2023,B,Not Applicable,Electric,1980,BEV,Unknown,1,Statewide,37
35126,2023,T7,8,Diesel,1994,ICE,Not Applicable,3,Statewide,37
35127,2023,T7,8,Diesel,1986,ICE,Not Applicable,1,Statewide,37
35128,2023,T6,Unknown,Diesel,2016,ICE,Not Applicable,≥4,Statewide,37
35129,2023,T6,4,Diesel,2014,ICE,Not Applicable,2,Statewide,37
35130,2023,T6,Unknown,Diesel,1988,ICE,Not Applicable,≥4,Statewide,37
35131,2023,T2,1,Diesel,1988,ICE,Not Applicable,≥4,Statewide,37
35132,2023,T2,1,Diesel,1980,ICE,Not Applicable,≥4,Statewide,37
35133,2023,MH,Not Applicable,Diesel,2014,ICE,Not Applicable,1,Statewide,37
35134,2023,BS,Not Applicable,Diesel,2020,ICE,Not Applicable,1,Statewide,37
35135,2023,BS,Not Applicable,Diesel,2002,ICE,Not Applicable,1,Statewide,37
35136,2023,T7,8,Diesel,1996,ICE,Not Applicable,3,Statewide,36
35137,2023,T7,8,Diesel,1982,ICE,Not Applicable,1,Statewide,36
35138,2023,T6,4,Diesel,2024,ICE,Not Applicable,2,Statewide,36
35139,2023,T6,Unknown,Diesel,1983,ICE,Not Applicable,≥4,Statewide,36
35140,2023,B,Not Applicable,Gasoline,1987,ICE,Not Applicable,≥4,Statewide,35
35141,2023,B,Not Applicable,Gasoline,1980,ICE,Not Applicable,1,Statewide,35
35142,2023,P,Not Applicable,Electric,2012,BEV,Unknown,≥4,Statewide,35
35143,2023,MC,Not Applicable,Electric,2021,BEV,Unknown,3,Statewide,35
35144,2023,T7,8,Diesel,1996,ICE,Not Applicable,2,Statewide,35
35145,2023,T6,Unknown,Diesel,2004,ICE,Not Applicable,≥4,Statewide,35
35146,2023,T5,3,Diesel,1991,ICE,Not Applicable,1,Statewide,35
35147,2023,T2,1,Diesel,2012,ICE,Not Applicable,3,Statewide,35
35148,2023,T2,1,Diesel,2010,ICE,Not Applicable,3,Statewide,35
35149,2023,T1,1,Diesel,1989,ICE,Not Applicable,3,Statewide,35
35150,2023,MH,Not Applicable,Diesel,1996,ICE,Not Applicable,2,Statewide,35
35151,2023,BT,Not Applicable,Diesel,1986,ICE,Not Applicable,1,Statewide,35
35152,2023,BS,Not Applicable,Diesel,2023,ICE,Not Applicable,1,Statewide,35
35153,2023,BS,Not Applicable,Diesel,2004,ICE,Not Applicable,3,Statewide,35
35154,2023,B,Not Applicable,Diesel,2011,ICE,Not Applicable,1,Statewide,35
35155,2023,B,Not Applicable,Diesel,2005,ICE,Not Applicable,1,Statewide,35
35156,2023,T4,2,Gasoline,2005,ICE,Not Applicable,1,Statewide,3633
35157,2023,T4,2,Diesel,2006,ICE,Not Applicable,2,Statewide,3638
35158,2023,T5,3,Gasoline,2020,ICE,Not Applicable,≥4,Statewide,3638
35159,2023,T5,3,Diesel,2012,ICE,Not Applicable,≥4,Statewide,3643
35160,2023,T6,4,Natural Gas,2020,ICE,Not Applicable,≥4,Statewide,34
35161,2023,T3,Unknown,Gasoline,1982,ICE,Not Applicable,2,Statewide,35
35162,2023,P,Not Applicable,Gasoline,1982,ICE,Not Applicable,≥4,Statewide,3532
35163,2023,T3,Unknown,Gasoline,1982,ICE,Not Applicable,1,Statewide,35
35164,2023,T5,3,Gasoline,1990,ICE,Not Applicable,1,Statewide,35
35165,2023,T3,Unknown,Diesel,1979,ICE,Not Applicable,≥4,Statewide,36
35166,2023,T2,1,Diesel,2013,ICE,Not Applicable,3,Statewide,36
35167,2023,T2,1,Diesel,2011,ICE,Not Applicable,1,Statewide,36
35168,2023,T2,1,Diesel,2011,ICE,Not Applicable,2,Statewide,36
35169,2023,BS,Not Applicable,Diesel,2011,ICE,Not Applicable,2,Statewide,36
35170,2023,BS,Not Applicable,Diesel,2006,ICE,Not Applicable,1,Statewide,36
35171,2023,BS,Not Applicable,Diesel,2003,ICE,Not Applicable,1,Statewide,36
35172,2023,B,Not Applicable,Diesel,2004,ICE,Not Applicable,1,Statewide,36
35173,2023,B,Not Applicable,Diesel,1990,ICE,Not Applicable,≥4,Statewide,36
35174,2023,P,Not Applicable,Electric,2021,BEV,51 to 100 miles,1,Statewide,3581
35175,2023,T1,1,Gasoline,1997,ICE,Not Applicable,1,Statewide,3598
35176,2023,T4,2,Diesel,2006,ICE,Not Applicable,3,Statewide,3601
35177,2023,MC,Not Applicable,Gasoline,2009,ICE,Not Applicable,2,Statewide,3604
35178,2023,T6,6,Diesel,2021,ICE,Not Applicable,≥4,Statewide,3607
35179,2023,MC,Not Applicable,Gasoline,2017,ICE,Not Applicable,2,Statewide,3610
35180,2023,T3,2,Natural Gas,2008,ICE,Not Applicable,1,Statewide,35
35181,2023,P,Not Applicable,Natural Gas,2005,ICE,Not Applicable,3,Statewide,35
35182,2023,T6,5,Gasoline,2022,ICE,Not Applicable,3,Statewide,35
35183,2023,T6,4,Gasoline,2020,ICE,Not Applicable,3,Statewide,35
35184,2023,T6,4,Gasoline,2013,ICE,Not Applicable,3,Statewide,35
35185,2023,T6,4,Gasoline,1999,ICE,Not Applicable,3,Statewide,35
35186,2023,T4,Unknown,Gasoline,2000,ICE,Not Applicable,≥4,Statewide,35
35187,2023,T1,1,Gasoline,1995,ICE,Not Applicable,3,Statewide,3530
35188,2023,T2,1,Gasoline,1998,ICE,Not Applicable,2,Statewide,3521
35189,2023,T6,5,Diesel,2017,ICE,Not Applicable,≥4,Statewide,3512
35190,2023,T6,4,Diesel,2016,ICE,Not Applicable,3,Statewide,40
35191,2023,T6,4,Diesel,2015,ICE,Not Applicable,3,Statewide,40
35192,2023,T6,Unknown,Diesel,1980,ICE,Not Applicable,≥4,Statewide,40
35193,2023,T5,3,Diesel,1992,ICE,Not Applicable,1,Statewide,40
35194,2023,T4,Unknown,Diesel,1987,ICE,Not Applicable,≥4,Statewide,40
35195,2023,P,Not Applicable,Diesel,1981,ICE,Not Applicable,2,Statewide,40
35196,2023,T4,2,Gasoline,2004,ICE,Not Applicable,3,Statewide,3431
35197,2023,T1,1,Gasoline,2015,ICE,Not Applicable,1,Statewide,3438
35198,2023,T1,1,Gasoline,1979,ICE,Not Applicable,2,Statewide,3442
35199,2023,T4,2,Gasoline,2007,ICE,Not Applicable,1,Statewide,3446
35200,2023,T3,2,Natural Gas,2009,ICE,Not Applicable,3,Statewide,39
35201,2023,P,Not Applicable,Natural Gas,2010,ICE,Not Applicable,1,Statewide,39
35202,2023,B,Not Applicable,Natural Gas,2018,ICE,Not Applicable,≥4,Statewide,39
35203,2023,T6,Unknown,Gasoline,2021,ICE,Not Applicable,≥4,Statewide,39
35204,2023,T6,Unknown,Gasoline,2014,ICE,Not Applicable,1,Statewide,39
35205,2023,T6,Unknown,Gasoline,2006,ICE,Not Applicable,≥4,Statewide,39
35206,2023,T6,Unknown,Gasoline,2005,ICE,Not Applicable,≥4,Statewide,39
35207,2023,T6,6,Gasoline,2002,ICE,Not Applicable,1,Statewide,39
35208,2023,T5,3,Gasoline,1991,ICE,Not Applicable,1,Statewide,39
35209,2023,T4,Unknown,Gasoline,1998,ICE,Not Applicable,≥4,Statewide,39
35210,2023,BT,Not Applicable,Gasoline,2006,ICE,Not Applicable,≥4,Statewide,39
35211,2023,T6,4,Diesel,2018,ICE,Not Applicable,3,Statewide,40
35212,2023,B,Not Applicable,Gasoline,2023,ICE,Not Applicable,2,Statewide,39
35213,2023,T2,1,Electric,2007,BEV,Unknown,≥4,Statewide,40
35214,2023,T6,4,Gasoline,1996,ICE,Not Applicable,1,Statewide,40
35215,2023,T7,8,Diesel,1999,ICE,Not Applicable,3,Statewide,41
35216,2023,T7,8,Diesel,1989,ICE,Not Applicable,1,Statewide,41
35217,2023,T6,4,Diesel,2015,ICE,Not Applicable,2,Statewide,41
35218,2023,T6,5,Diesel,2015,ICE,Not Applicable,2,Statewide,41
35219,2023,T6,7,Diesel,2009,ICE,Not Applicable,2,Statewide,41
35220,2023,T6,7,Diesel,2003,ICE,Not Applicable,2,Statewide,41
35221,2023,T6,5,Diesel,2001,ICE,Not Applicable,≥4,Statewide,41
35222,2023,T6,7,Diesel,2000,ICE,Not Applicable,3,Statewide,41
35223,2023,T6,4,Diesel,1998,ICE,Not Applicable,1,Statewide,41
35224,2023,T6,6,Diesel,1995,ICE,Not Applicable,1,Statewide,41
35225,2023,T6,7,Diesel,1990,ICE,Not Applicable,1,Statewide,41
35226,2023,T5,3,Diesel,1993,ICE,Not Applicable,2,Statewide,41
35227,2023,T3,2,Diesel,1999,ICE,Not Applicable,1,Statewide,41
35228,2023,T1,1,Diesel,1986,ICE,Not Applicable,≥4,Statewide,41
35229,2023,MH,Not Applicable,Diesel,1996,ICE,Not Applicable,1,Statewide,41
35230,2023,BS,Not Applicable,Diesel,1995,ICE,Not Applicable,1,Statewide,41
35231,2023,P,Not Applicable,Gasoline,1992,ICE,Not Applicable,3,Statewide,3385
35232,2023,T4,2,Diesel,2010,ICE,Not Applicable,1,Statewide,3399
35233,2023,T5,3,Diesel,2017,ICE,Not Applicable,≥4,Statewide,3412
35234,2023,BS,Not Applicable,Natural Gas,2006,ICE,Not Applicable,≥4,Statewide,40
35235,2023,T6,6,Gasoline,2010,ICE,Not Applicable,1,Statewide,40
35236,2023,T4,Unknown,Gasoline,1985,ICE,Not Applicable,2,Statewide,40
35237,2023,T6,7,Diesel,2020,ICE,Not Applicable,3,Statewide,49
35238,2023,B,Not Applicable,Gasoline,1998,ICE,Not Applicable,≥4,Statewide,39
35239,2023,T7,8,Diesel,1985,ICE,Not Applicable,1,Statewide,39
35240,2023,T5,3,Gasoline,1992,ICE,Not Applicable,3,Statewide,38
35241,2023,T3,Unknown,Gasoline,1982,ICE,Not Applicable,3,Statewide,38
35242,2023,BT,Not Applicable,Gasoline,2019,ICE,Not Applicable,1,Statewide,38
35243,2023,B,Not Applicable,Gasoline,2021,ICE,Not Applicable,3,Statewide,38
35244,2023,T6,7,Diesel,2025,ICE,Not Applicable,2,Statewide,38
35245,2023,T6,Unknown,Diesel,2002,ICE,Not Applicable,≥4,Statewide,38
35246,2023,T6,7,Diesel,1998,ICE,Not Applicable,1,Statewide,38
35247,2023,T6,Unknown,Diesel,1987,ICE,Not Applicable,≥4,Statewide,38
35248,2023,T4,Unknown,Diesel,1988,ICE,Not Applicable,≥4,Statewide,38
35249,2023,T2,1,Diesel,2012,ICE,Not Applicable,1,Statewide,38
35250,2023,T2,1,Diesel,2012,ICE,Not Applicable,2,Statewide,38
35251,2023,MH,Not Applicable,Diesel,1996,ICE,Not Applicable,3,Statewide,38
35252,2023,MH,Not Applicable,Diesel,1988,ICE,Not Applicable,≥4,Statewide,38
35253,2023,MH,Not Applicable,Diesel,1987,ICE,Not Applicable,≥4,Statewide,38
35254,2023,BT,Not Applicable,Diesel,1989,ICE,Not Applicable,1,Statewide,38
35255,2023,BS,Not Applicable,Diesel,2019,ICE,Not Applicable,1,Statewide,38
35256,2023,BS,Not Applicable,Diesel,2001,ICE,Not Applicable,1,Statewide,38
35257,2023,B,Not Applicable,Diesel,2012,ICE,Not Applicable,1,Statewide,38
35258,2023,T1,1,Gasoline,1995,ICE,Not Applicable,2,Statewide,3499
35259,2023,P,Not Applicable,Gasoline,1988,ICE,Not Applicable,≥4,Statewide,3503
35260,2023,P,Not Applicable,Gasoline,2018,PHEV,0 to 50 miles,3,Statewide,3505
35261,2023,T5,3,Gasoline,1997,ICE,Not Applicable,2,Statewide,38
35262,2023,T6,Unknown,Electric,1979,BEV,Unknown,≥4,Statewide,39
35263,2023,T6,5,Gasoline,1979,ICE,Not Applicable,2,Statewide,38
35264,2023,T6,7,Gasoline,1998,ICE,Not Applicable,≥4,Statewide,38
35265,2023,T6,Unknown,Diesel,1996,ICE,Not Applicable,≥4,Statewide,39
35266,2023,T5,3,Diesel,1989,ICE,Not Applicable,≥4,Statewide,39
35267,2023,T4,Unknown,Diesel,1985,ICE,Not Applicable,≥4,Statewide,39
35268,2023,T2,1,Diesel,2011,ICE,Not Applicable,3,Statewide,39
35269,2023,T2,1,Diesel,2010,ICE,Not Applicable,1,Statewide,39
35270,2023,T1,1,Diesel,1988,ICE,Not Applicable,2,Statewide,39
35271,2023,BS,Not Applicable,Diesel,2008,ICE,Not Applicable,1,Statewide,39
35272,2023,BS,Not Applicable,Diesel,2004,ICE,Not Applicable,1,Statewide,39
35273,2023,BS,Not Applicable,Diesel,1979,ICE,Not Applicable,2,Statewide,39
35274,2023,B,Not Applicable,Diesel,2006,ICE,Not Applicable,1,Statewide,39
35275,2023,B,Not Applicable,Diesel,1979,ICE,Not Applicable,1,Statewide,39
35276,2023,P,Not Applicable,Gasoline,1993,ICE,Not Applicable,3,Statewide,3453
35277,2023,T1,1,Gasoline,1994,ICE,Not Applicable,1,Statewide,3458
35278,2023,T6,6,Diesel,2011,ICE,Not Applicable,≥4,Statewide,3468
35279,2023,P,Not Applicable,Electric,2020,BEV,51 to 100 miles,2,Statewide,3496
35280,2023,B,Not Applicable,Natural Gas,2007,ICE,Not Applicable,≥4,Statewide,38
35281,2023,T7,8,Gasoline,1981,ICE,Not Applicable,≥4,Statewide,38
35282,2023,T6,4,Gasoline,2024,ICE,Not Applicable,3,Statewide,38
35283,2023,T6,4,Gasoline,2017,ICE,Not Applicable,3,Statewide,38
35284,2023,T6,Unknown,Gasoline,2011,ICE,Not Applicable,≥4,Statewide,38
35285,2023,T6,7,Gasoline,2001,ICE,Not Applicable,≥4,Statewide,38
35286,2023,T6,4,Gasoline,1994,ICE,Not Applicable,3,Statewide,38
35287,2023,T4,2,Gasoline,2014,ICE,Not Applicable,≥4,Statewide,2596
35288,2023,T6,Unknown,Diesel,2022,ICE,Not Applicable,≥4,Statewide,49
35289,2023,MH,Not Applicable,Gasoline,1985,ICE,Not Applicable,1,Statewide,49
35290,2023,BS,Not Applicable,Gasoline,2019,ICE,Not Applicable,≥4,Statewide,65
35291,2023,BS,Not Applicable,Gasoline,1998,ICE,Not Applicable,≥4,Statewide,65
35292,2023,B,Not Applicable,Gasoline,2020,ICE,Not Applicable,1,Statewide,65
35293,2023,MC,Not Applicable,Electric,2018,BEV,Unknown,≥4,Statewide,65
35294,2023,T6,7,Diesel,2024,ICE,Not Applicable,3,Statewide,65
35295,2023,T6,Unknown,Diesel,2015,ICE,Not Applicable,≥4,Statewide,65
35296,2023,T6,7,Diesel,2011,ICE,Not Applicable,3,Statewide,65
35297,2023,T6,7,Diesel,2006,ICE,Not Applicable,2,Statewide,65
35298,2023,T6,7,Diesel,1982,ICE,Not Applicable,≥4,Statewide,65
35299,2023,T4,Unknown,Gasoline,2004,ICE,Not Applicable,1,Statewide,65
35300,2023,T3,2,Diesel,1988,ICE,Not Applicable,2,Statewide,65
35301,2023,BS,Not Applicable,Diesel,1979,ICE,Not Applicable,1,Statewide,65
35302,2023,T1,1,Gasoline,1992,ICE,Not Applicable,2,Statewide,2786
35303,2023,T3,2,Diesel,2020,ICE,Not Applicable,2,Statewide,2788
35304,2023,P,Not Applicable,Natural Gas,2015,ICE,Not Applicable,3,Statewide,64
35305,2023,T6,4,Gasoline,2022,ICE,Not Applicable,3,Statewide,64
35306,2023,T6,4,Gasoline,2009,ICE,Not Applicable,2,Statewide,64
35307,2023,T5,3,Gasoline,1996,ICE,Not Applicable,1,Statewide,64
35308,2023,T4,Unknown,Gasoline,2021,ICE,Not Applicable,≥4,Statewide,64
35309,2023,T4,Unknown,Gasoline,1993,ICE,Not Applicable,≥4,Statewide,64
35310,2023,P,Not Applicable,Diesel,2000,ICE,Not Applicable,1,Statewide,65
35311,2023,T6,4,Gasoline,2003,ICE,Not Applicable,3,Statewide,65
35312,2023,T6,6,Gasoline,2009,ICE,Not Applicable,≥4,Statewide,65
35313,2023,B,Not Applicable,Natural Gas,2014,ICE,Not Applicable,≥4,Statewide,65
35314,2023,T6,6,Diesel,2001,ICE,Not Applicable,3,Statewide,67
35315,2023,MH,Not Applicable,Gasoline,2008,ICE,Not Applicable,≥4,Statewide,2747
35316,2023,MH,Not Applicable,Gasoline,2022,ICE,Not Applicable,≥4,Statewide,2756
35317,2023,T1,1,Gasoline,1993,ICE,Not Applicable,2,Statewide,2773
35318,2023,T6,7,Gasoline,2024,ICE,Not Applicable,≥4,Statewide,66
35319,2023,T6,Unknown,Gasoline,1982,ICE,Not Applicable,≥4,Statewide,66
35320,2023,T4,Unknown,Gasoline,1992,ICE,Not Applicable,≥4,Statewide,66
35321,2023,T3,Unknown,Gasoline,1984,ICE,Not Applicable,2,Statewide,66
35322,2023,B,Not Applicable,Gasoline,2000,ICE,Not Applicable,≥4,Statewide,66
35323,2023,T7,8,Diesel,2001,ICE,Not Applicable,3,Statewide,66
35324,2023,T7,8,Diesel,1994,ICE,Not Applicable,2,Statewide,66
35325,2023,T7,8,Diesel,1993,ICE,Not Applicable,1,Statewide,66
35326,2023,T6,6,Diesel,2002,ICE,Not Applicable,3,Statewide,66
35327,2023,T6,Unknown,Diesel,1990,ICE,Not Applicable,≥4,Statewide,66
35328,2023,T4,2,Diesel,1987,ICE,Not Applicable,2,Statewide,66
35329,2023,P,Not Applicable,Diesel,2013,ICE,Not Applicable,3,Statewide,66
35330,2023,BT,Not Applicable,Diesel,2005,ICE,Not Applicable,1,Statewide,66
35331,2023,T1,1,Gasoline,1993,ICE,Not Applicable,3,Statewide,2778
35332,2023,T3,2,Gasoline,1998,ICE,Not Applicable,2,Statewide,2784
35333,2023,T6,7,Natural Gas,2019,ICE,Not Applicable,≥4,Statewide,65
35334,2023,P,Not Applicable,Natural Gas,2019,ICE,Not Applicable,3,Statewide,65
35335,2023,B,Not Applicable,Gasoline,2007,ICE,Not Applicable,2,Statewide,64
35336,2023,T6,5,Diesel,2014,ICE,Not Applicable,2,Statewide,64
35337,2023,MH,Not Applicable,Diesel,2001,ICE,Not Applicable,1,Statewide,64
35338,2023,B,Not Applicable,Diesel,1996,ICE,Not Applicable,≥4,Statewide,64
35339,2023,T6,Unknown,Gasoline,2012,ICE,Not Applicable,1,Statewide,62
35340,2023,T6,7,Gasoline,1996,ICE,Not Applicable,≥4,Statewide,62
35341,2023,T6,7,Gasoline,1989,ICE,Not Applicable,≥4,Statewide,62
35342,2023,T5,3,Gasoline,1997,ICE,Not Applicable,3,Statewide,62
35343,2023,T4,Unknown,Gasoline,1995,ICE,Not Applicable,≥4,Statewide,62
35344,2023,T4,Unknown,Gasoline,1985,ICE,Not Applicable,3,Statewide,62
35345,2023,BS,Not Applicable,Gasoline,1993,ICE,Not Applicable,≥4,Statewide,62
35346,2023,B,Not Applicable,Gasoline,2017,ICE,Not Applicable,2,Statewide,62
35347,2023,T6,4,Diesel,2017,ICE,Not Applicable,3,Statewide,62
35348,2023,T6,7,Diesel,1996,ICE,Not Applicable,1,Statewide,62
35349,2023,T4,Unknown,Diesel,2003,ICE,Not Applicable,≥4,Statewide,62
35350,2023,T2,1,Diesel,1984,ICE,Not Applicable,≥4,Statewide,62
35351,2023,P,Not Applicable,Diesel,1991,ICE,Not Applicable,2,Statewide,62
35352,2023,P,Not Applicable,Diesel,1991,ICE,Not Applicable,3,Statewide,62
35353,2023,P,Not Applicable,Diesel,1979,ICE,Not Applicable,3,Statewide,62
35354,2023,MH,Not Applicable,Diesel,2000,ICE,Not Applicable,1,Statewide,62
35355,2023,MH,Not Applicable,Diesel,1993,ICE,Not Applicable,≥4,Statewide,62
35356,2023,T4,2,Gasoline,2023,ICE,Not Applicable,2,Statewide,2834
35357,2023,T4,2,Diesel,2006,ICE,Not Applicable,1,Statewide,2838
35358,2023,T1,Unknown,Gasoline,1979,ICE,Not Applicable,≥4,Statewide,2849
35359,2023,P,Not Applicable,Diesel,2020,ICE,Not Applicable,≥4,Statewide,2852
35360,2023,T6,4,Gasoline,2021,ICE,Not Applicable,3,Statewide,62
35361,2023,T6,7,Diesel,2010,ICE,Not Applicable,2,Statewide,67
35362,2023,P,Not Applicable,Natural Gas,2012,ICE,Not Applicable,2,Statewide,62
35363,2023,T4,2,Gasoline,1995,ICE,Not Applicable,≥4,Statewide,2831
35364,2023,T4,2,Diesel,2001,ICE,Not Applicable,≥4,Statewide,2799
35365,2023,T4,2,Diesel,2020,ICE,Not Applicable,3,Statewide,2801
35366,2023,MC,Not Applicable,Gasoline,2016,ICE,Not Applicable,3,Statewide,2801
35367,2023,P,Not Applicable,Gasoline,2023,PHEV,51 to 100 miles,1,Statewide,2805
35368,2023,T1,1,Gasoline,1991,ICE,Not Applicable,2,Statewide,2812
35369,2023,B,Not Applicable,Natural Gas,2015,ICE,Not Applicable,≥4,Statewide,63
35370,2023,T6,6,Gasoline,1981,ICE,Not Applicable,1,Statewide,63
35371,2023,T3,Unknown,Gasoline,1984,ICE,Not Applicable,3,Statewide,63
35372,2023,T2,1,Gasoline,1985,ICE,Not Applicable,1,Statewide,63
35373,2023,BS,Not Applicable,Gasoline,1992,ICE,Not Applicable,≥4,Statewide,63
35374,2023,B,Not Applicable,Gasoline,2021,ICE,Not Applicable,1,Statewide,63
35375,2023,B,Not Applicable,Gasoline,2014,ICE,Not Applicable,2,Statewide,63
35376,2023,B,Not Applicable,Gasoline,2005,ICE,Not Applicable,1,Statewide,63
35377,2023,B,Not Applicable,Gasoline,2005,ICE,Not Applicable,2,Statewide,63
35378,2023,T6,6,Diesel,1999,ICE,Not Applicable,1,Statewide,63
35379,2023,T6,Unknown,Diesel,1989,ICE,Not Applicable,≥4,Statewide,63
35380,2023,T4,2,Diesel,1987,ICE,Not Applicable,1,Statewide,63
35381,2023,P,Not Applicable,Diesel,1983,ICE,Not Applicable,3,Statewide,63
35382,2023,T1,1,Gasoline,1992,ICE,Not Applicable,3,Statewide,2817
35383,2023,MC,Not Applicable,Gasoline,2007,ICE,Not Applicable,1,Statewide,2819
35384,2023,P,Not Applicable,Gasoline,1991,ICE,Not Applicable,3,Statewide,2819
35385,2023,T5,3,Diesel,2016,ICE,Not Applicable,≥4,Statewide,2833
35386,2023,MC,Not Applicable,Gasoline,2009,ICE,Not Applicable,1,Statewide,2853
35387,2023,T6,4,Diesel,2021,ICE,Not Applicable,3,Statewide,67
35388,2023,B,Not Applicable,Gasoline,2004,ICE,Not Applicable,3,Statewide,67
35389,2023,T6,7,Diesel,2010,ICE,Not Applicable,3,Statewide,72
35390,2023,T6,6,Diesel,2000,ICE,Not Applicable,2,Statewide,72
35391,2023,T6,6,Diesel,1989,ICE,Not Applicable,≥4,Statewide,72
35392,2023,T5,3,Diesel,1994,ICE,Not Applicable,2,Statewide,72
35393,2023,T4,Unknown,Diesel,2004,ICE,Not Applicable,≥4,Statewide,72
35394,2023,T2,1,Diesel,2011,ICE,Not Applicable,≥4,Statewide,72
35395,2023,T2,1,Diesel,2010,ICE,Not Applicable,≥4,Statewide,72
35396,2023,MH,Not Applicable,Gasoline,2005,ICE,Not Applicable,≥4,Statewide,2649
35397,2023,T6,7,Gasoline,2012,ICE,Not Applicable,≥4,Statewide,71
35398,2023,T6,7,Diesel,2016,ICE,Not Applicable,2,Statewide,72
35399,2023,T6,7,Gasoline,2007,ICE,Not Applicable,≥4,Statewide,71
35400,2023,MH,Not Applicable,Gasoline,1986,ICE,Not Applicable,2,Statewide,71
35401,2023,B,Not Applicable,Gasoline,2018,ICE,Not Applicable,1,Statewide,71
35402,2023,B,Not Applicable,Gasoline,2017,ICE,Not Applicable,1,Statewide,71
35403,2023,T7,8,Diesel,1980,ICE,Not Applicable,1,Statewide,71
35404,2023,T6,7,Diesel,2020,ICE,Not Applicable,2,Statewide,71
35405,2023,T6,7,Diesel,2019,ICE,Not Applicable,2,Statewide,71
35406,2023,T6,7,Diesel,1983,ICE,Not Applicable,≥4,Statewide,71
35407,2023,T5,3,Diesel,2025,ICE,Not Applicable,3,Statewide,71
35408,2023,T5,3,Diesel,1996,ICE,Not Applicable,3,Statewide,71
35409,2023,T2,1,Gasoline,1985,ICE,Not Applicable,3,Statewide,71
35410,2023,T7,8,Diesel,2001,ICE,Not Applicable,2,Statewide,72
35411,2023,T2,1,Gasoline,1985,ICE,Not Applicable,2,Statewide,72
35412,2023,T4,2,Gasoline,1982,ICE,Not Applicable,2,Statewide,72
35413,2023,T5,3,Gasoline,2010,ICE,Not Applicable,≥4,Statewide,2610
35414,2023,P,Not Applicable,Natural Gas,2012,ICE,Not Applicable,1,Statewide,73
35415,2023,P,Not Applicable,Natural Gas,2007,ICE,Not Applicable,2,Statewide,73
35416,2023,BS,Not Applicable,Natural Gas,2013,ICE,Not Applicable,≥4,Statewide,73
35417,2023,T6,4,Gasoline,2023,ICE,Not Applicable,2,Statewide,73
35418,2023,T6,6,Gasoline,1983,ICE,Not Applicable,1,Statewide,73
35419,2023,T5,3,Gasoline,1998,ICE,Not Applicable,2,Statewide,73
35420,2023,BS,Not Applicable,Gasoline,1995,ICE,Not Applicable,≥4,Statewide,73
35421,2023,BS,Not Applicable,Gasoline,1990,ICE,Not Applicable,≥4,Statewide,73
35422,2023,B,Not Applicable,Gasoline,2016,ICE,Not Applicable,2,Statewide,73
35423,2023,T6,6,Diesel,1987,ICE,Not Applicable,≥4,Statewide,73
35424,2023,T5,3,Diesel,1996,ICE,Not Applicable,1,Statewide,73
35425,2023,T5,3,Diesel,1994,ICE,Not Applicable,3,Statewide,73
35426,2023,P,Not Applicable,Diesel,2012,ICE,Not Applicable,≥4,Statewide,73
35427,2023,MH,Not Applicable,Diesel,2017,ICE,Not Applicable,1,Statewide,73
35428,2023,MH,Not Applicable,Diesel,2017,ICE,Not Applicable,2,Statewide,73
35429,2023,MH,Not Applicable,Diesel,2001,ICE,Not Applicable,2,Statewide,73
35430,2023,B,Not Applicable,Diesel,2001,ICE,Not Applicable,≥4,Statewide,73
35431,2023,T7,8,Diesel,2010,ICE,Not Applicable,≥4,Statewide,2614
35432,2023,T2,1,Gasoline,1996,ICE,Not Applicable,2,Statewide,2618
35433,2023,T6,4,Gasoline,2017,ICE,Not Applicable,1,Statewide,72
35434,2023,T3,2,Diesel,1987,ICE,Not Applicable,2,Statewide,71
35435,2023,BT,Not Applicable,Diesel,2022,ICE,Not Applicable,1,Statewide,71
35436,2023,T6,Unknown,Gasoline,2022,ICE,Not Applicable,1,Statewide,70
35437,2023,BS,Not Applicable,Gasoline,1986,ICE,Not Applicable,≥4,Statewide,70
35438,2023,P,Not Applicable,Natural Gas,2015,ICE,Not Applicable,2,Statewide,68
35439,2023,T6,4,Gasoline,2021,ICE,Not Applicable,2,Statewide,68
35440,2023,T6,7,Gasoline,1992,ICE,Not Applicable,≥4,Statewide,68
35441,2023,BT,Not Applicable,Gasoline,1986,ICE,Not Applicable,≥4,Statewide,68
35442,2023,T6,Unknown,Electric,2018,BEV,Unknown,≥4,Statewide,68
35443,2023,B,Not Applicable,Electric,2022,BEV,Unknown,≥4,Statewide,68
35444,2023,T6,4,Diesel,2020,ICE,Not Applicable,3,Statewide,68
35445,2023,T6,4,Diesel,2019,ICE,Not Applicable,3,Statewide,68
35446,2023,T6,7,Diesel,2012,ICE,Not Applicable,3,Statewide,68
35447,2023,T6,7,Diesel,2009,ICE,Not Applicable,1,Statewide,68
35448,2023,T6,7,Diesel,2005,ICE,Not Applicable,2,Statewide,68
35449,2023,T6,5,Diesel,2000,ICE,Not Applicable,≥4,Statewide,68
35450,2023,T6,6,Diesel,2000,ICE,Not Applicable,3,Statewide,68
35451,2023,T4,Unknown,Diesel,2002,ICE,Not Applicable,≥4,Statewide,68
35452,2023,T4,Unknown,Diesel,1998,ICE,Not Applicable,≥4,Statewide,68
35453,2023,T4,2,Diesel,1987,ICE,Not Applicable,3,Statewide,68
35454,2023,T4,2,Gasoline,2023,ICE,Not Applicable,3,Statewide,2731
35455,2023,T3,2,Natural Gas,2004,ICE,Not Applicable,≥4,Statewide,67
35456,2023,T6,5,Gasoline,2022,ICE,Not Applicable,2,Statewide,67
35457,2023,T6,4,Gasoline,2003,ICE,Not Applicable,1,Statewide,67
35458,2023,B,Not Applicable,Gasoline,2020,ICE,Not Applicable,3,Statewide,67
35459,2023,T6,7,Natural Gas,2017,ICE,Not Applicable,≥4,Statewide,68
35460,2023,P,Not Applicable,Electric,2013,BEV,Unknown,≥4,Statewide,67
35461,2023,P,Not Applicable,Electric,2022,BEV,51 to 100 miles,3,Statewide,2717
35462,2023,P,Not Applicable,Gasoline,2017,PHEV,0 to 50 miles,≥4,Statewide,2705
35463,2023,B,Not Applicable,Gasoline,2006,ICE,Not Applicable,3,Statewide,70
35464,2023,P,Not Applicable,Electric,2015,BEV,>150 miles,≥4,Statewide,70
35465,2023,T7,8,Diesel,1992,ICE,Not Applicable,1,Statewide,70
35466,2023,T6,5,Diesel,2014,ICE,Not Applicable,3,Statewide,70
35467,2023,T6,7,Diesel,2014,ICE,Not Applicable,2,Statewide,70
35468,2023,T6,6,Diesel,1979,ICE,Not Applicable,1,Statewide,70
35469,2023,T4,2,Gasoline,1994,ICE,Not Applicable,≥4,Statewide,2689
35470,2023,P,Not Applicable,Electric,2020,BEV,51 to 100 miles,1,Statewide,2696
35471,2023,T6,4,Gasoline,2023,ICE,Not Applicable,3,Statewide,69
35472,2023,B,Not Applicable,Gasoline,2014,ICE,Not Applicable,3,Statewide,69
35473,2023,T7,8,Diesel,2000,ICE,Not Applicable,2,Statewide,69
35474,2023,T7,8,Diesel,1998,ICE,Not Applicable,1,Statewide,69
35475,2023,T6,Unknown,Diesel,2020,ICE,Not Applicable,≥4,Statewide,69
35476,2023,T6,4,Diesel,2020,ICE,Not Applicable,2,Statewide,69
35477,2023,T6,7,Diesel,2014,ICE,Not Applicable,3,Statewide,69
35478,2023,T6,Unknown,Diesel,1984,ICE,Not Applicable,≥4,Statewide,69
35479,2023,P,Not Applicable,Diesel,1982,ICE,Not Applicable,≥4,Statewide,69
35480,2023,MH,Not Applicable,Diesel,2016,ICE,Not Applicable,1,Statewide,69
35481,2023,BT,Not Applicable,Diesel,1992,ICE,Not Applicable,≥4,Statewide,69
35482,2023,BT,Not Applicable,Diesel,1990,ICE,Not Applicable,≥4,Statewide,69
35483,2023,T1,1,Gasoline,2016,ICE,Not Applicable,≥4,Statewide,2700
35484,2023,T3,2,Gasoline,1998,ICE,Not Applicable,3,Statewide,2712
35485,2023,P,Not Applicable,Gasoline,1991,ICE,Not Applicable,2,Statewide,2855
35486,2023,T6,7,Natural Gas,2023,ICE,Not Applicable,≥4,Statewide,61
35487,2023,P,Not Applicable,Natural Gas,2018,ICE,Not Applicable,≥4,Statewide,61
35488,2023,P,Not Applicable,Natural Gas,2006,ICE,Not Applicable,1,Statewide,53
35489,2023,BS,Not Applicable,Natural Gas,2009,ICE,Not Applicable,≥4,Statewide,53
35490,2023,T6,7,Gasoline,2020,ICE,Not Applicable,≥4,Statewide,53
35491,2023,T6,5,Gasoline,2019,ICE,Not Applicable,1,Statewide,53
35492,2023,T6,4,Gasoline,2001,ICE,Not Applicable,3,Statewide,53
35493,2023,T6,7,Gasoline,2000,ICE,Not Applicable,≥4,Statewide,53
35494,2023,T4,2,Gasoline,1981,ICE,Not Applicable,1,Statewide,53
35495,2023,T3,Unknown,Gasoline,1980,ICE,Not Applicable,1,Statewide,53
35496,2023,BS,Not Applicable,Gasoline,1980,ICE,Not Applicable,≥4,Statewide,53
35497,2023,T3,2,Natural Gas,2018,ICE,Not Applicable,≥4,Statewide,53
35498,2023,B,Not Applicable,Gasoline,2005,ICE,Not Applicable,3,Statewide,53
35499,2023,T7,8,Diesel,1999,ICE,Not Applicable,2,Statewide,53
35500,2023,T7,8,Diesel,1979,ICE,Not Applicable,3,Statewide,53
35501,2023,T6,7,Diesel,2008,ICE,Not Applicable,2,Statewide,53
35502,2023,T6,Unknown,Diesel,2001,ICE,Not Applicable,≥4,Statewide,53
35503,2023,P,Not Applicable,Diesel,2001,ICE,Not Applicable,2,Statewide,53
35504,2023,BT,Not Applicable,Diesel,2007,ICE,Not Applicable,1,Statewide,53
35505,2023,BS,Not Applicable,Diesel,2011,ICE,Not Applicable,1,Statewide,53
35506,2023,BS,Not Applicable,Diesel,2007,ICE,Not Applicable,1,Statewide,53
35507,2023,B,Not Applicable,Diesel,1992,ICE,Not Applicable,≥4,Statewide,53
35508,2023,B,Not Applicable,Gasoline,1999,ICE,Not Applicable,≥4,Statewide,53
35509,2023,P,Not Applicable,Gasoline,2021,PHEV,0 to 50 miles,≥4,Statewide,3018
35510,2023,P,Not Applicable,Diesel,2019,ICE,Not Applicable,≥4,Statewide,3009
35511,2023,T6,4,Diesel,2001,ICE,Not Applicable,3,Statewide,54
35512,2023,T7,8,Diesel,1996,ICE,Not Applicable,1,Statewide,55
35513,2023,T6,7,Diesel,2025,ICE,Not Applicable,1,Statewide,55
35514,2023,T6,5,Diesel,2015,ICE,Not Applicable,3,Statewide,55
35515,2023,T6,Unknown,Diesel,2000,ICE,Not Applicable,≥4,Statewide,55
35516,2023,T4,Unknown,Diesel,1999,ICE,Not Applicable,≥4,Statewide,55
35517,2023,T4,Unknown,Diesel,1989,ICE,Not Applicable,≥4,Statewide,55
35518,2023,T3,2,Diesel,1989,ICE,Not Applicable,2,Statewide,55
35519,2023,T2,1,Diesel,2013,ICE,Not Applicable,1,Statewide,55
35520,2023,P,Not Applicable,Diesel,1979,ICE,Not Applicable,2,Statewide,55
35521,2023,MC,Not Applicable,Gasoline,1979,ICE,Not Applicable,3,Statewide,2984
35522,2023,T4,2,Gasoline,2021,ICE,Not Applicable,3,Statewide,2987
35523,2023,P,Not Applicable,Electric,2021,BEV,51 to 100 miles,3,Statewide,2991
35524,2023,MC,Not Applicable,Gasoline,2005,ICE,Not Applicable,3,Statewide,3001
35525,2023,T4,2,Gasoline,1998,ICE,Not Applicable,≥4,Statewide,3003
35526,2023,T3,2,Natural Gas,2003,ICE,Not Applicable,≥4,Statewide,54
35527,2023,BT,Not Applicable,Natural Gas,1998,ICE,Not Applicable,≥4,Statewide,54
35528,2023,T6,7,Gasoline,2022,ICE,Not Applicable,≥4,Statewide,54
35529,2023,T6,Unknown,Gasoline,2018,ICE,Not Applicable,≥4,Statewide,54
35530,2023,MH,Not Applicable,Gasoline,2014,ICE,Not Applicable,2,Statewide,54
35531,2023,B,Not Applicable,Gasoline,2022,ICE,Not Applicable,2,Statewide,54
35532,2023,MC,Not Applicable,Electric,2023,BEV,Unknown,2,Statewide,54
35533,2023,T2,1,Gasoline,2025,ICE,Not Applicable,2,Statewide,3042
35534,2023,T6,5,Gasoline,2020,ICE,Not Applicable,1,Statewide,52
35535,2023,T6,4,Gasoline,2018,ICE,Not Applicable,1,Statewide,52
35536,2023,T6,5,Gasoline,2016,ICE,Not Applicable,1,Statewide,52
35537,2023,BS,Not Applicable,Gasoline,2004,ICE,Not Applicable,≥4,Statewide,51
35538,2023,BS,Not Applicable,Gasoline,2000,ICE,Not Applicable,≥4,Statewide,51
35539,2023,B,Not Applicable,Gasoline,2023,ICE,Not Applicable,1,Statewide,51
35540,2023,T3,Unknown,Electric,2013,BEV,Unknown,≥4,Statewide,51
35541,2023,P,Not Applicable,Electric,2007,BEV,Unknown,≥4,Statewide,51
35542,2023,T7,8,Diesel,1995,ICE,Not Applicable,2,Statewide,51
35543,2023,T6,7,Diesel,2004,ICE,Not Applicable,3,Statewide,51
35544,2023,MH,Not Applicable,Diesel,2000,ICE,Not Applicable,2,Statewide,51
35545,2023,MH,Not Applicable,Diesel,1990,ICE,Not Applicable,≥4,Statewide,51
35546,2023,B,Not Applicable,Diesel,1993,ICE,Not Applicable,≥4,Statewide,51
35547,2023,T6,6,Diesel,2018,ICE,Not Applicable,≥4,Statewide,3099
35548,2023,P,Not Applicable,Gasoline,1985,ICE,Not Applicable,≥4,Statewide,3103
35549,2023,T6,5,Diesel,2019,ICE,Not Applicable,≥4,Statewide,3107
35550,2023,T1,1,Gasoline,1995,ICE,Not Applicable,1,Statewide,3109
35551,2023,T4,Unknown,Natural Gas,2017,ICE,Not Applicable,≥4,Statewide,49
35552,2023,T3,2,Natural Gas,2009,ICE,Not Applicable,1,Statewide,49
35553,2023,T6,Unknown,Gasoline,2015,ICE,Not Applicable,≥4,Statewide,49
35554,2023,T6,4,Gasoline,2001,ICE,Not Applicable,2,Statewide,49
35555,2023,T6,6,Gasoline,1984,ICE,Not Applicable,1,Statewide,49
35556,2023,T4,Unknown,Gasoline,1999,ICE,Not Applicable,≥4,Statewide,49
35557,2023,T3,Unknown,Gasoline,1984,ICE,Not Applicable,1,Statewide,49
35558,2023,BT,Not Applicable,Gasoline,2000,ICE,Not Applicable,≥4,Statewide,51
35559,2023,B,Not Applicable,Gasoline,2015,ICE,Not Applicable,1,Statewide,55
35560,2023,T5,3,Gasoline,1994,ICE,Not Applicable,3,Statewide,51
35561,2023,B,Not Applicable,Natural Gas,2021,ICE,Not Applicable,≥4,Statewide,51
35562,2023,T6,Unknown,Gasoline,2008,ICE,Not Applicable,≥4,Statewide,52
35563,2023,T6,4,Gasoline,2003,ICE,Not Applicable,2,Statewide,52
35564,2023,T6,4,Gasoline,1995,ICE,Not Applicable,3,Statewide,52
35565,2023,T4,Unknown,Gasoline,1990,ICE,Not Applicable,≥4,Statewide,52
35566,2023,T3,Unknown,Gasoline,1983,ICE,Not Applicable,2,Statewide,52
35567,2023,BT,Not Applicable,Gasoline,2010,ICE,Not Applicable,≥4,Statewide,52
35568,2023,BT,Not Applicable,Gasoline,1994,ICE,Not Applicable,≥4,Statewide,52
35569,2023,P,Not Applicable,Electric,2015,BEV,Unknown,2,Statewide,52
35570,2023,T6,5,Diesel,1998,ICE,Not Applicable,≥4,Statewide,52
35571,2023,T6,7,Diesel,1991,ICE,Not Applicable,1,Statewide,52
35572,2023,T6,Unknown,Diesel,1979,ICE,Not Applicable,3,Statewide,52
35573,2023,T2,1,Diesel,2013,ICE,Not Applicable,2,Statewide,52
35574,2023,T2,1,Diesel,2013,ICE,Not Applicable,≥4,Statewide,52
35575,2023,P,Not Applicable,Diesel,2012,ICE,Not Applicable,3,Statewide,52
35576,2023,P,Not Applicable,Diesel,2001,ICE,Not Applicable,1,Statewide,52
35577,2023,MH,Not Applicable,Diesel,1997,ICE,Not Applicable,1,Statewide,52
35578,2023,BT,Not Applicable,Diesel,2000,ICE,Not Applicable,≥4,Statewide,52
35579,2023,BS,Not Applicable,Diesel,2021,ICE,Not Applicable,1,Statewide,52
35580,2023,T5,3,Gasoline,2011,ICE,Not Applicable,≥4,Statewide,3077
35581,2023,T4,2,Natural Gas,2018,ICE,Not Applicable,≥4,Statewide,51
35582,2023,P,Not Applicable,Natural Gas,2015,ICE,Not Applicable,1,Statewide,51
35583,2023,T6,4,Gasoline,2020,ICE,Not Applicable,2,Statewide,51
35584,2023,B,Not Applicable,Gasoline,2016,ICE,Not Applicable,3,Statewide,55
35585,2023,T4,Unknown,Gasoline,1988,ICE,Not Applicable,≥4,Statewide,55
35586,2023,T5,3,Gasoline,1996,ICE,Not Applicable,3,Statewide,55
35587,2023,T2,1,Diesel,2024,ICE,Not Applicable,3,Statewide,60
35588,2023,T2,1,Diesel,2012,ICE,Not Applicable,≥4,Statewide,60
35589,2023,T4,2,Diesel,2007,ICE,Not Applicable,1,Statewide,2896
35590,2023,T4,2,Diesel,2020,ICE,Not Applicable,1,Statewide,2904
35591,2023,T6,4,Natural Gas,2012,ICE,Not Applicable,≥4,Statewide,59
35592,2023,T5,3,Gasoline,1994,ICE,Not Applicable,1,Statewide,59
35593,2023,T6,7,Diesel,2021,ICE,Not Applicable,3,Statewide,59
35594,2023,MH,Not Applicable,Diesel,2024,ICE,Not Applicable,2,Statewide,59
35595,2023,MH,Not Applicable,Diesel,1997,ICE,Not Applicable,2,Statewide,59
35596,2023,T3,2,Diesel,2023,ICE,Not Applicable,≥4,Statewide,2916
35597,2023,T5,3,Gasoline,2013,ICE,Not Applicable,≥4,Statewide,2916
35598,2023,T6,7,Diesel,2018,ICE,Not Applicable,≥4,Statewide,2918
35599,2023,T4,2,Gasoline,2004,ICE,Not Applicable,1,Statewide,2920
35600,2023,T6,7,Natural Gas,2020,ICE,Not Applicable,≥4,Statewide,58
35601,2023,P,Not Applicable,Natural Gas,2009,ICE,Not Applicable,1,Statewide,58
35602,2023,P,Not Applicable,Natural Gas,2007,ICE,Not Applicable,3,Statewide,58
35603,2023,T6,4,Gasoline,2013,ICE,Not Applicable,2,Statewide,58
35604,2023,T6,Unknown,Gasoline,2012,ICE,Not Applicable,≥4,Statewide,58
35605,2023,T6,7,Gasoline,1994,ICE,Not Applicable,≥4,Statewide,58
35606,2023,T5,3,Gasoline,1992,ICE,Not Applicable,1,Statewide,58
35607,2023,T4,Unknown,Gasoline,2002,ICE,Not Applicable,≥4,Statewide,58
35608,2023,T6,4,Diesel,1993,ICE,Not Applicable,≥4,Statewide,60
35609,2023,BT,Not Applicable,Gasoline,2022,ICE,Not Applicable,1,Statewide,58
35610,2023,T6,7,Diesel,2002,ICE,Not Applicable,2,Statewide,60
35611,2023,T6,5,Diesel,2015,ICE,Not Applicable,1,Statewide,60
35612,2023,BS,Not Applicable,Natural Gas,2011,ICE,Not Applicable,≥4,Statewide,61
35613,2023,T6,4,Gasoline,2010,ICE,Not Applicable,3,Statewide,61
35614,2023,T5,3,Gasoline,1988,ICE,Not Applicable,≥4,Statewide,61
35615,2023,T3,Unknown,Gasoline,1981,ICE,Not Applicable,1,Statewide,61
35616,2023,BS,Not Applicable,Gasoline,2018,ICE,Not Applicable,≥4,Statewide,61
35617,2023,MC,Not Applicable,Electric,2020,BEV,Unknown,≥4,Statewide,61
35618,2023,BT,Not Applicable,Electric,2019,BEV,Unknown,1,Statewide,61
35619,2023,T6,7,Diesel,2024,ICE,Not Applicable,2,Statewide,61
35620,2023,T6,Unknown,Diesel,2014,ICE,Not Applicable,≥4,Statewide,61
35621,2023,T6,6,Diesel,2002,ICE,Not Applicable,2,Statewide,61
35622,2023,T6,4,Diesel,2001,ICE,Not Applicable,2,Statewide,61
35623,2023,B,Not Applicable,Diesel,1994,ICE,Not Applicable,≥4,Statewide,61
35624,2023,P,Not Applicable,Electric,2020,BEV,51 to 100 miles,≥4,Statewide,2874
35625,2023,MC,Not Applicable,Gasoline,1999,ICE,Not Applicable,≥4,Statewide,2880
35626,2023,P,Not Applicable,Gasoline,2020,PHEV,0 to 50 miles,3,Statewide,2889
35627,2023,T6,7,Natural Gas,2022,ICE,Not Applicable,≥4,Statewide,60
35628,2023,P,Not Applicable,Natural Gas,2012,ICE,Not Applicable,3,Statewide,60
35629,2023,T6,4,Gasoline,2020,ICE,Not Applicable,1,Statewide,60
35630,2023,T6,7,Gasoline,2006,ICE,Not Applicable,≥4,Statewide,60
35631,2023,T1,1,Electric,2018,BEV,101 to 150 miles,1,Statewide,60
35632,2023,T6,7,Diesel,2023,ICE,Not Applicable,2,Statewide,60
35633,2023,T6,7,Diesel,2011,ICE,Not Applicable,2,Statewide,60
35634,2023,B,Not Applicable,Gasoline,2021,ICE,Not Applicable,2,Statewide,49
35635,2023,BS,Not Applicable,Gasoline,2005,ICE,Not Applicable,≥4,Statewide,58
35636,2023,B,Not Applicable,Gasoline,2004,ICE,Not Applicable,2,Statewide,58
35637,2023,T6,5,Gasoline,2021,ICE,Not Applicable,1,Statewide,56
35638,2023,T6,Unknown,Gasoline,2010,ICE,Not Applicable,≥4,Statewide,56
35639,2023,T6,4,Gasoline,2001,ICE,Not Applicable,1,Statewide,56
35640,2023,T5,3,Gasoline,1987,ICE,Not Applicable,≥4,Statewide,56
35641,2023,BS,Not Applicable,Gasoline,1987,ICE,Not Applicable,≥4,Statewide,56
35642,2023,B,Not Applicable,Gasoline,2020,ICE,Not Applicable,2,Statewide,56
35643,2023,T6,7,Diesel,2004,ICE,Not Applicable,2,Statewide,56
35644,2023,T6,7,Diesel,2002,ICE,Not Applicable,1,Statewide,56
35645,2023,T6,7,Diesel,2001,ICE,Not Applicable,1,Statewide,56
35646,2023,T6,7,Diesel,1995,ICE,Not Applicable,1,Statewide,56
35647,2023,T6,6,Diesel,1986,ICE,Not Applicable,≥4,Statewide,56
35648,2023,T3,Unknown,Diesel,1986,ICE,Not Applicable,≥4,Statewide,56
35649,2023,T3,2,Diesel,1985,ICE,Not Applicable,≥4,Statewide,56
35650,2023,P,Not Applicable,Diesel,2002,ICE,Not Applicable,2,Statewide,56
35651,2023,P,Not Applicable,Diesel,1997,ICE,Not Applicable,≥4,Statewide,56
35652,2023,P,Not Applicable,Diesel,1991,ICE,Not Applicable,1,Statewide,56
35653,2023,BS,Not Applicable,Diesel,2014,ICE,Not Applicable,1,Statewide,56
35654,2023,P,Not Applicable,Gasoline,2021,PHEV,0 to 50 miles,2,Statewide,2974
35655,2023,T6,5,Gasoline,2024,ICE,Not Applicable,1,Statewide,55
35656,2023,T6,4,Gasoline,2022,ICE,Not Applicable,2,Statewide,55
35657,2023,T5,3,Gasoline,1996,ICE,Not Applicable,2,Statewide,55
35658,2023,T6,4,Gasoline,2025,ICE,Not Applicable,≥4,Statewide,56
35659,2023,B,Not Applicable,Gasoline,2007,ICE,Not Applicable,3,Statewide,58
35660,2023,P,Not Applicable,Hydrogen,2021,FCEV,>150 miles,1,Statewide,56
35661,2023,T5,3,Diesel,2019,ICE,Not Applicable,≥4,Statewide,2952
35662,2023,T6,6,Diesel,2025,ICE,Not Applicable,2,Statewide,58
35663,2023,T6,4,Diesel,2023,ICE,Not Applicable,3,Statewide,58
35664,2023,T6,7,Diesel,2021,ICE,Not Applicable,2,Statewide,58
35665,2023,T6,7,Diesel,2016,ICE,Not Applicable,3,Statewide,58
35666,2023,T6,Unknown,Diesel,2003,ICE,Not Applicable,≥4,Statewide,58
35667,2023,T5,3,Diesel,1996,ICE,Not Applicable,2,Statewide,58
35668,2023,B,Not Applicable,Diesel,2013,ICE,Not Applicable,1,Statewide,58
35669,2023,T3,2,Diesel,2021,ICE,Not Applicable,≥4,Statewide,2925
35670,2023,T1,1,Gasoline,1991,ICE,Not Applicable,3,Statewide,2938
35671,2023,MC,Not Applicable,Gasoline,2006,ICE,Not Applicable,2,Statewide,2942
35672,2023,T6,6,Gasoline,2008,ICE,Not Applicable,≥4,Statewide,57
35673,2023,T6,7,Gasoline,1987,ICE,Not Applicable,≥4,Statewide,57
35674,2023,T4,Unknown,Gasoline,1994,ICE,Not Applicable,≥4,Statewide,57
35675,2023,MC,Not Applicable,Electric,2024,BEV,Unknown,≥4,Statewide,57
35676,2023,MC,Not Applicable,Electric,2019,BEV,Unknown,≥4,Statewide,57
35677,2023,T6,7,Diesel,2023,ICE,Not Applicable,3,Statewide,57
35678,2023,T6,7,Diesel,2022,ICE,Not Applicable,3,Statewide,57
35679,2023,T6,7,Diesel,2019,ICE,Not Applicable,3,Statewide,57
35680,2023,T6,4,Diesel,2015,ICE,Not Applicable,1,Statewide,57
35681,2023,T6,4,Diesel,2014,ICE,Not Applicable,1,Statewide,57
35682,2023,P,Not Applicable,Diesel,2001,ICE,Not Applicable,3,Statewide,57
35683,2023,T4,2,Gasoline,1999,ICE,Not Applicable,≥4,Statewide,2962
35684,2023,P,Not Applicable,Natural Gas,2010,ICE,Not Applicable,2,Statewide,34
35685,2023,MH,Not Applicable,Gasoline,1983,ICE,Not Applicable,3,Statewide,171
35686,2023,P,Not Applicable,Electric,2022,BEV,101 to 150 miles,1,Statewide,1907
35687,2023,T3,2,Diesel,2010,ICE,Not Applicable,2,Statewide,507
35688,2023,T5,3,Gasoline,2010,ICE,Not Applicable,1,Statewide,506
35689,2023,T6,7,Diesel,2002,ICE,Not Applicable,≥4,Statewide,505
35690,2023,T5,3,Diesel,2007,ICE,Not Applicable,1,Statewide,505
35691,2023,MC,Not Applicable,Gasoline,1994,ICE,Not Applicable,3,Statewide,504
35692,2023,T6,7,Diesel,1995,ICE,Not Applicable,≥4,Statewide,504
35693,2023,T3,2,Diesel,2010,ICE,Not Applicable,3,Statewide,504
35694,2023,B,Not Applicable,Diesel,2022,ICE,Not Applicable,≥4,Statewide,504
35695,2023,T6,4,Gasoline,2018,ICE,Not Applicable,≥4,Statewide,503
35696,2023,P,Not Applicable,Electric,2016,BEV,51 to 100 miles,1,Statewide,507
35697,2023,MH,Not Applicable,Gasoline,2001,ICE,Not Applicable,3,Statewide,502
35698,2023,MH,Not Applicable,Gasoline,2019,ICE,Not Applicable,2,Statewide,501
35699,2023,BS,Not Applicable,Diesel,2008,ICE,Not Applicable,≥4,Statewide,501
35700,2023,T3,2,Diesel,2018,ICE,Not Applicable,1,Statewide,500
35701,2023,T4,2,Diesel,2017,ICE,Not Applicable,2,Statewide,1311
35702,2023,T2,1,Diesel,2021,ICE,Not Applicable,2,Statewide,499
35703,2023,MH,Not Applicable,Diesel,2009,ICE,Not Applicable,3,Statewide,499
35704,2023,T7,8,Diesel,1991,ICE,Not Applicable,≥4,Statewide,497
35705,2023,T6,5,Diesel,2023,ICE,Not Applicable,1,Statewide,497
35706,2023,T2,1,Gasoline,1980,ICE,Not Applicable,2,Statewide,496
35707,2023,MH,Not Applicable,Gasoline,1979,ICE,Not Applicable,2,Statewide,502
35708,2023,B,Not Applicable,Gasoline,2009,ICE,Not Applicable,≥4,Statewide,507
35709,2023,MH,Not Applicable,Gasoline,2013,ICE,Not Applicable,3,Statewide,508
35710,2023,T2,1,Gasoline,1983,ICE,Not Applicable,≥4,Statewide,509
35711,2023,T4,2,Diesel,1999,ICE,Not Applicable,2,Statewide,518
35712,2023,P,Not Applicable,Diesel,2007,ICE,Not Applicable,≥4,Statewide,518
35713,2023,MH,Not Applicable,Gasoline,2005,ICE,Not Applicable,1,Statewide,517
35714,2023,MH,Not Applicable,Diesel,2003,ICE,Not Applicable,≥4,Statewide,517
35715,2023,BS,Not Applicable,Diesel,2006,ICE,Not Applicable,≥4,Statewide,517
35716,2023,T3,2,Gasoline,1992,ICE,Not Applicable,1,Statewide,516
35717,2023,MC,Not Applicable,Gasoline,1995,ICE,Not Applicable,3,Statewide,515
35718,2023,T6,5,Diesel,2021,ICE,Not Applicable,1,Statewide,515
35719,2023,T5,3,Diesel,2008,ICE,Not Applicable,1,Statewide,514
35720,2023,BS,Not Applicable,Diesel,2000,ICE,Not Applicable,≥4,Statewide,514
35721,2023,T6,6,Gasoline,2024,ICE,Not Applicable,≥4,Statewide,513
35722,2023,P,Not Applicable,Diesel,2010,ICE,Not Applicable,≥4,Statewide,513
35723,2023,T3,2,Diesel,2022,ICE,Not Applicable,1,Statewide,1302
35724,2023,P,Not Applicable,Gasoline,2024,PHEV,51 to 100 miles,3,Statewide,512
35725,2023,B,Not Applicable,Gasoline,2018,ICE,Not Applicable,≥4,Statewide,512
35726,2023,T7,8,Diesel,1990,ICE,Not Applicable,≥4,Statewide,512
35727,2023,T6,6,Gasoline,2019,ICE,Not Applicable,≥4,Statewide,511
35728,2023,T6,5,Diesel,2024,ICE,Not Applicable,1,Statewide,511
35729,2023,T4,2,Diesel,2003,ICE,Not Applicable,≥4,Statewide,1305
35730,2023,BS,Not Applicable,Diesel,2002,ICE,Not Applicable,≥4,Statewide,510
35731,2023,T4,2,Gasoline,1993,ICE,Not Applicable,1,Statewide,509
35732,2023,T7,8,Diesel,2013,ICE,Not Applicable,3,Statewide,495
35733,2023,T4,2,Diesel,1999,ICE,Not Applicable,3,Statewide,495
35734,2023,MH,Not Applicable,Diesel,2013,ICE,Not Applicable,3,Statewide,495
35735,2023,T5,3,Gasoline,1995,ICE,Not Applicable,≥4,Statewide,494
35736,2023,T6,6,Diesel,2018,ICE,Not Applicable,1,Statewide,474
35737,2023,BT,Not Applicable,Diesel,2021,ICE,Not Applicable,≥4,Statewide,474
35738,2023,MH,Not Applicable,Gasoline,2004,ICE,Not Applicable,3,Statewide,1330
35739,2023,MC,Not Applicable,Gasoline,2025,ICE,Not Applicable,≥4,Statewide,473
35740,2023,B,Not Applicable,Gasoline,2022,ICE,Not Applicable,≥4,Statewide,473
35741,2023,T4,Unknown,Gasoline,1979,ICE,Not Applicable,≥4,Statewide,472
35742,2023,T2,1,Gasoline,1984,ICE,Not Applicable,≥4,Statewide,471
35743,2023,MC,Not Applicable,Gasoline,1998,ICE,Not Applicable,1,Statewide,471
35744,2023,MC,Not Applicable,Gasoline,1988,ICE,Not Applicable,3,Statewide,471
35745,2023,T6,6,Diesel,2017,ICE,Not Applicable,1,Statewide,471
35746,2023,T6,5,Gasoline,1979,ICE,Not Applicable,≥4,Statewide,470
35747,2023,MH,Not Applicable,Gasoline,2000,ICE,Not Applicable,2,Statewide,470
35748,2023,T6,4,Diesel,2016,ICE,Not Applicable,≥4,Statewide,470
35749,2023,MC,Not Applicable,Gasoline,1996,ICE,Not Applicable,2,Statewide,469
35750,2023,T6,6,Diesel,2001,ICE,Not Applicable,≥4,Statewide,469
35751,2023,T5,3,Diesel,2005,ICE,Not Applicable,3,Statewide,469
35752,2023,P,Not Applicable,Hydrogen,2024,FCEV,>150 miles,1,Statewide,468
35753,2023,MC,Not Applicable,Gasoline,1991,ICE,Not Applicable,1,Statewide,468
35754,2023,MH,Not Applicable,Gasoline,1994,ICE,Not Applicable,3,Statewide,467
35755,2023,MC,Not Applicable,Gasoline,1993,ICE,Not Applicable,3,Statewide,466
35756,2023,B,Not Applicable,Gasoline,2021,ICE,Not Applicable,≥4,Statewide,466
35757,2023,T4,2,Gasoline,2014,ICE,Not Applicable,2,Statewide,474
35758,2023,MH,Not Applicable,Gasoline,2010,ICE,Not Applicable,2,Statewide,518
35759,2023,MH,Not Applicable,Gasoline,2002,ICE,Not Applicable,1,Statewide,475
35760,2023,T7,8,Diesel,2017,ICE,Not Applicable,1,Statewide,1328
35761,2023,MH,Not Applicable,Gasoline,2023,ICE,Not Applicable,2,Statewide,494
35762,2023,T6,6,Gasoline,2018,ICE,Not Applicable,≥4,Statewide,492
35763,2023,BS,Not Applicable,Diesel,1995,ICE,Not Applicable,≥4,Statewide,492
35764,2023,T5,3,Diesel,2007,ICE,Not Applicable,2,Statewide,491
35765,2023,T5,3,Gasoline,2011,ICE,Not Applicable,1,Statewide,489
35766,2023,MH,Not Applicable,Gasoline,2021,ICE,Not Applicable,1,Statewide,489
35767,2023,T4,2,Gasoline,1983,ICE,Not Applicable,≥4,Statewide,486
35768,2023,T1,1,Gasoline,1987,ICE,Not Applicable,1,Statewide,486
35769,2023,T6,5,Gasoline,2013,ICE,Not Applicable,≥4,Statewide,485
35770,2023,T5,3,Gasoline,2020,ICE,Not Applicable,1,Statewide,485
35771,2023,BT,Not Applicable,Natural Gas,2020,ICE,Not Applicable,≥4,Statewide,484
35772,2023,T3,2,Gasoline,1986,ICE,Not Applicable,≥4,Statewide,483
35773,2023,T4,2,Gasoline,1991,ICE,Not Applicable,3,Statewide,482
35774,2023,MC,Not Applicable,Gasoline,1991,ICE,Not Applicable,2,Statewide,482
35775,2023,BS,Not Applicable,Gasoline,2014,ICE,Not Applicable,≥4,Statewide,482
35776,2023,BT,Not Applicable,Diesel,2019,ICE,Not Applicable,≥4,Statewide,482
35777,2023,T4,2,Gasoline,2014,ICE,Not Applicable,3,Statewide,481
35778,2023,T2,1,Diesel,2022,ICE,Not Applicable,≥4,Statewide,481
35779,2023,T4,2,Gasoline,2024,ICE,Not Applicable,2,Statewide,1321
35780,2023,T6,5,Gasoline,2020,ICE,Not Applicable,≥4,Statewide,1325
35781,2023,BS,Not Applicable,Diesel,1979,ICE,Not Applicable,≥4,Statewide,477
35782,2023,T1,1,Gasoline,1988,ICE,Not Applicable,1,Statewide,475
35783,2023,T7,8,Gasoline,1979,ICE,Not Applicable,3,Statewide,465
35784,2023,T7,8,Natural Gas,2019,ICE,Not Applicable,≥4,Statewide,518
35785,2023,MH,Not Applicable,Gasoline,2003,ICE,Not Applicable,3,Statewide,520
35786,2023,T4,2,Diesel,1998,ICE,Not Applicable,2,Statewide,574
35787,2023,T4,2,Diesel,2003,ICE,Not Applicable,3,Statewide,572
35788,2023,BS,Not Applicable,Diesel,2024,ICE,Not Applicable,≥4,Statewide,572
35789,2023,T5,3,Diesel,2008,ICE,Not Applicable,2,Statewide,571
35790,2023,T3,2,Gasoline,1988,ICE,Not Applicable,≥4,Statewide,570
35791,2023,T4,2,Diesel,2003,ICE,Not Applicable,2,Statewide,570
35792,2023,T5,3,Diesel,2024,ICE,Not Applicable,1,Statewide,1269
35793,2023,MH,Not Applicable,Gasoline,2021,ICE,Not Applicable,2,Statewide,569
35794,2023,T5,3,Diesel,2000,ICE,Not Applicable,≥4,Statewide,569
35795,2023,MH,Not Applicable,Diesel,2021,ICE,Not Applicable,3,Statewide,575
35796,2023,MH,Not Applicable,Diesel,2012,ICE,Not Applicable,≥4,Statewide,1273
35797,2023,T5,3,Diesel,2004,ICE,Not Applicable,2,Statewide,567
35798,2023,T2,1,Gasoline,2024,PHEV,0 to 50 miles,2,Statewide,1273
35799,2023,MH,Not Applicable,Gasoline,2006,ICE,Not Applicable,3,Statewide,566
35800,2023,T5,3,Diesel,2009,ICE,Not Applicable,1,Statewide,566
35801,2023,T1,1,Gasoline,1989,ICE,Not Applicable,3,Statewide,1275
35802,2023,BS,Not Applicable,Diesel,2016,ICE,Not Applicable,≥4,Statewide,562
35803,2023,T5,3,Diesel,2010,ICE,Not Applicable,3,Statewide,1276
35804,2023,MC,Not Applicable,Gasoline,1999,ICE,Not Applicable,1,Statewide,560
35805,2023,T1,Unknown,Gasoline,1979,ICE,Not Applicable,2,Statewide,558
35806,2023,T5,3,Diesel,2003,ICE,Not Applicable,≥4,Statewide,568
35807,2023,MH,Not Applicable,Gasoline,2001,ICE,Not Applicable,≥4,Statewide,1265
35808,2023,MH,Not Applicable,Diesel,2010,ICE,Not Applicable,3,Statewide,577
35809,2023,MH,Not Applicable,Gasoline,2002,ICE,Not Applicable,2,Statewide,577
35810,2023,MH,Not Applicable,Gasoline,1979,ICE,Not Applicable,3,Statewide,592
35811,2023,MH,Not Applicable,Gasoline,1994,ICE,Not Applicable,≥4,Statewide,1252
35812,2023,T7,8,Diesel,1997,ICE,Not Applicable,≥4,Statewide,590
35813,2023,MH,Not Applicable,Diesel,2011,ICE,Not Applicable,3,Statewide,590
35814,2023,BT,Not Applicable,Diesel,2018,ICE,Not Applicable,≥4,Statewide,590
35815,2023,T5,3,Diesel,2018,ICE,Not Applicable,3,Statewide,589
35816,2023,T4,2,Gasoline,1980,ICE,Not Applicable,≥4,Statewide,588
35817,2023,T1,1,Gasoline,1987,ICE,Not Applicable,3,Statewide,586
35818,2023,T5,3,Diesel,2006,ICE,Not Applicable,2,Statewide,586
35819,2023,P,Not Applicable,Diesel,2011,ICE,Not Applicable,≥4,Statewide,586
35820,2023,B,Not Applicable,Diesel,1979,ICE,Not Applicable,≥4,Statewide,586
35821,2023,T4,2,Diesel,1989,ICE,Not Applicable,≥4,Statewide,585
35822,2023,T7,8,Diesel,2024,ICE,Not Applicable,1,Statewide,584
35823,2023,T4,2,Diesel,1998,ICE,Not Applicable,3,Statewide,584
35824,2023,T3,2,Diesel,2015,ICE,Not Applicable,≥4,Statewide,583
35825,2023,P,Not Applicable,Gasoline,1984,ICE,Not Applicable,2,Statewide,1260
35826,2023,P,Not Applicable,Gasoline,2021,PHEV,51 to 100 miles,2,Statewide,1260
35827,2023,BS,Not Applicable,Diesel,2017,ICE,Not Applicable,≥4,Statewide,582
35828,2023,T3,2,Diesel,2019,ICE,Not Applicable,1,Statewide,1261
35829,2023,P,Not Applicable,Electric,2023,BEV,51 to 100 miles,2,Statewide,1263
35830,2023,T4,2,Gasoline,1993,ICE,Not Applicable,3,Statewide,577
35831,2023,T6,5,Diesel,2022,ICE,Not Applicable,1,Statewide,558
35832,2023,T6,4,Diesel,2004,ICE,Not Applicable,≥4,Statewide,1281
35833,2023,T1,1,Gasoline,1987,ICE,Not Applicable,2,Statewide,555
35834,2023,T5,3,Diesel,2007,ICE,Not Applicable,3,Statewide,555
35835,2023,T4,2,Diesel,1998,ICE,Not Applicable,1,Statewide,530
35836,2023,T7,8,Gasoline,1979,ICE,Not Applicable,2,Statewide,528
35837,2023,T5,3,Diesel,1999,ICE,Not Applicable,≥4,Statewide,528
35838,2023,T3,2,Diesel,2013,ICE,Not Applicable,≥4,Statewide,528
35839,2023,T1,1,Gasoline,1981,ICE,Not Applicable,≥4,Statewide,526
35840,2023,MH,Not Applicable,Gasoline,1979,ICE,Not Applicable,1,Statewide,526
35841,2023,T7,8,Natural Gas,2022,ICE,Not Applicable,≥4,Statewide,525
35842,2023,T3,2,Gasoline,1991,ICE,Not Applicable,2,Statewide,525
35843,2023,T6,7,Diesel,2014,ICE,Not Applicable,≥4,Statewide,1298
35844,2023,T7,8,Diesel,2003,ICE,Not Applicable,≥4,Statewide,1298
35845,2023,BS,Not Applicable,Gasoline,1979,ICE,Not Applicable,≥4,Statewide,1298
35846,2023,T3,2,Gasoline,2021,PHEV,0 to 50 miles,1,Statewide,523
35847,2023,T3,2,Diesel,2018,ICE,Not Applicable,3,Statewide,523
35848,2023,T2,1,Diesel,2021,ICE,Not Applicable,1,Statewide,523
35849,2023,BS,Not Applicable,Diesel,2023,ICE,Not Applicable,≥4,Statewide,523
35850,2023,T6,4,Gasoline,2020,ICE,Not Applicable,≥4,Statewide,522
35851,2023,P,Not Applicable,Electric,2023,BEV,101 to 150 miles,1,Statewide,522
35852,2023,T7,8,Diesel,2015,ICE,Not Applicable,3,Statewide,522
35853,2023,T2,1,Gasoline,1986,ICE,Not Applicable,≥4,Statewide,521
35854,2023,P,Not Applicable,Electric,2017,BEV,51 to 100 miles,1,Statewide,521
35855,2023,MC,Not Applicable,Gasoline,2001,ICE,Not Applicable,3,Statewide,1299
35856,2023,P,Not Applicable,Electric,2023,BEV,101 to 150 miles,≥4,Statewide,530
35857,2023,T5,3,Diesel,2004,ICE,Not Applicable,1,Statewide,520
35858,2023,T6,4,Gasoline,2023,ICE,Not Applicable,≥4,Statewide,530
35859,2023,T7,8,Natural Gas,2015,ICE,Not Applicable,≥4,Statewide,531
35860,2023,T4,2,Gasoline,1993,ICE,Not Applicable,2,Statewide,554
35861,2023,T6,7,Diesel,2003,ICE,Not Applicable,≥4,Statewide,554
35862,2023,T7,8,Diesel,1992,ICE,Not Applicable,≥4,Statewide,552
35863,2023,MH,Not Applicable,Gasoline,2023,ICE,Not Applicable,1,Statewide,550
35864,2023,T1,1,Gasoline,1988,ICE,Not Applicable,2,Statewide,549
35865,2023,T6,4,Gasoline,2000,ICE,Not Applicable,≥4,Statewide,546
35866,2023,T6,6,Diesel,2012,ICE,Not Applicable,1,Statewide,546
35867,2023,P,Not Applicable,Electric,2018,BEV,51 to 100 miles,1,Statewide,1284
35868,2023,T2,1,Diesel,2023,ICE,Not Applicable,≥4,Statewide,542
35869,2023,T1,1,Gasoline,1986,ICE,Not Applicable,≥4,Statewide,1284
35870,2023,T4,2,Gasoline,1997,ICE,Not Applicable,1,Statewide,540
35871,2023,T4,2,Diesel,2015,ICE,Not Applicable,1,Statewide,540
35872,2023,T4,2,Gasoline,2017,ICE,Not Applicable,1,Statewide,1288
35873,2023,MC,Not Applicable,Gasoline,1990,ICE,Not Applicable,3,Statewide,536
35874,2023,T7,8,Diesel,2016,ICE,Not Applicable,2,Statewide,536
35875,2023,T6,7,Diesel,2016,ICE,Not Applicable,≥4,Statewide,1292
35876,2023,MH,Not Applicable,Gasoline,2016,ICE,Not Applicable,3,Statewide,535
35877,2023,T5,3,Diesel,2006,ICE,Not Applicable,1,Statewide,535
35878,2023,T3,2,Gasoline,1991,ICE,Not Applicable,3,Statewide,533
35879,2023,MC,Not Applicable,Gasoline,1987,ICE,Not Applicable,3,Statewide,533
35880,2023,MH,Not Applicable,Diesel,2019,ICE,Not Applicable,≥4,Statewide,533
35881,2023,MC,Not Applicable,Gasoline,1992,ICE,Not Applicable,3,Statewide,531
35882,2023,T4,2,Diesel,1999,ICE,Not Applicable,1,Statewide,465
35883,2023,T6,6,Diesel,2011,ICE,Not Applicable,1,Statewide,464
35884,2023,T6,6,Diesel,2010,ICE,Not Applicable,1,Statewide,464
35885,2023,B,Not Applicable,Gasoline,2024,ICE,Not Applicable,≥4,Statewide,403
35886,2023,P,Not Applicable,Diesel,1989,ICE,Not Applicable,2,Statewide,403
35887,2023,T3,2,Gasoline,1980,ICE,Not Applicable,1,Statewide,402
35888,2023,BS,Not Applicable,Gasoline,2013,ICE,Not Applicable,≥4,Statewide,402
35889,2023,T6,7,Diesel,2001,ICE,Not Applicable,≥4,Statewide,402
35890,2023,P,Not Applicable,Diesel,2023,ICE,Not Applicable,≥4,Statewide,402
35891,2023,T6,5,Gasoline,2021,ICE,Not Applicable,≥4,Statewide,1398
35892,2023,MH,Not Applicable,Gasoline,2015,ICE,Not Applicable,≥4,Statewide,401
35893,2023,P,Not Applicable,Diesel,1985,ICE,Not Applicable,≥4,Statewide,401
35894,2023,MH,Not Applicable,Gasoline,1998,ICE,Not Applicable,3,Statewide,403
35895,2023,P,Not Applicable,Hydrogen,2024,FCEV,>150 miles,2,Statewide,400
35896,2023,T3,2,Gasoline,1990,ICE,Not Applicable,2,Statewide,400
35897,2023,T7,8,Diesel,2015,ICE,Not Applicable,2,Statewide,400
35898,2023,T2,1,Diesel,2022,ICE,Not Applicable,2,Statewide,399
35899,2023,P,Not Applicable,Diesel,2022,ICE,Not Applicable,1,Statewide,399
35900,2023,T3,2,Gasoline,1994,ICE,Not Applicable,3,Statewide,1403
35901,2023,MH,Not Applicable,Gasoline,1996,ICE,Not Applicable,3,Statewide,397
35902,2023,MC,Not Applicable,Gasoline,1990,ICE,Not Applicable,1,Statewide,397
35903,2023,T4,2,Gasoline,1992,ICE,Not Applicable,3,Statewide,396
35904,2023,T7,8,Diesel,1989,ICE,Not Applicable,≥4,Statewide,396
35905,2023,T4,2,Gasoline,1992,ICE,Not Applicable,2,Statewide,400
35906,2023,P,Not Applicable,Diesel,2008,ICE,Not Applicable,3,Statewide,404
35907,2023,T3,2,Diesel,2011,ICE,Not Applicable,2,Statewide,404
35908,2023,MH,Not Applicable,Gasoline,2022,ICE,Not Applicable,3,Statewide,1396
35909,2023,P,Not Applicable,Diesel,2008,ICE,Not Applicable,2,Statewide,413
35910,2023,T3,2,Gasoline,2025,ICE,Not Applicable,2,Statewide,1386
35911,2023,T6,4,Gasoline,2001,ICE,Not Applicable,≥4,Statewide,411
35912,2023,T5,3,Gasoline,2021,ICE,Not Applicable,1,Statewide,411
35913,2023,T3,2,Gasoline,2021,PHEV,0 to 50 miles,≥4,Statewide,411
35914,2023,T3,2,Diesel,2016,ICE,Not Applicable,3,Statewide,411
35915,2023,T2,1,Diesel,2023,ICE,Not Applicable,1,Statewide,410
35916,2023,T5,3,Gasoline,2009,ICE,Not Applicable,3,Statewide,409
35917,2023,T6,5,Diesel,2022,ICE,Not Applicable,2,Statewide,409
35918,2023,T5,3,Diesel,2023,ICE,Not Applicable,3,Statewide,1391
35919,2023,T2,1,Gasoline,2023,PHEV,0 to 50 miles,≥4,Statewide,407
35920,2023,P,Not Applicable,Diesel,1987,ICE,Not Applicable,2,Statewide,407
35921,2023,T6,7,Gasoline,1979,ICE,Not Applicable,≥4,Statewide,406
35922,2023,T3,2,Gasoline,1991,ICE,Not Applicable,1,Statewide,406
35923,2023,MH,Not Applicable,Gasoline,1994,ICE,Not Applicable,1,Statewide,406
35924,2023,T4,2,Diesel,1997,ICE,Not Applicable,2,Statewide,406
35925,2023,P,Not Applicable,Diesel,1992,ICE,Not Applicable,≥4,Statewide,406
35926,2023,P,Not Applicable,Electric,2019,BEV,>150 miles,3,Statewide,1392
35927,2023,T5,3,Gasoline,2004,ICE,Not Applicable,3,Statewide,405
35928,2023,T2,1,Gasoline,1980,ICE,Not Applicable,1,Statewide,405
35929,2023,P,Not Applicable,Diesel,2015,ICE,Not Applicable,≥4,Statewide,405
35930,2023,T6,6,Diesel,2014,ICE,Not Applicable,≥4,Statewide,1406
35931,2023,T3,2,Gasoline,1980,ICE,Not Applicable,3,Statewide,395
35932,2023,T1,1,Gasoline,1984,ICE,Not Applicable,3,Statewide,395
35933,2023,MC,Not Applicable,Gasoline,1992,ICE,Not Applicable,2,Statewide,395
35934,2023,T7,8,Diesel,2024,ICE,Not Applicable,2,Statewide,380
35935,2023,MH,Not Applicable,Gasoline,2006,ICE,Not Applicable,≥4,Statewide,1429
35936,2023,P,Not Applicable,Gasoline,1982,ICE,Not Applicable,1,Statewide,1430
35937,2023,T5,3,Diesel,2020,ICE,Not Applicable,3,Statewide,1432
35938,2023,BT,Not Applicable,Gasoline,2013,ICE,Not Applicable,≥4,Statewide,378
35939,2023,P,Not Applicable,Diesel,1988,ICE,Not Applicable,1,Statewide,378
35940,2023,MH,Not Applicable,Diesel,2002,ICE,Not Applicable,≥4,Statewide,378
35941,2023,BT,Not Applicable,Natural Gas,2006,ICE,Not Applicable,≥4,Statewide,377
35942,2023,MH,Not Applicable,Gasoline,2018,ICE,Not Applicable,2,Statewide,377
35943,2023,T6,4,Diesel,2012,ICE,Not Applicable,1,Statewide,377
35944,2023,T5,3,Gasoline,2023,ICE,Not Applicable,1,Statewide,376
35945,2023,MH,Not Applicable,Gasoline,2017,ICE,Not Applicable,3,Statewide,376
35946,2023,T4,2,Diesel,1997,ICE,Not Applicable,3,Statewide,376
35947,2023,P,Not Applicable,Diesel,2008,ICE,Not Applicable,1,Statewide,376
35948,2023,T4,2,Gasoline,2018,ICE,Not Applicable,3,Statewide,1437
35949,2023,T5,3,Gasoline,2011,ICE,Not Applicable,2,Statewide,375
35950,2023,P,Not Applicable,Electric,2018,BEV,101 to 150 miles,3,Statewide,1439
35951,2023,P,Not Applicable,Electric,2019,BEV,>150 miles,1,Statewide,1439
35952,2023,T6,6,Diesel,2012,ICE,Not Applicable,2,Statewide,374
35953,2023,T5,3,Gasoline,2010,ICE,Not Applicable,2,Statewide,373
35954,2023,P,Not Applicable,Diesel,2021,ICE,Not Applicable,2,Statewide,373
35955,2023,T5,3,Gasoline,2004,ICE,Not Applicable,2,Statewide,380
35956,2023,T6,4,Diesel,2013,ICE,Not Applicable,1,Statewide,413
35957,2023,T4,2,Diesel,1998,ICE,Not Applicable,≥4,Statewide,1428
35958,2023,T3,2,Gasoline,1996,ICE,Not Applicable,1,Statewide,1426
35959,2023,MC,Not Applicable,Gasoline,1990,ICE,Not Applicable,2,Statewide,395
35960,2023,P,Not Applicable,Diesel,2021,ICE,Not Applicable,≥4,Statewide,395
35961,2023,P,Not Applicable,Electric,2018,BEV,51 to 100 miles,3,Statewide,1409
35962,2023,MC,Not Applicable,Gasoline,1987,ICE,Not Applicable,2,Statewide,394
35963,2023,BT,Not Applicable,Natural Gas,2010,ICE,Not Applicable,≥4,Statewide,392
35964,2023,T4,2,Gasoline,1990,ICE,Not Applicable,1,Statewide,392
35965,2023,T1,1,Gasoline,1986,ICE,Not Applicable,2,Statewide,392
35966,2023,T2,1,Diesel,2023,ICE,Not Applicable,2,Statewide,392
35967,2023,T3,2,Gasoline,2024,PHEV,0 to 50 miles,2,Statewide,391
35968,2023,B,Not Applicable,Gasoline,2017,ICE,Not Applicable,≥4,Statewide,391
35969,2023,T3,2,Gasoline,1987,ICE,Not Applicable,≥4,Statewide,390
35970,2023,T3,2,Gasoline,1994,ICE,Not Applicable,2,Statewide,1418
35971,2023,T2,1,Gasoline,1989,ICE,Not Applicable,3,Statewide,388
35972,2023,T6,6,Diesel,2024,ICE,Not Applicable,1,Statewide,388
35973,2023,BT,Not Applicable,Diesel,2020,ICE,Not Applicable,≥4,Statewide,388
35974,2023,P,Not Applicable,Diesel,2018,ICE,Not Applicable,≥4,Statewide,1419
35975,2023,T4,2,Diesel,2018,ICE,Not Applicable,1,Statewide,1421
35976,2023,T3,2,Diesel,2016,ICE,Not Applicable,1,Statewide,386
35977,2023,BT,Not Applicable,Diesel,1993,ICE,Not Applicable,≥4,Statewide,385
35978,2023,T5,3,Diesel,2023,ICE,Not Applicable,2,Statewide,1425
35979,2023,T4,2,Diesel,1997,ICE,Not Applicable,1,Statewide,383
35980,2023,T6,4,Diesel,2001,ICE,Not Applicable,≥4,Statewide,381
35981,2023,T6,4,Diesel,2018,ICE,Not Applicable,≥4,Statewide,413
35982,2023,BT,Not Applicable,Gasoline,2022,ICE,Not Applicable,≥4,Statewide,413
35983,2023,T5,3,Gasoline,2006,ICE,Not Applicable,2,Statewide,414
35984,2023,BS,Not Applicable,Gasoline,2020,ICE,Not Applicable,≥4,Statewide,447
35985,2023,T6,4,Diesel,2007,ICE,Not Applicable,≥4,Statewide,1354
35986,2023,T3,2,Gasoline,1994,ICE,Not Applicable,1,Statewide,1354
35987,2023,MH,Not Applicable,Gasoline,1999,ICE,Not Applicable,1,Statewide,446
35988,2023,BS,Not Applicable,Diesel,2013,ICE,Not Applicable,≥4,Statewide,445
35989,2023,T7,8,Diesel,2023,ICE,Not Applicable,1,Statewide,444
35990,2023,MC,Not Applicable,Gasoline,1985,ICE,Not Applicable,3,Statewide,443
35991,2023,T6,4,Gasoline,2013,ICE,Not Applicable,≥4,Statewide,1356
35992,2023,T7,8,Diesel,2024,ICE,Not Applicable,3,Statewide,442
35993,2023,T5,3,Diesel,1995,ICE,Not Applicable,≥4,Statewide,442
35994,2023,T6,7,Diesel,1996,ICE,Not Applicable,≥4,Statewide,441
35995,2023,T5,3,Gasoline,2009,ICE,Not Applicable,1,Statewide,440
35996,2023,BS,Not Applicable,Diesel,2001,ICE,Not Applicable,≥4,Statewide,440
35997,2023,T5,3,Diesel,2020,ICE,Not Applicable,2,Statewide,1361
35998,2023,MC,Not Applicable,Gasoline,2004,ICE,Not Applicable,1,Statewide,1361
35999,2023,MH,Not Applicable,Gasoline,2019,ICE,Not Applicable,1,Statewide,438
36000,2023,P,Not Applicable,Diesel,1988,ICE,Not Applicable,2,Statewide,438
36001,2023,T5,3,Diesel,1998,ICE,Not Applicable,≥4,Statewide,437
36002,2023,T5,3,Gasoline,2004,ICE,Not Applicable,1,Statewide,436
36003,2023,P,Not Applicable,Hydrogen,2023,FCEV,>150 miles,1,Statewide,435
36004,2023,T5,3,Gasoline,2006,ICE,Not Applicable,3,Statewide,435
36005,2023,T5,3,Gasoline,2006,ICE,Not Applicable,1,Statewide,448
36006,2023,MH,Not Applicable,Gasoline,2012,ICE,Not Applicable,2,Statewide,435
36007,2023,T5,3,Diesel,2011,ICE,Not Applicable,1,Statewide,1351
36008,2023,MC,Not Applicable,Gasoline,1997,ICE,Not Applicable,2,Statewide,451
36009,2023,MH,Not Applicable,Gasoline,2007,ICE,Not Applicable,1,Statewide,463
36010,2023,B,Not Applicable,Gasoline,2014,ICE,Not Applicable,≥4,Statewide,460
36011,2023,T3,2,Diesel,2010,ICE,Not Applicable,≥4,Statewide,1344
36012,2023,MC,Not Applicable,Gasoline,2002,ICE,Not Applicable,3,Statewide,1345
36013,2023,T4,2,Gasoline,1991,ICE,Not Applicable,1,Statewide,458
36014,2023,T6,Unknown,Diesel,1979,ICE,Not Applicable,≥4,Statewide,458
36015,2023,T3,2,Diesel,2016,ICE,Not Applicable,2,Statewide,458
36016,2023,BS,Not Applicable,Diesel,2014,ICE,Not Applicable,≥4,Statewide,458
36017,2023,T6,4,Gasoline,2017,ICE,Not Applicable,≥4,Statewide,457
36018,2023,MC,Not Applicable,Gasoline,1989,ICE,Not Applicable,3,Statewide,457
36019,2023,MH,Not Applicable,Diesel,2012,ICE,Not Applicable,3,Statewide,457
36020,2023,T6,4,Gasoline,2024,ICE,Not Applicable,≥4,Statewide,456
36021,2023,MH,Not Applicable,Gasoline,2008,ICE,Not Applicable,1,Statewide,456
36022,2023,T6,4,Diesel,2000,ICE,Not Applicable,≥4,Statewide,456
36023,2023,T4,2,Diesel,2003,ICE,Not Applicable,1,Statewide,455
36024,2023,T3,2,Diesel,2024,ICE,Not Applicable,≥4,Statewide,455
36025,2023,MH,Not Applicable,Diesel,2018,ICE,Not Applicable,≥4,Statewide,455
36026,2023,MH,Not Applicable,Gasoline,1999,ICE,Not Applicable,2,Statewide,453
36027,2023,MC,Not Applicable,Gasoline,1986,ICE,Not Applicable,3,Statewide,453
36028,2023,T2,1,Diesel,2022,ICE,Not Applicable,1,Statewide,453
36029,2023,MH,Not Applicable,Gasoline,1997,ICE,Not Applicable,3,Statewide,451
36030,2023,BT,Not Applicable,Diesel,2008,ICE,Not Applicable,≥4,Statewide,451
36031,2023,BS,Not Applicable,Diesel,2018,ICE,Not Applicable,≥4,Statewide,595
36032,2023,T6,4,Diesel,2003,ICE,Not Applicable,≥4,Statewide,435
36033,2023,T5,3,Gasoline,2010,ICE,Not Applicable,3,Statewide,432
36034,2023,MH,Not Applicable,Gasoline,2018,ICE,Not Applicable,≥4,Statewide,1372
36035,2023,T6,4,Gasoline,2005,ICE,Not Applicable,≥4,Statewide,1372
36036,2023,T5,3,Gasoline,1998,ICE,Not Applicable,≥4,Statewide,424
36037,2023,B,Not Applicable,Gasoline,2010,ICE,Not Applicable,≥4,Statewide,424
36038,2023,T2,1,Diesel,2021,ICE,Not Applicable,3,Statewide,424
36039,2023,T3,2,Diesel,2022,ICE,Not Applicable,2,Statewide,1373
36040,2023,MH,Not Applicable,Gasoline,1983,ICE,Not Applicable,≥4,Statewide,423
36041,2023,MC,Not Applicable,Gasoline,1983,ICE,Not Applicable,3,Statewide,423
36042,2023,T2,1,Gasoline,2024,PHEV,0 to 50 miles,1,Statewide,1376
36043,2023,P,Not Applicable,Hydrogen,2023,FCEV,>150 miles,2,Statewide,421
36044,2023,T2,1,Gasoline,1989,ICE,Not Applicable,2,Statewide,421
36045,2023,BT,Not Applicable,Diesel,1979,ICE,Not Applicable,1,Statewide,1378
36046,2023,T4,2,Gasoline,1991,ICE,Not Applicable,2,Statewide,420
36047,2023,P,Not Applicable,Electric,2023,BEV,101 to 150 miles,3,Statewide,420
36048,2023,T4,2,Diesel,1999,ICE,Not Applicable,≥4,Statewide,1380
36049,2023,P,Not Applicable,Diesel,1990,ICE,Not Applicable,2,Statewide,419
36050,2023,T5,3,Gasoline,2013,ICE,Not Applicable,1,Statewide,418
36051,2023,T5,3,Gasoline,2022,ICE,Not Applicable,1,Statewide,417
36052,2023,MH,Not Applicable,Diesel,2009,ICE,Not Applicable,≥4,Statewide,1381
36053,2023,T1,1,Gasoline,1986,ICE,Not Applicable,3,Statewide,416
36054,2023,T5,3,Gasoline,2011,ICE,Not Applicable,3,Statewide,415
36055,2023,B,Not Applicable,Diesel,2023,ICE,Not Applicable,≥4,Statewide,425
36056,2023,B,Not Applicable,Gasoline,2016,ICE,Not Applicable,≥4,Statewide,433
36057,2023,MH,Not Applicable,Gasoline,1995,ICE,Not Applicable,3,Statewide,425
36058,2023,B,Not Applicable,Diesel,2021,ICE,Not Applicable,≥4,Statewide,427
36059,2023,MH,Not Applicable,Gasoline,2000,ICE,Not Applicable,1,Statewide,432
36060,2023,T4,2,Diesel,1992,ICE,Not Applicable,≥4,Statewide,432
36061,2023,MC,Not Applicable,Gasoline,1984,ICE,Not Applicable,3,Statewide,431
36062,2023,T7,8,Diesel,2013,ICE,Not Applicable,2,Statewide,431
36063,2023,B,Not Applicable,Diesel,2013,ICE,Not Applicable,≥4,Statewide,431
36064,2023,T3,2,Gasoline,2022,PHEV,0 to 50 miles,3,Statewide,430
36065,2023,T3,2,Gasoline,2021,PHEV,0 to 50 miles,2,Statewide,430
36066,2023,P,Not Applicable,Electric,2017,BEV,>150 miles,≥4,Statewide,430
36067,2023,T7,8,Diesel,2022,ICE,Not Applicable,1,Statewide,430
36068,2023,T6,6,Diesel,2012,ICE,Not Applicable,3,Statewide,430
36069,2023,T6,4,Gasoline,2003,ICE,Not Applicable,≥4,Statewide,429
36070,2023,T6,6,Gasoline,2017,ICE,Not Applicable,≥4,Statewide,428
36071,2023,T3,2,Gasoline,1990,ICE,Not Applicable,3,Statewide,428
36072,2023,T2,1,Gasoline,2023,PHEV,0 to 50 miles,3,Statewide,428
36073,2023,B,Not Applicable,Gasoline,2008,ICE,Not Applicable,≥4,Statewide,428
36074,2023,T5,3,Diesel,2005,ICE,Not Applicable,2,Statewide,428
36075,2023,P,Not Applicable,Diesel,1988,ICE,Not Applicable,3,Statewide,428
36076,2023,BT,Not Applicable,Diesel,2007,ICE,Not Applicable,≥4,Statewide,428
36077,2023,B,Not Applicable,Diesel,2020,ICE,Not Applicable,≥4,Statewide,428
36078,2023,T4,2,Diesel,1993,ICE,Not Applicable,≥4,Statewide,427
36079,2023,MH,Not Applicable,Diesel,2022,ICE,Not Applicable,3,Statewide,427
36080,2023,T4,2,Gasoline,1990,ICE,Not Applicable,3,Statewide,425
36081,2023,MC,Not Applicable,Gasoline,1994,ICE,Not Applicable,2,Statewide,372
36082,2023,T6,7,Diesel,2000,ICE,Not Applicable,≥4,Statewide,595
36083,2023,MC,Not Applicable,Gasoline,2000,ICE,Not Applicable,1,Statewide,596
36084,2023,T7,8,Diesel,2018,ICE,Not Applicable,3,Statewide,881
36085,2023,T5,3,Diesel,2012,ICE,Not Applicable,1,Statewide,880
36086,2023,P,Not Applicable,Diesel,2017,ICE,Not Applicable,≥4,Statewide,1116
36087,2023,MH,Not Applicable,Gasoline,2012,ICE,Not Applicable,3,Statewide,879
36088,2023,MH,Not Applicable,Diesel,2005,ICE,Not Applicable,≥4,Statewide,877
36089,2023,T3,2,Gasoline,1982,ICE,Not Applicable,3,Statewide,876
36090,2023,P,Not Applicable,Gasoline,1985,ICE,Not Applicable,3,Statewide,875
36091,2023,P,Not Applicable,Hydrogen,2022,FCEV,>150 miles,≥4,Statewide,873
36092,2023,T2,1,Gasoline,1990,ICE,Not Applicable,≥4,Statewide,873
36093,2023,MH,Not Applicable,Gasoline,2009,ICE,Not Applicable,2,Statewide,884
36094,2023,T5,3,Diesel,2024,ICE,Not Applicable,2,Statewide,873
36095,2023,T6,5,Diesel,2008,ICE,Not Applicable,≥4,Statewide,1122
36096,2023,T5,3,Gasoline,2014,ICE,Not Applicable,≥4,Statewide,1122
36097,2023,T3,2,Gasoline,1989,ICE,Not Applicable,≥4,Statewide,868
36098,2023,T7,8,Diesel,2020,ICE,Not Applicable,3,Statewide,868
36099,2023,T3,2,Gasoline,1993,ICE,Not Applicable,2,Statewide,863
36100,2023,T6,4,Gasoline,2007,ICE,Not Applicable,≥4,Statewide,1125
36101,2023,T2,1,Gasoline,1981,ICE,Not Applicable,≥4,Statewide,858
36102,2023,P,Not Applicable,Gasoline,1986,ICE,Not Applicable,2,Statewide,858
36103,2023,T7,8,Diesel,2018,ICE,Not Applicable,2,Statewide,855
36104,2023,P,Not Applicable,Hydrogen,2022,FCEV,>150 miles,1,Statewide,870
36105,2023,T5,3,Diesel,2019,ICE,Not Applicable,1,Statewide,885
36106,2023,MH,Not Applicable,Gasoline,2002,ICE,Not Applicable,3,Statewide,886
36107,2023,T4,2,Gasoline,1995,ICE,Not Applicable,3,Statewide,886
36108,2023,P,Not Applicable,Diesel,2017,ICE,Not Applicable,1,Statewide,915
36109,2023,P,Not Applicable,Gasoline,1986,ICE,Not Applicable,3,Statewide,913
36110,2023,P,Not Applicable,Hydrogen,2022,FCEV,>150 miles,2,Statewide,912
36111,2023,T3,2,Gasoline,1993,ICE,Not Applicable,3,Statewide,911
36112,2023,P,Not Applicable,Diesel,2016,ICE,Not Applicable,1,Statewide,906
36113,2023,P,Not Applicable,Diesel,2018,ICE,Not Applicable,3,Statewide,905
36114,2023,T4,2,Gasoline,1998,ICE,Not Applicable,1,Statewide,904
36115,2023,T4,2,Gasoline,1994,ICE,Not Applicable,3,Statewide,901
36116,2023,P,Not Applicable,Gasoline,2021,PHEV,51 to 100 miles,3,Statewide,901
36117,2023,T6,4,Diesel,2022,ICE,Not Applicable,≥4,Statewide,901
36118,2023,MH,Not Applicable,Diesel,2022,ICE,Not Applicable,≥4,Statewide,899
36119,2023,BS,Not Applicable,Diesel,2019,ICE,Not Applicable,≥4,Statewide,899
36120,2023,T4,2,Gasoline,2016,ICE,Not Applicable,2,Statewide,898
36121,2023,T2,1,Gasoline,2024,PHEV,0 to 50 miles,3,Statewide,896
36122,2023,MC,Not Applicable,Gasoline,1999,ICE,Not Applicable,3,Statewide,896
36123,2023,T6,6,Diesel,2003,ICE,Not Applicable,≥4,Statewide,896
36124,2023,P,Not Applicable,Gasoline,1981,ICE,Not Applicable,3,Statewide,892
36125,2023,T5,3,Diesel,2019,ICE,Not Applicable,2,Statewide,892
36126,2023,MC,Not Applicable,Gasoline,2001,ICE,Not Applicable,2,Statewide,891
36127,2023,MH,Not Applicable,Gasoline,2007,ICE,Not Applicable,3,Statewide,1115
36128,2023,P,Not Applicable,Gasoline,1988,ICE,Not Applicable,3,Statewide,1115
36129,2023,T5,3,Diesel,2019,ICE,Not Applicable,3,Statewide,855
36130,2023,T6,4,Gasoline,2012,ICE,Not Applicable,≥4,Statewide,1127
36131,2023,T4,2,Gasoline,1995,ICE,Not Applicable,2,Statewide,852
36132,2023,T7,8,Diesel,2021,ICE,Not Applicable,1,Statewide,850
36133,2023,T2,1,Diesel,2020,ICE,Not Applicable,1,Statewide,818
36134,2023,T5,3,Diesel,2024,ICE,Not Applicable,3,Statewide,814
36135,2023,T6,5,Gasoline,2016,ICE,Not Applicable,≥4,Statewide,813
36136,2023,T2,1,Gasoline,1991,ICE,Not Applicable,3,Statewide,813
36137,2023,T6,4,Diesel,2019,ICE,Not Applicable,≥4,Statewide,812
36138,2023,MH,Not Applicable,Diesel,2007,ICE,Not Applicable,≥4,Statewide,812
36139,2023,T6,4,Diesel,2008,ICE,Not Applicable,≥4,Statewide,1148
36140,2023,MH,Not Applicable,Gasoline,2011,ICE,Not Applicable,2,Statewide,810
36141,2023,P,Not Applicable,Electric,2016,BEV,51 to 100 miles,3,Statewide,810
36142,2023,T6,4,Gasoline,2009,ICE,Not Applicable,≥4,Statewide,809
36143,2023,T7,8,Diesel,1979,ICE,Not Applicable,≥4,Statewide,1152
36144,2023,P,Not Applicable,Electric,2017,BEV,51 to 100 miles,2,Statewide,807
36145,2023,T7,8,Diesel,2016,ICE,Not Applicable,1,Statewide,807
36146,2023,P,Not Applicable,Diesel,2017,ICE,Not Applicable,2,Statewide,804
36147,2023,T5,3,Diesel,2016,ICE,Not Applicable,2,Statewide,803
36148,2023,MH,Not Applicable,Gasoline,2022,ICE,Not Applicable,2,Statewide,800
36149,2023,P,Not Applicable,Diesel,1988,ICE,Not Applicable,≥4,Statewide,800
36150,2023,T4,2,Gasoline,1994,ICE,Not Applicable,2,Statewide,799
36151,2023,T7,8,Diesel,1994,ICE,Not Applicable,≥4,Statewide,796
36152,2023,P,Not Applicable,Gasoline,1981,ICE,Not Applicable,2,Statewide,795
36153,2023,P,Not Applicable,Electric,2017,BEV,51 to 100 miles,≥4,Statewide,795
36154,2023,T3,2,Gasoline,1993,ICE,Not Applicable,1,Statewide,818
36155,2023,T4,2,Diesel,2000,ICE,Not Applicable,1,Statewide,917
36156,2023,T4,2,Diesel,2001,ICE,Not Applicable,3,Statewide,1146
36157,2023,MC,Not Applicable,Gasoline,1998,ICE,Not Applicable,3,Statewide,825
36158,2023,P,Not Applicable,Electric,2016,BEV,51 to 100 miles,2,Statewide,847
36159,2023,MH,Not Applicable,Gasoline,2005,ICE,Not Applicable,3,Statewide,1130
36160,2023,T6,5,Gasoline,2019,ICE,Not Applicable,≥4,Statewide,846
36161,2023,T4,2,Diesel,2014,ICE,Not Applicable,2,Statewide,844
36162,2023,T6,5,Diesel,2007,ICE,Not Applicable,≥4,Statewide,843
36163,2023,T4,2,Diesel,1991,ICE,Not Applicable,≥4,Statewide,842
36164,2023,BS,Not Applicable,Diesel,2021,ICE,Not Applicable,≥4,Statewide,842
36165,2023,T5,3,Diesel,2013,ICE,Not Applicable,3,Statewide,1134
36166,2023,MH,Not Applicable,Gasoline,2023,ICE,Not Applicable,3,Statewide,838
36167,2023,T6,4,Diesel,2002,ICE,Not Applicable,≥4,Statewide,838
36168,2023,T1,1,Gasoline,1985,ICE,Not Applicable,≥4,Statewide,837
36169,2023,T2,1,Diesel,2019,ICE,Not Applicable,2,Statewide,837
36170,2023,T7,8,Natural Gas,2023,ICE,Not Applicable,≥4,Statewide,1138
36171,2023,T3,2,Gasoline,1981,ICE,Not Applicable,≥4,Statewide,1140
36172,2023,T6,4,Gasoline,2021,ICE,Not Applicable,≥4,Statewide,832
36173,2023,T7,8,Natural Gas,2020,ICE,Not Applicable,≥4,Statewide,831
36174,2023,P,Not Applicable,Electric,2023,BEV,51 to 100 miles,3,Statewide,831
36175,2023,T7,8,Diesel,2019,ICE,Not Applicable,2,Statewide,831
36176,2023,T5,3,Diesel,2016,ICE,Not Applicable,3,Statewide,826
36177,2023,T5,3,Diesel,2013,ICE,Not Applicable,2,Statewide,1144
36178,2023,T4,2,Gasoline,1985,ICE,Not Applicable,≥4,Statewide,825
36179,2023,T7,8,Diesel,2020,ICE,Not Applicable,2,Statewide,823
36180,2023,T4,2,Gasoline,1996,ICE,Not Applicable,3,Statewide,794
36181,2023,MH,Not Applicable,Gasoline,1996,ICE,Not Applicable,≥4,Statewide,917
36182,2023,T5,3,Diesel,2015,ICE,Not Applicable,≥4,Statewide,918
36183,2023,T4,2,Diesel,2000,ICE,Not Applicable,3,Statewide,1020
36184,2023,T4,2,Gasoline,1998,ICE,Not Applicable,2,Statewide,1019
36185,2023,T5,3,Diesel,2012,ICE,Not Applicable,3,Statewide,1016
36186,2023,MH,Not Applicable,Gasoline,1998,ICE,Not Applicable,≥4,Statewide,1091
36187,2023,T3,2,Diesel,2022,ICE,Not Applicable,3,Statewide,1015
36188,2023,T5,3,Diesel,2012,ICE,Not Applicable,2,Statewide,1011
36189,2023,T6,4,Diesel,2021,ICE,Not Applicable,≥4,Statewide,1010
36190,2023,T5,3,Diesel,2013,ICE,Not Applicable,1,Statewide,1010
36191,2023,T5,3,Gasoline,2003,ICE,Not Applicable,≥4,Statewide,1008
36192,2023,T6,5,Diesel,2006,ICE,Not Applicable,≥4,Statewide,1020
36193,2023,T4,2,Gasoline,1999,ICE,Not Applicable,2,Statewide,1008
36194,2023,P,Not Applicable,Gasoline,1980,ICE,Not Applicable,2,Statewide,1002
36195,2023,T7,8,Diesel,2020,ICE,Not Applicable,1,Statewide,1094
36196,2023,T1,1,Gasoline,1989,ICE,Not Applicable,1,Statewide,998
36197,2023,T4,2,Gasoline,1999,ICE,Not Applicable,3,Statewide,997
36198,2023,T6,7,Diesel,2011,ICE,Not Applicable,≥4,Statewide,996
36199,2023,T4,2,Gasoline,2016,ICE,Not Applicable,1,Statewide,995
36200,2023,T4,2,Diesel,2000,ICE,Not Applicable,2,Statewide,994
36201,2023,T1,1,Gasoline,1989,ICE,Not Applicable,2,Statewide,1094
36202,2023,T4,2,Gasoline,2017,ICE,Not Applicable,3,Statewide,1094
36203,2023,T4,2,Diesel,2017,ICE,Not Applicable,1,Statewide,1005
36204,2023,T2,1,Gasoline,1992,ICE,Not Applicable,3,Statewide,1022
36205,2023,MC,Not Applicable,Gasoline,1982,ICE,Not Applicable,≥4,Statewide,1023
36206,2023,P,Not Applicable,Gasoline,1984,ICE,Not Applicable,1,Statewide,1023
36207,2023,MH,Not Applicable,Gasoline,2013,ICE,Not Applicable,≥4,Statewide,1078
36208,2023,T7,8,Diesel,2002,ICE,Not Applicable,≥4,Statewide,1075
36209,2023,T4,2,Gasoline,2019,ICE,Not Applicable,2,Statewide,1070
36210,2023,T5,3,Diesel,2017,ICE,Not Applicable,3,Statewide,1069
36211,2023,T3,2,Gasoline,2023,PHEV,0 to 50 miles,3,Statewide,1059
36212,2023,MH,Not Applicable,Gasoline,2016,ICE,Not Applicable,≥4,Statewide,1059
36213,2023,T7,8,Diesel,2000,ICE,Not Applicable,≥4,Statewide,1054
36214,2023,T6,7,Diesel,2015,ICE,Not Applicable,≥4,Statewide,1045
36215,2023,P,Not Applicable,Gasoline,1981,ICE,Not Applicable,1,Statewide,1043
36216,2023,BT,Not Applicable,Diesel,1979,ICE,Not Applicable,≥4,Statewide,1043
36217,2023,P,Not Applicable,Electric,2023,BEV,51 to 100 miles,1,Statewide,1088
36218,2023,T7,8,Diesel,2017,ICE,Not Applicable,3,Statewide,1089
36219,2023,MH,Not Applicable,Diesel,2008,ICE,Not Applicable,≥4,Statewide,1038
36220,2023,P,Not Applicable,Gasoline,1988,ICE,Not Applicable,1,Statewide,1035
36221,2023,T4,2,Gasoline,1998,ICE,Not Applicable,3,Statewide,1034
36222,2023,T7,8,Diesel,2001,ICE,Not Applicable,≥4,Statewide,1034
36223,2023,T5,3,Diesel,2017,ICE,Not Applicable,2,Statewide,1033
36224,2023,MC,Not Applicable,Gasoline,2000,ICE,Not Applicable,3,Statewide,1031
36225,2023,T2,1,Diesel,2020,ICE,Not Applicable,2,Statewide,1031
36226,2023,P,Not Applicable,Diesel,2018,ICE,Not Applicable,2,Statewide,1028
36227,2023,T4,2,Diesel,1996,ICE,Not Applicable,≥4,Statewide,1024
36228,2023,T3,2,Diesel,2011,ICE,Not Applicable,≥4,Statewide,992
36229,2023,T3,2,Diesel,2012,ICE,Not Applicable,≥4,Statewide,990
36230,2023,MC,Not Applicable,Gasoline,1981,ICE,Not Applicable,≥4,Statewide,1095
36231,2023,T4,2,Gasoline,2019,ICE,Not Applicable,3,Statewide,989
36232,2023,T6,4,Diesel,2020,ICE,Not Applicable,≥4,Statewide,943
36233,2023,T4,2,Diesel,2001,ICE,Not Applicable,1,Statewide,942
36234,2023,T5,3,Diesel,2010,ICE,Not Applicable,1,Statewide,1103
36235,2023,T2,1,Gasoline,1992,ICE,Not Applicable,2,Statewide,941
36236,2023,MH,Not Applicable,Gasoline,2019,ICE,Not Applicable,3,Statewide,939
36237,2023,P,Not Applicable,Electric,2023,BEV,51 to 100 miles,≥4,Statewide,936
36238,2023,B,Not Applicable,Gasoline,2013,ICE,Not Applicable,≥4,Statewide,935
36239,2023,P,Not Applicable,Electric,2016,BEV,51 to 100 miles,≥4,Statewide,929
36240,2023,T7,8,Diesel,2019,ICE,Not Applicable,3,Statewide,929
36241,2023,T6,5,Diesel,2014,ICE,Not Applicable,≥4,Statewide,929
36242,2023,T4,2,Gasoline,2016,ICE,Not Applicable,3,Statewide,928
36243,2023,T3,2,Gasoline,1985,ICE,Not Applicable,≥4,Statewide,928
36244,2023,T2,1,Diesel,2020,ICE,Not Applicable,≥4,Statewide,928
36245,2023,T3,2,Gasoline,1990,ICE,Not Applicable,≥4,Statewide,1107
36246,2023,P,Not Applicable,Natural Gas,2017,ICE,Not Applicable,≥4,Statewide,927
36247,2023,MC,Not Applicable,Gasoline,2003,ICE,Not Applicable,1,Statewide,927
36248,2023,T2,1,Gasoline,1989,ICE,Not Applicable,≥4,Statewide,926
36249,2023,T4,2,Gasoline,1999,ICE,Not Applicable,1,Statewide,924
36250,2023,T1,1,Gasoline,1983,ICE,Not Applicable,≥4,Statewide,922
36251,2023,T4,2,Diesel,1995,ICE,Not Applicable,≥4,Statewide,921
36252,2023,T6,7,Diesel,2006,ICE,Not Applicable,≥4,Statewide,918
36253,2023,P,Not Applicable,Gasoline,1987,ICE,Not Applicable,3,Statewide,944
36254,2023,P,Not Applicable,Gasoline,1987,ICE,Not Applicable,2,Statewide,917
36255,2023,T4,2,Diesel,1997,ICE,Not Applicable,≥4,Statewide,946
36256,2023,T6,4,Diesel,2023,ICE,Not Applicable,≥4,Statewide,952
36257,2023,T6,6,Gasoline,2020,ICE,Not Applicable,≥4,Statewide,987
36258,2023,P,Not Applicable,Diesel,2016,ICE,Not Applicable,2,Statewide,984
36259,2023,T6,5,Gasoline,2024,ICE,Not Applicable,≥4,Statewide,983
36260,2023,P,Not Applicable,Gasoline,1982,ICE,Not Applicable,2,Statewide,983
36261,2023,MH,Not Applicable,Gasoline,2010,ICE,Not Applicable,3,Statewide,983
36262,2023,MH,Not Applicable,Gasoline,2021,ICE,Not Applicable,3,Statewide,1097
36263,2023,T5,3,Gasoline,2000,ICE,Not Applicable,≥4,Statewide,978
36264,2023,T1,1,Gasoline,1984,ICE,Not Applicable,≥4,Statewide,1098
36265,2023,T6,7,Diesel,2010,ICE,Not Applicable,≥4,Statewide,969
36266,2023,T5,3,Diesel,2014,ICE,Not Applicable,≥4,Statewide,968
36267,2023,T6,6,Diesel,2015,ICE,Not Applicable,≥4,Statewide,967
36268,2023,T6,5,Diesel,2005,ICE,Not Applicable,≥4,Statewide,966
36269,2023,T5,3,Diesel,2017,ICE,Not Applicable,1,Statewide,966
36270,2023,T7,8,Diesel,2017,ICE,Not Applicable,2,Statewide,964
36271,2023,MC,Not Applicable,Gasoline,2002,ICE,Not Applicable,2,Statewide,962
36272,2023,B,Not Applicable,Gasoline,2011,ICE,Not Applicable,≥4,Statewide,1099
36273,2023,T7,8,Diesel,2014,ICE,Not Applicable,1,Statewide,959
36274,2023,T6,7,Diesel,2005,ICE,Not Applicable,≥4,Statewide,959
36275,2023,MH,Not Applicable,Gasoline,1995,ICE,Not Applicable,≥4,Statewide,1100
36276,2023,P,Not Applicable,Gasoline,1983,ICE,Not Applicable,2,Statewide,1101
36277,2023,T2,1,Gasoline,2024,PHEV,0 to 50 miles,≥4,Statewide,1101
36278,2023,BS,Not Applicable,Diesel,2020,ICE,Not Applicable,≥4,Statewide,952
36279,2023,T5,3,Gasoline,2001,ICE,Not Applicable,≥4,Statewide,793
36280,2023,T4,2,Diesel,2014,ICE,Not Applicable,3,Statewide,792
36281,2023,T7,8,Diesel,1995,ICE,Not Applicable,≥4,Statewide,790
36282,2023,T2,1,Gasoline,1980,ICE,Not Applicable,3,Statewide,663
36283,2023,MC,Not Applicable,Gasoline,1999,ICE,Not Applicable,2,Statewide,662
36284,2023,P,Not Applicable,Gasoline,2021,PHEV,51 to 100 miles,≥4,Statewide,1221
36285,2023,MH,Not Applicable,Gasoline,2008,ICE,Not Applicable,2,Statewide,661
36286,2023,T4,2,Gasoline,2024,ICE,Not Applicable,3,Statewide,1222
36287,2023,T2,1,Gasoline,1988,ICE,Not Applicable,≥4,Statewide,659
36288,2023,MH,Not Applicable,Gasoline,2005,ICE,Not Applicable,2,Statewide,659
36289,2023,BS,Not Applicable,Diesel,2015,ICE,Not Applicable,≥4,Statewide,658
36290,2023,MH,Not Applicable,Diesel,2004,ICE,Not Applicable,≥4,Statewide,656
36291,2023,T2,1,Gasoline,2023,PHEV,0 to 50 miles,1,Statewide,663
36292,2023,T3,2,Gasoline,1992,ICE,Not Applicable,2,Statewide,655
36293,2023,T4,2,Diesel,1990,ICE,Not Applicable,≥4,Statewide,654
36294,2023,T7,8,Natural Gas,2018,ICE,Not Applicable,≥4,Statewide,651
36295,2023,T6,4,Gasoline,2002,ICE,Not Applicable,≥4,Statewide,651
36296,2023,T3,2,Diesel,2017,ICE,Not Applicable,3,Statewide,1225
36297,2023,T2,1,Gasoline,1993,ICE,Not Applicable,1,Statewide,1225
36298,2023,T7,8,Diesel,1996,ICE,Not Applicable,≥4,Statewide,648
36299,2023,MH,Not Applicable,Gasoline,2007,ICE,Not Applicable,2,Statewide,647
36300,2023,MH,Not Applicable,Diesel,2020,ICE,Not Applicable,≥4,Statewide,647
36301,2023,T3,2,Gasoline,1980,ICE,Not Applicable,≥4,Statewide,1229
36302,2023,P,Not Applicable,Diesel,2017,ICE,Not Applicable,3,Statewide,655
36303,2023,T4,2,Gasoline,1984,ICE,Not Applicable,≥4,Statewide,663
36304,2023,T4,2,Diesel,2015,ICE,Not Applicable,3,Statewide,664
36305,2023,MH,Not Applicable,Gasoline,2004,ICE,Not Applicable,1,Statewide,665
36306,2023,T5,3,Diesel,2010,ICE,Not Applicable,2,Statewide,1213
36307,2023,MH,Not Applicable,Gasoline,2008,ICE,Not Applicable,3,Statewide,1213
36308,2023,MC,Not Applicable,Gasoline,1991,ICE,Not Applicable,3,Statewide,678
36309,2023,P,Not Applicable,Gasoline,2021,PHEV,51 to 100 miles,1,Statewide,1216
36310,2023,T4,2,Gasoline,1996,ICE,Not Applicable,1,Statewide,676
36311,2023,P,Not Applicable,Diesel,1990,ICE,Not Applicable,≥4,Statewide,676
36312,2023,P,Not Applicable,Hydrogen,2022,FCEV,>150 miles,3,Statewide,675
36313,2023,T6,5,Diesel,2015,ICE,Not Applicable,≥4,Statewide,674
36314,2023,T4,2,Diesel,1994,ICE,Not Applicable,≥4,Statewide,674
36315,2023,T3,2,Gasoline,2023,PHEV,0 to 50 miles,≥4,Statewide,1219
36316,2023,T5,3,Diesel,2009,ICE,Not Applicable,3,Statewide,671
36317,2023,BT,Not Applicable,Natural Gas,2013,ICE,Not Applicable,≥4,Statewide,670
36318,2023,T3,2,Gasoline,1984,ICE,Not Applicable,3,Statewide,670
36319,2023,T6,7,Diesel,2007,ICE,Not Applicable,≥4,Statewide,670
36320,2023,T7,8,Diesel,2019,ICE,Not Applicable,1,Statewide,1220
36321,2023,T6,4,Gasoline,2010,ICE,Not Applicable,≥4,Statewide,668
36322,2023,T4,2,Gasoline,1988,ICE,Not Applicable,≥4,Statewide,668
36323,2023,T6,6,Gasoline,2021,ICE,Not Applicable,≥4,Statewide,667
36324,2023,T5,3,Diesel,2006,ICE,Not Applicable,3,Statewide,667
36325,2023,P,Not Applicable,Gasoline,2024,PHEV,51 to 100 miles,1,Statewide,666
36326,2023,T5,3,Gasoline,1999,ICE,Not Applicable,≥4,Statewide,665
36327,2023,P,Not Applicable,Diesel,2018,ICE,Not Applicable,1,Statewide,1230
36328,2023,P,Not Applicable,Electric,2017,BEV,51 to 100 miles,3,Statewide,646
36329,2023,T6,7,Diesel,2012,ICE,Not Applicable,≥4,Statewide,1230
36330,2023,T6,6,Diesel,2000,ICE,Not Applicable,≥4,Statewide,644
36331,2023,T7,8,Diesel,2016,ICE,Not Applicable,3,Statewide,617
36332,2023,T7,8,Diesel,2014,ICE,Not Applicable,2,Statewide,617
36333,2023,T3,2,Gasoline,1992,ICE,Not Applicable,3,Statewide,616
36334,2023,T3,2,Diesel,2018,ICE,Not Applicable,2,Statewide,615
36335,2023,BS,Not Applicable,Diesel,2007,ICE,Not Applicable,≥4,Statewide,615
36336,2023,MC,Not Applicable,Gasoline,1997,ICE,Not Applicable,3,Statewide,614
36337,2023,BT,Not Applicable,Gasoline,2021,ICE,Not Applicable,≥4,Statewide,614
36338,2023,BS,Not Applicable,Diesel,2003,ICE,Not Applicable,≥4,Statewide,613
36339,2023,MC,Not Applicable,Gasoline,1998,ICE,Not Applicable,2,Statewide,609
36340,2023,MC,Not Applicable,Gasoline,1996,ICE,Not Applicable,3,Statewide,609
36341,2023,B,Not Applicable,Gasoline,1979,ICE,Not Applicable,≥4,Statewide,609
36342,2023,T6,6,Diesel,2002,ICE,Not Applicable,≥4,Statewide,608
36343,2023,P,Not Applicable,Gasoline,1983,ICE,Not Applicable,3,Statewide,1248
36344,2023,MH,Not Applicable,Gasoline,2020,ICE,Not Applicable,3,Statewide,604
36345,2023,T5,3,Diesel,2004,ICE,Not Applicable,3,Statewide,604
36346,2023,T1,Unknown,Gasoline,1979,ICE,Not Applicable,1,Statewide,602
36347,2023,T3,2,Gasoline,1983,ICE,Not Applicable,2,Statewide,601
36348,2023,T5,3,Diesel,2009,ICE,Not Applicable,2,Statewide,601
36349,2023,T4,2,Gasoline,2014,ICE,Not Applicable,1,Statewide,599
36350,2023,MH,Not Applicable,Gasoline,1991,ICE,Not Applicable,≥4,Statewide,598
36351,2023,T2,1,Diesel,2021,ICE,Not Applicable,≥4,Statewide,598
36352,2023,MH,Not Applicable,Gasoline,2009,ICE,Not Applicable,1,Statewide,617
36353,2023,T7,8,Natural Gas,2021,ICE,Not Applicable,≥4,Statewide,682
36354,2023,T6,5,Gasoline,2023,ICE,Not Applicable,≥4,Statewide,1242
36355,2023,T2,1,Diesel,2019,ICE,Not Applicable,3,Statewide,620
36356,2023,T2,1,Gasoline,1991,ICE,Not Applicable,1,Statewide,642
36357,2023,T1,1,Gasoline,1988,ICE,Not Applicable,3,Statewide,642
36358,2023,T7,8,Diesel,1993,ICE,Not Applicable,≥4,Statewide,640
36359,2023,BS,Not Applicable,Diesel,2005,ICE,Not Applicable,≥4,Statewide,640
36360,2023,T3,2,Gasoline,1984,ICE,Not Applicable,2,Statewide,638
36361,2023,T3,2,Diesel,2019,ICE,Not Applicable,3,Statewide,1236
36362,2023,MH,Not Applicable,Gasoline,1997,ICE,Not Applicable,≥4,Statewide,1236
36363,2023,P,Not Applicable,Gasoline,1985,ICE,Not Applicable,1,Statewide,631
36364,2023,MH,Not Applicable,Gasoline,1999,ICE,Not Applicable,3,Statewide,631
36365,2023,T5,3,Diesel,2018,ICE,Not Applicable,1,Statewide,631
36366,2023,T1,1,Gasoline,1980,ICE,Not Applicable,≥4,Statewide,630
36367,2023,T7,8,Diesel,1998,ICE,Not Applicable,≥4,Statewide,630
36368,2023,MH,Not Applicable,Gasoline,2011,ICE,Not Applicable,1,Statewide,628
36369,2023,BS,Not Applicable,Gasoline,2021,ICE,Not Applicable,≥4,Statewide,627
36370,2023,T5,3,Diesel,2018,ICE,Not Applicable,2,Statewide,626
36371,2023,T3,2,Gasoline,2022,PHEV,0 to 50 miles,≥4,Statewide,625
36372,2023,T5,3,Diesel,2008,ICE,Not Applicable,3,Statewide,625
36373,2023,T7,8,Natural Gas,2014,ICE,Not Applicable,≥4,Statewide,624
36374,2023,B,Not Applicable,Gasoline,2012,ICE,Not Applicable,≥4,Statewide,623
36375,2023,T3,2,Gasoline,1984,ICE,Not Applicable,1,Statewide,622
36376,2023,MH,Not Applicable,Diesel,2023,ICE,Not Applicable,≥4,Statewide,621
36377,2023,MH,Not Applicable,Gasoline,2020,ICE,Not Applicable,≥4,Statewide,1242
36378,2023,T6,4,Gasoline,2006,ICE,Not Applicable,≥4,Statewide,1212
36379,2023,P,Not Applicable,Diesel,1989,ICE,Not Applicable,≥4,Statewide,683
36380,2023,BS,Not Applicable,Diesel,2011,ICE,Not Applicable,≥4,Statewide,684
36381,2023,T7,8,Natural Gas,2017,ICE,Not Applicable,≥4,Statewide,769
36382,2023,T4,2,Gasoline,1997,ICE,Not Applicable,3,Statewide,767
36383,2023,T6,6,Gasoline,2022,ICE,Not Applicable,≥4,Statewide,766
36384,2023,T7,8,Diesel,1999,ICE,Not Applicable,≥4,Statewide,760
36385,2023,MC,Not Applicable,Gasoline,2002,ICE,Not Applicable,1,Statewide,756
36386,2023,P,Not Applicable,Electric,2023,BEV,101 to 150 miles,2,Statewide,756
36387,2023,T3,2,Diesel,2017,ICE,Not Applicable,1,Statewide,1177
36388,2023,BT,Not Applicable,Natural Gas,2018,ICE,Not Applicable,≥4,Statewide,753
36389,2023,T4,2,Gasoline,1994,ICE,Not Applicable,1,Statewide,752
36390,2023,T4,2,Gasoline,1986,ICE,Not Applicable,≥4,Statewide,752
36391,2023,MH,Not Applicable,Gasoline,1993,ICE,Not Applicable,≥4,Statewide,752
36392,2023,T6,4,Diesel,2017,ICE,Not Applicable,≥4,Statewide,751
36393,2023,T5,3,Gasoline,2015,ICE,Not Applicable,≥4,Statewide,748
36394,2023,P,Not Applicable,Gasoline,1980,ICE,Not Applicable,3,Statewide,1179
36395,2023,T5,3,Diesel,2001,ICE,Not Applicable,≥4,Statewide,747
36396,2023,T4,2,Gasoline,1997,ICE,Not Applicable,2,Statewide,744
36397,2023,T3,2,Gasoline,2022,PHEV,0 to 50 miles,2,Statewide,743
36398,2023,T4,2,Gasoline,2017,ICE,Not Applicable,2,Statewide,1181
36399,2023,T7,8,Diesel,2013,ICE,Not Applicable,1,Statewide,741
36400,2023,T6,5,Gasoline,2018,ICE,Not Applicable,≥4,Statewide,736
36401,2023,T3,2,Gasoline,2025,ICE,Not Applicable,3,Statewide,1183
36402,2023,T5,3,Diesel,2002,ICE,Not Applicable,≥4,Statewide,770
36403,2023,T6,4,Diesel,2024,ICE,Not Applicable,≥4,Statewide,734
36404,2023,T6,6,Gasoline,1979,ICE,Not Applicable,1,Statewide,770
36405,2023,T5,3,Gasoline,2002,ICE,Not Applicable,≥4,Statewide,1171
36406,2023,T3,2,Diesel,2018,ICE,Not Applicable,≥4,Statewide,788
36407,2023,T4,2,Gasoline,1995,ICE,Not Applicable,1,Statewide,785
36408,2023,T6,7,Diesel,2008,ICE,Not Applicable,≥4,Statewide,785
36409,2023,P,Not Applicable,Gasoline,1988,ICE,Not Applicable,2,Statewide,1164
36410,2023,P,Not Applicable,Gasoline,1985,ICE,Not Applicable,2,Statewide,783
36411,2023,MH,Not Applicable,Diesel,2021,ICE,Not Applicable,≥4,Statewide,1166
36412,2023,MC,Not Applicable,Gasoline,2001,ICE,Not Applicable,1,Statewide,782
36413,2023,MH,Not Applicable,Diesel,2006,ICE,Not Applicable,≥4,Statewide,781
36414,2023,T2,1,Diesel,2019,ICE,Not Applicable,≥4,Statewide,780
36415,2023,T7,8,Natural Gas,2024,ICE,Not Applicable,≥4,Statewide,779
36416,2023,MH,Not Applicable,Gasoline,2017,ICE,Not Applicable,≥4,Statewide,779
36417,2023,T6,4,Gasoline,2004,ICE,Not Applicable,≥4,Statewide,1168
36418,2023,P,Not Applicable,Gasoline,2024,PHEV,51 to 100 miles,≥4,Statewide,778
36419,2023,P,Not Applicable,Gasoline,1987,ICE,Not Applicable,1,Statewide,778
36420,2023,T6,4,Gasoline,2008,ICE,Not Applicable,≥4,Statewide,776
36421,2023,T2,1,Gasoline,2023,PHEV,0 to 50 miles,2,Statewide,776
36422,2023,P,Not Applicable,Diesel,1987,ICE,Not Applicable,≥4,Statewide,776
36423,2023,T5,3,Diesel,2016,ICE,Not Applicable,1,Statewide,775
36424,2023,MH,Not Applicable,Diesel,2013,ICE,Not Applicable,≥4,Statewide,1171
36425,2023,T1,Unknown,Gasoline,1979,ICE,Not Applicable,3,Statewide,774
36426,2023,T4,2,Diesel,2001,ICE,Not Applicable,2,Statewide,1171
36427,2023,T3,2,Gasoline,1982,ICE,Not Applicable,1,Statewide,773
36428,2023,MH,Not Applicable,Gasoline,2024,ICE,Not Applicable,≥4,Statewide,595
36429,2023,T4,2,Diesel,2015,ICE,Not Applicable,2,Statewide,733
36430,2023,MH,Not Applicable,Gasoline,2004,ICE,Not Applicable,2,Statewide,732
36431,2023,P,Not Applicable,Gasoline,2024,PHEV,51 to 100 miles,2,Statewide,711
36432,2023,T2,1,Gasoline,1992,ICE,Not Applicable,1,Statewide,709
36433,2023,T4,2,Gasoline,1989,ICE,Not Applicable,≥4,Statewide,1198
36434,2023,T4,2,Gasoline,1987,ICE,Not Applicable,≥4,Statewide,705
36435,2023,T7,8,Diesel,2021,ICE,Not Applicable,3,Statewide,704
36436,2023,MC,Not Applicable,Gasoline,2003,ICE,Not Applicable,2,Statewide,1206
36437,2023,T3,2,Gasoline,1983,ICE,Not Applicable,3,Statewide,701
36438,2023,P,Not Applicable,Diesel,1986,ICE,Not Applicable,≥4,Statewide,701
36439,2023,T6,5,Diesel,2004,ICE,Not Applicable,≥4,Statewide,700
36440,2023,T7,8,Natural Gas,2016,ICE,Not Applicable,≥4,Statewide,698
36441,2023,BS,Not Applicable,Diesel,2004,ICE,Not Applicable,≥4,Statewide,697
36442,2023,T3,2,Gasoline,2022,PHEV,0 to 50 miles,1,Statewide,693
36443,2023,P,Not Applicable,Gasoline,1986,ICE,Not Applicable,1,Statewide,691
36444,2023,T6,4,Gasoline,2022,ICE,Not Applicable,≥4,Statewide,689
36445,2023,T1,1,Gasoline,1982,ICE,Not Applicable,≥4,Statewide,689
36446,2023,P,Not Applicable,Diesel,2016,ICE,Not Applicable,≥4,Statewide,1212
36447,2023,T7,8,Diesel,2015,ICE,Not Applicable,1,Statewide,687
36448,2023,MH,Not Applicable,Gasoline,2000,ICE,Not Applicable,3,Statewide,686
36449,2023,BS,Not Applicable,Gasoline,2022,ICE,Not Applicable,≥4,Statewide,686
36450,2023,T6,6,Diesel,2004,ICE,Not Applicable,≥4,Statewide,1212
36451,2023,T4,2,Diesel,2014,ICE,Not Applicable,1,Statewide,684
36452,2023,T2,1,Gasoline,1991,ICE,Not Applicable,2,Statewide,712
36453,2023,T2,1,Diesel,2019,ICE,Not Applicable,1,Statewide,733
36454,2023,T4,2,Gasoline,2019,ICE,Not Applicable,1,Statewide,1195
36455,2023,BS,Not Applicable,Diesel,2022,ICE,Not Applicable,≥4,Statewide,715
36456,2023,T6,7,Diesel,2025,ICE,Not Applicable,≥4,Statewide,731
36457,2023,T7,8,Diesel,2018,ICE,Not Applicable,1,Statewide,1184
36458,2023,T7,8,Diesel,1979,ICE,Not Applicable,1,Statewide,730
36459,2023,MH,Not Applicable,Gasoline,2003,ICE,Not Applicable,≥4,Statewide,1185
36460,2023,T4,2,Diesel,2017,ICE,Not Applicable,3,Statewide,1186
36461,2023,T7,8,Diesel,2014,ICE,Not Applicable,3,Statewide,728
36462,2023,T6,7,Diesel,2004,ICE,Not Applicable,≥4,Statewide,727
36463,2023,T3,2,Gasoline,1983,ICE,Not Applicable,1,Statewide,726
36464,2023,P,Not Applicable,Diesel,2008,ICE,Not Applicable,≥4,Statewide,726
36465,2023,MH,Not Applicable,Gasoline,1992,ICE,Not Applicable,≥4,Statewide,725
36466,2023,T6,7,Diesel,2009,ICE,Not Applicable,≥4,Statewide,725
36467,2023,T3,2,Diesel,2016,ICE,Not Applicable,≥4,Statewide,725
36468,2023,MH,Not Applicable,Gasoline,2022,ICE,Not Applicable,1,Statewide,724
36469,2023,T7,8,Diesel,2021,ICE,Not Applicable,2,Statewide,723
36470,2023,MH,Not Applicable,Gasoline,1990,ICE,Not Applicable,≥4,Statewide,722
36471,2023,MH,Not Applicable,Gasoline,2018,ICE,Not Applicable,3,Statewide,721
36472,2023,T2,1,Diesel,2020,ICE,Not Applicable,3,Statewide,721
36473,2023,T3,2,Gasoline,1982,ICE,Not Applicable,2,Statewide,720
36474,2023,MC,Not Applicable,Gasoline,2000,ICE,Not Applicable,2,Statewide,720
36475,2023,P,Not Applicable,Diesel,2016,ICE,Not Applicable,3,Statewide,720
36476,2023,MH,Not Applicable,Gasoline,1989,ICE,Not Applicable,≥4,Statewide,718
36477,2023,T4,2,Gasoline,1996,ICE,Not Applicable,2,Statewide,714
36478,2023,BT,Not Applicable,Natural Gas,2000,ICE,Not Applicable,≥4,Statewide,171
36479,2023,T5,3,Diesel,2020,ICE,Not Applicable,1,Statewide,1442
36480,2023,T3,2,Gasoline,1981,ICE,Not Applicable,1,Statewide,371
36481,2023,MH,Not Applicable,Diesel,1997,ICE,Not Applicable,≥4,Statewide,225
36482,2023,T4,2,Diesel,2018,ICE,Not Applicable,2,Statewide,1748
36483,2023,P,Not Applicable,Gasoline,2016,PHEV,0 to 50 miles,2,Statewide,224
36484,2023,BS,Not Applicable,Gasoline,2011,ICE,Not Applicable,≥4,Statewide,224
36485,2023,B,Not Applicable,Gasoline,2005,ICE,Not Applicable,≥4,Statewide,224
36486,2023,T6,4,Diesel,2005,ICE,Not Applicable,3,Statewide,224
36487,2023,MH,Not Applicable,Diesel,2013,ICE,Not Applicable,1,Statewide,224
36488,2023,P,Not Applicable,Electric,2018,BEV,51 to 100 miles,≥4,Statewide,1749
36489,2023,MH,Not Applicable,Gasoline,2024,ICE,Not Applicable,3,Statewide,223
36490,2023,MH,Not Applicable,Gasoline,1986,ICE,Not Applicable,≥4,Statewide,225
36491,2023,T6,6,Diesel,2018,ICE,Not Applicable,3,Statewide,223
36492,2023,T6,7,Diesel,1990,ICE,Not Applicable,≥4,Statewide,223
36493,2023,P,Not Applicable,Diesel,2022,ICE,Not Applicable,3,Statewide,223
36494,2023,P,Not Applicable,Diesel,2003,ICE,Not Applicable,≥4,Statewide,223
36495,2023,T6,6,Natural Gas,2015,ICE,Not Applicable,≥4,Statewide,222
36496,2023,T6,4,Gasoline,2011,ICE,Not Applicable,2,Statewide,222
36497,2023,MH,Not Applicable,Gasoline,1981,ICE,Not Applicable,≥4,Statewide,222
36498,2023,T6,5,Diesel,2020,ICE,Not Applicable,3,Statewide,222
36499,2023,MH,Not Applicable,Diesel,2004,ICE,Not Applicable,3,Statewide,222
36500,2023,T4,2,Diesel,2002,ICE,Not Applicable,3,Statewide,1754
36501,2023,T6,4,Diesel,2007,ICE,Not Applicable,1,Statewide,223
36502,2023,MH,Not Applicable,Gasoline,1993,ICE,Not Applicable,2,Statewide,225
36503,2023,T1,1,Gasoline,1985,ICE,Not Applicable,2,Statewide,225
36504,2023,T5,3,Gasoline,2018,ICE,Not Applicable,1,Statewide,225
36505,2023,T2,1,Gasoline,1990,ICE,Not Applicable,1,Statewide,232
36506,2023,T4,2,Diesel,1990,ICE,Not Applicable,2,Statewide,232
36507,2023,T4,2,Gasoline,2018,ICE,Not Applicable,1,Statewide,1727
36508,2023,T2,1,Gasoline,1994,ICE,Not Applicable,2,Statewide,1731
36509,2023,MH,Not Applicable,Diesel,2012,ICE,Not Applicable,1,Statewide,230
36510,2023,T5,3,Gasoline,2023,ICE,Not Applicable,2,Statewide,229
36511,2023,MH,Not Applicable,Gasoline,2013,ICE,Not Applicable,1,Statewide,229
36512,2023,MH,Not Applicable,Gasoline,1991,ICE,Not Applicable,3,Statewide,229
36513,2023,T4,2,Diesel,1994,ICE,Not Applicable,1,Statewide,229
36514,2023,MH,Not Applicable,Gasoline,2019,ICE,Not Applicable,≥4,Statewide,1733
36515,2023,T6,4,Diesel,2008,ICE,Not Applicable,1,Statewide,228
36516,2023,T5,3,Diesel,2002,ICE,Not Applicable,1,Statewide,228
36517,2023,T2,1,Diesel,2017,ICE,Not Applicable,2,Statewide,228
36518,2023,B,Not Applicable,Diesel,2012,ICE,Not Applicable,≥4,Statewide,228
36519,2023,BT,Not Applicable,Gasoline,2015,ICE,Not Applicable,≥4,Statewide,227
36520,2023,MH,Not Applicable,Diesel,2018,ICE,Not Applicable,3,Statewide,227
36521,2023,T6,5,Diesel,2010,ICE,Not Applicable,≥4,Statewide,1740
36522,2023,T2,1,Gasoline,2022,PHEV,0 to 50 miles,2,Statewide,226
36523,2023,T6,5,Diesel,2009,ICE,Not Applicable,1,Statewide,226
36524,2023,T6,6,Diesel,2004,ICE,Not Applicable,1,Statewide,226
36525,2023,T3,2,Diesel,2011,ICE,Not Applicable,1,Statewide,226
36526,2023,T1,1,Gasoline,1982,ICE,Not Applicable,2,Statewide,221
36527,2023,T6,5,Diesel,2013,ICE,Not Applicable,3,Statewide,221
36528,2023,T6,6,Diesel,1996,ICE,Not Applicable,≥4,Statewide,221
36529,2023,T3,2,Diesel,2021,ICE,Not Applicable,1,Statewide,1756
36530,2023,T6,5,Diesel,2012,ICE,Not Applicable,2,Statewide,214
36531,2023,B,Not Applicable,Diesel,2006,ICE,Not Applicable,≥4,Statewide,214
36532,2023,T3,2,Gasoline,1985,ICE,Not Applicable,1,Statewide,213
36533,2023,MH,Not Applicable,Diesel,2015,ICE,Not Applicable,≥4,Statewide,213
36534,2023,T2,Unknown,Gasoline,1979,ICE,Not Applicable,2,Statewide,1774
36535,2023,P,Not Applicable,Natural Gas,2013,ICE,Not Applicable,≥4,Statewide,212
36536,2023,T5,3,Gasoline,2000,ICE,Not Applicable,1,Statewide,212
36537,2023,T2,1,Gasoline,1983,ICE,Not Applicable,3,Statewide,212
36538,2023,T7,8,Diesel,1985,ICE,Not Applicable,≥4,Statewide,212
36539,2023,T6,5,Diesel,2017,ICE,Not Applicable,2,Statewide,212
36540,2023,T5,3,Diesel,1993,ICE,Not Applicable,≥4,Statewide,212
36541,2023,T6,6,Gasoline,2005,ICE,Not Applicable,≥4,Statewide,211
36542,2023,T5,3,Gasoline,2012,ICE,Not Applicable,3,Statewide,211
36543,2023,T4,2,Gasoline,1981,ICE,Not Applicable,≥4,Statewide,211
36544,2023,B,Not Applicable,Gasoline,2011,ICE,Not Applicable,3,Statewide,211
36545,2023,T6,6,Diesel,1995,ICE,Not Applicable,≥4,Statewide,211
36546,2023,T4,2,Gasoline,1991,ICE,Not Applicable,≥4,Statewide,1779
36547,2023,T6,4,Gasoline,2011,ICE,Not Applicable,3,Statewide,210
36548,2023,T6,4,Diesel,2004,ICE,Not Applicable,3,Statewide,210
36549,2023,BT,Not Applicable,Diesel,2013,ICE,Not Applicable,≥4,Statewide,210
36550,2023,T7,8,Diesel,2004,ICE,Not Applicable,≥4,Statewide,1780
36551,2023,T5,3,Gasoline,2003,ICE,Not Applicable,1,Statewide,214
36552,2023,T6,5,Diesel,2023,ICE,Not Applicable,3,Statewide,233
36553,2023,T6,6,Diesel,2018,ICE,Not Applicable,2,Statewide,215
36554,2023,T5,3,Diesel,2001,ICE,Not Applicable,2,Statewide,216
36555,2023,T6,4,Diesel,2025,ICE,Not Applicable,≥4,Statewide,220
36556,2023,T6,6,Diesel,2024,ICE,Not Applicable,2,Statewide,220
36557,2023,T6,7,Diesel,1986,ICE,Not Applicable,≥4,Statewide,220
36558,2023,BT,Not Applicable,Gasoline,2024,ICE,Not Applicable,≥4,Statewide,219
36559,2023,T6,4,Gasoline,2014,ICE,Not Applicable,≥4,Statewide,218
36560,2023,T6,5,Diesel,2019,ICE,Not Applicable,2,Statewide,218
36561,2023,T6,4,Diesel,2009,ICE,Not Applicable,3,Statewide,218
36562,2023,T6,6,Diesel,2005,ICE,Not Applicable,3,Statewide,218
36563,2023,T6,6,Diesel,1997,ICE,Not Applicable,≥4,Statewide,218
36564,2023,T5,3,Diesel,2002,ICE,Not Applicable,2,Statewide,218
36565,2023,P,Not Applicable,Diesel,2005,ICE,Not Applicable,≥4,Statewide,218
36566,2023,MH,Not Applicable,Diesel,2023,ICE,Not Applicable,3,Statewide,218
36567,2023,BT,Not Applicable,Natural Gas,2024,ICE,Not Applicable,≥4,Statewide,217
36568,2023,T5,3,Gasoline,2021,ICE,Not Applicable,3,Statewide,217
36569,2023,T6,6,Diesel,2009,ICE,Not Applicable,2,Statewide,217
36570,2023,T3,2,Diesel,2012,ICE,Not Applicable,1,Statewide,217
36571,2023,T1,1,Diesel,1987,ICE,Not Applicable,≥4,Statewide,217
36572,2023,B,Not Applicable,Gasoline,2011,ICE,Not Applicable,2,Statewide,216
36573,2023,T7,8,Diesel,1988,ICE,Not Applicable,≥4,Statewide,216
36574,2023,T6,6,Diesel,2023,ICE,Not Applicable,2,Statewide,216
36575,2023,T6,7,Diesel,1989,ICE,Not Applicable,≥4,Statewide,216
36576,2023,MH,Not Applicable,Gasoline,1990,ICE,Not Applicable,2,Statewide,215
36577,2023,T5,3,Gasoline,2012,ICE,Not Applicable,≥4,Statewide,1781
36578,2023,T7,8,Diesel,2010,ICE,Not Applicable,1,Statewide,233
36579,2023,T5,3,Gasoline,2023,ICE,Not Applicable,3,Statewide,233
36580,2023,BS,Not Applicable,Diesel,1994,ICE,Not Applicable,≥4,Statewide,248
36581,2023,T3,2,Gasoline,1992,ICE,Not Applicable,≥4,Statewide,1686
36582,2023,T3,2,Gasoline,1996,ICE,Not Applicable,2,Statewide,1686
36583,2023,T5,3,Diesel,2021,ICE,Not Applicable,3,Statewide,1687
36584,2023,T3,2,Gasoline,1995,ICE,Not Applicable,3,Statewide,1688
36585,2023,T3,2,Gasoline,2024,PHEV,0 to 50 miles,3,Statewide,247
36586,2023,MH,Not Applicable,Gasoline,1992,ICE,Not Applicable,2,Statewide,247
36587,2023,BT,Not Applicable,Gasoline,2018,ICE,Not Applicable,≥4,Statewide,247
36588,2023,T6,4,Diesel,2010,ICE,Not Applicable,2,Statewide,247
36589,2023,T2,Unknown,Gasoline,1979,ICE,Not Applicable,1,Statewide,1682
36590,2023,T4,2,Diesel,1991,ICE,Not Applicable,1,Statewide,247
36591,2023,T2,1,Diesel,2018,ICE,Not Applicable,3,Statewide,246
36592,2023,BT,Not Applicable,Diesel,2002,ICE,Not Applicable,≥4,Statewide,246
36593,2023,T5,3,Diesel,2021,ICE,Not Applicable,1,Statewide,1691
36594,2023,T5,3,Gasoline,2018,ICE,Not Applicable,≥4,Statewide,1694
36595,2023,T4,2,Gasoline,2001,ICE,Not Applicable,1,Statewide,1695
36596,2023,T6,5,Gasoline,1979,ICE,Not Applicable,1,Statewide,245
36597,2023,T7,8,Diesel,1984,ICE,Not Applicable,≥4,Statewide,245
36598,2023,T6,4,Diesel,2012,ICE,Not Applicable,2,Statewide,245
36599,2023,T6,4,Diesel,2012,ICE,Not Applicable,3,Statewide,245
36600,2023,T7,8,Diesel,1987,ICE,Not Applicable,≥4,Statewide,246
36601,2023,T1,1,Gasoline,1987,ICE,Not Applicable,≥4,Statewide,1682
36602,2023,T5,3,Diesel,2022,ICE,Not Applicable,2,Statewide,1682
36603,2023,BT,Not Applicable,Diesel,2003,ICE,Not Applicable,≥4,Statewide,249
36604,2023,T6,5,Diesel,2024,ICE,Not Applicable,2,Statewide,256
36605,2023,T6,6,Diesel,1998,ICE,Not Applicable,≥4,Statewide,256
36606,2023,P,Not Applicable,Diesel,2007,ICE,Not Applicable,3,Statewide,256
36607,2023,P,Not Applicable,Natural Gas,2012,ICE,Not Applicable,≥4,Statewide,255
36608,2023,MH,Not Applicable,Gasoline,2024,ICE,Not Applicable,1,Statewide,255
36609,2023,P,Not Applicable,Diesel,2015,ICE,Not Applicable,1,Statewide,255
36610,2023,T5,3,Diesel,2022,ICE,Not Applicable,3,Statewide,1671
36611,2023,T6,4,Diesel,2009,ICE,Not Applicable,1,Statewide,254
36612,2023,T4,2,Gasoline,2015,ICE,Not Applicable,≥4,Statewide,1674
36613,2023,T3,2,Gasoline,1996,ICE,Not Applicable,3,Statewide,1675
36614,2023,T2,1,Gasoline,1981,ICE,Not Applicable,1,Statewide,253
36615,2023,MH,Not Applicable,Gasoline,1980,ICE,Not Applicable,≥4,Statewide,253
36616,2023,BT,Not Applicable,Gasoline,2019,ICE,Not Applicable,≥4,Statewide,253
36617,2023,T6,7,Diesel,1991,ICE,Not Applicable,≥4,Statewide,253
36618,2023,P,Not Applicable,Diesel,2004,ICE,Not Applicable,≥4,Statewide,253
36619,2023,T6,5,Gasoline,2022,ICE,Not Applicable,≥4,Statewide,1677
36620,2023,T5,3,Diesel,2001,ICE,Not Applicable,3,Statewide,252
36621,2023,MH,Not Applicable,Gasoline,2000,ICE,Not Applicable,≥4,Statewide,1678
36622,2023,T5,3,Diesel,2023,ICE,Not Applicable,1,Statewide,1679
36623,2023,T6,5,Gasoline,2009,ICE,Not Applicable,≥4,Statewide,249
36624,2023,MH,Not Applicable,Gasoline,1996,ICE,Not Applicable,1,Statewide,249
36625,2023,P,Not Applicable,Natural Gas,2019,ICE,Not Applicable,≥4,Statewide,243
36626,2023,T6,5,Diesel,2023,ICE,Not Applicable,2,Statewide,243
36627,2023,T5,3,Diesel,2014,ICE,Not Applicable,1,Statewide,243
36628,2023,P,Not Applicable,Diesel,2009,ICE,Not Applicable,≥4,Statewide,243
36629,2023,T6,5,Diesel,2020,ICE,Not Applicable,2,Statewide,238
36630,2023,T6,6,Diesel,2016,ICE,Not Applicable,1,Statewide,238
36631,2023,T1,1,Gasoline,1980,ICE,Not Applicable,3,Statewide,237
36632,2023,MH,Not Applicable,Gasoline,1989,ICE,Not Applicable,2,Statewide,237
36633,2023,T6,5,Diesel,2018,ICE,Not Applicable,1,Statewide,237
36634,2023,T6,6,Diesel,2009,ICE,Not Applicable,3,Statewide,237
36635,2023,P,Not Applicable,Diesel,2006,ICE,Not Applicable,≥4,Statewide,237
36636,2023,BT,Not Applicable,Diesel,1995,ICE,Not Applicable,≥4,Statewide,237
36637,2023,T6,4,Gasoline,2005,ICE,Not Applicable,1,Statewide,236
36638,2023,T5,3,Gasoline,2021,ICE,Not Applicable,2,Statewide,236
36639,2023,T2,1,Gasoline,1985,ICE,Not Applicable,≥4,Statewide,236
36640,2023,T7,8,Diesel,2004,ICE,Not Applicable,1,Statewide,236
36641,2023,T5,3,Diesel,2002,ICE,Not Applicable,3,Statewide,236
36642,2023,MC,Not Applicable,Gasoline,2005,ICE,Not Applicable,1,Statewide,1720
36643,2023,P,Not Applicable,Electric,2017,BEV,>150 miles,1,Statewide,235
36644,2023,T6,5,Diesel,2016,ICE,Not Applicable,1,Statewide,235
36645,2023,T6,5,Diesel,2011,ICE,Not Applicable,2,Statewide,235
36646,2023,T6,5,Diesel,2011,ICE,Not Applicable,3,Statewide,235
36647,2023,T6,5,Diesel,2010,ICE,Not Applicable,1,Statewide,235
36648,2023,T6,6,Diesel,2005,ICE,Not Applicable,2,Statewide,234
36649,2023,P,Not Applicable,Diesel,2014,ICE,Not Applicable,2,Statewide,234
36650,2023,MC,Not Applicable,Gasoline,1980,ICE,Not Applicable,1,Statewide,238
36651,2023,T5,3,Gasoline,2002,ICE,Not Applicable,3,Statewide,233
36652,2023,P,Not Applicable,Gasoline,2025,PHEV,0 to 50 miles,≥4,Statewide,238
36653,2023,T6,5,Gasoline,2012,ICE,Not Applicable,≥4,Statewide,238
36654,2023,MH,Not Applicable,Diesel,2009,ICE,Not Applicable,1,Statewide,243
36655,2023,BT,Not Applicable,Diesel,2009,ICE,Not Applicable,≥4,Statewide,243
36656,2023,MC,Not Applicable,Gasoline,1979,ICE,Not Applicable,1,Statewide,1704
36657,2023,T5,3,Gasoline,2002,ICE,Not Applicable,2,Statewide,242
36658,2023,T7,8,Diesel,2025,ICE,Not Applicable,1,Statewide,242
36659,2023,T6,4,Diesel,2011,ICE,Not Applicable,3,Statewide,242
36660,2023,T3,2,Diesel,2024,ICE,Not Applicable,2,Statewide,242
36661,2023,T4,2,Diesel,2002,ICE,Not Applicable,2,Statewide,1709
36662,2023,T7,8,Diesel,2007,ICE,Not Applicable,≥4,Statewide,1709
36663,2023,T4,2,Gasoline,2003,ICE,Not Applicable,1,Statewide,1709
36664,2023,T4,2,Gasoline,2000,ICE,Not Applicable,1,Statewide,1710
36665,2023,MC,Not Applicable,Gasoline,1981,ICE,Not Applicable,2,Statewide,241
36666,2023,MH,Not Applicable,Diesel,2022,ICE,Not Applicable,1,Statewide,241
36667,2023,T5,3,Gasoline,2007,ICE,Not Applicable,≥4,Statewide,1711
36668,2023,T6,7,Gasoline,1979,ICE,Not Applicable,1,Statewide,240
36669,2023,T2,1,Gasoline,1988,ICE,Not Applicable,2,Statewide,240
36670,2023,T6,5,Diesel,2024,ICE,Not Applicable,3,Statewide,240
36671,2023,T4,2,Diesel,1990,ICE,Not Applicable,3,Statewide,240
36672,2023,T6,6,Gasoline,1979,ICE,Not Applicable,≥4,Statewide,1716
36673,2023,T6,6,Gasoline,2010,ICE,Not Applicable,≥4,Statewide,239
36674,2023,P,Not Applicable,Diesel,2015,ICE,Not Applicable,3,Statewide,239
36675,2023,T1,1,Gasoline,1985,ICE,Not Applicable,1,Statewide,238
36676,2023,T3,2,Gasoline,1985,ICE,Not Applicable,3,Statewide,209
36677,2023,T7,8,Diesel,2008,ICE,Not Applicable,1,Statewide,209
36678,2023,T6,7,Diesel,2017,ICE,Not Applicable,1,Statewide,209
36679,2023,T4,2,Gasoline,1985,ICE,Not Applicable,3,Statewide,182
36680,2023,T2,1,Gasoline,1986,ICE,Not Applicable,3,Statewide,182
36681,2023,MH,Not Applicable,Gasoline,1983,ICE,Not Applicable,1,Statewide,182
36682,2023,T6,6,Diesel,2004,ICE,Not Applicable,2,Statewide,182
36683,2023,T4,2,Diesel,1989,ICE,Not Applicable,1,Statewide,182
36684,2023,B,Not Applicable,Diesel,2003,ICE,Not Applicable,≥4,Statewide,182
36685,2023,T6,6,Gasoline,2018,ICE,Not Applicable,1,Statewide,181
36686,2023,T6,6,Gasoline,1981,ICE,Not Applicable,≥4,Statewide,181
36687,2023,T5,3,Gasoline,2019,ICE,Not Applicable,3,Statewide,181
36688,2023,T5,3,Gasoline,1990,ICE,Not Applicable,≥4,Statewide,182
36689,2023,T4,Unknown,Gasoline,1985,ICE,Not Applicable,≥4,Statewide,181
36690,2023,T4,2,Gasoline,2001,ICE,Not Applicable,2,Statewide,1879
36691,2023,T6,5,Diesel,2019,ICE,Not Applicable,3,Statewide,180
36692,2023,P,Not Applicable,Electric,2018,BEV,51 to 100 miles,2,Statewide,1881
36693,2023,T6,7,Gasoline,2013,ICE,Not Applicable,≥4,Statewide,179
36694,2023,MH,Not Applicable,Gasoline,2024,ICE,Not Applicable,2,Statewide,179
36695,2023,T6,6,Diesel,2006,ICE,Not Applicable,3,Statewide,179
36696,2023,B,Not Applicable,Diesel,2014,ICE,Not Applicable,≥4,Statewide,179
36697,2023,T2,1,Gasoline,1991,ICE,Not Applicable,≥4,Statewide,1883
36698,2023,T4,2,Gasoline,2003,ICE,Not Applicable,3,Statewide,1884
36699,2023,P,Not Applicable,Diesel,1992,ICE,Not Applicable,3,Statewide,181
36700,2023,BS,Not Applicable,Natural Gas,2017,ICE,Not Applicable,≥4,Statewide,182
36701,2023,T6,6,Diesel,2005,ICE,Not Applicable,≥4,Statewide,1877
36702,2023,MC,Not Applicable,Gasoline,1987,ICE,Not Applicable,≥4,Statewide,1876
36703,2023,T3,2,Diesel,2022,ICE,Not Applicable,≥4,Statewide,1853
36704,2023,T6,6,Gasoline,2002,ICE,Not Applicable,≥4,Statewide,186
36705,2023,T2,1,Diesel,2017,ICE,Not Applicable,3,Statewide,186
36706,2023,P,Not Applicable,Diesel,2014,ICE,Not Applicable,3,Statewide,186
36707,2023,T4,2,Diesel,2019,ICE,Not Applicable,3,Statewide,1855
36708,2023,T3,2,Gasoline,2025,ICE,Not Applicable,1,Statewide,1855
36709,2023,T7,8,Natural Gas,2012,ICE,Not Applicable,≥4,Statewide,185
36710,2023,B,Not Applicable,Diesel,2011,ICE,Not Applicable,≥4,Statewide,185
36711,2023,P,Not Applicable,Gasoline,2017,PHEV,0 to 50 miles,1,Statewide,1867
36712,2023,T6,6,Gasoline,2012,ICE,Not Applicable,≥4,Statewide,184
36713,2023,T1,1,Electric,2019,BEV,101 to 150 miles,2,Statewide,184
36714,2023,T7,8,Diesel,2007,ICE,Not Applicable,1,Statewide,184
36715,2023,T4,2,Diesel,1987,ICE,Not Applicable,≥4,Statewide,184
36716,2023,T5,3,Gasoline,2019,ICE,Not Applicable,2,Statewide,183
36717,2023,T4,2,Gasoline,1980,ICE,Not Applicable,1,Statewide,183
36718,2023,T3,2,Gasoline,1988,ICE,Not Applicable,2,Statewide,183
36719,2023,T6,6,Diesel,2020,ICE,Not Applicable,3,Statewide,183
36720,2023,T6,7,Diesel,2018,ICE,Not Applicable,1,Statewide,183
36721,2023,T3,2,Diesel,1987,ICE,Not Applicable,≥4,Statewide,183
36722,2023,P,Not Applicable,Diesel,1985,ICE,Not Applicable,1,Statewide,183
36723,2023,MH,Not Applicable,Diesel,2008,ICE,Not Applicable,1,Statewide,183
36724,2023,T5,3,Gasoline,2003,ICE,Not Applicable,3,Statewide,178
36725,2023,T2,1,Gasoline,2022,PHEV,0 to 50 miles,1,Statewide,178
36726,2023,T6,4,Diesel,2009,ICE,Not Applicable,2,Statewide,178
36727,2023,MH,Not Applicable,Diesel,2007,ICE,Not Applicable,2,Statewide,178
36728,2023,T6,4,Diesel,2007,ICE,Not Applicable,2,Statewide,174
36729,2023,MH,Not Applicable,Diesel,2005,ICE,Not Applicable,2,Statewide,174
36730,2023,T7,8,Diesel,2008,ICE,Not Applicable,≥4,Statewide,1900
36731,2023,BT,Not Applicable,Natural Gas,2005,ICE,Not Applicable,≥4,Statewide,173
36732,2023,P,Not Applicable,Hydrogen,2021,FCEV,>150 miles,≥4,Statewide,173
36733,2023,T6,5,Gasoline,2004,ICE,Not Applicable,≥4,Statewide,173
36734,2023,T5,3,Gasoline,2016,ICE,Not Applicable,3,Statewide,173
36735,2023,T6,6,Diesel,2013,ICE,Not Applicable,3,Statewide,173
36736,2023,T6,5,Diesel,2010,ICE,Not Applicable,3,Statewide,173
36737,2023,T6,5,Diesel,2005,ICE,Not Applicable,1,Statewide,173
36738,2023,MC,Not Applicable,Gasoline,2016,ICE,Not Applicable,1,Statewide,1905
36739,2023,T5,3,Gasoline,2001,ICE,Not Applicable,1,Statewide,172
36740,2023,T5,3,Gasoline,1999,ICE,Not Applicable,1,Statewide,172
36741,2023,T4,2,Gasoline,1988,ICE,Not Applicable,3,Statewide,172
36742,2023,BT,Not Applicable,Gasoline,2014,ICE,Not Applicable,≥4,Statewide,172
36743,2023,T2,1,Electric,2024,BEV,>150 miles,1,Statewide,172
36744,2023,T7,8,Diesel,2011,ICE,Not Applicable,2,Statewide,172
36745,2023,T7,8,Diesel,2003,ICE,Not Applicable,1,Statewide,172
36746,2023,T6,4,Diesel,1995,ICE,Not Applicable,≥4,Statewide,172
36747,2023,P,Not Applicable,Diesel,1984,ICE,Not Applicable,1,Statewide,172
36748,2023,MH,Not Applicable,Diesel,2020,ICE,Not Applicable,2,Statewide,172
36749,2023,T7,8,Diesel,2005,ICE,Not Applicable,3,Statewide,174
36750,2023,T5,3,Diesel,1992,ICE,Not Applicable,≥4,Statewide,187
36751,2023,MC,Not Applicable,Gasoline,1981,ICE,Not Applicable,1,Statewide,174
36752,2023,T6,4,Gasoline,2005,ICE,Not Applicable,2,Statewide,174
36753,2023,T6,6,Gasoline,2025,ICE,Not Applicable,≥4,Statewide,177
36754,2023,T1,1,Gasoline,1981,ICE,Not Applicable,2,Statewide,177
36755,2023,MH,Not Applicable,Gasoline,2014,ICE,Not Applicable,≥4,Statewide,177
36756,2023,T6,6,Diesel,2022,ICE,Not Applicable,3,Statewide,177
36757,2023,MH,Not Applicable,Diesel,2003,ICE,Not Applicable,3,Statewide,177
36758,2023,B,Not Applicable,Diesel,2015,ICE,Not Applicable,≥4,Statewide,177
36759,2023,P,Not Applicable,Gasoline,1989,ICE,Not Applicable,3,Statewide,1890
36760,2023,P,Not Applicable,Natural Gas,2015,ICE,Not Applicable,≥4,Statewide,176
36761,2023,BS,Not Applicable,Natural Gas,2023,ICE,Not Applicable,≥4,Statewide,176
36762,2023,T2,1,Electric,2024,BEV,>150 miles,2,Statewide,176
36763,2023,T2,1,Electric,2024,BEV,>150 miles,≥4,Statewide,176
36764,2023,P,Not Applicable,Electric,2024,BEV,51 to 100 miles,≥4,Statewide,176
36765,2023,T6,6,Diesel,2014,ICE,Not Applicable,1,Statewide,176
36766,2023,P,Not Applicable,Electric,2019,BEV,>150 miles,2,Statewide,1893
36767,2023,P,Not Applicable,Gasoline,1989,ICE,Not Applicable,2,Statewide,1893
36768,2023,T2,1,Gasoline,2021,PHEV,0 to 50 miles,2,Statewide,175
36769,2023,T1,1,Gasoline,1980,ICE,Not Applicable,2,Statewide,175
36770,2023,BS,Not Applicable,Gasoline,1979,ICE,Not Applicable,2,Statewide,175
36771,2023,T1,Unknown,Electric,2007,BEV,Unknown,≥4,Statewide,175
36772,2023,T6,6,Diesel,2022,ICE,Not Applicable,2,Statewide,175
36773,2023,T6,5,Diesel,2013,ICE,Not Applicable,2,Statewide,175
36774,2023,T6,4,Gasoline,2004,ICE,Not Applicable,3,Statewide,174
36775,2023,T6,6,Diesel,2024,ICE,Not Applicable,3,Statewide,187
36776,2023,T6,5,Gasoline,2025,ICE,Not Applicable,≥4,Statewide,187
36777,2023,T4,2,Diesel,2016,ICE,Not Applicable,2,Statewide,1850
36778,2023,P,Not Applicable,Gasoline,2016,PHEV,0 to 50 miles,1,Statewide,203
36779,2023,P,Not Applicable,Electric,2018,BEV,101 to 150 miles,≥4,Statewide,1795
36780,2023,T2,1,Gasoline,1980,ICE,Not Applicable,≥4,Statewide,1797
36781,2023,MH,Not Applicable,Gasoline,2015,ICE,Not Applicable,3,Statewide,202
36782,2023,T6,5,Diesel,2017,ICE,Not Applicable,3,Statewide,202
36783,2023,T6,4,Diesel,2006,ICE,Not Applicable,2,Statewide,202
36784,2023,T2,1,Diesel,2017,ICE,Not Applicable,1,Statewide,202
36785,2023,B,Not Applicable,Diesel,2008,ICE,Not Applicable,≥4,Statewide,202
36786,2023,P,Not Applicable,Natural Gas,2007,ICE,Not Applicable,≥4,Statewide,201
36787,2023,T1,1,Electric,2019,BEV,101 to 150 miles,≥4,Statewide,201
36788,2023,T4,2,Gasoline,2003,ICE,Not Applicable,2,Statewide,1806
36789,2023,BT,Not Applicable,Natural Gas,2009,ICE,Not Applicable,≥4,Statewide,200
36790,2023,T6,4,Gasoline,2004,ICE,Not Applicable,1,Statewide,200
36791,2023,T6,6,Diesel,2007,ICE,Not Applicable,1,Statewide,200
36792,2023,T6,4,Diesel,2006,ICE,Not Applicable,3,Statewide,200
36793,2023,BT,Not Applicable,Gasoline,2016,ICE,Not Applicable,≥4,Statewide,199
36794,2023,BT,Not Applicable,Diesel,1986,ICE,Not Applicable,≥4,Statewide,199
36795,2023,B,Not Applicable,Diesel,2007,ICE,Not Applicable,≥4,Statewide,199
36796,2023,T6,4,Gasoline,1997,ICE,Not Applicable,≥4,Statewide,198
36797,2023,T4,2,Gasoline,1980,ICE,Not Applicable,3,Statewide,198
36798,2023,T6,6,Diesel,2020,ICE,Not Applicable,2,Statewide,198
36799,2023,T3,Unknown,Gasoline,1983,ICE,Not Applicable,≥4,Statewide,203
36800,2023,T3,2,Diesel,2024,ICE,Not Applicable,3,Statewide,198
36801,2023,T3,2,Gasoline,1985,ICE,Not Applicable,2,Statewide,203
36802,2023,BT,Not Applicable,Natural Gas,2011,ICE,Not Applicable,≥4,Statewide,203
36803,2023,P,Not Applicable,Electric,2019,BEV,>150 miles,≥4,Statewide,1783
36804,2023,P,Not Applicable,Gasoline,2025,PHEV,0 to 50 miles,1,Statewide,208
36805,2023,MH,Not Applicable,Gasoline,2016,ICE,Not Applicable,1,Statewide,208
36806,2023,T6,6,Diesel,2013,ICE,Not Applicable,2,Statewide,208
36807,2023,T6,4,Diesel,2004,ICE,Not Applicable,2,Statewide,208
36808,2023,BS,Not Applicable,Natural Gas,2019,ICE,Not Applicable,≥4,Statewide,207
36809,2023,T1,1,Gasoline,1981,ICE,Not Applicable,3,Statewide,207
36810,2023,P,Not Applicable,Gasoline,2025,PHEV,0 to 50 miles,2,Statewide,207
36811,2023,T5,3,Diesel,2001,ICE,Not Applicable,1,Statewide,207
36812,2023,P,Not Applicable,Diesel,2023,ICE,Not Applicable,3,Statewide,207
36813,2023,BT,Not Applicable,Diesel,1988,ICE,Not Applicable,≥4,Statewide,207
36814,2023,T6,4,Diesel,2005,ICE,Not Applicable,2,Statewide,206
36815,2023,B,Not Applicable,Diesel,2002,ICE,Not Applicable,≥4,Statewide,206
36816,2023,T4,2,Diesel,2019,ICE,Not Applicable,1,Statewide,1792
36817,2023,T5,3,Diesel,2025,ICE,Not Applicable,≥4,Statewide,205
36818,2023,T5,3,Gasoline,2017,ICE,Not Applicable,3,Statewide,204
36819,2023,T5,3,Gasoline,2012,ICE,Not Applicable,2,Statewide,204
36820,2023,MH,Not Applicable,Gasoline,2017,ICE,Not Applicable,2,Statewide,204
36821,2023,T6,4,Diesel,1999,ICE,Not Applicable,≥4,Statewide,204
36822,2023,T3,2,Diesel,2013,ICE,Not Applicable,3,Statewide,204
36823,2023,T2,1,Diesel,2016,ICE,Not Applicable,≥4,Statewide,204
36824,2023,T6,6,Gasoline,1982,ICE,Not Applicable,≥4,Statewide,203
36825,2023,T2,1,Gasoline,1988,ICE,Not Applicable,1,Statewide,256
36826,2023,MH,Not Applicable,Diesel,2014,ICE,Not Applicable,≥4,Statewide,198
36827,2023,T1,1,Gasoline,1982,ICE,Not Applicable,1,Statewide,197
36828,2023,T6,6,Diesel,2006,ICE,Not Applicable,2,Statewide,192
36829,2023,T2,1,Gasoline,1994,ICE,Not Applicable,3,Statewide,1838
36830,2023,T3,2,Natural Gas,2020,ICE,Not Applicable,≥4,Statewide,191
36831,2023,T6,4,Gasoline,2012,ICE,Not Applicable,1,Statewide,191
36832,2023,T6,6,Diesel,2008,ICE,Not Applicable,1,Statewide,191
36833,2023,T3,2,Diesel,2013,ICE,Not Applicable,2,Statewide,191
36834,2023,P,Not Applicable,Diesel,2014,ICE,Not Applicable,1,Statewide,191
36835,2023,T6,7,Gasoline,2014,ICE,Not Applicable,≥4,Statewide,190
36836,2023,T3,Unknown,Gasoline,1984,ICE,Not Applicable,≥4,Statewide,190
36837,2023,T4,2,Diesel,1989,ICE,Not Applicable,3,Statewide,190
36838,2023,P,Not Applicable,Diesel,1979,ICE,Not Applicable,≥4,Statewide,190
36839,2023,MH,Not Applicable,Diesel,2008,ICE,Not Applicable,2,Statewide,190
36840,2023,T5,3,Diesel,2022,ICE,Not Applicable,1,Statewide,1845
36841,2023,BT,Not Applicable,Natural Gas,2023,ICE,Not Applicable,≥4,Statewide,189
36842,2023,T6,5,Diesel,2009,ICE,Not Applicable,3,Statewide,189
36843,2023,P,Not Applicable,Diesel,1985,ICE,Not Applicable,2,Statewide,189
36844,2023,T4,2,Gasoline,2020,ICE,Not Applicable,3,Statewide,1845
36845,2023,T3,2,Diesel,2021,ICE,Not Applicable,2,Statewide,1849
36846,2023,T6,6,Gasoline,1983,ICE,Not Applicable,≥4,Statewide,188
36847,2023,P,Not Applicable,Electric,2024,BEV,51 to 100 miles,1,Statewide,188
36848,2023,T6,5,Diesel,2010,ICE,Not Applicable,2,Statewide,188
36849,2023,T6,5,Diesel,2012,ICE,Not Applicable,3,Statewide,192
36850,2023,BT,Not Applicable,Diesel,2023,ICE,Not Applicable,≥4,Statewide,198
36851,2023,P,Not Applicable,Electric,2024,BEV,51 to 100 miles,2,Statewide,192
36852,2023,T4,2,Diesel,2024,ICE,Not Applicable,3,Statewide,1834
36853,2023,P,Not Applicable,Diesel,2020,ICE,Not Applicable,3,Statewide,1825
36854,2023,T4,2,Diesel,2016,ICE,Not Applicable,3,Statewide,1825
36855,2023,T5,3,Gasoline,2000,ICE,Not Applicable,3,Statewide,196
36856,2023,MC,Not Applicable,Gasoline,1982,ICE,Not Applicable,2,Statewide,196
36857,2023,T7,8,Diesel,2012,ICE,Not Applicable,2,Statewide,196
36858,2023,T3,2,Diesel,1988,ICE,Not Applicable,≥4,Statewide,196
36859,2023,BS,Not Applicable,Diesel,2025,ICE,Not Applicable,≥4,Statewide,196
36860,2023,T3,2,Diesel,2023,ICE,Not Applicable,2,Statewide,1828
36861,2023,T5,3,Gasoline,2017,ICE,Not Applicable,2,Statewide,195
36862,2023,T5,3,Gasoline,1993,ICE,Not Applicable,≥4,Statewide,195
36863,2023,T6,4,Diesel,2002,ICE,Not Applicable,1,Statewide,195
36864,2023,B,Not Applicable,Diesel,2016,ICE,Not Applicable,≥4,Statewide,195
36865,2023,T5,3,Diesel,2007,ICE,Not Applicable,≥4,Statewide,1828
36866,2023,T5,3,Gasoline,2016,ICE,Not Applicable,≥4,Statewide,1829
36867,2023,T6,4,Gasoline,2006,ICE,Not Applicable,1,Statewide,194
36868,2023,T7,8,Diesel,2012,ICE,Not Applicable,3,Statewide,194
36869,2023,P,Not Applicable,Diesel,1992,ICE,Not Applicable,2,Statewide,194
36870,2023,MH,Not Applicable,Gasoline,2012,ICE,Not Applicable,≥4,Statewide,1830
36871,2023,T6,4,Gasoline,2005,ICE,Not Applicable,3,Statewide,193
36872,2023,T7,8,Diesel,2025,ICE,Not Applicable,2,Statewide,193
36873,2023,T4,2,Diesel,1990,ICE,Not Applicable,1,Statewide,193
36874,2023,T6,6,Gasoline,2000,ICE,Not Applicable,≥4,Statewide,192
36875,2023,T5,3,Gasoline,2008,ICE,Not Applicable,1,Statewide,371
36876,2023,MH,Not Applicable,Gasoline,1979,ICE,Not Applicable,≥4,Statewide,1670
36877,2023,BT,Not Applicable,Gasoline,2017,ICE,Not Applicable,≥4,Statewide,257
36878,2023,BT,Not Applicable,Diesel,2022,ICE,Not Applicable,≥4,Statewide,327
36879,2023,T3,2,Diesel,2017,ICE,Not Applicable,2,Statewide,1510
36880,2023,T5,3,Gasoline,2024,ICE,Not Applicable,1,Statewide,326
36881,2023,MC,Not Applicable,Gasoline,1985,ICE,Not Applicable,2,Statewide,326
36882,2023,T6,5,Diesel,2022,ICE,Not Applicable,3,Statewide,326
36883,2023,MH,Not Applicable,Diesel,2001,ICE,Not Applicable,≥4,Statewide,326
36884,2023,T6,5,Gasoline,2014,ICE,Not Applicable,≥4,Statewide,325
36885,2023,T5,3,Gasoline,2007,ICE,Not Applicable,3,Statewide,325
36886,2023,MH,Not Applicable,Gasoline,1997,ICE,Not Applicable,1,Statewide,325
36887,2023,T7,8,Diesel,2023,ICE,Not Applicable,3,Statewide,327
36888,2023,T6,7,Diesel,1994,ICE,Not Applicable,≥4,Statewide,325
36889,2023,MH,Not Applicable,Gasoline,2001,ICE,Not Applicable,1,Statewide,324
36890,2023,T6,6,Diesel,2020,ICE,Not Applicable,1,Statewide,324
36891,2023,BT,Not Applicable,Diesel,1997,ICE,Not Applicable,≥4,Statewide,324
36892,2023,MH,Not Applicable,Diesel,2010,ICE,Not Applicable,≥4,Statewide,1520
36893,2023,T5,3,Gasoline,2005,ICE,Not Applicable,3,Statewide,323
36894,2023,B,Not Applicable,Gasoline,2023,ICE,Not Applicable,≥4,Statewide,323
36895,2023,MC,Not Applicable,Gasoline,1988,ICE,Not Applicable,1,Statewide,322
36896,2023,B,Not Applicable,Gasoline,2004,ICE,Not Applicable,≥4,Statewide,322
36897,2023,P,Not Applicable,Diesel,2022,ICE,Not Applicable,≥4,Statewide,322
36898,2023,MH,Not Applicable,Gasoline,2018,ICE,Not Applicable,1,Statewide,324
36899,2023,T2,1,Gasoline,1990,ICE,Not Applicable,3,Statewide,327
36900,2023,BT,Not Applicable,Diesel,1989,ICE,Not Applicable,≥4,Statewide,328
36901,2023,T3,2,Diesel,2012,ICE,Not Applicable,3,Statewide,328
36902,2023,P,Not Applicable,Diesel,2015,ICE,Not Applicable,2,Statewide,333
36903,2023,MC,Not Applicable,Gasoline,1992,ICE,Not Applicable,1,Statewide,332
36904,2023,MC,Not Applicable,Gasoline,1986,ICE,Not Applicable,2,Statewide,332
36905,2023,BT,Not Applicable,Diesel,2006,ICE,Not Applicable,≥4,Statewide,332
36906,2023,P,Not Applicable,Natural Gas,2017,ICE,Not Applicable,3,Statewide,331
36907,2023,MH,Not Applicable,Gasoline,2001,ICE,Not Applicable,2,Statewide,331
36908,2023,T6,6,Diesel,2011,ICE,Not Applicable,3,Statewide,331
36909,2023,T6,7,Diesel,1999,ICE,Not Applicable,≥4,Statewide,331
36910,2023,MH,Not Applicable,Gasoline,2003,ICE,Not Applicable,2,Statewide,330
36911,2023,MH,Not Applicable,Gasoline,1995,ICE,Not Applicable,2,Statewide,330
36912,2023,T7,8,Diesel,2012,ICE,Not Applicable,1,Statewide,330
36913,2023,T6,4,Diesel,2010,ICE,Not Applicable,1,Statewide,330
36914,2023,T4,2,Diesel,1996,ICE,Not Applicable,3,Statewide,330
36915,2023,P,Not Applicable,Gasoline,1983,ICE,Not Applicable,1,Statewide,1508
36916,2023,MC,Not Applicable,Gasoline,1985,ICE,Not Applicable,≥4,Statewide,1509
36917,2023,P,Not Applicable,Diesel,1986,ICE,Not Applicable,3,Statewide,329
36918,2023,MH,Not Applicable,Diesel,2005,ICE,Not Applicable,3,Statewide,329
36919,2023,MH,Not Applicable,Gasoline,1997,ICE,Not Applicable,2,Statewide,328
36920,2023,B,Not Applicable,Gasoline,2006,ICE,Not Applicable,≥4,Statewide,328
36921,2023,T6,5,Diesel,2017,ICE,Not Applicable,1,Statewide,328
36922,2023,T4,2,Diesel,1995,ICE,Not Applicable,3,Statewide,328
36923,2023,T3,2,Gasoline,2024,PHEV,0 to 50 miles,1,Statewide,321
36924,2023,T1,1,Gasoline,1986,ICE,Not Applicable,1,Statewide,321
36925,2023,MC,Not Applicable,Gasoline,1981,ICE,Not Applicable,3,Statewide,321
36926,2023,T7,8,Diesel,2023,ICE,Not Applicable,2,Statewide,321
36927,2023,T5,3,Diesel,2011,ICE,Not Applicable,2,Statewide,1538
36928,2023,T7,8,Gasoline,1979,ICE,Not Applicable,1,Statewide,1539
36929,2023,BT,Not Applicable,Natural Gas,2014,ICE,Not Applicable,≥4,Statewide,313
36930,2023,MH,Not Applicable,Gasoline,1984,ICE,Not Applicable,≥4,Statewide,313
36931,2023,P,Not Applicable,Electric,2017,BEV,>150 miles,2,Statewide,313
36932,2023,T6,6,Diesel,2005,ICE,Not Applicable,1,Statewide,313
36933,2023,MH,Not Applicable,Diesel,2008,ICE,Not Applicable,3,Statewide,313
36934,2023,MH,Not Applicable,Diesel,2011,ICE,Not Applicable,≥4,Statewide,1542
36935,2023,B,Not Applicable,Gasoline,2015,ICE,Not Applicable,≥4,Statewide,312
36936,2023,T4,2,Diesel,2016,ICE,Not Applicable,1,Statewide,1544
36937,2023,T5,3,Gasoline,1997,ICE,Not Applicable,≥4,Statewide,311
36938,2023,T6,6,Diesel,2010,ICE,Not Applicable,2,Statewide,311
36939,2023,T3,2,Diesel,2024,ICE,Not Applicable,1,Statewide,311
36940,2023,T3,2,Diesel,2014,ICE,Not Applicable,≥4,Statewide,311
36941,2023,T2,1,Gasoline,1993,ICE,Not Applicable,3,Statewide,1544
36942,2023,T4,2,Gasoline,2015,ICE,Not Applicable,3,Statewide,310
36943,2023,P,Not Applicable,Diesel,2021,ICE,Not Applicable,3,Statewide,310
36944,2023,P,Not Applicable,Diesel,2014,ICE,Not Applicable,≥4,Statewide,310
36945,2023,BT,Not Applicable,Diesel,2017,ICE,Not Applicable,≥4,Statewide,310
36946,2023,T6,7,Diesel,2022,ICE,Not Applicable,≥4,Statewide,1546
36947,2023,T6,5,Gasoline,2010,ICE,Not Applicable,≥4,Statewide,309
36948,2023,P,Not Applicable,Diesel,1989,ICE,Not Applicable,3,Statewide,314
36949,2023,T6,4,Diesel,2013,ICE,Not Applicable,3,Statewide,333
36950,2023,MH,Not Applicable,Gasoline,1989,ICE,Not Applicable,3,Statewide,314
36951,2023,T5,3,Gasoline,2020,ICE,Not Applicable,2,Statewide,314
36952,2023,T6,5,Diesel,2013,ICE,Not Applicable,1,Statewide,321
36953,2023,BT,Not Applicable,Diesel,2005,ICE,Not Applicable,≥4,Statewide,321
36954,2023,MC,Not Applicable,Gasoline,1980,ICE,Not Applicable,≥4,Statewide,1521
36955,2023,T3,2,Gasoline,1995,ICE,Not Applicable,1,Statewide,1521
36956,2023,T6,5,Gasoline,2008,ICE,Not Applicable,≥4,Statewide,320
36957,2023,MH,Not Applicable,Gasoline,1995,ICE,Not Applicable,1,Statewide,320
36958,2023,P,Not Applicable,Diesel,2011,ICE,Not Applicable,1,Statewide,320
36959,2023,P,Not Applicable,Diesel,1990,ICE,Not Applicable,1,Statewide,320
36960,2023,T6,Unknown,Gasoline,1979,ICE,Not Applicable,2,Statewide,1523
36961,2023,P,Not Applicable,Diesel,2011,ICE,Not Applicable,2,Statewide,319
36962,2023,T5,3,Diesel,1996,ICE,Not Applicable,≥4,Statewide,318
36963,2023,T5,3,Diesel,1994,ICE,Not Applicable,≥4,Statewide,318
36964,2023,T4,2,Diesel,1995,ICE,Not Applicable,1,Statewide,318
36965,2023,BT,Not Applicable,Natural Gas,2012,ICE,Not Applicable,≥4,Statewide,317
36966,2023,MC,Not Applicable,Gasoline,2025,ICE,Not Applicable,1,Statewide,317
36967,2023,T6,6,Diesel,2010,ICE,Not Applicable,3,Statewide,317
36968,2023,T3,2,Diesel,2010,ICE,Not Applicable,1,Statewide,317
36969,2023,P,Not Applicable,Electric,2022,BEV,101 to 150 miles,3,Statewide,1530
36970,2023,T6,4,Gasoline,2011,ICE,Not Applicable,1,Statewide,316
36971,2023,BT,Not Applicable,Natural Gas,2021,ICE,Not Applicable,≥4,Statewide,315
36972,2023,MH,Not Applicable,Gasoline,2016,ICE,Not Applicable,2,Statewide,315
36973,2023,T2,1,Gasoline,1981,ICE,Not Applicable,2,Statewide,314
36974,2023,T6,4,Gasoline,1996,ICE,Not Applicable,≥4,Statewide,309
36975,2023,T6,4,Diesel,2015,ICE,Not Applicable,≥4,Statewide,333
36976,2023,T5,3,Gasoline,2008,ICE,Not Applicable,3,Statewide,333
36977,2023,T3,2,Diesel,2015,ICE,Not Applicable,2,Statewide,363
36978,2023,T5,3,Gasoline,2005,ICE,Not Applicable,1,Statewide,362
36979,2023,T3,2,Diesel,2011,ICE,Not Applicable,3,Statewide,362
36980,2023,T4,2,Gasoline,2015,ICE,Not Applicable,1,Statewide,361
36981,2023,T6,5,Diesel,2019,ICE,Not Applicable,1,Statewide,361
36982,2023,BT,Not Applicable,Diesel,2015,ICE,Not Applicable,≥4,Statewide,361
36983,2023,BT,Not Applicable,Natural Gas,2017,ICE,Not Applicable,≥4,Statewide,360
36984,2023,T2,1,Gasoline,1982,ICE,Not Applicable,≥4,Statewide,360
36985,2023,T5,3,Diesel,2005,ICE,Not Applicable,1,Statewide,360
36986,2023,T6,4,Diesel,2011,ICE,Not Applicable,1,Statewide,363
36987,2023,T6,4,Diesel,2014,ICE,Not Applicable,≥4,Statewide,359
36988,2023,T6,6,Diesel,2007,ICE,Not Applicable,≥4,Statewide,1454
36989,2023,T2,1,Gasoline,1987,ICE,Not Applicable,≥4,Statewide,358
36990,2023,MH,Not Applicable,Gasoline,1988,ICE,Not Applicable,≥4,Statewide,358
36991,2023,B,Not Applicable,Diesel,2018,ICE,Not Applicable,≥4,Statewide,358
36992,2023,T6,5,Diesel,2009,ICE,Not Applicable,≥4,Statewide,1456
36993,2023,MC,Not Applicable,Gasoline,1995,ICE,Not Applicable,2,Statewide,357
36994,2023,P,Not Applicable,Gasoline,1984,ICE,Not Applicable,3,Statewide,1460
36995,2023,P,Not Applicable,Hydrogen,2024,FCEV,>150 miles,≥4,Statewide,356
36996,2023,MC,Not Applicable,Gasoline,1996,ICE,Not Applicable,1,Statewide,356
36997,2023,T4,2,Diesel,1996,ICE,Not Applicable,2,Statewide,359
36998,2023,T6,7,Diesel,2013,ICE,Not Applicable,≥4,Statewide,1452
36999,2023,T3,2,Diesel,2012,ICE,Not Applicable,2,Statewide,364
37000,2023,T6,6,Diesel,2008,ICE,Not Applicable,≥4,Statewide,1450
37001,2023,MC,Not Applicable,Gasoline,1980,ICE,Not Applicable,3,Statewide,371
37002,2023,T6,7,Diesel,1998,ICE,Not Applicable,≥4,Statewide,371
37003,2023,BS,Not Applicable,Diesel,2012,ICE,Not Applicable,≥4,Statewide,371
37004,2023,T3,2,Gasoline,1991,ICE,Not Applicable,≥4,Statewide,1444
37005,2023,T3,2,Diesel,2023,ICE,Not Applicable,3,Statewide,1445
37006,2023,P,Not Applicable,Diesel,1987,ICE,Not Applicable,3,Statewide,370
37007,2023,T4,2,Diesel,2002,ICE,Not Applicable,1,Statewide,1445
37008,2023,T6,5,Gasoline,2017,ICE,Not Applicable,≥4,Statewide,1445
37009,2023,MC,Not Applicable,Gasoline,1997,ICE,Not Applicable,1,Statewide,369
37010,2023,T3,2,Diesel,2019,ICE,Not Applicable,2,Statewide,1446
37011,2023,MC,Not Applicable,Gasoline,1987,ICE,Not Applicable,1,Statewide,368
37012,2023,MH,Not Applicable,Diesel,2021,ICE,Not Applicable,2,Statewide,368
37013,2023,T7,8,Natural Gas,2013,ICE,Not Applicable,≥4,Statewide,367
37014,2023,T5,3,Gasoline,2007,ICE,Not Applicable,1,Statewide,367
37015,2023,T4,2,Gasoline,1982,ICE,Not Applicable,≥4,Statewide,367
37016,2023,MH,Not Applicable,Gasoline,2006,ICE,Not Applicable,2,Statewide,367
37017,2023,BT,Not Applicable,Gasoline,2023,ICE,Not Applicable,≥4,Statewide,367
37018,2023,B,Not Applicable,Gasoline,2020,ICE,Not Applicable,≥4,Statewide,366
37019,2023,B,Not Applicable,Gasoline,2007,ICE,Not Applicable,≥4,Statewide,366
37020,2023,T6,6,Gasoline,2023,ICE,Not Applicable,≥4,Statewide,365
37021,2023,MC,Not Applicable,Gasoline,1993,ICE,Not Applicable,2,Statewide,365
37022,2023,MC,Not Applicable,Gasoline,1988,ICE,Not Applicable,2,Statewide,356
37023,2023,T3,2,Diesel,2021,ICE,Not Applicable,3,Statewide,1462
37024,2023,T3,2,Gasoline,1981,ICE,Not Applicable,3,Statewide,355
37025,2023,MH,Not Applicable,Gasoline,2010,ICE,Not Applicable,1,Statewide,355
37026,2023,T3,2,Gasoline,1990,ICE,Not Applicable,1,Statewide,340
37027,2023,T7,8,Diesel,1986,ICE,Not Applicable,≥4,Statewide,340
37028,2023,BS,Not Applicable,Natural Gas,2016,ICE,Not Applicable,≥4,Statewide,339
37029,2023,T1,1,Gasoline,1983,ICE,Not Applicable,3,Statewide,339
37030,2023,T2,1,Gasoline,1994,ICE,Not Applicable,1,Statewide,1494
37031,2023,P,Not Applicable,Hydrogen,2023,FCEV,>150 miles,≥4,Statewide,338
37032,2023,T1,1,Gasoline,1984,ICE,Not Applicable,2,Statewide,338
37033,2023,MH,Not Applicable,Gasoline,2012,ICE,Not Applicable,1,Statewide,338
37034,2023,P,Not Applicable,Diesel,2023,ICE,Not Applicable,1,Statewide,338
37035,2023,P,Not Applicable,Diesel,2022,ICE,Not Applicable,2,Statewide,338
37036,2023,T6,5,Diesel,2020,ICE,Not Applicable,1,Statewide,337
37037,2023,MH,Not Applicable,Diesel,2011,ICE,Not Applicable,2,Statewide,337
37038,2023,B,Not Applicable,Diesel,2019,ICE,Not Applicable,≥4,Statewide,337
37039,2023,MH,Not Applicable,Gasoline,1982,ICE,Not Applicable,≥4,Statewide,336
37040,2023,T6,5,Diesel,2011,ICE,Not Applicable,1,Statewide,336
37041,2023,P,Not Applicable,Diesel,1987,ICE,Not Applicable,1,Statewide,336
37042,2023,MH,Not Applicable,Diesel,2024,ICE,Not Applicable,≥4,Statewide,336
37043,2023,T2,1,Diesel,2018,ICE,Not Applicable,2,Statewide,335
37044,2023,T6,4,Gasoline,2011,ICE,Not Applicable,≥4,Statewide,1501
37045,2023,P,Not Applicable,Electric,2019,BEV,51 to 100 miles,3,Statewide,1503
37046,2023,T5,3,Gasoline,2009,ICE,Not Applicable,2,Statewide,333
37047,2023,T2,1,Gasoline,1993,ICE,Not Applicable,2,Statewide,1492
37048,2023,T4,2,Gasoline,2015,ICE,Not Applicable,2,Statewide,333
37049,2023,T6,4,Gasoline,2019,ICE,Not Applicable,≥4,Statewide,341
37050,2023,BS,Not Applicable,Gasoline,1979,ICE,Not Applicable,1,Statewide,343
37051,2023,T6,5,Diesel,2021,ICE,Not Applicable,3,Statewide,355
37052,2023,T4,2,Diesel,1996,ICE,Not Applicable,1,Statewide,354
37053,2023,T2,1,Diesel,2018,ICE,Not Applicable,≥4,Statewide,353
37054,2023,P,Not Applicable,Diesel,1984,ICE,Not Applicable,≥4,Statewide,351
37055,2023,MH,Not Applicable,Gasoline,2020,ICE,Not Applicable,2,Statewide,350
37056,2023,T5,3,Diesel,1997,ICE,Not Applicable,≥4,Statewide,350
37057,2023,T4,2,Gasoline,1990,ICE,Not Applicable,2,Statewide,348
37058,2023,P,Not Applicable,Diesel,2021,ICE,Not Applicable,1,Statewide,348
37059,2023,P,Not Applicable,Natural Gas,2017,ICE,Not Applicable,2,Statewide,347
37060,2023,P,Not Applicable,Diesel,1989,ICE,Not Applicable,1,Statewide,347
37061,2023,T4,2,Gasoline,2018,ICE,Not Applicable,2,Statewide,1477
37062,2023,P,Not Applicable,Diesel,1990,ICE,Not Applicable,3,Statewide,346
37063,2023,MH,Not Applicable,Diesel,2016,ICE,Not Applicable,≥4,Statewide,346
37064,2023,T5,3,Gasoline,1996,ICE,Not Applicable,≥4,Statewide,344
37065,2023,T4,2,Gasoline,1992,ICE,Not Applicable,1,Statewide,344
37066,2023,T3,2,Gasoline,1980,ICE,Not Applicable,2,Statewide,344
37067,2023,T6,5,Diesel,2021,ICE,Not Applicable,2,Statewide,344
37068,2023,T4,2,Diesel,1995,ICE,Not Applicable,2,Statewide,344
37069,2023,T3,2,Gasoline,2021,PHEV,0 to 50 miles,3,Statewide,343
37070,2023,T2,1,Gasoline,1981,ICE,Not Applicable,3,Statewide,343
37071,2023,MH,Not Applicable,Gasoline,1994,ICE,Not Applicable,2,Statewide,343
37072,2023,P,Not Applicable,Natural Gas,2014,ICE,Not Applicable,≥4,Statewide,341
37073,2023,MH,Not Applicable,Gasoline,2020,ICE,Not Applicable,1,Statewide,309
37074,2023,BT,Not Applicable,Gasoline,2020,ICE,Not Applicable,≥4,Statewide,309
37075,2023,P,Not Applicable,Electric,2018,BEV,101 to 150 miles,1,Statewide,1549
37076,2023,T4,2,Diesel,1991,ICE,Not Applicable,2,Statewide,277
37077,2023,T5,3,Gasoline,2012,ICE,Not Applicable,1,Statewide,276
37078,2023,T6,6,Gasoline,1984,ICE,Not Applicable,≥4,Statewide,275
37079,2023,T3,2,Gasoline,2024,PHEV,0 to 50 miles,≥4,Statewide,275
37080,2023,T2,1,Gasoline,1988,ICE,Not Applicable,3,Statewide,275
37081,2023,MH,Not Applicable,Gasoline,1987,ICE,Not Applicable,≥4,Statewide,275
37082,2023,T6,6,Diesel,2017,ICE,Not Applicable,2,Statewide,275
37083,2023,T6,5,Gasoline,2011,ICE,Not Applicable,≥4,Statewide,274
37084,2023,MH,Not Applicable,Gasoline,1998,ICE,Not Applicable,1,Statewide,274
37085,2023,MC,Not Applicable,Gasoline,1984,ICE,Not Applicable,1,Statewide,277
37086,2023,T7,8,Diesel,2006,ICE,Not Applicable,1,Statewide,274
37087,2023,T2,1,Diesel,2017,ICE,Not Applicable,≥4,Statewide,274
37088,2023,P,Not Applicable,Diesel,2011,ICE,Not Applicable,3,Statewide,274
37089,2023,P,Not Applicable,Diesel,2007,ICE,Not Applicable,1,Statewide,274
37090,2023,MH,Not Applicable,Diesel,2019,ICE,Not Applicable,3,Statewide,274
37091,2023,P,Not Applicable,Electric,2024,BEV,101 to 150 miles,3,Statewide,1625
37092,2023,T3,2,Gasoline,1995,ICE,Not Applicable,2,Statewide,1629
37093,2023,T6,4,Gasoline,2015,ICE,Not Applicable,≥4,Statewide,272
37094,2023,T5,3,Gasoline,1994,ICE,Not Applicable,≥4,Statewide,272
37095,2023,T4,2,Gasoline,1989,ICE,Not Applicable,1,Statewide,272
37096,2023,T4,2,Diesel,1991,ICE,Not Applicable,3,Statewide,274
37097,2023,MH,Not Applicable,Gasoline,2003,ICE,Not Applicable,1,Statewide,277
37098,2023,T4,2,Diesel,2015,ICE,Not Applicable,≥4,Statewide,1615
37099,2023,MH,Not Applicable,Diesel,2000,ICE,Not Applicable,≥4,Statewide,278
37100,2023,MH,Not Applicable,Gasoline,2006,ICE,Not Applicable,1,Statewide,285
37101,2023,MH,Not Applicable,Diesel,2022,ICE,Not Applicable,2,Statewide,285
37102,2023,MC,Not Applicable,Gasoline,2003,ICE,Not Applicable,3,Statewide,1596
37103,2023,T5,3,Gasoline,2019,ICE,Not Applicable,1,Statewide,284
37104,2023,T3,2,Gasoline,1989,ICE,Not Applicable,1,Statewide,284
37105,2023,P,Not Applicable,Gasoline,2016,PHEV,0 to 50 miles,≥4,Statewide,284
37106,2023,MH,Not Applicable,Gasoline,1993,ICE,Not Applicable,1,Statewide,282
37107,2023,MC,Not Applicable,Gasoline,1989,ICE,Not Applicable,1,Statewide,282
37108,2023,MC,Not Applicable,Gasoline,1980,ICE,Not Applicable,2,Statewide,282
37109,2023,T6,6,Diesel,2006,ICE,Not Applicable,1,Statewide,282
37110,2023,MC,Not Applicable,Gasoline,1988,ICE,Not Applicable,≥4,Statewide,1600
37111,2023,T4,2,Gasoline,1989,ICE,Not Applicable,3,Statewide,281
37112,2023,T6,4,Diesel,2004,ICE,Not Applicable,1,Statewide,281
37113,2023,T5,3,Diesel,2014,ICE,Not Applicable,2,Statewide,281
37114,2023,T3,2,Gasoline,1989,ICE,Not Applicable,2,Statewide,280
37115,2023,T7,8,Diesel,2005,ICE,Not Applicable,1,Statewide,280
37116,2023,MH,Not Applicable,Diesel,2011,ICE,Not Applicable,1,Statewide,280
37117,2023,T4,2,Diesel,1994,ICE,Not Applicable,3,Statewide,279
37118,2023,T2,1,Diesel,2023,ICE,Not Applicable,3,Statewide,279
37119,2023,T6,4,Diesel,2006,ICE,Not Applicable,≥4,Statewide,1609
37120,2023,T6,5,Gasoline,2015,ICE,Not Applicable,≥4,Statewide,278
37121,2023,MH,Not Applicable,Gasoline,1990,ICE,Not Applicable,3,Statewide,272
37122,2023,T6,6,Diesel,2013,ICE,Not Applicable,1,Statewide,272
37123,2023,BS,Not Applicable,Diesel,2009,ICE,Not Applicable,≥4,Statewide,272
37124,2023,T6,4,Diesel,2011,ICE,Not Applicable,2,Statewide,271
37125,2023,T1,1,Gasoline,1983,ICE,Not Applicable,1,Statewide,263
37126,2023,T2,1,Diesel,2018,ICE,Not Applicable,1,Statewide,263
37127,2023,T6,4,Gasoline,1994,ICE,Not Applicable,≥4,Statewide,262
37128,2023,T6,6,Diesel,2021,ICE,Not Applicable,1,Statewide,262
37129,2023,T5,3,Diesel,2015,ICE,Not Applicable,1,Statewide,262
37130,2023,BS,Not Applicable,Diesel,1999,ICE,Not Applicable,≥4,Statewide,262
37131,2023,P,Not Applicable,Natural Gas,2016,ICE,Not Applicable,≥4,Statewide,261
37132,2023,T5,3,Gasoline,2016,ICE,Not Applicable,1,Statewide,261
37133,2023,T1,1,Gasoline,1988,ICE,Not Applicable,≥4,Statewide,1664
37134,2023,T5,3,Gasoline,1991,ICE,Not Applicable,≥4,Statewide,260
37135,2023,MH,Not Applicable,Gasoline,1991,ICE,Not Applicable,1,Statewide,259
37136,2023,B,Not Applicable,Gasoline,2019,ICE,Not Applicable,≥4,Statewide,259
37137,2023,MH,Not Applicable,Diesel,2009,ICE,Not Applicable,2,Statewide,259
37138,2023,T4,2,Diesel,2018,ICE,Not Applicable,3,Statewide,1666
37139,2023,MC,Not Applicable,Gasoline,1993,ICE,Not Applicable,≥4,Statewide,1666
37140,2023,T6,6,Diesel,2019,ICE,Not Applicable,1,Statewide,258
37141,2023,T6,4,Diesel,2010,ICE,Not Applicable,3,Statewide,258
37142,2023,T3,2,Diesel,2015,ICE,Not Applicable,1,Statewide,258
37143,2023,MH,Not Applicable,Diesel,2021,ICE,Not Applicable,1,Statewide,258
37144,2023,MH,Not Applicable,Diesel,2006,ICE,Not Applicable,3,Statewide,258
37145,2023,T6,4,Gasoline,1998,ICE,Not Applicable,≥4,Statewide,257
37146,2023,T5,3,Gasoline,2007,ICE,Not Applicable,2,Statewide,263
37147,2023,T6,4,Gasoline,1999,ICE,Not Applicable,≥4,Statewide,285
37148,2023,P,Not Applicable,Electric,2020,BEV,>150 miles,3,Statewide,1661
37149,2023,T5,3,Gasoline,1992,ICE,Not Applicable,≥4,Statewide,265
37150,2023,T6,7,Diesel,2023,ICE,Not Applicable,≥4,Statewide,1631
37151,2023,MH,Not Applicable,Gasoline,1996,ICE,Not Applicable,2,Statewide,270
37152,2023,MH,Not Applicable,Diesel,2017,ICE,Not Applicable,≥4,Statewide,270
37153,2023,MC,Not Applicable,Gasoline,1983,ICE,Not Applicable,1,Statewide,269
37154,2023,T6,4,Diesel,2006,ICE,Not Applicable,1,Statewide,269
37155,2023,MH,Not Applicable,Diesel,2013,ICE,Not Applicable,2,Statewide,269
37156,2023,T7,8,Diesel,2009,ICE,Not Applicable,≥4,Statewide,1639
37157,2023,T5,3,Diesel,2005,ICE,Not Applicable,≥4,Statewide,1642
37158,2023,MC,Not Applicable,Gasoline,2015,ICE,Not Applicable,1,Statewide,1644
37159,2023,T1,1,Gasoline,1990,ICE,Not Applicable,1,Statewide,1646
37160,2023,T4,2,Gasoline,1989,ICE,Not Applicable,2,Statewide,268
37161,2023,MH,Not Applicable,Gasoline,1990,ICE,Not Applicable,1,Statewide,268
37162,2023,MC,Not Applicable,Gasoline,1982,ICE,Not Applicable,3,Statewide,268
37163,2023,P,Not Applicable,Electric,2017,BEV,>150 miles,3,Statewide,268
37164,2023,T4,2,Diesel,1994,ICE,Not Applicable,2,Statewide,268
37165,2023,BT,Not Applicable,Diesel,1994,ICE,Not Applicable,≥4,Statewide,268
37166,2023,T5,3,Gasoline,2005,ICE,Not Applicable,≥4,Statewide,1652
37167,2023,T5,3,Diesel,2015,ICE,Not Applicable,2,Statewide,267
37168,2023,T5,3,Gasoline,2013,ICE,Not Applicable,3,Statewide,266
37169,2023,MH,Not Applicable,Diesel,2010,ICE,Not Applicable,1,Statewide,266
37170,2023,T5,3,Diesel,2011,ICE,Not Applicable,3,Statewide,1655
37171,2023,T6,5,Diesel,2025,ICE,Not Applicable,≥4,Statewide,264
37172,2023,MC,Not Applicable,Gasoline,1986,ICE,Not Applicable,≥4,Statewide,1595
37173,2023,T6,6,Diesel,1999,ICE,Not Applicable,≥4,Statewide,286
37174,2023,T1,1,Gasoline,1983,ICE,Not Applicable,2,Statewide,286
37175,2023,T2,1,Gasoline,1989,ICE,Not Applicable,1,Statewide,303
37176,2023,T7,8,Diesel,2022,ICE,Not Applicable,3,Statewide,303
37177,2023,T6,4,Diesel,2013,ICE,Not Applicable,2,Statewide,303
37178,2023,T6,6,Diesel,2025,ICE,Not Applicable,≥4,Statewide,1561
37179,2023,P,Not Applicable,Hydrogen,2024,FCEV,>150 miles,3,Statewide,302
37180,2023,T6,6,Diesel,2011,ICE,Not Applicable,2,Statewide,302
37181,2023,P,Not Applicable,Diesel,2010,ICE,Not Applicable,2,Statewide,302
37182,2023,MH,Not Applicable,Diesel,2020,ICE,Not Applicable,3,Statewide,302
37183,2023,MC,Not Applicable,Gasoline,1983,ICE,Not Applicable,≥4,Statewide,1563
37184,2023,T3,2,Gasoline,2023,PHEV,0 to 50 miles,1,Statewide,1563
37185,2023,T6,4,Gasoline,1995,ICE,Not Applicable,≥4,Statewide,301
37186,2023,T5,3,Gasoline,2020,ICE,Not Applicable,3,Statewide,301
37187,2023,T6,7,Diesel,1997,ICE,Not Applicable,≥4,Statewide,301
37188,2023,MC,Not Applicable,Gasoline,1989,ICE,Not Applicable,≥4,Statewide,1565
37189,2023,BS,Not Applicable,Gasoline,2023,ICE,Not Applicable,≥4,Statewide,300
37190,2023,P,Not Applicable,Diesel,1986,ICE,Not Applicable,1,Statewide,300
37191,2023,MH,Not Applicable,Diesel,1999,ICE,Not Applicable,≥4,Statewide,300
37192,2023,T3,2,Gasoline,1981,ICE,Not Applicable,2,Statewide,299
37193,2023,MC,Not Applicable,Gasoline,1986,ICE,Not Applicable,1,Statewide,299
37194,2023,T6,7,Diesel,1992,ICE,Not Applicable,≥4,Statewide,299
37195,2023,MH,Not Applicable,Diesel,2010,ICE,Not Applicable,2,Statewide,299
37196,2023,T3,2,Gasoline,1989,ICE,Not Applicable,3,Statewide,303
37197,2023,BT,Not Applicable,Diesel,2014,ICE,Not Applicable,≥4,Statewide,299
37198,2023,T5,3,Gasoline,2005,ICE,Not Applicable,2,Statewide,303
37199,2023,T6,7,Diesel,2024,ICE,Not Applicable,≥4,Statewide,1555
37200,2023,BS,Not Applicable,Natural Gas,2008,ICE,Not Applicable,≥4,Statewide,308
37201,2023,MC,Not Applicable,Gasoline,1984,ICE,Not Applicable,2,Statewide,308
37202,2023,MH,Not Applicable,Diesel,2007,ICE,Not Applicable,3,Statewide,308
37203,2023,T5,3,Gasoline,2017,ICE,Not Applicable,1,Statewide,307
37204,2023,BS,Not Applicable,Diesel,2010,ICE,Not Applicable,≥4,Statewide,307
37205,2023,MC,Not Applicable,Gasoline,2004,ICE,Not Applicable,2,Statewide,1552
37206,2023,MH,Not Applicable,Gasoline,1992,ICE,Not Applicable,3,Statewide,306
37207,2023,MC,Not Applicable,Gasoline,1995,ICE,Not Applicable,1,Statewide,306
37208,2023,T6,4,Diesel,2005,ICE,Not Applicable,1,Statewide,306
37209,2023,BS,Not Applicable,Diesel,1998,ICE,Not Applicable,≥4,Statewide,306
37210,2023,MC,Not Applicable,Gasoline,1984,ICE,Not Applicable,≥4,Statewide,1553
37211,2023,MH,Not Applicable,Gasoline,1989,ICE,Not Applicable,1,Statewide,305
37212,2023,T2,1,Diesel,2022,ICE,Not Applicable,3,Statewide,305
37213,2023,P,Not Applicable,Diesel,1986,ICE,Not Applicable,2,Statewide,305
37214,2023,BS,Not Applicable,Diesel,1996,ICE,Not Applicable,≥4,Statewide,305
37215,2023,MH,Not Applicable,Gasoline,2009,ICE,Not Applicable,3,Statewide,1553
37216,2023,P,Not Applicable,Gasoline,1989,ICE,Not Applicable,1,Statewide,1554
37217,2023,T6,6,Gasoline,1980,ICE,Not Applicable,≥4,Statewide,304
37218,2023,T2,1,Gasoline,1990,ICE,Not Applicable,2,Statewide,304
37219,2023,MC,Not Applicable,Gasoline,1994,ICE,Not Applicable,1,Statewide,304
37220,2023,MC,Not Applicable,Gasoline,1983,ICE,Not Applicable,2,Statewide,304
37221,2023,T6,4,Diesel,2005,ICE,Not Applicable,≥4,Statewide,1557
37222,2023,T4,2,Gasoline,1990,ICE,Not Applicable,≥4,Statewide,1669
37223,2023,B,Not Applicable,Diesel,2017,ICE,Not Applicable,≥4,Statewide,299
37224,2023,P,Not Applicable,Diesel,2010,ICE,Not Applicable,1,Statewide,298
37225,2023,T6,6,Diesel,2023,ICE,Not Applicable,1,Statewide,291
37226,2023,T6,7,Diesel,1993,ICE,Not Applicable,≥4,Statewide,291
37227,2023,P,Not Applicable,Electric,2019,BEV,51 to 100 miles,1,Statewide,1587
37228,2023,T6,4,Gasoline,2016,ICE,Not Applicable,≥4,Statewide,290
37229,2023,P,Not Applicable,Diesel,2023,ICE,Not Applicable,2,Statewide,290
37230,2023,P,Not Applicable,Diesel,2010,ICE,Not Applicable,3,Statewide,290
37231,2023,P,Not Applicable,Hydrogen,2023,FCEV,>150 miles,3,Statewide,289
37232,2023,MH,Not Applicable,Gasoline,1992,ICE,Not Applicable,1,Statewide,289
37233,2023,T6,6,Diesel,2022,ICE,Not Applicable,1,Statewide,289
37234,2023,MH,Not Applicable,Diesel,1998,ICE,Not Applicable,≥4,Statewide,289
37235,2023,T5,3,Gasoline,2013,ICE,Not Applicable,2,Statewide,288
37236,2023,MH,Not Applicable,Gasoline,2013,ICE,Not Applicable,2,Statewide,288
37237,2023,MC,Not Applicable,Gasoline,1989,ICE,Not Applicable,2,Statewide,288
37238,2023,B,Not Applicable,Gasoline,2011,ICE,Not Applicable,1,Statewide,288
37239,2023,T5,3,Diesel,2014,ICE,Not Applicable,3,Statewide,288
37240,2023,MH,Not Applicable,Gasoline,2011,ICE,Not Applicable,3,Statewide,1592
37241,2023,T6,4,Diesel,2009,ICE,Not Applicable,≥4,Statewide,1593
37242,2023,T3,2,Natural Gas,2009,ICE,Not Applicable,≥4,Statewide,287
37243,2023,T5,3,Gasoline,2022,ICE,Not Applicable,3,Statewide,287
37244,2023,T6,4,Gasoline,1979,ICE,Not Applicable,≥4,Statewide,286
37245,2023,T5,3,Gasoline,2008,ICE,Not Applicable,2,Statewide,286
37246,2023,MC,Not Applicable,Gasoline,1985,ICE,Not Applicable,1,Statewide,291
37247,2023,T5,3,Gasoline,2022,ICE,Not Applicable,2,Statewide,298
37248,2023,MH,Not Applicable,Gasoline,1998,ICE,Not Applicable,2,Statewide,291
37249,2023,T5,3,Diesel,2021,ICE,Not Applicable,2,Statewide,1583
37250,2023,T7,8,Diesel,2022,ICE,Not Applicable,2,Statewide,297
37251,2023,T7,8,Diesel,2011,ICE,Not Applicable,1,Statewide,297
37252,2023,T5,3,Diesel,2015,ICE,Not Applicable,3,Statewide,297
37253,2023,P,Not Applicable,Diesel,2007,ICE,Not Applicable,2,Statewide,297
37254,2023,P,Not Applicable,Electric,2022,BEV,101 to 150 miles,≥4,Statewide,1573
37255,2023,T4,2,Gasoline,1992,ICE,Not Applicable,≥4,Statewide,1573
37256,2023,T1,1,Gasoline,1982,ICE,Not Applicable,3,Statewide,296
37257,2023,T6,6,Diesel,2017,ICE,Not Applicable,3,Statewide,296
37258,2023,T6,5,Diesel,2012,ICE,Not Applicable,1,Statewide,296
37259,2023,T5,3,Gasoline,2002,ICE,Not Applicable,1,Statewide,295
37260,2023,MH,Not Applicable,Gasoline,1993,ICE,Not Applicable,3,Statewide,295
37261,2023,P,Not Applicable,Natural Gas,2017,ICE,Not Applicable,1,Statewide,294
37262,2023,MC,Not Applicable,Gasoline,1993,ICE,Not Applicable,1,Statewide,294
37263,2023,P,Not Applicable,Electric,2024,BEV,101 to 150 miles,≥4,Statewide,1580
37264,2023,T6,6,Diesel,2009,ICE,Not Applicable,1,Statewide,293
37265,2023,MH,Not Applicable,Diesel,2012,ICE,Not Applicable,2,Statewide,293
37266,2023,B,Not Applicable,Diesel,2024,ICE,Not Applicable,≥4,Statewide,293
37267,2023,T1,1,Gasoline,1985,ICE,Not Applicable,3,Statewide,292
37268,2023,T1,1,Gasoline,1984,ICE,Not Applicable,1,Statewide,292
37269,2023,T4,2,Diesel,1988,ICE,Not Applicable,≥4,Statewide,292
37270,2023,T3,2,Diesel,2015,ICE,Not Applicable,3,Statewide,292
37271,2023,MH,Not Applicable,Gasoline,1999,ICE,Not Applicable,≥4,Statewide,1585
37272,2023,P,Not Applicable,Natural Gas,2006,ICE,Not Applicable,2,Statewide,34
37273,2023,P,Not Applicable,Natural Gas,2006,ICE,Not Applicable,3,Statewide,34
37274,2023,T6,5,Gasoline,2013,ICE,Not Applicable,1,Statewide,34
37275,2023,T6,Unknown,Gasoline,2017,ICE,Not Applicable,2,Statewide,4
37276,2023,T6,6,Gasoline,2017,ICE,Not Applicable,3,Statewide,4
37277,2023,T6,4,Gasoline,2015,ICE,Not Applicable,2,Statewide,4
37278,2023,T6,7,Gasoline,2014,ICE,Not Applicable,1,Statewide,4
37279,2023,T6,6,Gasoline,2013,ICE,Not Applicable,3,Statewide,4
37280,2023,T6,Unknown,Gasoline,2010,ICE,Not Applicable,2,Statewide,4
37281,2023,T6,7,Gasoline,2010,ICE,Not Applicable,3,Statewide,4
37282,2023,T6,Unknown,Gasoline,2009,ICE,Not Applicable,1,Statewide,4
37283,2023,T6,Unknown,Gasoline,2009,ICE,Not Applicable,2,Statewide,4
37284,2023,T6,6,Gasoline,2019,ICE,Not Applicable,2,Statewide,4
37285,2023,T6,6,Gasoline,2008,ICE,Not Applicable,1,Statewide,4
37286,2023,T6,7,Gasoline,2003,ICE,Not Applicable,1,Statewide,4
37287,2023,T6,7,Gasoline,2002,ICE,Not Applicable,3,Statewide,4
37288,2023,T6,Unknown,Gasoline,2001,ICE,Not Applicable,≥4,Statewide,4
37289,2023,T6,5,Gasoline,1999,ICE,Not Applicable,2,Statewide,4
37290,2023,T6,5,Gasoline,1999,ICE,Not Applicable,3,Statewide,4
37291,2023,T6,7,Gasoline,1999,ICE,Not Applicable,1,Statewide,4
37292,2023,T6,Unknown,Gasoline,1998,ICE,Not Applicable,1,Statewide,4
37293,2023,T6,7,Gasoline,1998,ICE,Not Applicable,2,Statewide,4
37294,2023,T6,7,Gasoline,1997,ICE,Not Applicable,2,Statewide,4
37295,2023,T6,Unknown,Gasoline,2006,ICE,Not Applicable,3,Statewide,4
37296,2023,T6,6,Gasoline,2019,ICE,Not Applicable,1,Statewide,4
37297,2023,T6,7,Gasoline,2024,ICE,Not Applicable,1,Statewide,4
37298,2023,T7,8,Gasoline,1984,ICE,Not Applicable,2,Statewide,4
37299,2023,T4,2,Natural Gas,2007,ICE,Not Applicable,2,Statewide,4
37300,2023,T4,2,Natural Gas,2004,ICE,Not Applicable,3,Statewide,4
37301,2023,T4,Unknown,Natural Gas,2003,ICE,Not Applicable,≥4,Statewide,4
37302,2023,T4,2,Natural Gas,2003,ICE,Not Applicable,3,Statewide,4
37303,2023,T3,2,Natural Gas,2016,ICE,Not Applicable,≥4,Statewide,4
37304,2023,T3,2,Natural Gas,1997,ICE,Not Applicable,≥4,Statewide,4
37305,2023,BT,Not Applicable,Natural Gas,2017,ICE,Not Applicable,1,Statewide,4
37306,2023,BT,Not Applicable,Natural Gas,2013,ICE,Not Applicable,1,Statewide,4
37307,2023,BT,Not Applicable,Natural Gas,2003,ICE,Not Applicable,2,Statewide,4
37308,2023,BS,Not Applicable,Natural Gas,2025,ICE,Not Applicable,1,Statewide,4
37309,2023,BS,Not Applicable,Natural Gas,2025,ICE,Not Applicable,3,Statewide,4
37310,2023,BS,Not Applicable,Natural Gas,2024,ICE,Not Applicable,1,Statewide,4
37311,2023,BS,Not Applicable,Natural Gas,2007,ICE,Not Applicable,1,Statewide,4
37312,2023,BS,Not Applicable,Natural Gas,2005,ICE,Not Applicable,2,Statewide,4
37313,2023,BS,Not Applicable,Natural Gas,1997,ICE,Not Applicable,≥4,Statewide,4
37314,2023,B,Not Applicable,Natural Gas,2025,ICE,Not Applicable,≥4,Statewide,4
37315,2023,B,Not Applicable,Natural Gas,2008,ICE,Not Applicable,1,Statewide,4
37316,2023,B,Not Applicable,Natural Gas,2008,ICE,Not Applicable,2,Statewide,4
37317,2023,T7,8,Gasoline,2001,ICE,Not Applicable,≥4,Statewide,4
37318,2023,T7,8,Gasoline,1997,ICE,Not Applicable,≥4,Statewide,4
37319,2023,T7,8,Gasoline,1996,ICE,Not Applicable,≥4,Statewide,4
37320,2023,T6,Unknown,Gasoline,1994,ICE,Not Applicable,1,Statewide,4
37321,2023,T6,5,Gasoline,1994,ICE,Not Applicable,2,Statewide,4
37322,2023,T6,5,Gasoline,1993,ICE,Not Applicable,1,Statewide,4
37323,2023,T6,4,Gasoline,1992,ICE,Not Applicable,1,Statewide,4
37324,2023,T3,Unknown,Gasoline,2014,ICE,Not Applicable,≥4,Statewide,4
37325,2023,T3,Unknown,Gasoline,2005,ICE,Not Applicable,2,Statewide,4
37326,2023,T3,Unknown,Gasoline,2004,ICE,Not Applicable,3,Statewide,4
37327,2023,T3,Unknown,Gasoline,1998,ICE,Not Applicable,≥4,Statewide,4
37328,2023,T3,Unknown,Gasoline,1989,ICE,Not Applicable,2,Statewide,4
37329,2023,T1,Unknown,Gasoline,2008,ICE,Not Applicable,≥4,Statewide,4
37330,2023,BT,Not Applicable,Gasoline,2024,ICE,Not Applicable,1,Statewide,4
37331,2023,BT,Not Applicable,Gasoline,2019,ICE,Not Applicable,3,Statewide,4
37332,2023,BT,Not Applicable,Gasoline,2012,ICE,Not Applicable,3,Statewide,4
37333,2023,BT,Not Applicable,Gasoline,2010,ICE,Not Applicable,3,Statewide,4
37334,2023,BT,Not Applicable,Gasoline,2007,ICE,Not Applicable,3,Statewide,4
37335,2023,BT,Not Applicable,Gasoline,2005,ICE,Not Applicable,1,Statewide,4
37336,2023,BT,Not Applicable,Gasoline,2003,ICE,Not Applicable,2,Statewide,4
37337,2023,BT,Not Applicable,Gasoline,2002,ICE,Not Applicable,1,Statewide,4
37338,2023,BT,Not Applicable,Gasoline,1984,ICE,Not Applicable,≥4,Statewide,4
37339,2023,BT,Not Applicable,Gasoline,1981,ICE,Not Applicable,≥4,Statewide,4
37340,2023,BT,Not Applicable,Gasoline,1979,ICE,Not Applicable,3,Statewide,4
37341,2023,BS,Not Applicable,Gasoline,2020,ICE,Not Applicable,3,Statewide,4
37342,2023,BS,Not Applicable,Gasoline,2017,ICE,Not Applicable,3,Statewide,4
37343,2023,BS,Not Applicable,Gasoline,2014,ICE,Not Applicable,3,Statewide,4
37344,2023,BS,Not Applicable,Gasoline,2009,ICE,Not Applicable,3,Statewide,4
37345,2023,T3,Unknown,Gasoline,2016,ICE,Not Applicable,≥4,Statewide,4
37346,2023,T4,2,Natural Gas,2009,ICE,Not Applicable,2,Statewide,4
37347,2023,T3,Unknown,Gasoline,2019,ICE,Not Applicable,≥4,Statewide,4
37348,2023,T3,Unknown,Gasoline,2020,ICE,Not Applicable,≥4,Statewide,4
37349,2023,T6,4,Gasoline,1992,ICE,Not Applicable,3,Statewide,4
37350,2023,T6,5,Gasoline,1992,ICE,Not Applicable,1,Statewide,4
37351,2023,T6,7,Gasoline,1992,ICE,Not Applicable,3,Statewide,4
37352,2023,T6,5,Gasoline,1991,ICE,Not Applicable,1,Statewide,4
37353,2023,T6,7,Gasoline,1989,ICE,Not Applicable,2,Statewide,4
37354,2023,T6,6,Gasoline,1988,ICE,Not Applicable,3,Statewide,4
37355,2023,T6,6,Gasoline,1987,ICE,Not Applicable,3,Statewide,4
37356,2023,T6,7,Gasoline,1986,ICE,Not Applicable,2,Statewide,4
37357,2023,T6,Unknown,Gasoline,1985,ICE,Not Applicable,1,Statewide,4
37358,2023,T6,7,Gasoline,1983,ICE,Not Applicable,2,Statewide,4
37359,2023,T6,5,Gasoline,1981,ICE,Not Applicable,3,Statewide,4
37360,2023,T5,3,Gasoline,1979,ICE,Not Applicable,2,Statewide,4
37361,2023,T4,Unknown,Gasoline,2018,ICE,Not Applicable,≥4,Statewide,4
37362,2023,T4,Unknown,Gasoline,2000,ICE,Not Applicable,1,Statewide,4
37363,2023,T4,Unknown,Gasoline,1998,ICE,Not Applicable,3,Statewide,4
37364,2023,T4,Unknown,Gasoline,1997,ICE,Not Applicable,1,Statewide,4
37365,2023,T4,Unknown,Gasoline,1994,ICE,Not Applicable,3,Statewide,4
37366,2023,T4,Unknown,Gasoline,1993,ICE,Not Applicable,2,Statewide,4
37367,2023,T4,Unknown,Gasoline,1984,ICE,Not Applicable,≥4,Statewide,4
37368,2023,T4,Unknown,Gasoline,1982,ICE,Not Applicable,≥4,Statewide,4
37369,2023,T4,Unknown,Gasoline,1981,ICE,Not Applicable,≥4,Statewide,4
37370,2023,T3,Unknown,Gasoline,2019,ICE,Not Applicable,1,Statewide,4
37371,2023,BS,Not Applicable,Gasoline,2008,ICE,Not Applicable,2,Statewide,4
37372,2023,T4,2,Natural Gas,2020,ICE,Not Applicable,3,Statewide,4
37373,2023,T6,6,Natural Gas,2005,ICE,Not Applicable,≥4,Statewide,4
37374,2023,MH,Not Applicable,Diesel,1985,ICE,Not Applicable,2,Statewide,5
37375,2023,MH,Not Applicable,Diesel,1981,ICE,Not Applicable,1,Statewide,5
37376,2023,MH,Not Applicable,Diesel,1980,ICE,Not Applicable,3,Statewide,5
37377,2023,MC,Not Applicable,Diesel,2018,ICE,Not Applicable,1,Statewide,5
37378,2023,MC,Not Applicable,Diesel,2018,ICE,Not Applicable,≥4,Statewide,5
37379,2023,MC,Not Applicable,Diesel,2010,ICE,Not Applicable,3,Statewide,5
37380,2023,BT,Not Applicable,Diesel,2022,ICE,Not Applicable,3,Statewide,5
37381,2023,BT,Not Applicable,Diesel,2021,ICE,Not Applicable,3,Statewide,5
37382,2023,BT,Not Applicable,Diesel,2019,ICE,Not Applicable,2,Statewide,5
37383,2023,MH,Not Applicable,Diesel,1985,ICE,Not Applicable,1,Statewide,5
37384,2023,BT,Not Applicable,Diesel,2017,ICE,Not Applicable,1,Statewide,5
37385,2023,BT,Not Applicable,Diesel,2010,ICE,Not Applicable,1,Statewide,5
37386,2023,BT,Not Applicable,Diesel,2006,ICE,Not Applicable,3,Statewide,5
37387,2023,BT,Not Applicable,Diesel,2004,ICE,Not Applicable,2,Statewide,5
37388,2023,BT,Not Applicable,Diesel,2001,ICE,Not Applicable,2,Statewide,5
37389,2023,BT,Not Applicable,Diesel,1997,ICE,Not Applicable,2,Statewide,5
37390,2023,BT,Not Applicable,Diesel,1997,ICE,Not Applicable,3,Statewide,5
37391,2023,BT,Not Applicable,Diesel,1989,ICE,Not Applicable,2,Statewide,5
37392,2023,BT,Not Applicable,Diesel,1979,ICE,Not Applicable,2,Statewide,5
37393,2023,BS,Not Applicable,Diesel,1997,ICE,Not Applicable,3,Statewide,5
37394,2023,BT,Not Applicable,Diesel,2014,ICE,Not Applicable,3,Statewide,5
37395,2023,MH,Not Applicable,Diesel,1986,ICE,Not Applicable,3,Statewide,5
37396,2023,P,Not Applicable,Diesel,1995,ICE,Not Applicable,2,Statewide,5
37397,2023,T1,Unknown,Diesel,1979,ICE,Not Applicable,≥4,Statewide,5
37398,2023,T4,Unknown,Diesel,1998,ICE,Not Applicable,2,Statewide,5
37399,2023,T4,Unknown,Diesel,1988,ICE,Not Applicable,1,Statewide,5
37400,2023,T4,Unknown,Diesel,1987,ICE,Not Applicable,1,Statewide,5
37401,2023,T3,2,Diesel,2025,ICE,Not Applicable,2,Statewide,5
37402,2023,T3,2,Diesel,2009,ICE,Not Applicable,3,Statewide,5
37403,2023,T3,2,Diesel,2002,ICE,Not Applicable,1,Statewide,5
37404,2023,T3,Unknown,Diesel,1998,ICE,Not Applicable,≥4,Statewide,5
37405,2023,T3,2,Diesel,1996,ICE,Not Applicable,1,Statewide,5
37406,2023,T3,2,Diesel,1996,ICE,Not Applicable,2,Statewide,5
37407,2023,T3,Unknown,Diesel,1995,ICE,Not Applicable,2,Statewide,5
37408,2023,T3,Unknown,Diesel,1995,ICE,Not Applicable,≥4,Statewide,5
37409,2023,T3,2,Diesel,1994,ICE,Not Applicable,3,Statewide,5
37410,2023,T3,2,Diesel,1993,ICE,Not Applicable,1,Statewide,5
37411,2023,T3,Unknown,Diesel,1990,ICE,Not Applicable,2,Statewide,5
37412,2023,T3,Unknown,Diesel,1989,ICE,Not Applicable,2,Statewide,5
37413,2023,T3,Unknown,Diesel,1986,ICE,Not Applicable,2,Statewide,5
37414,2023,T3,Unknown,Diesel,1986,ICE,Not Applicable,3,Statewide,5
37415,2023,T3,2,Diesel,1986,ICE,Not Applicable,3,Statewide,5
37416,2023,T2,1,Diesel,1990,ICE,Not Applicable,3,Statewide,5
37417,2023,T2,1,Diesel,1981,ICE,Not Applicable,2,Statewide,5
37418,2023,T1,1,Diesel,1991,ICE,Not Applicable,1,Statewide,5
37419,2023,BS,Not Applicable,Diesel,1988,ICE,Not Applicable,1,Statewide,5
37420,2023,B,Not Applicable,Diesel,1997,ICE,Not Applicable,2,Statewide,5
37421,2023,B,Not Applicable,Diesel,1992,ICE,Not Applicable,1,Statewide,5
37422,2023,B,Not Applicable,Diesel,1989,ICE,Not Applicable,1,Statewide,5
37423,2023,P,Not Applicable,Gasoline,1994,ICE,Not Applicable,≥4,Statewide,11286
37424,2023,T2,1,Gasoline,2000,ICE,Not Applicable,≥4,Statewide,11311
37425,2023,T1,1,Gasoline,2019,ICE,Not Applicable,2,Statewide,11319
37426,2023,T4,2,Gasoline,2010,ICE,Not Applicable,≥4,Statewide,11363
37427,2023,T1,1,Gasoline,2004,ICE,Not Applicable,3,Statewide,11486
37428,2023,T4,2,Gasoline,2013,ICE,Not Applicable,≥4,Statewide,11516
37429,2023,MC,Not Applicable,Gasoline,2006,ICE,Not Applicable,≥4,Statewide,11544
37430,2023,T1,1,Gasoline,2012,ICE,Not Applicable,1,Statewide,11554
37431,2023,MC,Not Applicable,Gasoline,2024,ICE,Not Applicable,≥4,Statewide,11589
37432,2023,T4,2,Diesel,2021,ICE,Not Applicable,≥4,Statewide,11678
37433,2023,T7,8,Natural Gas,2022,ICE,Not Applicable,2,Statewide,4
37434,2023,T7,8,Natural Gas,2013,ICE,Not Applicable,2,Statewide,4
37435,2023,T7,8,Natural Gas,2012,ICE,Not Applicable,2,Statewide,4
37436,2023,T7,8,Natural Gas,2010,ICE,Not Applicable,1,Statewide,4
37437,2023,T7,8,Natural Gas,2009,ICE,Not Applicable,3,Statewide,4
37438,2023,T6,7,Natural Gas,2021,ICE,Not Applicable,1,Statewide,4
37439,2023,T6,7,Natural Gas,2021,ICE,Not Applicable,2,Statewide,4
37440,2023,T6,7,Natural Gas,2020,ICE,Not Applicable,1,Statewide,4
37441,2023,T6,6,Natural Gas,2010,ICE,Not Applicable,≥4,Statewide,4
37442,2023,T6,4,Natural Gas,2009,ICE,Not Applicable,≥4,Statewide,4
37443,2023,T6,6,Natural Gas,2009,ICE,Not Applicable,≥4,Statewide,4
37444,2023,T7,8,Diesel,2017,ICE,Not Applicable,≥4,Statewide,11248
37445,2023,T4,2,Natural Gas,2020,ICE,Not Applicable,2,Statewide,4
37446,2023,T4,2,Diesel,2022,ICE,Not Applicable,≥4,Statewide,11146
37447,2023,P,Not Applicable,Gasoline,1999,ICE,Not Applicable,3,Statewide,10997
37448,2023,B,Not Applicable,Diesel,1987,ICE,Not Applicable,1,Statewide,5
37449,2023,B,Not Applicable,Diesel,1986,ICE,Not Applicable,2,Statewide,5
37450,2023,T1,1,Gasoline,1994,ICE,Not Applicable,≥4,Statewide,10035
37451,2023,T1,1,Gasoline,2002,ICE,Not Applicable,3,Statewide,10126
37452,2023,T1,1,Gasoline,2009,ICE,Not Applicable,≥4,Statewide,10126
37453,2023,T1,1,Gasoline,2022,ICE,Not Applicable,2,Statewide,10135
37454,2023,T4,2,Diesel,2008,ICE,Not Applicable,≥4,Statewide,10138
37455,2023,P,Not Applicable,Gasoline,1998,ICE,Not Applicable,2,Statewide,10162
37456,2023,T1,1,Gasoline,2014,ICE,Not Applicable,3,Statewide,10297
37457,2023,T7,8,Diesel,2024,ICE,Not Applicable,≥4,Statewide,10309
37458,2023,T4,2,Diesel,2010,ICE,Not Applicable,≥4,Statewide,10473
37459,2023,T3,2,Gasoline,2003,ICE,Not Applicable,3,Statewide,10489
37460,2023,T1,1,Gasoline,2018,ICE,Not Applicable,3,Statewide,10498
37461,2023,T1,1,Gasoline,1996,ICE,Not Applicable,≥4,Statewide,10629
37462,2023,P,Not Applicable,Electric,2024,BEV,>150 miles,3,Statewide,10728
37463,2023,P,Not Applicable,Gasoline,1998,ICE,Not Applicable,1,Statewide,10731
37464,2023,T1,1,Gasoline,2002,ICE,Not Applicable,2,Statewide,10752
37465,2023,T1,1,Gasoline,2011,ICE,Not Applicable,≥4,Statewide,10769
37466,2023,P,Not Applicable,Electric,2022,BEV,>150 miles,2,Statewide,10873
37467,2023,T3,2,Gasoline,2003,ICE,Not Applicable,2,Statewide,10878
37468,2023,P,Not Applicable,Gasoline,2023,PHEV,0 to 50 miles,2,Statewide,10898
37469,2023,T1,1,Gasoline,2004,ICE,Not Applicable,1,Statewide,11128
37470,2023,BS,Not Applicable,Gasoline,2004,ICE,Not Applicable,1,Statewide,4
37471,2023,BS,Not Applicable,Gasoline,2003,ICE,Not Applicable,1,Statewide,4
37472,2023,BS,Not Applicable,Gasoline,1993,ICE,Not Applicable,1,Statewide,4
37473,2023,B,Not Applicable,Diesel,1993,ICE,Not Applicable,3,Statewide,4
37474,2023,B,Not Applicable,Diesel,1991,ICE,Not Applicable,2,Statewide,4
37475,2023,B,Not Applicable,Diesel,1990,ICE,Not Applicable,2,Statewide,4
37476,2023,B,Not Applicable,Diesel,1988,ICE,Not Applicable,1,Statewide,4
37477,2023,B,Not Applicable,Diesel,1986,ICE,Not Applicable,1,Statewide,4
37478,2023,B,Not Applicable,Diesel,1986,ICE,Not Applicable,3,Statewide,4
37479,2023,B,Not Applicable,Diesel,1981,ICE,Not Applicable,1,Statewide,4
37480,2023,T7,8,Diesel,2019,ICE,Not Applicable,≥4,Statewide,11681
37481,2023,T2,1,Gasoline,2001,ICE,Not Applicable,≥4,Statewide,11793
37482,2023,B,Not Applicable,Diesel,1994,ICE,Not Applicable,3,Statewide,4
37483,2023,T4,2,Gasoline,2024,ICE,Not Applicable,≥4,Statewide,11854
37484,2023,T7,8,Diesel,2018,ICE,Not Applicable,≥4,Statewide,11884
37485,2023,T4,2,Gasoline,2012,ICE,Not Applicable,≥4,Statewide,12072
37486,2023,T1,1,Gasoline,2019,ICE,Not Applicable,1,Statewide,12126
37487,2023,T1,1,Gasoline,2003,ICE,Not Applicable,1,Statewide,12173
37488,2023,T1,1,Gasoline,2005,ICE,Not Applicable,1,Statewide,12192
37489,2023,T1,1,Gasoline,2012,ICE,Not Applicable,2,Statewide,12280
37490,2023,T1,1,Gasoline,2006,ICE,Not Applicable,1,Statewide,12304
37491,2023,T1,1,Gasoline,2023,ICE,Not Applicable,3,Statewide,12310
37492,2023,T4,2,Gasoline,2020,ICE,Not Applicable,≥4,Statewide,12343
37493,2023,T2,1,Gasoline,2002,ICE,Not Applicable,3,Statewide,11855
37494,2023,BS,Not Applicable,Diesel,1981,ICE,Not Applicable,1,Statewide,4
37495,2023,BS,Not Applicable,Diesel,1986,ICE,Not Applicable,1,Statewide,4
37496,2023,BT,Not Applicable,Diesel,1992,ICE,Not Applicable,2,Statewide,4
37497,2023,MH,Not Applicable,Diesel,1986,ICE,Not Applicable,2,Statewide,4
37498,2023,MH,Not Applicable,Diesel,1984,ICE,Not Applicable,1,Statewide,4
37499,2023,MC,Not Applicable,Diesel,2017,ICE,Not Applicable,≥4,Statewide,4
37500,2023,MC,Not Applicable,Diesel,2016,ICE,Not Applicable,≥4,Statewide,4
37501,2023,MC,Not Applicable,Diesel,2013,ICE,Not Applicable,3,Statewide,4
37502,2023,MC,Not Applicable,Diesel,2009,ICE,Not Applicable,≥4,Statewide,4
37503,2023,MC,Not Applicable,Diesel,2007,ICE,Not Applicable,≥4,Statewide,4
37504,2023,MC,Not Applicable,Diesel,2005,ICE,Not Applicable,3,Statewide,4
37505,2023,BT,Not Applicable,Diesel,2019,ICE,Not Applicable,3,Statewide,4
37506,2023,BT,Not Applicable,Diesel,2016,ICE,Not Applicable,3,Statewide,4
37507,2023,BT,Not Applicable,Diesel,2015,ICE,Not Applicable,2,Statewide,4
37508,2023,BT,Not Applicable,Diesel,2015,ICE,Not Applicable,3,Statewide,4
37509,2023,BT,Not Applicable,Diesel,2014,ICE,Not Applicable,2,Statewide,4
37510,2023,BT,Not Applicable,Diesel,2013,ICE,Not Applicable,2,Statewide,4
37511,2023,BT,Not Applicable,Diesel,2012,ICE,Not Applicable,2,Statewide,4
37512,2023,BT,Not Applicable,Diesel,2011,ICE,Not Applicable,1,Statewide,4
37513,2023,BT,Not Applicable,Diesel,2007,ICE,Not Applicable,2,Statewide,4
37514,2023,BT,Not Applicable,Diesel,2007,ICE,Not Applicable,3,Statewide,4
37515,2023,BT,Not Applicable,Diesel,2006,ICE,Not Applicable,2,Statewide,4
37516,2023,BT,Not Applicable,Diesel,2001,ICE,Not Applicable,1,Statewide,4
37517,2023,BT,Not Applicable,Diesel,1996,ICE,Not Applicable,2,Statewide,4
37518,2023,MC,Not Applicable,Gasoline,2017,ICE,Not Applicable,≥4,Statewide,12361
37519,2023,T2,1,Gasoline,2002,ICE,Not Applicable,1,Statewide,12387
37520,2023,T1,1,Gasoline,2006,ICE,Not Applicable,3,Statewide,12388
37521,2023,T1,1,Gasoline,2005,ICE,Not Applicable,3,Statewide,12389
37522,2023,T1,1,Gasoline,2014,ICE,Not Applicable,1,Statewide,13959
37523,2023,T1,1,Gasoline,2006,ICE,Not Applicable,2,Statewide,14082
37524,2023,T1,1,Gasoline,2003,ICE,Not Applicable,2,Statewide,14133
37525,2023,MC,Not Applicable,Gasoline,2007,ICE,Not Applicable,≥4,Statewide,14141
37526,2023,MC,Not Applicable,Gasoline,1979,ICE,Not Applicable,≥4,Statewide,14149
37527,2023,T1,1,Gasoline,2005,ICE,Not Applicable,2,Statewide,14154
37528,2023,T3,2,Gasoline,2000,ICE,Not Applicable,≥4,Statewide,14211
37529,2023,P,Not Applicable,Electric,2024,BEV,>150 miles,2,Statewide,14295
37530,2023,T7,8,Natural Gas,2025,ICE,Not Applicable,2,Statewide,3
37531,2023,T7,8,Natural Gas,2022,ICE,Not Applicable,3,Statewide,3
37532,2023,T7,8,Natural Gas,2015,ICE,Not Applicable,3,Statewide,3
37533,2023,T7,8,Natural Gas,2012,ICE,Not Applicable,1,Statewide,3
37534,2023,T6,7,Natural Gas,2022,ICE,Not Applicable,1,Statewide,3
37535,2023,T6,7,Natural Gas,2019,ICE,Not Applicable,1,Statewide,3
37536,2023,T6,7,Natural Gas,2019,ICE,Not Applicable,3,Statewide,3
37537,2023,T6,Unknown,Natural Gas,2017,ICE,Not Applicable,1,Statewide,3
37538,2023,T6,Unknown,Natural Gas,2015,ICE,Not Applicable,≥4,Statewide,3
37539,2023,T6,4,Natural Gas,2006,ICE,Not Applicable,≥4,Statewide,3
37540,2023,T4,2,Natural Gas,2024,ICE,Not Applicable,2,Statewide,3
37541,2023,T4,2,Natural Gas,2024,ICE,Not Applicable,3,Statewide,3
37542,2023,T4,2,Natural Gas,2023,ICE,Not Applicable,1,Statewide,3
37543,2023,T1,1,Gasoline,2008,ICE,Not Applicable,≥4,Statewide,13920
37544,2023,P,Not Applicable,Diesel,1993,ICE,Not Applicable,1,Statewide,4
37545,2023,T1,1,Gasoline,2018,ICE,Not Applicable,≥4,Statewide,13880
37546,2023,T4,2,Gasoline,2007,ICE,Not Applicable,≥4,Statewide,13702
37547,2023,T4,2,Diesel,2009,ICE,Not Applicable,≥4,Statewide,12440
37548,2023,T1,1,Gasoline,2017,ICE,Not Applicable,2,Statewide,12444
37549,2023,T1,1,Gasoline,2007,ICE,Not Applicable,1,Statewide,12452
37550,2023,T1,1,Gasoline,2022,ICE,Not Applicable,1,Statewide,12460
37551,2023,T1,1,Gasoline,2017,ICE,Not Applicable,1,Statewide,12461
37552,2023,T3,2,Gasoline,1999,ICE,Not Applicable,≥4,Statewide,12602
37553,2023,T1,1,Gasoline,1998,ICE,Not Applicable,≥4,Statewide,12624
37554,2023,T1,1,Gasoline,2004,ICE,Not Applicable,2,Statewide,12721
37555,2023,T7,8,Diesel,2020,ICE,Not Applicable,≥4,Statewide,12822
37556,2023,P,Not Applicable,Gasoline,1999,ICE,Not Applicable,2,Statewide,13012
37557,2023,T1,1,Gasoline,2013,ICE,Not Applicable,3,Statewide,13110
37558,2023,T1,1,Gasoline,2003,ICE,Not Applicable,3,Statewide,13137
37559,2023,T1,1,Gasoline,2007,ICE,Not Applicable,3,Statewide,13192
37560,2023,T7,8,Diesel,2021,ICE,Not Applicable,≥4,Statewide,13220
37561,2023,T2,1,Gasoline,2002,ICE,Not Applicable,2,Statewide,13258
37562,2023,P,Not Applicable,Electric,2024,BEV,>150 miles,≥4,Statewide,13270
37563,2023,T4,2,Diesel,2011,ICE,Not Applicable,≥4,Statewide,13382
37564,2023,T1,1,Gasoline,1979,ICE,Not Applicable,≥4,Statewide,13435
37565,2023,T1,1,Gasoline,2012,ICE,Not Applicable,≥4,Statewide,13476
37566,2023,T4,2,Gasoline,2005,ICE,Not Applicable,≥4,Statewide,13595
37567,2023,P,Not Applicable,Gasoline,1999,ICE,Not Applicable,1,Statewide,13633
37568,2023,P,Not Applicable,Electric,2024,BEV,>150 miles,1,Statewide,13842
37569,2023,P,Not Applicable,Diesel,1994,ICE,Not Applicable,1,Statewide,4
37570,2023,P,Not Applicable,Diesel,1999,ICE,Not Applicable,2,Statewide,4
37571,2023,T1,1,Diesel,1992,ICE,Not Applicable,3,Statewide,4
37572,2023,T3,Unknown,Electric,2019,BEV,Unknown,≥4,Statewide,4
37573,2023,T3,Unknown,Electric,2012,BEV,Unknown,≥4,Statewide,4
37574,2023,T2,1,Electric,2008,BEV,Unknown,3,Statewide,4
37575,2023,T1,1,Electric,2003,BEV,51 to 100 miles,2,Statewide,4
37576,2023,P,Not Applicable,Electric,2018,BEV,Unknown,2,Statewide,4
37577,2023,P,Not Applicable,Electric,2018,BEV,Unknown,3,Statewide,4
37578,2023,P,Not Applicable,Electric,2012,BEV,Unknown,1,Statewide,4
37579,2023,P,Not Applicable,Electric,2011,BEV,Unknown,3,Statewide,4
37580,2023,P,Not Applicable,Electric,2006,BEV,Unknown,3,Statewide,4
37581,2023,MC,Not Applicable,Electric,2017,BEV,Unknown,2,Statewide,4
37582,2023,MC,Not Applicable,Electric,2016,BEV,Unknown,2,Statewide,4
37583,2023,MC,Not Applicable,Electric,2015,BEV,Unknown,2,Statewide,4
37584,2023,MC,Not Applicable,Electric,2013,BEV,Unknown,1,Statewide,4
37585,2023,MC,Not Applicable,Electric,2012,BEV,Unknown,1,Statewide,4
37586,2023,MC,Not Applicable,Electric,2011,BEV,Unknown,2,Statewide,4
37587,2023,BT,Not Applicable,Electric,2021,BEV,Unknown,1,Statewide,4
37588,2023,BS,Not Applicable,Electric,2024,BEV,Unknown,2,Statewide,4
37589,2023,T7,8,Diesel,1983,ICE,Not Applicable,3,Statewide,4
37590,2023,T6,Unknown,Diesel,2025,ICE,Not Applicable,1,Statewide,4
37591,2023,T6,Unknown,Diesel,2015,ICE,Not Applicable,1,Statewide,4
37592,2023,T6,Unknown,Diesel,2013,ICE,Not Applicable,2,Statewide,4
37593,2023,T4,Unknown,Electric,1989,BEV,Unknown,≥4,Statewide,4
37594,2023,T6,Unknown,Diesel,2013,ICE,Not Applicable,3,Statewide,4
37595,2023,T4,Unknown,Electric,2020,BEV,Unknown,≥4,Statewide,4
37596,2023,T6,Unknown,Electric,1984,BEV,Unknown,≥4,Statewide,4
37597,2023,BS,Not Applicable,Gasoline,1989,ICE,Not Applicable,2,Statewide,4
37598,2023,BS,Not Applicable,Gasoline,1987,ICE,Not Applicable,3,Statewide,4
37599,2023,BS,Not Applicable,Gasoline,1983,ICE,Not Applicable,2,Statewide,4
37600,2023,B,Not Applicable,Gasoline,1996,ICE,Not Applicable,2,Statewide,4
37601,2023,B,Not Applicable,Gasoline,1995,ICE,Not Applicable,3,Statewide,4
37602,2023,B,Not Applicable,Gasoline,1994,ICE,Not Applicable,3,Statewide,4
37603,2023,B,Not Applicable,Gasoline,1992,ICE,Not Applicable,1,Statewide,4
37604,2023,B,Not Applicable,Gasoline,1991,ICE,Not Applicable,1,Statewide,4
37605,2023,B,Not Applicable,Gasoline,1990,ICE,Not Applicable,2,Statewide,4
37606,2023,B,Not Applicable,Gasoline,1990,ICE,Not Applicable,3,Statewide,4
37607,2023,B,Not Applicable,Gasoline,1986,ICE,Not Applicable,2,Statewide,4
37608,2023,B,Not Applicable,Gasoline,1984,ICE,Not Applicable,2,Statewide,4
37609,2023,B,Not Applicable,Gasoline,1982,ICE,Not Applicable,1,Statewide,4
37610,2023,B,Not Applicable,Gasoline,1982,ICE,Not Applicable,2,Statewide,4
37611,2023,B,Not Applicable,Gasoline,1982,ICE,Not Applicable,3,Statewide,4
37612,2023,B,Not Applicable,Gasoline,1981,ICE,Not Applicable,3,Statewide,4
37613,2023,B,Not Applicable,Gasoline,1980,ICE,Not Applicable,3,Statewide,4
37614,2023,T7,8,Electric,2017,BEV,Unknown,≥4,Statewide,4
37615,2023,T7,8,Electric,2011,BEV,Unknown,≥4,Statewide,4
37616,2023,T6,Unknown,Electric,2024,BEV,Unknown,2,Statewide,4
37617,2023,T6,Unknown,Electric,2013,BEV,Unknown,1,Statewide,4
37618,2023,T6,Unknown,Electric,1981,BEV,Unknown,≥4,Statewide,4
37619,2023,T4,Unknown,Diesel,2003,ICE,Not Applicable,1,Statewide,5
37620,2023,T6,Unknown,Diesel,2006,ICE,Not Applicable,1,Statewide,4
37621,2023,T6,Unknown,Diesel,2005,ICE,Not Applicable,2,Statewide,4
37622,2023,T4,Unknown,Diesel,1985,ICE,Not Applicable,1,Statewide,4
37623,2023,T4,Unknown,Diesel,1979,ICE,Not Applicable,≥4,Statewide,4
37624,2023,T3,2,Diesel,2025,ICE,Not Applicable,3,Statewide,4
37625,2023,T3,2,Diesel,2002,ICE,Not Applicable,2,Statewide,4
37626,2023,T3,Unknown,Diesel,1997,ICE,Not Applicable,1,Statewide,4
37627,2023,T3,Unknown,Diesel,1996,ICE,Not Applicable,2,Statewide,4
37628,2023,T3,Unknown,Diesel,1995,ICE,Not Applicable,1,Statewide,4
37629,2023,T3,Unknown,Diesel,1994,ICE,Not Applicable,1,Statewide,4
37630,2023,T3,Unknown,Diesel,1994,ICE,Not Applicable,2,Statewide,4
37631,2023,T3,Unknown,Diesel,1994,ICE,Not Applicable,3,Statewide,4
37632,2023,T3,Unknown,Diesel,1988,ICE,Not Applicable,≥4,Statewide,4
37633,2023,T3,2,Diesel,1986,ICE,Not Applicable,1,Statewide,4
37634,2023,T3,2,Diesel,1986,ICE,Not Applicable,2,Statewide,4
37635,2023,T3,2,Diesel,1983,ICE,Not Applicable,2,Statewide,4
37636,2023,T3,2,Diesel,1982,ICE,Not Applicable,2,Statewide,4
37637,2023,T3,2,Diesel,1981,ICE,Not Applicable,2,Statewide,4
37638,2023,T2,1,Diesel,1993,ICE,Not Applicable,≥4,Statewide,4
37639,2023,T2,1,Diesel,1992,ICE,Not Applicable,3,Statewide,4
37640,2023,T2,1,Diesel,1988,ICE,Not Applicable,1,Statewide,4
37641,2023,T2,1,Diesel,1986,ICE,Not Applicable,1,Statewide,4
37642,2023,T2,Unknown,Diesel,1979,ICE,Not Applicable,≥4,Statewide,4
37643,2023,T4,Unknown,Diesel,1988,ICE,Not Applicable,3,Statewide,4
37644,2023,T6,Unknown,Diesel,2006,ICE,Not Applicable,3,Statewide,4
37645,2023,T4,Unknown,Diesel,2001,ICE,Not Applicable,2,Statewide,4
37646,2023,T4,Unknown,Diesel,2003,ICE,Not Applicable,3,Statewide,4
37647,2023,T6,5,Diesel,1995,ICE,Not Applicable,2,Statewide,4
37648,2023,T6,Unknown,Diesel,1994,ICE,Not Applicable,2,Statewide,4
37649,2023,T6,5,Diesel,1994,ICE,Not Applicable,1,Statewide,4
37650,2023,T6,5,Diesel,1993,ICE,Not Applicable,2,Statewide,4
37651,2023,T6,Unknown,Diesel,1992,ICE,Not Applicable,1,Statewide,4
37652,2023,T6,Unknown,Diesel,1992,ICE,Not Applicable,3,Statewide,4
37653,2023,T6,5,Diesel,1992,ICE,Not Applicable,2,Statewide,4
37654,2023,T6,5,Diesel,1992,ICE,Not Applicable,3,Statewide,4
37655,2023,T6,6,Diesel,1991,ICE,Not Applicable,3,Statewide,4
37656,2023,T6,5,Diesel,1990,ICE,Not Applicable,1,Statewide,4
37657,2023,T6,5,Diesel,1990,ICE,Not Applicable,2,Statewide,4
37658,2023,T6,Unknown,Diesel,1989,ICE,Not Applicable,2,Statewide,4
37659,2023,T6,6,Diesel,1987,ICE,Not Applicable,3,Statewide,4
37660,2023,T6,7,Diesel,1985,ICE,Not Applicable,3,Statewide,4
37661,2023,T6,Unknown,Diesel,1983,ICE,Not Applicable,2,Statewide,4
37662,2023,T6,Unknown,Diesel,1983,ICE,Not Applicable,3,Statewide,4
37663,2023,T6,6,Diesel,1980,ICE,Not Applicable,≥4,Statewide,4
37664,2023,T6,7,Diesel,1980,ICE,Not Applicable,2,Statewide,4
37665,2023,T6,6,Diesel,1979,ICE,Not Applicable,3,Statewide,4
37666,2023,T5,3,Diesel,1989,ICE,Not Applicable,3,Statewide,4
37667,2023,T5,3,Diesel,1979,ICE,Not Applicable,≥4,Statewide,4
37668,2023,T4,Unknown,Diesel,2001,ICE,Not Applicable,1,Statewide,4
37669,2023,T4,2,Natural Gas,2023,ICE,Not Applicable,2,Statewide,3
37670,2023,T4,Unknown,Diesel,2004,ICE,Not Applicable,2,Statewide,5
37671,2023,T6,6,Diesel,1982,ICE,Not Applicable,≥4,Statewide,5
37672,2023,T6,5,Gasoline,2002,ICE,Not Applicable,≥4,Statewide,6
37673,2023,T6,6,Gasoline,1999,ICE,Not Applicable,3,Statewide,6
37674,2023,T6,5,Gasoline,1998,ICE,Not Applicable,2,Statewide,6
37675,2023,T6,7,Gasoline,1995,ICE,Not Applicable,2,Statewide,6
37676,2023,T6,6,Gasoline,1994,ICE,Not Applicable,2,Statewide,6
37677,2023,T6,7,Gasoline,1994,ICE,Not Applicable,1,Statewide,6
37678,2023,T6,5,Gasoline,1990,ICE,Not Applicable,1,Statewide,6
37679,2023,T6,4,Gasoline,1989,ICE,Not Applicable,≥4,Statewide,6
37680,2023,T6,5,Gasoline,1986,ICE,Not Applicable,1,Statewide,6
37681,2023,T6,6,Gasoline,2004,ICE,Not Applicable,3,Statewide,6
37682,2023,T6,Unknown,Gasoline,1984,ICE,Not Applicable,3,Statewide,6
37683,2023,T6,5,Gasoline,1982,ICE,Not Applicable,1,Statewide,6
37684,2023,T5,3,Gasoline,1987,ICE,Not Applicable,2,Statewide,6
37685,2023,T5,3,Gasoline,1986,ICE,Not Applicable,2,Statewide,6
37686,2023,T5,3,Gasoline,1983,ICE,Not Applicable,≥4,Statewide,6
37687,2023,T4,Unknown,Gasoline,2004,ICE,Not Applicable,2,Statewide,6
37688,2023,T4,Unknown,Gasoline,1999,ICE,Not Applicable,1,Statewide,6
37689,2023,T4,Unknown,Gasoline,1997,ICE,Not Applicable,3,Statewide,6
37690,2023,T4,Unknown,Gasoline,1991,ICE,Not Applicable,1,Statewide,6
37691,2023,T4,Unknown,Gasoline,1991,ICE,Not Applicable,3,Statewide,6
37692,2023,T6,7,Gasoline,1984,ICE,Not Applicable,2,Statewide,6
37693,2023,T6,7,Gasoline,2005,ICE,Not Applicable,1,Statewide,6
37694,2023,T6,Unknown,Gasoline,2006,ICE,Not Applicable,1,Statewide,6
37695,2023,T6,6,Gasoline,2007,ICE,Not Applicable,3,Statewide,6
37696,2023,T3,2,Natural Gas,2021,ICE,Not Applicable,≥4,Statewide,6
37697,2023,T3,2,Natural Gas,2020,ICE,Not Applicable,1,Statewide,6
37698,2023,T3,2,Natural Gas,2001,ICE,Not Applicable,1,Statewide,6
37699,2023,BT,Not Applicable,Natural Gas,2007,ICE,Not Applicable,1,Statewide,6
37700,2023,BS,Not Applicable,Natural Gas,2024,ICE,Not Applicable,3,Statewide,6
37701,2023,BS,Not Applicable,Natural Gas,2005,ICE,Not Applicable,1,Statewide,6
37702,2023,T7,8,Gasoline,2013,ICE,Not Applicable,≥4,Statewide,6
37703,2023,T7,8,Gasoline,2007,ICE,Not Applicable,≥4,Statewide,6
37704,2023,T7,8,Gasoline,1984,ICE,Not Applicable,1,Statewide,6
37705,2023,T7,8,Gasoline,1980,ICE,Not Applicable,2,Statewide,6
37706,2023,T6,6,Gasoline,2024,ICE,Not Applicable,3,Statewide,6
37707,2023,T6,Unknown,Gasoline,2019,ICE,Not Applicable,1,Statewide,6
37708,2023,T6,Unknown,Gasoline,2015,ICE,Not Applicable,1,Statewide,6
37709,2023,T6,6,Gasoline,2014,ICE,Not Applicable,3,Statewide,6
37710,2023,T6,7,Gasoline,2013,ICE,Not Applicable,1,Statewide,6
37711,2023,T6,7,Gasoline,2013,ICE,Not Applicable,2,Statewide,6
37712,2023,T6,6,Gasoline,2012,ICE,Not Applicable,2,Statewide,6
37713,2023,T6,Unknown,Gasoline,2011,ICE,Not Applicable,1,Statewide,6
37714,2023,T6,Unknown,Gasoline,2011,ICE,Not Applicable,2,Statewide,6
37715,2023,T6,6,Gasoline,2009,ICE,Not Applicable,3,Statewide,6
37716,2023,T6,6,Gasoline,2008,ICE,Not Applicable,2,Statewide,6
37717,2023,T3,Unknown,Gasoline,2013,ICE,Not Applicable,≥4,Statewide,6
37718,2023,T3,Unknown,Gasoline,2005,ICE,Not Applicable,1,Statewide,6
37719,2023,T2,Unknown,Gasoline,1984,ICE,Not Applicable,≥4,Statewide,6
37720,2023,P,Not Applicable,Gasoline,2015,PHEV,0 to 50 miles,≥4,Statewide,6
37721,2023,T1,1,Electric,2004,BEV,Unknown,2,Statewide,6
37722,2023,T1,1,Electric,2003,BEV,Unknown,≥4,Statewide,6
37723,2023,P,Not Applicable,Electric,2020,BEV,Unknown,≥4,Statewide,6
37724,2023,P,Not Applicable,Electric,2011,BEV,Unknown,2,Statewide,6
37725,2023,P,Not Applicable,Electric,2009,BEV,Unknown,2,Statewide,6
37726,2023,P,Not Applicable,Electric,2008,BEV,Unknown,3,Statewide,6
37727,2023,P,Not Applicable,Electric,2008,BEV,Unknown,≥4,Statewide,6
37728,2023,MC,Not Applicable,Electric,2001,BEV,Unknown,≥4,Statewide,6
37729,2023,MC,Not Applicable,Electric,1997,BEV,Unknown,≥4,Statewide,6
37730,2023,BT,Not Applicable,Electric,2001,BEV,Unknown,≥4,Statewide,6
37731,2023,B,Not Applicable,Electric,2022,BEV,Unknown,1,Statewide,6
37732,2023,B,Not Applicable,Electric,1999,BEV,Unknown,≥4,Statewide,6
37733,2023,T6,Unknown,Diesel,2024,ICE,Not Applicable,1,Statewide,6
37734,2023,T6,Unknown,Diesel,2023,ICE,Not Applicable,1,Statewide,6
37735,2023,T6,Unknown,Diesel,2022,ICE,Not Applicable,1,Statewide,6
37736,2023,T6,Unknown,Diesel,2008,ICE,Not Applicable,1,Statewide,6
37737,2023,T6,Unknown,Diesel,2005,ICE,Not Applicable,1,Statewide,6
37738,2023,T6,Unknown,Diesel,2000,ICE,Not Applicable,1,Statewide,6
37739,2023,T6,5,Diesel,1999,ICE,Not Applicable,3,Statewide,6
37740,2023,T6,Unknown,Diesel,1995,ICE,Not Applicable,1,Statewide,6
37741,2023,T6,6,Diesel,1990,ICE,Not Applicable,3,Statewide,6
37742,2023,T2,1,Electric,2025,BEV,>150 miles,3,Statewide,6
37743,2023,T4,2,Natural Gas,1999,ICE,Not Applicable,1,Statewide,6
37744,2023,T3,Unknown,Electric,2016,BEV,Unknown,≥4,Statewide,6
37745,2023,T7,8,Electric,2022,BEV,Unknown,≥4,Statewide,6
37746,2023,BT,Not Applicable,Gasoline,2024,ICE,Not Applicable,3,Statewide,6
37747,2023,BT,Not Applicable,Gasoline,2016,ICE,Not Applicable,3,Statewide,6
37748,2023,BT,Not Applicable,Gasoline,2012,ICE,Not Applicable,1,Statewide,6
37749,2023,BT,Not Applicable,Gasoline,2004,ICE,Not Applicable,1,Statewide,6
37750,2023,BT,Not Applicable,Gasoline,2004,ICE,Not Applicable,2,Statewide,6
37751,2023,BT,Not Applicable,Gasoline,1980,ICE,Not Applicable,1,Statewide,6
37752,2023,BS,Not Applicable,Gasoline,2018,ICE,Not Applicable,1,Statewide,6
37753,2023,BS,Not Applicable,Gasoline,2018,ICE,Not Applicable,3,Statewide,6
37754,2023,BS,Not Applicable,Gasoline,2016,ICE,Not Applicable,2,Statewide,6
37755,2023,BS,Not Applicable,Gasoline,2014,ICE,Not Applicable,2,Statewide,6
37756,2023,BS,Not Applicable,Gasoline,2013,ICE,Not Applicable,2,Statewide,6
37757,2023,BS,Not Applicable,Gasoline,2012,ICE,Not Applicable,3,Statewide,6
37758,2023,BS,Not Applicable,Gasoline,2006,ICE,Not Applicable,3,Statewide,6
37759,2023,BS,Not Applicable,Gasoline,2000,ICE,Not Applicable,2,Statewide,6
37760,2023,BS,Not Applicable,Gasoline,1989,ICE,Not Applicable,1,Statewide,6
37761,2023,BS,Not Applicable,Gasoline,1987,ICE,Not Applicable,1,Statewide,6
37762,2023,BS,Not Applicable,Gasoline,1986,ICE,Not Applicable,1,Statewide,6
37763,2023,BS,Not Applicable,Gasoline,1981,ICE,Not Applicable,3,Statewide,6
37764,2023,B,Not Applicable,Gasoline,2001,ICE,Not Applicable,2,Statewide,6
37765,2023,B,Not Applicable,Gasoline,1986,ICE,Not Applicable,1,Statewide,6
37766,2023,B,Not Applicable,Gasoline,1983,ICE,Not Applicable,2,Statewide,6
37767,2023,T6,Unknown,Electric,2024,BEV,Unknown,1,Statewide,6
37768,2023,T6,Unknown,Diesel,1988,ICE,Not Applicable,1,Statewide,6
37769,2023,T4,2,Natural Gas,2008,ICE,Not Applicable,3,Statewide,6
37770,2023,T4,2,Natural Gas,2017,ICE,Not Applicable,2,Statewide,6
37771,2023,T6,5,Diesel,1999,ICE,Not Applicable,2,Statewide,7
37772,2023,T6,Unknown,Diesel,1994,ICE,Not Applicable,1,Statewide,7
37773,2023,T6,5,Diesel,1994,ICE,Not Applicable,3,Statewide,7
37774,2023,T6,Unknown,Diesel,1993,ICE,Not Applicable,1,Statewide,7
37775,2023,T6,6,Diesel,1992,ICE,Not Applicable,2,Statewide,7
37776,2023,T6,6,Diesel,1988,ICE,Not Applicable,1,Statewide,7
37777,2023,T6,6,Diesel,1985,ICE,Not Applicable,≥4,Statewide,7
37778,2023,T6,Unknown,Diesel,1980,ICE,Not Applicable,1,Statewide,7
37779,2023,T6,6,Diesel,1980,ICE,Not Applicable,1,Statewide,7
37780,2023,T6,Unknown,Diesel,2004,ICE,Not Applicable,1,Statewide,7
37781,2023,T5,3,Diesel,1988,ICE,Not Applicable,1,Statewide,7
37782,2023,T4,Unknown,Diesel,1998,ICE,Not Applicable,1,Statewide,7
37783,2023,T4,Unknown,Diesel,1998,ICE,Not Applicable,3,Statewide,7
37784,2023,T4,Unknown,Diesel,1997,ICE,Not Applicable,3,Statewide,7
37785,2023,T4,Unknown,Diesel,1993,ICE,Not Applicable,3,Statewide,7
37786,2023,T3,2,Diesel,2009,ICE,Not Applicable,2,Statewide,7
37787,2023,T3,2,Diesel,2004,ICE,Not Applicable,≥4,Statewide,7
37788,2023,T3,2,Diesel,1996,ICE,Not Applicable,3,Statewide,7
37789,2023,T3,Unknown,Diesel,1994,ICE,Not Applicable,≥4,Statewide,7
37790,2023,T3,2,Diesel,1994,ICE,Not Applicable,1,Statewide,7
37791,2023,T5,3,Diesel,1987,ICE,Not Applicable,≥4,Statewide,7
37792,2023,T6,Unknown,Diesel,2010,ICE,Not Applicable,1,Statewide,7
37793,2023,T6,Unknown,Diesel,2021,ICE,Not Applicable,1,Statewide,7
37794,2023,T7,8,Diesel,1982,ICE,Not Applicable,2,Statewide,7
37795,2023,BT,Not Applicable,Gasoline,1986,ICE,Not Applicable,1,Statewide,7
37796,2023,BS,Not Applicable,Gasoline,2024,ICE,Not Applicable,1,Statewide,7
37797,2023,BS,Not Applicable,Gasoline,2023,ICE,Not Applicable,2,Statewide,7
37798,2023,BS,Not Applicable,Gasoline,2023,ICE,Not Applicable,3,Statewide,7
37799,2023,BS,Not Applicable,Gasoline,2015,ICE,Not Applicable,1,Statewide,7
37800,2023,BS,Not Applicable,Gasoline,2013,ICE,Not Applicable,3,Statewide,7
37801,2023,BS,Not Applicable,Gasoline,2012,ICE,Not Applicable,2,Statewide,7
37802,2023,BS,Not Applicable,Gasoline,1985,ICE,Not Applicable,1,Statewide,7
37803,2023,B,Not Applicable,Gasoline,1993,ICE,Not Applicable,2,Statewide,7
37804,2023,B,Not Applicable,Gasoline,1989,ICE,Not Applicable,1,Statewide,7
37805,2023,B,Not Applicable,Gasoline,1988,ICE,Not Applicable,1,Statewide,7
37806,2023,B,Not Applicable,Gasoline,1983,ICE,Not Applicable,1,Statewide,7
37807,2023,T3,Unknown,Electric,1980,BEV,Unknown,≥4,Statewide,7
37808,2023,T2,1,Electric,2016,BEV,51 to 100 miles,≥4,Statewide,7
37809,2023,P,Not Applicable,Electric,2014,BEV,Unknown,2,Statewide,7
37810,2023,P,Not Applicable,Electric,2008,BEV,Unknown,2,Statewide,7
37811,2023,MC,Not Applicable,Electric,2018,BEV,Unknown,1,Statewide,7
37812,2023,MC,Not Applicable,Electric,2017,BEV,Unknown,3,Statewide,7
37813,2023,MC,Not Applicable,Electric,2011,BEV,Unknown,≥4,Statewide,7
37814,2023,BT,Not Applicable,Electric,2019,BEV,Unknown,≥4,Statewide,7
37815,2023,B,Not Applicable,Electric,2004,BEV,Unknown,≥4,Statewide,7
37816,2023,T3,Unknown,Diesel,1992,ICE,Not Applicable,1,Statewide,7
37817,2023,T3,2,Diesel,1992,ICE,Not Applicable,≥4,Statewide,7
37818,2023,MH,Not Applicable,Diesel,1987,ICE,Not Applicable,3,Statewide,7
37819,2023,MH,Not Applicable,Diesel,1986,ICE,Not Applicable,1,Statewide,7
37820,2023,T6,Unknown,Gasoline,1979,ICE,Not Applicable,≥4,Statewide,8528
37821,2023,P,Not Applicable,Gasoline,2022,PHEV,0 to 50 miles,1,Statewide,8529
37822,2023,P,Not Applicable,Gasoline,1996,ICE,Not Applicable,1,Statewide,8534
37823,2023,T1,1,Gasoline,2008,ICE,Not Applicable,1,Statewide,8544
37824,2023,T1,1,Gasoline,2024,ICE,Not Applicable,≥4,Statewide,8544
37825,2023,P,Not Applicable,Gasoline,1997,ICE,Not Applicable,1,Statewide,8566
37826,2023,P,Not Applicable,Gasoline,2025,ICE,Not Applicable,1,Statewide,8572
37827,2023,T1,1,Gasoline,2012,ICE,Not Applicable,3,Statewide,8597
37828,2023,P,Not Applicable,Gasoline,1997,ICE,Not Applicable,2,Statewide,8598
37829,2023,T1,1,Gasoline,2019,ICE,Not Applicable,≥4,Statewide,8611
37830,2023,P,Not Applicable,Gasoline,1993,ICE,Not Applicable,≥4,Statewide,8619
37831,2023,P,Not Applicable,Gasoline,1996,ICE,Not Applicable,2,Statewide,8716
37832,2023,T3,2,Gasoline,2002,ICE,Not Applicable,2,Statewide,8735
37833,2023,T7,8,Natural Gas,2015,ICE,Not Applicable,2,Statewide,6
37834,2023,T6,Unknown,Natural Gas,2021,ICE,Not Applicable,≥4,Statewide,6
37835,2023,T6,Unknown,Natural Gas,2020,ICE,Not Applicable,≥4,Statewide,6
37836,2023,T6,6,Natural Gas,2019,ICE,Not Applicable,≥4,Statewide,6
37837,2023,T6,Unknown,Natural Gas,2008,ICE,Not Applicable,1,Statewide,6
37838,2023,T6,6,Natural Gas,2007,ICE,Not Applicable,≥4,Statewide,6
37839,2023,T6,Unknown,Natural Gas,2006,ICE,Not Applicable,1,Statewide,6
37840,2023,T4,2,Natural Gas,2018,ICE,Not Applicable,2,Statewide,6
37841,2023,T4,2,Gasoline,2018,ICE,Not Applicable,≥4,Statewide,8487
37842,2023,T4,2,Natural Gas,2017,ICE,Not Applicable,3,Statewide,6
37843,2023,MC,Not Applicable,Gasoline,2012,ICE,Not Applicable,3,Statewide,8473
37844,2023,T1,1,Gasoline,2001,ICE,Not Applicable,2,Statewide,8430
37845,2023,MC,Not Applicable,Diesel,2008,ICE,Not Applicable,≥4,Statewide,7
37846,2023,BT,Not Applicable,Diesel,2023,ICE,Not Applicable,2,Statewide,7
37847,2023,BT,Not Applicable,Diesel,1982,ICE,Not Applicable,≥4,Statewide,7
37848,2023,BS,Not Applicable,Diesel,1991,ICE,Not Applicable,2,Statewide,7
37849,2023,BS,Not Applicable,Diesel,1989,ICE,Not Applicable,1,Statewide,7
37850,2023,BS,Not Applicable,Diesel,1987,ICE,Not Applicable,1,Statewide,7
37851,2023,BS,Not Applicable,Diesel,1985,ICE,Not Applicable,≥4,Statewide,7
37852,2023,B,Not Applicable,Diesel,2014,ICE,Not Applicable,2,Statewide,7
37853,2023,B,Not Applicable,Diesel,2001,ICE,Not Applicable,3,Statewide,7
37854,2023,B,Not Applicable,Diesel,1997,ICE,Not Applicable,3,Statewide,7
37855,2023,B,Not Applicable,Diesel,1991,ICE,Not Applicable,3,Statewide,7
37856,2023,MC,Not Applicable,Gasoline,2023,ICE,Not Applicable,1,Statewide,7933
37857,2023,T7,8,Diesel,2022,ICE,Not Applicable,≥4,Statewide,8057
37858,2023,T2,1,Gasoline,1999,ICE,Not Applicable,≥4,Statewide,8057
37859,2023,T4,2,Gasoline,2011,ICE,Not Applicable,2,Statewide,8108
37860,2023,T4,2,Diesel,2006,ICE,Not Applicable,≥4,Statewide,8209
37861,2023,T1,1,Gasoline,1995,ICE,Not Applicable,≥4,Statewide,8249
37862,2023,T3,2,Gasoline,1979,ICE,Not Applicable,≥4,Statewide,8316
37863,2023,P,Not Applicable,Gasoline,2023,PHEV,0 to 50 miles,≥4,Statewide,8359
37864,2023,T2,Unknown,Gasoline,1979,ICE,Not Applicable,≥4,Statewide,8365
37865,2023,T3,Unknown,Gasoline,1979,ICE,Not Applicable,3,Statewide,8409
37866,2023,T3,2,Gasoline,2002,ICE,Not Applicable,3,Statewide,8461
37867,2023,T6,7,Diesel,1988,ICE,Not Applicable,3,Statewide,6
37868,2023,T6,7,Diesel,1987,ICE,Not Applicable,2,Statewide,6
37869,2023,T6,Unknown,Diesel,1984,ICE,Not Applicable,2,Statewide,6
37870,2023,BT,Not Applicable,Gasoline,2003,ICE,Not Applicable,1,Statewide,5
37871,2023,BT,Not Applicable,Gasoline,1996,ICE,Not Applicable,1,Statewide,5
37872,2023,BT,Not Applicable,Gasoline,1995,ICE,Not Applicable,1,Statewide,5
37873,2023,BT,Not Applicable,Gasoline,1982,ICE,Not Applicable,≥4,Statewide,5
37874,2023,BS,Not Applicable,Gasoline,2025,ICE,Not Applicable,3,Statewide,5
37875,2023,BS,Not Applicable,Gasoline,2024,ICE,Not Applicable,3,Statewide,5
37876,2023,BS,Not Applicable,Gasoline,2018,ICE,Not Applicable,2,Statewide,5
37877,2023,BS,Not Applicable,Gasoline,2017,ICE,Not Applicable,1,Statewide,5
37878,2023,BS,Not Applicable,Gasoline,2012,ICE,Not Applicable,1,Statewide,5
37879,2023,BT,Not Applicable,Gasoline,2006,ICE,Not Applicable,2,Statewide,5
37880,2023,BS,Not Applicable,Gasoline,2008,ICE,Not Applicable,3,Statewide,5
37881,2023,BS,Not Applicable,Gasoline,2003,ICE,Not Applicable,2,Statewide,5
37882,2023,BS,Not Applicable,Gasoline,1991,ICE,Not Applicable,1,Statewide,5
37883,2023,BS,Not Applicable,Gasoline,1990,ICE,Not Applicable,2,Statewide,5
37884,2023,BS,Not Applicable,Gasoline,1983,ICE,Not Applicable,1,Statewide,5
37885,2023,BS,Not Applicable,Gasoline,1982,ICE,Not Applicable,2,Statewide,5
37886,2023,BS,Not Applicable,Gasoline,1982,ICE,Not Applicable,3,Statewide,5
37887,2023,BS,Not Applicable,Gasoline,1980,ICE,Not Applicable,3,Statewide,5
37888,2023,B,Not Applicable,Gasoline,1994,ICE,Not Applicable,2,Statewide,5
37889,2023,B,Not Applicable,Gasoline,1993,ICE,Not Applicable,3,Statewide,5
37890,2023,BS,Not Applicable,Gasoline,2004,ICE,Not Applicable,3,Statewide,5
37891,2023,BT,Not Applicable,Gasoline,2006,ICE,Not Applicable,1,Statewide,5
37892,2023,BT,Not Applicable,Gasoline,2010,ICE,Not Applicable,1,Statewide,5
37893,2023,BT,Not Applicable,Gasoline,2019,ICE,Not Applicable,2,Statewide,5
37894,2023,T6,7,Gasoline,1992,ICE,Not Applicable,2,Statewide,5
37895,2023,T6,7,Gasoline,1988,ICE,Not Applicable,1,Statewide,5
37896,2023,T6,7,Gasoline,1987,ICE,Not Applicable,1,Statewide,5
37897,2023,T6,5,Gasoline,1986,ICE,Not Applicable,3,Statewide,5
37898,2023,T6,6,Gasoline,1985,ICE,Not Applicable,2,Statewide,5
37899,2023,T6,6,Gasoline,1985,ICE,Not Applicable,3,Statewide,5
37900,2023,T6,7,Gasoline,1985,ICE,Not Applicable,2,Statewide,5
37901,2023,T5,3,Gasoline,1985,ICE,Not Applicable,≥4,Statewide,5
37902,2023,T4,Unknown,Gasoline,2004,ICE,Not Applicable,3,Statewide,5
37903,2023,T4,Unknown,Gasoline,2001,ICE,Not Applicable,2,Statewide,5
37904,2023,T4,Unknown,Gasoline,1991,ICE,Not Applicable,2,Statewide,5
37905,2023,T4,Unknown,Gasoline,1990,ICE,Not Applicable,1,Statewide,5
37906,2023,T4,Unknown,Gasoline,1990,ICE,Not Applicable,3,Statewide,5
37907,2023,T4,Unknown,Gasoline,1987,ICE,Not Applicable,2,Statewide,5
37908,2023,T4,Unknown,Gasoline,1986,ICE,Not Applicable,≥4,Statewide,5
37909,2023,T3,Unknown,Gasoline,2023,ICE,Not Applicable,≥4,Statewide,5
37910,2023,T3,Unknown,Gasoline,2010,ICE,Not Applicable,2,Statewide,5
37911,2023,T3,Unknown,Gasoline,2009,ICE,Not Applicable,≥4,Statewide,5
37912,2023,T3,Unknown,Gasoline,2005,ICE,Not Applicable,3,Statewide,5
37913,2023,T2,Unknown,Gasoline,2024,ICE,Not Applicable,2,Statewide,5
37914,2023,T2,Unknown,Gasoline,1980,ICE,Not Applicable,≥4,Statewide,5
37915,2023,B,Not Applicable,Gasoline,1990,ICE,Not Applicable,1,Statewide,5
37916,2023,B,Not Applicable,Gasoline,1989,ICE,Not Applicable,2,Statewide,5
37917,2023,B,Not Applicable,Gasoline,1987,ICE,Not Applicable,1,Statewide,5
37918,2023,B,Not Applicable,Gasoline,1985,ICE,Not Applicable,1,Statewide,5
37919,2023,MC,Not Applicable,Electric,2005,BEV,Unknown,≥4,Statewide,5
37920,2023,BT,Not Applicable,Electric,2015,BEV,Unknown,≥4,Statewide,5
37921,2023,BT,Not Applicable,Electric,2005,BEV,Unknown,≥4,Statewide,5
37922,2023,BS,Not Applicable,Electric,2023,BEV,Unknown,1,Statewide,5
37923,2023,T7,8,Diesel,1988,ICE,Not Applicable,3,Statewide,5
37924,2023,T7,8,Diesel,1983,ICE,Not Applicable,2,Statewide,5
37925,2023,T7,8,Diesel,1981,ICE,Not Applicable,2,Statewide,5
37926,2023,T6,4,Diesel,2025,ICE,Not Applicable,2,Statewide,5
37927,2023,T6,Unknown,Diesel,2017,ICE,Not Applicable,1,Statewide,5
37928,2023,T6,Unknown,Diesel,2012,ICE,Not Applicable,1,Statewide,5
37929,2023,T6,Unknown,Diesel,2009,ICE,Not Applicable,2,Statewide,5
37930,2023,T6,Unknown,Diesel,2001,ICE,Not Applicable,1,Statewide,5
37931,2023,T6,Unknown,Diesel,1996,ICE,Not Applicable,2,Statewide,5
37932,2023,T6,Unknown,Diesel,1995,ICE,Not Applicable,2,Statewide,5
37933,2023,T6,Unknown,Diesel,1992,ICE,Not Applicable,2,Statewide,5
37934,2023,T6,Unknown,Diesel,1991,ICE,Not Applicable,1,Statewide,5
37935,2023,T6,Unknown,Diesel,1990,ICE,Not Applicable,2,Statewide,5
37936,2023,T6,5,Diesel,1989,ICE,Not Applicable,≥4,Statewide,5
37937,2023,T6,Unknown,Diesel,1987,ICE,Not Applicable,2,Statewide,5
37938,2023,T6,Unknown,Diesel,1984,ICE,Not Applicable,3,Statewide,5
37939,2023,T6,7,Diesel,1983,ICE,Not Applicable,3,Statewide,5
37940,2023,MC,Not Applicable,Electric,2014,BEV,Unknown,≥4,Statewide,5
37941,2023,T6,6,Gasoline,1992,ICE,Not Applicable,3,Statewide,5
37942,2023,P,Not Applicable,Electric,1985,BEV,Unknown,≥4,Statewide,5
37943,2023,P,Not Applicable,Electric,2004,BEV,51 to 100 miles,≥4,Statewide,5
37944,2023,B,Not Applicable,Gasoline,1984,ICE,Not Applicable,1,Statewide,5
37945,2023,T6,Unknown,Electric,2023,BEV,Unknown,1,Statewide,5
37946,2023,T6,Unknown,Electric,2016,BEV,Unknown,≥4,Statewide,5
37947,2023,T6,Unknown,Electric,2005,BEV,Unknown,≥4,Statewide,5
37948,2023,T4,Unknown,Electric,2004,BEV,Unknown,≥4,Statewide,5
37949,2023,T4,Unknown,Electric,1999,BEV,Unknown,≥4,Statewide,5
37950,2023,T4,Unknown,Electric,1992,BEV,Unknown,≥4,Statewide,5
37951,2023,T4,Unknown,Electric,1985,BEV,Unknown,≥4,Statewide,5
37952,2023,T3,Unknown,Electric,2021,BEV,Unknown,≥4,Statewide,5
37953,2023,T3,Unknown,Electric,2014,BEV,Unknown,2,Statewide,5
37954,2023,T3,Unknown,Electric,2014,BEV,Unknown,3,Statewide,5
37955,2023,T3,Unknown,Electric,2013,BEV,Unknown,1,Statewide,5
37956,2023,T2,1,Electric,2025,BEV,>150 miles,2,Statewide,5
37957,2023,T1,1,Electric,2004,BEV,Unknown,3,Statewide,5
37958,2023,P,Not Applicable,Electric,2023,BEV,Unknown,≥4,Statewide,5
37959,2023,P,Not Applicable,Electric,2021,BEV,Unknown,2,Statewide,5
37960,2023,P,Not Applicable,Electric,2020,BEV,Unknown,1,Statewide,5
37961,2023,P,Not Applicable,Electric,2019,BEV,Unknown,1,Statewide,5
37962,2023,P,Not Applicable,Electric,2013,BEV,Unknown,3,Statewide,5
37963,2023,P,Not Applicable,Electric,2011,BEV,Unknown,1,Statewide,5
37964,2023,P,Not Applicable,Electric,2010,BEV,Unknown,≥4,Statewide,5
37965,2023,P,Not Applicable,Electric,1998,BEV,Unknown,≥4,Statewide,5
37966,2023,T6,7,Gasoline,1993,ICE,Not Applicable,3,Statewide,5
37967,2023,T6,5,Gasoline,1996,ICE,Not Applicable,1,Statewide,5
37968,2023,T6,5,Gasoline,1999,ICE,Not Applicable,1,Statewide,5
37969,2023,MH,Not Applicable,Diesel,1983,ICE,Not Applicable,3,Statewide,6
37970,2023,MH,Not Applicable,Diesel,1981,ICE,Not Applicable,≥4,Statewide,6
37971,2023,MC,Not Applicable,Diesel,2013,ICE,Not Applicable,≥4,Statewide,6
37972,2023,MC,Not Applicable,Diesel,2006,ICE,Not Applicable,3,Statewide,6
37973,2023,BT,Not Applicable,Diesel,2020,ICE,Not Applicable,2,Statewide,6
37974,2023,BT,Not Applicable,Diesel,2020,ICE,Not Applicable,3,Statewide,6
37975,2023,BT,Not Applicable,Diesel,2009,ICE,Not Applicable,1,Statewide,6
37976,2023,BT,Not Applicable,Diesel,2001,ICE,Not Applicable,3,Statewide,6
37977,2023,BS,Not Applicable,Diesel,1994,ICE,Not Applicable,3,Statewide,6
37978,2023,BS,Not Applicable,Diesel,1992,ICE,Not Applicable,3,Statewide,6
37979,2023,BS,Not Applicable,Diesel,1990,ICE,Not Applicable,2,Statewide,6
37980,2023,BS,Not Applicable,Diesel,1983,ICE,Not Applicable,1,Statewide,6
37981,2023,B,Not Applicable,Diesel,1992,ICE,Not Applicable,3,Statewide,6
37982,2023,B,Not Applicable,Diesel,1983,ICE,Not Applicable,≥4,Statewide,6
37983,2023,T1,1,Gasoline,2022,ICE,Not Applicable,≥4,Statewide,8815
37984,2023,P,Not Applicable,Gasoline,1998,ICE,Not Applicable,3,Statewide,8820
37985,2023,T4,2,Diesel,2007,ICE,Not Applicable,≥4,Statewide,8959
37986,2023,P,Not Applicable,Gasoline,2022,PHEV,0 to 50 miles,2,Statewide,9054
37987,2023,T7,8,Diesel,2023,ICE,Not Applicable,≥4,Statewide,9110
37988,2023,P,Not Applicable,Gasoline,1992,ICE,Not Applicable,≥4,Statewide,9121
37989,2023,MC,Not Applicable,Gasoline,2005,ICE,Not Applicable,≥4,Statewide,9285
37990,2023,P,Not Applicable,Diesel,2024,ICE,Not Applicable,1,Statewide,6
37991,2023,T3,2,Gasoline,2003,ICE,Not Applicable,1,Statewide,9321
37992,2023,T1,1,Diesel,1992,ICE,Not Applicable,≥4,Statewide,6
37993,2023,T2,1,Diesel,1983,ICE,Not Applicable,1,Statewide,6
37994,2023,T6,Unknown,Diesel,1983,ICE,Not Applicable,1,Statewide,6
37995,2023,T5,3,Diesel,1989,ICE,Not Applicable,2,Statewide,6
37996,2023,T4,Unknown,Diesel,2004,ICE,Not Applicable,1,Statewide,6
37997,2023,T4,Unknown,Diesel,1989,ICE,Not Applicable,1,Statewide,6
37998,2023,T4,Unknown,Diesel,1989,ICE,Not Applicable,2,Statewide,6
37999,2023,T4,Unknown,Diesel,1987,ICE,Not Applicable,2,Statewide,6
38000,2023,T4,Unknown,Diesel,1985,ICE,Not Applicable,2,Statewide,6
38001,2023,T3,2,Diesel,2009,ICE,Not Applicable,1,Statewide,6
38002,2023,T3,2,Diesel,2001,ICE,Not Applicable,2,Statewide,6
38003,2023,T3,2,Diesel,2001,ICE,Not Applicable,3,Statewide,6
38004,2023,T3,2,Diesel,1998,ICE,Not Applicable,1,Statewide,6
38005,2023,T3,Unknown,Diesel,1996,ICE,Not Applicable,≥4,Statewide,6
38006,2023,T3,2,Diesel,1995,ICE,Not Applicable,2,Statewide,6
38007,2023,T3,2,Diesel,1995,ICE,Not Applicable,3,Statewide,6
38008,2023,T3,2,Diesel,1994,ICE,Not Applicable,2,Statewide,6
38009,2023,T3,Unknown,Diesel,1993,ICE,Not Applicable,≥4,Statewide,6
38010,2023,T3,Unknown,Diesel,1991,ICE,Not Applicable,3,Statewide,6
38011,2023,T3,Unknown,Diesel,1985,ICE,Not Applicable,≥4,Statewide,6
38012,2023,T2,1,Diesel,1989,ICE,Not Applicable,2,Statewide,6
38013,2023,T2,1,Diesel,1989,ICE,Not Applicable,3,Statewide,6
38014,2023,T2,1,Diesel,1986,ICE,Not Applicable,3,Statewide,6
38015,2023,T2,1,Diesel,1983,ICE,Not Applicable,2,Statewide,6
38016,2023,T6,6,Diesel,1979,ICE,Not Applicable,2,Statewide,5
38017,2023,T1,1,Gasoline,2002,ICE,Not Applicable,1,Statewide,9427
38018,2023,T1,1,Gasoline,2017,ICE,Not Applicable,≥4,Statewide,9515
38019,2023,P,Not Applicable,Hydrogen,2020,FCEV,>150 miles,≥4,Statewide,5
38020,2023,T7,8,Gasoline,2016,ICE,Not Applicable,≥4,Statewide,5
38021,2023,T7,8,Gasoline,2009,ICE,Not Applicable,≥4,Statewide,5
38022,2023,T7,8,Gasoline,1998,ICE,Not Applicable,≥4,Statewide,5
38023,2023,T7,8,Gasoline,1990,ICE,Not Applicable,1,Statewide,5
38024,2023,T7,8,Gasoline,1988,ICE,Not Applicable,≥4,Statewide,5
38025,2023,T7,8,Gasoline,1982,ICE,Not Applicable,1,Statewide,5
38026,2023,T6,Unknown,Gasoline,2022,ICE,Not Applicable,2,Statewide,5
38027,2023,T6,Unknown,Gasoline,2021,ICE,Not Applicable,1,Statewide,5
38028,2023,T6,Unknown,Gasoline,2019,ICE,Not Applicable,2,Statewide,5
38029,2023,T6,6,Gasoline,2018,ICE,Not Applicable,2,Statewide,5
38030,2023,T6,Unknown,Gasoline,2016,ICE,Not Applicable,1,Statewide,5
38031,2023,T6,4,Gasoline,2015,ICE,Not Applicable,3,Statewide,5
38032,2023,T6,5,Gasoline,2015,ICE,Not Applicable,2,Statewide,5
38033,2023,T6,6,Gasoline,2014,ICE,Not Applicable,2,Statewide,5
38034,2023,T6,7,Gasoline,2011,ICE,Not Applicable,3,Statewide,5
38035,2023,T6,Unknown,Gasoline,2007,ICE,Not Applicable,2,Statewide,5
38036,2023,T6,7,Gasoline,2007,ICE,Not Applicable,2,Statewide,5
38037,2023,T6,7,Gasoline,2005,ICE,Not Applicable,3,Statewide,5
38038,2023,T6,5,Gasoline,2001,ICE,Not Applicable,≥4,Statewide,5
38039,2023,T6,7,Gasoline,2001,ICE,Not Applicable,1,Statewide,5
38040,2023,B,Not Applicable,Natural Gas,2007,ICE,Not Applicable,3,Statewide,5
38041,2023,T1,1,Gasoline,2011,ICE,Not Applicable,1,Statewide,9443
38042,2023,BS,Not Applicable,Natural Gas,2002,ICE,Not Applicable,2,Statewide,5
38043,2023,BS,Not Applicable,Natural Gas,2019,ICE,Not Applicable,1,Statewide,5
38044,2023,T1,1,Gasoline,1997,ICE,Not Applicable,≥4,Statewide,9517
38045,2023,T1,1,Gasoline,2011,ICE,Not Applicable,2,Statewide,9521
38046,2023,T1,1,Gasoline,2008,ICE,Not Applicable,2,Statewide,9546
38047,2023,T1,1,Gasoline,2024,ICE,Not Applicable,1,Statewide,9640
38048,2023,P,Not Applicable,Gasoline,2023,PHEV,0 to 50 miles,1,Statewide,9817
38049,2023,T4,2,Gasoline,2004,ICE,Not Applicable,≥4,Statewide,9861
38050,2023,T4,2,Diesel,2023,ICE,Not Applicable,≥4,Statewide,9885
38051,2023,T7,8,Natural Gas,2010,ICE,Not Applicable,2,Statewide,5
38052,2023,T6,4,Natural Gas,2023,ICE,Not Applicable,≥4,Statewide,5
38053,2023,T6,6,Natural Gas,2020,ICE,Not Applicable,≥4,Statewide,5
38054,2023,T6,4,Natural Gas,2019,ICE,Not Applicable,≥4,Statewide,5
38055,2023,T6,6,Natural Gas,2018,ICE,Not Applicable,≥4,Statewide,5
38056,2023,T4,2,Natural Gas,2017,ICE,Not Applicable,1,Statewide,5
38057,2023,T4,2,Natural Gas,2016,ICE,Not Applicable,≥4,Statewide,5
38058,2023,T4,2,Natural Gas,2007,ICE,Not Applicable,3,Statewide,5
38059,2023,T4,2,Natural Gas,2003,ICE,Not Applicable,1,Statewide,5
38060,2023,T3,2,Natural Gas,2001,ICE,Not Applicable,3,Statewide,5
38061,2023,T1,1,Natural Gas,2000,ICE,Not Applicable,≥4,Statewide,5
38062,2023,P,Not Applicable,Natural Gas,2001,ICE,Not Applicable,1,Statewide,5
38063,2023,P,Not Applicable,Natural Gas,1979,ICE,Not Applicable,1,Statewide,5
38064,2023,BT,Not Applicable,Natural Gas,2010,ICE,Not Applicable,1,Statewide,5
38065,2023,BS,Not Applicable,Natural Gas,2018,ICE,Not Applicable,1,Statewide,5
38066,2023,BT,Not Applicable,Gasoline,1992,ICE,Not Applicable,≥4,Statewide,7
38067,2023,T4,2,Natural Gas,2020,ICE,Not Applicable,1,Statewide,3
38068,2023,T4,2,Natural Gas,2004,ICE,Not Applicable,2,Statewide,3
38069,2023,T6,5,Gasoline,1992,ICE,Not Applicable,2,Statewide,2
38070,2023,T6,Unknown,Gasoline,1991,ICE,Not Applicable,3,Statewide,2
38071,2023,T6,7,Gasoline,1991,ICE,Not Applicable,2,Statewide,2
38072,2023,T6,Unknown,Gasoline,1990,ICE,Not Applicable,1,Statewide,2
38073,2023,T6,4,Gasoline,1990,ICE,Not Applicable,3,Statewide,2
38074,2023,T6,5,Gasoline,1989,ICE,Not Applicable,1,Statewide,2
38075,2023,T6,5,Gasoline,1989,ICE,Not Applicable,3,Statewide,2
38076,2023,T6,4,Gasoline,1988,ICE,Not Applicable,≥4,Statewide,2
38077,2023,T6,6,Gasoline,1988,ICE,Not Applicable,2,Statewide,2
38078,2023,T6,4,Gasoline,1992,ICE,Not Applicable,2,Statewide,2
38079,2023,T6,7,Gasoline,1988,ICE,Not Applicable,3,Statewide,2
38080,2023,T6,5,Gasoline,1987,ICE,Not Applicable,3,Statewide,2
38081,2023,T6,7,Gasoline,1987,ICE,Not Applicable,2,Statewide,2
38082,2023,T6,7,Gasoline,1987,ICE,Not Applicable,3,Statewide,2
38083,2023,T6,5,Gasoline,1986,ICE,Not Applicable,2,Statewide,2
38084,2023,T6,7,Gasoline,1986,ICE,Not Applicable,3,Statewide,2
38085,2023,T6,Unknown,Gasoline,1985,ICE,Not Applicable,3,Statewide,2
38086,2023,T6,5,Gasoline,1984,ICE,Not Applicable,1,Statewide,2
38087,2023,T6,7,Gasoline,1984,ICE,Not Applicable,3,Statewide,2
38088,2023,T6,5,Gasoline,1983,ICE,Not Applicable,2,Statewide,2
38089,2023,T6,5,Gasoline,1987,ICE,Not Applicable,1,Statewide,2
38090,2023,T6,5,Gasoline,1993,ICE,Not Applicable,3,Statewide,2
38091,2023,T6,5,Gasoline,1993,ICE,Not Applicable,2,Statewide,2
38092,2023,T6,7,Gasoline,1994,ICE,Not Applicable,2,Statewide,2
38093,2023,T6,Unknown,Gasoline,2014,ICE,Not Applicable,2,Statewide,2
38094,2023,T6,7,Gasoline,2014,ICE,Not Applicable,3,Statewide,2
38095,2023,T6,6,Gasoline,2013,ICE,Not Applicable,2,Statewide,2
38096,2023,T6,Unknown,Gasoline,2012,ICE,Not Applicable,3,Statewide,2
38097,2023,T6,6,Gasoline,2012,ICE,Not Applicable,3,Statewide,2
38098,2023,T6,7,Gasoline,2012,ICE,Not Applicable,1,Statewide,2
38099,2023,T6,Unknown,Gasoline,2010,ICE,Not Applicable,1,Statewide,2
38100,2023,T6,Unknown,Gasoline,2010,ICE,Not Applicable,3,Statewide,2
38101,2023,T6,Unknown,Gasoline,2009,ICE,Not Applicable,3,Statewide,2
38102,2023,T6,Unknown,Gasoline,2008,ICE,Not Applicable,2,Statewide,2
38103,2023,T6,6,Gasoline,2008,ICE,Not Applicable,3,Statewide,2
38104,2023,T6,7,Gasoline,2006,ICE,Not Applicable,3,Statewide,2
38105,2023,T6,Unknown,Gasoline,2005,ICE,Not Applicable,3,Statewide,2
38106,2023,T6,Unknown,Gasoline,2002,ICE,Not Applicable,≥4,Statewide,2
38107,2023,T6,5,Gasoline,2001,ICE,Not Applicable,3,Statewide,2
38108,2023,T6,Unknown,Gasoline,2000,ICE,Not Applicable,≥4,Statewide,2
38109,2023,T6,7,Gasoline,2000,ICE,Not Applicable,3,Statewide,2
38110,2023,T6,5,Gasoline,1998,ICE,Not Applicable,3,Statewide,2
38111,2023,T6,5,Gasoline,1997,ICE,Not Applicable,≥4,Statewide,2
38112,2023,T6,Unknown,Gasoline,1996,ICE,Not Applicable,1,Statewide,2
38113,2023,T6,5,Gasoline,1996,ICE,Not Applicable,3,Statewide,2
38114,2023,T6,5,Gasoline,1983,ICE,Not Applicable,3,Statewide,2
38115,2023,T6,5,Gasoline,1982,ICE,Not Applicable,3,Statewide,2
38116,2023,T6,7,Gasoline,1982,ICE,Not Applicable,3,Statewide,2
38117,2023,T6,5,Gasoline,1980,ICE,Not Applicable,2,Statewide,2
38118,2023,T3,Unknown,Gasoline,2020,ICE,Not Applicable,1,Statewide,2
38119,2023,T3,Unknown,Gasoline,2020,ICE,Not Applicable,3,Statewide,2
38120,2023,T3,Unknown,Gasoline,2017,ICE,Not Applicable,3,Statewide,2
38121,2023,T3,Unknown,Gasoline,2016,ICE,Not Applicable,1,Statewide,2
38122,2023,T3,Unknown,Gasoline,2016,ICE,Not Applicable,2,Statewide,2
38123,2023,T3,Unknown,Gasoline,2013,ICE,Not Applicable,2,Statewide,2
38124,2023,T3,Unknown,Gasoline,2012,ICE,Not Applicable,≥4,Statewide,2
38125,2023,T3,Unknown,Gasoline,2011,ICE,Not Applicable,1,Statewide,2
38126,2023,T3,Unknown,Gasoline,2011,ICE,Not Applicable,2,Statewide,2
38127,2023,T3,Unknown,Gasoline,2009,ICE,Not Applicable,3,Statewide,2
38128,2023,T3,Unknown,Gasoline,2007,ICE,Not Applicable,1,Statewide,2
38129,2023,T3,Unknown,Gasoline,2006,ICE,Not Applicable,2,Statewide,2
38130,2023,T3,Unknown,Gasoline,2004,ICE,Not Applicable,2,Statewide,2
38131,2023,T3,Unknown,Gasoline,1999,ICE,Not Applicable,≥4,Statewide,2
38132,2023,T3,Unknown,Gasoline,1998,ICE,Not Applicable,1,Statewide,2
38133,2023,T3,Unknown,Gasoline,1994,ICE,Not Applicable,≥4,Statewide,2
38134,2023,T3,Unknown,Gasoline,1991,ICE,Not Applicable,≥4,Statewide,2
38135,2023,T3,Unknown,Gasoline,1990,ICE,Not Applicable,3,Statewide,2
38136,2023,T2,1,Gasoline,2025,PHEV,0 to 50 miles,1,Statewide,2
38137,2023,T2,Unknown,Gasoline,2017,ICE,Not Applicable,1,Statewide,2
38138,2023,T2,Unknown,Gasoline,2017,ICE,Not Applicable,≥4,Statewide,2
38139,2023,T3,Unknown,Gasoline,2021,ICE,Not Applicable,3,Statewide,2
38140,2023,T6,Unknown,Gasoline,2015,ICE,Not Applicable,2,Statewide,2
38141,2023,T3,Unknown,Gasoline,2022,ICE,Not Applicable,3,Statewide,2
38142,2023,T3,Unknown,Gasoline,2024,ICE,Not Applicable,1,Statewide,2
38143,2023,T6,7,Gasoline,1980,ICE,Not Applicable,2,Statewide,2
38144,2023,T6,7,Gasoline,1980,ICE,Not Applicable,3,Statewide,2
38145,2023,T5,3,Gasoline,1984,ICE,Not Applicable,3,Statewide,2
38146,2023,T5,3,Gasoline,1983,ICE,Not Applicable,1,Statewide,2
38147,2023,T5,3,Gasoline,1982,ICE,Not Applicable,3,Statewide,2
38148,2023,T5,3,Gasoline,1979,ICE,Not Applicable,3,Statewide,2
38149,2023,T4,Unknown,Gasoline,2019,ICE,Not Applicable,1,Statewide,2
38150,2023,T4,Unknown,Gasoline,2019,ICE,Not Applicable,3,Statewide,2
38151,2023,T4,Unknown,Gasoline,2016,ICE,Not Applicable,≥4,Statewide,2
38152,2023,T4,Unknown,Gasoline,2013,ICE,Not Applicable,≥4,Statewide,2
38153,2023,T4,Unknown,Gasoline,2009,ICE,Not Applicable,2,Statewide,2
38154,2023,T4,Unknown,Gasoline,2005,ICE,Not Applicable,1,Statewide,2
38155,2023,T4,Unknown,Gasoline,2000,ICE,Not Applicable,2,Statewide,2
38156,2023,T4,Unknown,Gasoline,1996,ICE,Not Applicable,2,Statewide,2
38157,2023,T4,Unknown,Gasoline,1996,ICE,Not Applicable,3,Statewide,2
38158,2023,T4,Unknown,Gasoline,1995,ICE,Not Applicable,3,Statewide,2
38159,2023,T4,Unknown,Gasoline,1984,ICE,Not Applicable,1,Statewide,2
38160,2023,T4,Unknown,Gasoline,1984,ICE,Not Applicable,2,Statewide,2
38161,2023,T4,Unknown,Gasoline,1981,ICE,Not Applicable,1,Statewide,2
38162,2023,T4,Unknown,Gasoline,1981,ICE,Not Applicable,2,Statewide,2
38163,2023,T4,Unknown,Gasoline,1980,ICE,Not Applicable,1,Statewide,2
38164,2023,T3,Unknown,Gasoline,2022,ICE,Not Applicable,1,Statewide,2
38165,2023,T2,Unknown,Gasoline,2016,ICE,Not Applicable,1,Statewide,2
38166,2023,T6,6,Gasoline,2016,ICE,Not Applicable,2,Statewide,2
38167,2023,T6,Unknown,Gasoline,2016,ICE,Not Applicable,3,Statewide,2
38168,2023,T3,2,Natural Gas,2015,ICE,Not Applicable,≥4,Statewide,2
38169,2023,T3,2,Natural Gas,2001,ICE,Not Applicable,2,Statewide,2
38170,2023,T3,2,Natural Gas,2000,ICE,Not Applicable,3,Statewide,2
38171,2023,T3,2,Natural Gas,1999,ICE,Not Applicable,1,Statewide,2
38172,2023,T3,Unknown,Natural Gas,1979,ICE,Not Applicable,2,Statewide,2
38173,2023,T1,1,Natural Gas,1999,ICE,Not Applicable,3,Statewide,2
38174,2023,T1,Unknown,Natural Gas,1979,ICE,Not Applicable,≥4,Statewide,2
38175,2023,P,Not Applicable,Natural Gas,2002,ICE,Not Applicable,3,Statewide,2
38176,2023,MC,Not Applicable,Natural Gas,2022,ICE,Not Applicable,≥4,Statewide,2
38177,2023,T3,2,Natural Gas,2019,ICE,Not Applicable,3,Statewide,2
38178,2023,MC,Not Applicable,Natural Gas,2008,ICE,Not Applicable,≥4,Statewide,2
38179,2023,BT,Not Applicable,Natural Gas,2024,ICE,Not Applicable,1,Statewide,2
38180,2023,BT,Not Applicable,Natural Gas,2023,ICE,Not Applicable,1,Statewide,2
38181,2023,BT,Not Applicable,Natural Gas,2022,ICE,Not Applicable,1,Statewide,2
38182,2023,BT,Not Applicable,Natural Gas,2021,ICE,Not Applicable,3,Statewide,2
38183,2023,BT,Not Applicable,Natural Gas,2019,ICE,Not Applicable,1,Statewide,2
38184,2023,BT,Not Applicable,Natural Gas,2018,ICE,Not Applicable,2,Statewide,2
38185,2023,BT,Not Applicable,Natural Gas,2017,ICE,Not Applicable,2,Statewide,2
38186,2023,BT,Not Applicable,Natural Gas,2015,ICE,Not Applicable,2,Statewide,2
38187,2023,BT,Not Applicable,Natural Gas,2013,ICE,Not Applicable,2,Statewide,2
38188,2023,MC,Not Applicable,Natural Gas,1979,ICE,Not Applicable,1,Statewide,2
38189,2023,T3,2,Natural Gas,2019,ICE,Not Applicable,1,Statewide,2
38190,2023,T3,2,Natural Gas,2020,ICE,Not Applicable,3,Statewide,2
38191,2023,T4,Unknown,Natural Gas,1995,ICE,Not Applicable,≥4,Statewide,2
38192,2023,T6,6,Natural Gas,2018,ICE,Not Applicable,1,Statewide,2
38193,2023,T6,4,Natural Gas,2017,ICE,Not Applicable,1,Statewide,2
38194,2023,T6,4,Natural Gas,2017,ICE,Not Applicable,3,Statewide,2
38195,2023,T6,5,Natural Gas,2015,ICE,Not Applicable,≥4,Statewide,2
38196,2023,T6,6,Natural Gas,2015,ICE,Not Applicable,1,Statewide,2
38197,2023,T6,5,Natural Gas,2014,ICE,Not Applicable,≥4,Statewide,2
38198,2023,T6,6,Natural Gas,2014,ICE,Not Applicable,2,Statewide,2
38199,2023,T6,4,Natural Gas,2008,ICE,Not Applicable,2,Statewide,2
38200,2023,T6,4,Natural Gas,2007,ICE,Not Applicable,≥4,Statewide,2
38201,2023,T6,7,Natural Gas,2007,ICE,Not Applicable,2,Statewide,2
38202,2023,T6,4,Natural Gas,2006,ICE,Not Applicable,3,Statewide,2
38203,2023,T6,6,Natural Gas,2006,ICE,Not Applicable,≥4,Statewide,2
38204,2023,T6,7,Natural Gas,2006,ICE,Not Applicable,≥4,Statewide,2
38205,2023,T6,6,Natural Gas,2004,ICE,Not Applicable,≥4,Statewide,2
38206,2023,T6,5,Natural Gas,2003,ICE,Not Applicable,≥4,Statewide,2
38207,2023,T5,3,Natural Gas,2024,ICE,Not Applicable,1,Statewide,2
38208,2023,T4,2,Natural Gas,2023,ICE,Not Applicable,3,Statewide,2
38209,2023,T4,Unknown,Natural Gas,2017,ICE,Not Applicable,2,Statewide,2
38210,2023,T4,2,Natural Gas,2000,ICE,Not Applicable,1,Statewide,2
38211,2023,T4,2,Natural Gas,1999,ICE,Not Applicable,3,Statewide,2
38212,2023,T4,2,Natural Gas,1998,ICE,Not Applicable,2,Statewide,2
38213,2023,BT,Not Applicable,Natural Gas,2012,ICE,Not Applicable,2,Statewide,2
38214,2023,BT,Not Applicable,Natural Gas,2010,ICE,Not Applicable,2,Statewide,2
38215,2023,BT,Not Applicable,Natural Gas,2008,ICE,Not Applicable,2,Statewide,2
38216,2023,BT,Not Applicable,Natural Gas,2008,ICE,Not Applicable,3,Statewide,2
38217,2023,P,Not Applicable,Hydrogen,2017,FCEV,>150 miles,≥4,Statewide,2
38218,2023,T7,8,Gasoline,2020,ICE,Not Applicable,≥4,Statewide,2
38219,2023,T7,8,Gasoline,2015,ICE,Not Applicable,≥4,Statewide,2
38220,2023,T7,8,Gasoline,2013,ICE,Not Applicable,3,Statewide,2
38221,2023,T7,8,Gasoline,1999,ICE,Not Applicable,≥4,Statewide,2
38222,2023,T7,8,Gasoline,1996,ICE,Not Applicable,1,Statewide,2
38223,2023,T7,8,Gasoline,1994,ICE,Not Applicable,1,Statewide,2
38224,2023,T7,8,Gasoline,1988,ICE,Not Applicable,2,Statewide,2
38225,2023,T7,8,Gasoline,1987,ICE,Not Applicable,2,Statewide,2
38226,2023,T7,8,Gasoline,1987,ICE,Not Applicable,3,Statewide,2
38227,2023,T7,8,Gasoline,1986,ICE,Not Applicable,2,Statewide,2
38228,2023,T7,8,Gasoline,1985,ICE,Not Applicable,2,Statewide,2
38229,2023,T7,8,Gasoline,1982,ICE,Not Applicable,2,Statewide,2
38230,2023,T7,8,Gasoline,1982,ICE,Not Applicable,3,Statewide,2
38231,2023,T7,8,Gasoline,1981,ICE,Not Applicable,3,Statewide,2
38232,2023,T6,7,Gasoline,2023,ICE,Not Applicable,1,Statewide,2
38233,2023,T6,7,Gasoline,2023,ICE,Not Applicable,2,Statewide,2
38234,2023,T6,Unknown,Gasoline,2021,ICE,Not Applicable,2,Statewide,2
38235,2023,T6,7,Gasoline,2021,ICE,Not Applicable,1,Statewide,2
38236,2023,T6,6,Gasoline,2019,ICE,Not Applicable,3,Statewide,2
38237,2023,T6,6,Gasoline,2018,ICE,Not Applicable,3,Statewide,2
38238,2023,B,Not Applicable,Natural Gas,1997,ICE,Not Applicable,≥4,Statewide,2
38239,2023,T6,6,Gasoline,2016,ICE,Not Applicable,1,Statewide,2
38240,2023,B,Not Applicable,Natural Gas,1999,ICE,Not Applicable,≥4,Statewide,2
38241,2023,B,Not Applicable,Natural Gas,2001,ICE,Not Applicable,≥4,Statewide,2
38242,2023,BT,Not Applicable,Natural Gas,2007,ICE,Not Applicable,2,Statewide,2
38243,2023,BT,Not Applicable,Natural Gas,2005,ICE,Not Applicable,1,Statewide,2
38244,2023,BT,Not Applicable,Natural Gas,2004,ICE,Not Applicable,2,Statewide,2
38245,2023,BS,Not Applicable,Natural Gas,2023,ICE,Not Applicable,1,Statewide,2
38246,2023,BS,Not Applicable,Natural Gas,2022,ICE,Not Applicable,3,Statewide,2
38247,2023,BS,Not Applicable,Natural Gas,2021,ICE,Not Applicable,2,Statewide,2
38248,2023,BS,Not Applicable,Natural Gas,2020,ICE,Not Applicable,2,Statewide,2
38249,2023,BS,Not Applicable,Natural Gas,2019,ICE,Not Applicable,3,Statewide,2
38250,2023,BS,Not Applicable,Natural Gas,2017,ICE,Not Applicable,1,Statewide,2
38251,2023,BS,Not Applicable,Natural Gas,2016,ICE,Not Applicable,2,Statewide,2
38252,2023,BS,Not Applicable,Natural Gas,2011,ICE,Not Applicable,1,Statewide,2
38253,2023,BS,Not Applicable,Natural Gas,2010,ICE,Not Applicable,1,Statewide,2
38254,2023,BS,Not Applicable,Natural Gas,2004,ICE,Not Applicable,2,Statewide,2
38255,2023,BS,Not Applicable,Natural Gas,2002,ICE,Not Applicable,3,Statewide,2
38256,2023,B,Not Applicable,Natural Gas,2018,ICE,Not Applicable,3,Statewide,2
38257,2023,B,Not Applicable,Natural Gas,2015,ICE,Not Applicable,2,Statewide,2
38258,2023,B,Not Applicable,Natural Gas,2010,ICE,Not Applicable,1,Statewide,2
38259,2023,B,Not Applicable,Natural Gas,2009,ICE,Not Applicable,1,Statewide,2
38260,2023,B,Not Applicable,Natural Gas,2009,ICE,Not Applicable,2,Statewide,2
38261,2023,B,Not Applicable,Natural Gas,2005,ICE,Not Applicable,1,Statewide,2
38262,2023,B,Not Applicable,Natural Gas,2003,ICE,Not Applicable,1,Statewide,2
38263,2023,B,Not Applicable,Natural Gas,2000,ICE,Not Applicable,≥4,Statewide,2
38264,2023,T2,Unknown,Gasoline,2009,ICE,Not Applicable,≥4,Statewide,2
38265,2023,T2,Unknown,Gasoline,2007,ICE,Not Applicable,2,Statewide,2
38266,2023,T2,Unknown,Gasoline,2002,ICE,Not Applicable,≥4,Statewide,2
38267,2023,T6,Unknown,Diesel,2016,ICE,Not Applicable,2,Statewide,2
38268,2023,T6,Unknown,Diesel,2015,ICE,Not Applicable,3,Statewide,2
38269,2023,T6,Unknown,Diesel,2011,ICE,Not Applicable,2,Statewide,2
38270,2023,T6,Unknown,Diesel,2010,ICE,Not Applicable,3,Statewide,2
38271,2023,T6,Unknown,Diesel,2007,ICE,Not Applicable,2,Statewide,2
38272,2023,T6,Unknown,Diesel,2005,ICE,Not Applicable,3,Statewide,2
38273,2023,T6,Unknown,Diesel,2002,ICE,Not Applicable,1,Statewide,2
38274,2023,T6,Unknown,Diesel,2001,ICE,Not Applicable,3,Statewide,2
38275,2023,T6,Unknown,Diesel,1996,ICE,Not Applicable,3,Statewide,2
38276,2023,T6,Unknown,Diesel,2016,ICE,Not Applicable,1,Statewide,2
38277,2023,T6,Unknown,Diesel,1995,ICE,Not Applicable,3,Statewide,2
38278,2023,T6,Unknown,Diesel,1993,ICE,Not Applicable,3,Statewide,2
38279,2023,T6,4,Diesel,1992,ICE,Not Applicable,2,Statewide,2
38280,2023,T6,4,Diesel,1991,ICE,Not Applicable,1,Statewide,2
38281,2023,T6,4,Diesel,1991,ICE,Not Applicable,3,Statewide,2
38282,2023,T6,5,Diesel,1991,ICE,Not Applicable,1,Statewide,2
38283,2023,T6,Unknown,Diesel,1990,ICE,Not Applicable,3,Statewide,2
38284,2023,T6,5,Diesel,1990,ICE,Not Applicable,3,Statewide,2
38285,2023,T6,Unknown,Diesel,1989,ICE,Not Applicable,1,Statewide,2
38286,2023,T6,6,Diesel,1987,ICE,Not Applicable,2,Statewide,2
38287,2023,T6,Unknown,Diesel,1993,ICE,Not Applicable,2,Statewide,2
38288,2023,T6,Unknown,Diesel,2017,ICE,Not Applicable,3,Statewide,2
38289,2023,T6,Unknown,Diesel,2018,ICE,Not Applicable,1,Statewide,2
38290,2023,T6,Unknown,Diesel,2020,ICE,Not Applicable,2,Statewide,2
38291,2023,MC,Not Applicable,Electric,2015,BEV,Unknown,3,Statewide,2
38292,2023,MC,Not Applicable,Electric,2014,BEV,Unknown,3,Statewide,2
38293,2023,MC,Not Applicable,Electric,2012,BEV,Unknown,2,Statewide,2
38294,2023,MC,Not Applicable,Electric,2006,BEV,Unknown,≥4,Statewide,2
38295,2023,MC,Not Applicable,Electric,2005,BEV,Unknown,1,Statewide,2
38296,2023,MC,Not Applicable,Electric,2005,BEV,Unknown,2,Statewide,2
38297,2023,MC,Not Applicable,Electric,1998,BEV,Unknown,1,Statewide,2
38298,2023,MC,Not Applicable,Electric,1992,BEV,Unknown,≥4,Statewide,2
38299,2023,BT,Not Applicable,Electric,2022,BEV,Unknown,1,Statewide,2
38300,2023,BT,Not Applicable,Electric,2017,BEV,Unknown,≥4,Statewide,2
38301,2023,BT,Not Applicable,Electric,2016,BEV,Unknown,≥4,Statewide,2
38302,2023,BT,Not Applicable,Electric,2007,BEV,Unknown,≥4,Statewide,2
38303,2023,BT,Not Applicable,Electric,2004,BEV,Unknown,≥4,Statewide,2
38304,2023,BS,Not Applicable,Electric,2023,BEV,Unknown,2,Statewide,2
38305,2023,BS,Not Applicable,Electric,2021,BEV,Unknown,1,Statewide,2
38306,2023,B,Not Applicable,Electric,2016,BEV,Unknown,≥4,Statewide,2
38307,2023,B,Not Applicable,Electric,2004,BEV,Unknown,1,Statewide,2
38308,2023,B,Not Applicable,Electric,1998,BEV,Unknown,2,Statewide,2
38309,2023,T6,Unknown,Diesel,2025,ICE,Not Applicable,≥4,Statewide,2
38310,2023,T6,Unknown,Diesel,2024,ICE,Not Applicable,2,Statewide,2
38311,2023,T6,Unknown,Diesel,2022,ICE,Not Applicable,2,Statewide,2
38312,2023,T6,6,Diesel,1986,ICE,Not Applicable,2,Statewide,2
38313,2023,T6,6,Diesel,1984,ICE,Not Applicable,2,Statewide,2
38314,2023,T6,7,Diesel,1983,ICE,Not Applicable,2,Statewide,2
38315,2023,T6,7,Diesel,1982,ICE,Not Applicable,3,Statewide,2
38316,2023,T3,2,Diesel,2004,ICE,Not Applicable,3,Statewide,2
38317,2023,T3,2,Diesel,2003,ICE,Not Applicable,3,Statewide,2
38318,2023,T3,Unknown,Diesel,2001,ICE,Not Applicable,≥4,Statewide,2
38319,2023,T3,2,Diesel,2001,ICE,Not Applicable,1,Statewide,2
38320,2023,T3,Unknown,Diesel,1998,ICE,Not Applicable,3,Statewide,2
38321,2023,T3,Unknown,Diesel,1997,ICE,Not Applicable,2,Statewide,2
38322,2023,T3,Unknown,Diesel,1997,ICE,Not Applicable,3,Statewide,2
38323,2023,T3,Unknown,Diesel,1996,ICE,Not Applicable,3,Statewide,2
38324,2023,T3,Unknown,Diesel,1995,ICE,Not Applicable,3,Statewide,2
38325,2023,T3,Unknown,Diesel,1992,ICE,Not Applicable,2,Statewide,2
38326,2023,T3,Unknown,Diesel,1992,ICE,Not Applicable,3,Statewide,2
38327,2023,T3,2,Diesel,1992,ICE,Not Applicable,3,Statewide,2
38328,2023,T3,Unknown,Diesel,1991,ICE,Not Applicable,1,Statewide,2
38329,2023,T3,Unknown,Diesel,1991,ICE,Not Applicable,2,Statewide,2
38330,2023,T3,Unknown,Diesel,1990,ICE,Not Applicable,1,Statewide,2
38331,2023,T3,Unknown,Diesel,1990,ICE,Not Applicable,3,Statewide,2
38332,2023,T3,Unknown,Diesel,1989,ICE,Not Applicable,3,Statewide,2
38333,2023,T3,Unknown,Diesel,1988,ICE,Not Applicable,2,Statewide,2
38334,2023,T3,Unknown,Diesel,1986,ICE,Not Applicable,1,Statewide,2
38335,2023,T3,Unknown,Diesel,1985,ICE,Not Applicable,2,Statewide,2
38336,2023,T3,Unknown,Diesel,1985,ICE,Not Applicable,3,Statewide,2
38337,2023,T3,2,Diesel,2004,ICE,Not Applicable,2,Statewide,2
38338,2023,MC,Not Applicable,Electric,2016,BEV,Unknown,3,Statewide,2
38339,2023,T3,2,Diesel,2004,ICE,Not Applicable,1,Statewide,2
38340,2023,T3,Unknown,Diesel,2006,ICE,Not Applicable,≥4,Statewide,2
38341,2023,T6,Unknown,Diesel,1981,ICE,Not Applicable,3,Statewide,2
38342,2023,T6,7,Diesel,1981,ICE,Not Applicable,3,Statewide,2
38343,2023,T6,Unknown,Diesel,1980,ICE,Not Applicable,2,Statewide,2
38344,2023,T6,5,Diesel,1979,ICE,Not Applicable,1,Statewide,2
38345,2023,T4,Unknown,Diesel,2023,ICE,Not Applicable,≥4,Statewide,2
38346,2023,T4,Unknown,Diesel,2022,ICE,Not Applicable,≥4,Statewide,2
38347,2023,T4,Unknown,Diesel,2013,ICE,Not Applicable,≥4,Statewide,2
38348,2023,T4,Unknown,Diesel,2011,ICE,Not Applicable,≥4,Statewide,2
38349,2023,T4,Unknown,Diesel,2004,ICE,Not Applicable,3,Statewide,2
38350,2023,T4,Unknown,Diesel,2002,ICE,Not Applicable,1,Statewide,2
38351,2023,T4,Unknown,Diesel,2001,ICE,Not Applicable,3,Statewide,2
38352,2023,T4,Unknown,Diesel,2000,ICE,Not Applicable,2,Statewide,2
38353,2023,T4,Unknown,Diesel,1988,ICE,Not Applicable,2,Statewide,2
38354,2023,T4,2,Diesel,1986,ICE,Not Applicable,3,Statewide,2
38355,2023,T4,Unknown,Diesel,1979,ICE,Not Applicable,3,Statewide,2
38356,2023,T3,Unknown,Diesel,2020,ICE,Not Applicable,2,Statewide,2
38357,2023,T3,Unknown,Diesel,2012,ICE,Not Applicable,≥4,Statewide,2
38358,2023,T3,Unknown,Diesel,2010,ICE,Not Applicable,2,Statewide,2
38359,2023,T3,Unknown,Diesel,2009,ICE,Not Applicable,1,Statewide,2
38360,2023,T3,Unknown,Diesel,2009,ICE,Not Applicable,3,Statewide,2
38361,2023,T3,Unknown,Diesel,2007,ICE,Not Applicable,1,Statewide,2
38362,2023,T3,2,Diesel,2005,ICE,Not Applicable,1,Statewide,2
38363,2023,MC,Not Applicable,Electric,2016,BEV,Unknown,1,Statewide,2
38364,2023,MC,Not Applicable,Electric,2017,BEV,Unknown,1,Statewide,2
38365,2023,P,Not Applicable,Electric,1979,BEV,Unknown,2,Statewide,2
38366,2023,BT,Not Applicable,Gasoline,1991,ICE,Not Applicable,2,Statewide,2
38367,2023,BT,Not Applicable,Gasoline,1988,ICE,Not Applicable,3,Statewide,2
38368,2023,BS,Not Applicable,Gasoline,2017,ICE,Not Applicable,2,Statewide,2
38369,2023,BS,Not Applicable,Gasoline,2007,ICE,Not Applicable,3,Statewide,2
38370,2023,BS,Not Applicable,Gasoline,1993,ICE,Not Applicable,2,Statewide,2
38371,2023,BS,Not Applicable,Gasoline,1992,ICE,Not Applicable,2,Statewide,2
38372,2023,BS,Not Applicable,Gasoline,1991,ICE,Not Applicable,2,Statewide,2
38373,2023,BS,Not Applicable,Gasoline,1990,ICE,Not Applicable,3,Statewide,2
38374,2023,BS,Not Applicable,Gasoline,1989,ICE,Not Applicable,3,Statewide,2
38375,2023,BS,Not Applicable,Gasoline,1988,ICE,Not Applicable,1,Statewide,2
38376,2023,BS,Not Applicable,Gasoline,1988,ICE,Not Applicable,2,Statewide,2
38377,2023,BS,Not Applicable,Gasoline,1987,ICE,Not Applicable,2,Statewide,2
38378,2023,BS,Not Applicable,Gasoline,1985,ICE,Not Applicable,3,Statewide,2
38379,2023,BS,Not Applicable,Gasoline,1984,ICE,Not Applicable,1,Statewide,2
38380,2023,BS,Not Applicable,Gasoline,1984,ICE,Not Applicable,2,Statewide,2
38381,2023,BS,Not Applicable,Gasoline,1980,ICE,Not Applicable,2,Statewide,2
38382,2023,B,Not Applicable,Gasoline,1992,ICE,Not Applicable,2,Statewide,2
38383,2023,B,Not Applicable,Gasoline,1992,ICE,Not Applicable,3,Statewide,2
38384,2023,B,Not Applicable,Gasoline,1989,ICE,Not Applicable,3,Statewide,2
38385,2023,B,Not Applicable,Gasoline,1987,ICE,Not Applicable,2,Statewide,2
38386,2023,B,Not Applicable,Gasoline,1985,ICE,Not Applicable,3,Statewide,2
38387,2023,BT,Not Applicable,Gasoline,1992,ICE,Not Applicable,1,Statewide,2
38388,2023,T7,8,Electric,2024,BEV,Unknown,1,Statewide,2
38389,2023,BT,Not Applicable,Gasoline,1996,ICE,Not Applicable,2,Statewide,2
38390,2023,BT,Not Applicable,Gasoline,2000,ICE,Not Applicable,2,Statewide,2
38391,2023,T2,Unknown,Gasoline,2000,ICE,Not Applicable,3,Statewide,2
38392,2023,T2,Unknown,Gasoline,1999,ICE,Not Applicable,≥4,Statewide,2
38393,2023,T2,Unknown,Gasoline,1994,ICE,Not Applicable,3,Statewide,2
38394,2023,T2,Unknown,Gasoline,1993,ICE,Not Applicable,≥4,Statewide,2
38395,2023,T2,Unknown,Gasoline,1987,ICE,Not Applicable,≥4,Statewide,2
38396,2023,T2,Unknown,Gasoline,1984,ICE,Not Applicable,3,Statewide,2
38397,2023,T2,Unknown,Gasoline,1981,ICE,Not Applicable,≥4,Statewide,2
38398,2023,T2,Unknown,Gasoline,1980,ICE,Not Applicable,1,Statewide,2
38399,2023,T1,1,Gasoline,2025,ICE,Not Applicable,1,Statewide,2
38400,2023,T1,Unknown,Gasoline,2007,ICE,Not Applicable,≥4,Statewide,2
38401,2023,T1,Unknown,Gasoline,1991,ICE,Not Applicable,1,Statewide,2
38402,2023,T1,Unknown,Gasoline,1984,ICE,Not Applicable,2,Statewide,2
38403,2023,T1,Unknown,Gasoline,1984,ICE,Not Applicable,3,Statewide,2
38404,2023,BT,Not Applicable,Gasoline,2015,ICE,Not Applicable,3,Statewide,2
38405,2023,BT,Not Applicable,Gasoline,2009,ICE,Not Applicable,1,Statewide,2
38406,2023,BT,Not Applicable,Gasoline,2009,ICE,Not Applicable,3,Statewide,2
38407,2023,BT,Not Applicable,Gasoline,2008,ICE,Not Applicable,2,Statewide,2
38408,2023,BT,Not Applicable,Gasoline,2007,ICE,Not Applicable,2,Statewide,2
38409,2023,BT,Not Applicable,Gasoline,2002,ICE,Not Applicable,3,Statewide,2
38410,2023,BT,Not Applicable,Gasoline,2001,ICE,Not Applicable,3,Statewide,2
38411,2023,BT,Not Applicable,Gasoline,2000,ICE,Not Applicable,1,Statewide,2
38412,2023,BT,Not Applicable,Gasoline,1998,ICE,Not Applicable,3,Statewide,2
38413,2023,T6,Unknown,Natural Gas,2018,ICE,Not Applicable,1,Statewide,2
38414,2023,T7,8,Electric,2024,BEV,Unknown,≥4,Statewide,2
38415,2023,T7,8,Electric,2018,BEV,Unknown,≥4,Statewide,2
38416,2023,T3,Unknown,Electric,2009,BEV,Unknown,≥4,Statewide,2
38417,2023,T3,Unknown,Electric,1984,BEV,Unknown,≥4,Statewide,2
38418,2023,T3,Unknown,Electric,1982,BEV,Unknown,≥4,Statewide,2
38419,2023,T3,Unknown,Electric,1979,BEV,Unknown,1,Statewide,2
38420,2023,T2,1,Electric,2017,BEV,51 to 100 miles,2,Statewide,2
38421,2023,T2,Unknown,Electric,1988,BEV,Unknown,≥4,Statewide,2
38422,2023,T1,1,Electric,2006,BEV,Unknown,3,Statewide,2
38423,2023,T1,1,Electric,2003,BEV,51 to 100 miles,1,Statewide,2
38424,2023,P,Not Applicable,Electric,2024,BEV,Unknown,2,Statewide,2
38425,2023,P,Not Applicable,Electric,2022,BEV,Unknown,1,Statewide,2
38426,2023,P,Not Applicable,Electric,2009,BEV,Unknown,3,Statewide,2
38427,2023,P,Not Applicable,Electric,2005,BEV,Unknown,3,Statewide,2
38428,2023,P,Not Applicable,Electric,2005,BEV,Unknown,≥4,Statewide,2
38429,2023,P,Not Applicable,Electric,2004,BEV,101 to 150 miles,≥4,Statewide,2
38430,2023,P,Not Applicable,Electric,2003,BEV,Unknown,≥4,Statewide,2
38431,2023,P,Not Applicable,Electric,2002,BEV,Unknown,1,Statewide,2
38432,2023,P,Not Applicable,Electric,2000,BEV,Unknown,2,Statewide,2
38433,2023,P,Not Applicable,Electric,2000,BEV,Unknown,≥4,Statewide,2
38434,2023,P,Not Applicable,Electric,1992,BEV,Unknown,≥4,Statewide,2
38435,2023,P,Not Applicable,Electric,1985,BEV,Unknown,1,Statewide,2
38436,2023,P,Not Applicable,Electric,1985,BEV,Unknown,3,Statewide,2
38437,2023,T3,Unknown,Electric,2011,BEV,Unknown,≥4,Statewide,2
38438,2023,T7,8,Electric,2023,BEV,Unknown,≥4,Statewide,2
38439,2023,T3,Unknown,Electric,2017,BEV,Unknown,≥4,Statewide,2
38440,2023,T4,Unknown,Electric,1987,BEV,Unknown,≥4,Statewide,2
38441,2023,T6,Unknown,Electric,2023,BEV,Unknown,3,Statewide,2
38442,2023,T6,Unknown,Electric,2021,BEV,Unknown,2,Statewide,2
38443,2023,T6,Unknown,Electric,2019,BEV,Unknown,2,Statewide,2
38444,2023,T6,Unknown,Electric,2017,BEV,Unknown,1,Statewide,2
38445,2023,T6,6,Electric,2015,BEV,Unknown,3,Statewide,2
38446,2023,T6,Unknown,Electric,2013,BEV,Unknown,3,Statewide,2
38447,2023,T6,Unknown,Electric,2012,BEV,Unknown,1,Statewide,2
38448,2023,T6,Unknown,Electric,2012,BEV,Unknown,2,Statewide,2
38449,2023,T6,Unknown,Electric,2010,BEV,Unknown,2,Statewide,2
38450,2023,T6,Unknown,Electric,2007,BEV,Unknown,≥4,Statewide,2
38451,2023,T6,Unknown,Electric,2005,BEV,Unknown,1,Statewide,2
38452,2023,T6,Unknown,Electric,2005,BEV,Unknown,2,Statewide,2
38453,2023,T6,Unknown,Electric,1997,BEV,Unknown,≥4,Statewide,2
38454,2023,T6,Unknown,Electric,1996,BEV,Unknown,≥4,Statewide,2
38455,2023,T6,Unknown,Electric,1980,BEV,Unknown,≥4,Statewide,2
38456,2023,T6,Unknown,Electric,1979,BEV,Unknown,1,Statewide,2
38457,2023,T6,Unknown,Electric,1979,BEV,Unknown,2,Statewide,2
38458,2023,T4,Unknown,Electric,1998,BEV,Unknown,1,Statewide,2
38459,2023,T4,Unknown,Electric,1998,BEV,Unknown,2,Statewide,2
38460,2023,T4,Unknown,Electric,1996,BEV,Unknown,≥4,Statewide,2
38461,2023,T4,Unknown,Electric,1995,BEV,Unknown,≥4,Statewide,2
38462,2023,T3,Unknown,Electric,2022,BEV,Unknown,≥4,Statewide,2
38463,2023,T4,2,Natural Gas,2009,ICE,Not Applicable,3,Statewide,3
38464,2023,T6,4,Natural Gas,2021,ICE,Not Applicable,2,Statewide,2
38465,2023,T6,4,Natural Gas,2022,ICE,Not Applicable,≥4,Statewide,2
38466,2023,T3,Unknown,Gasoline,1989,ICE,Not Applicable,3,Statewide,3
38467,2023,T2,Unknown,Gasoline,2024,ICE,Not Applicable,1,Statewide,3
38468,2023,T2,Unknown,Gasoline,2017,ICE,Not Applicable,2,Statewide,3
38469,2023,T2,Unknown,Gasoline,2010,ICE,Not Applicable,1,Statewide,3
38470,2023,T2,Unknown,Gasoline,2000,ICE,Not Applicable,1,Statewide,3
38471,2023,T2,Unknown,Gasoline,1984,ICE,Not Applicable,1,Statewide,3
38472,2023,T1,Unknown,Gasoline,1980,ICE,Not Applicable,1,Statewide,3
38473,2023,BT,Not Applicable,Gasoline,2022,ICE,Not Applicable,3,Statewide,3
38474,2023,BT,Not Applicable,Gasoline,2017,ICE,Not Applicable,2,Statewide,3
38475,2023,T3,Unknown,Gasoline,1991,ICE,Not Applicable,1,Statewide,3
38476,2023,BT,Not Applicable,Gasoline,2013,ICE,Not Applicable,3,Statewide,3
38477,2023,BT,Not Applicable,Gasoline,2008,ICE,Not Applicable,1,Statewide,3
38478,2023,BT,Not Applicable,Gasoline,2004,ICE,Not Applicable,3,Statewide,3
38479,2023,BT,Not Applicable,Gasoline,1998,ICE,Not Applicable,1,Statewide,3
38480,2023,BT,Not Applicable,Gasoline,1990,ICE,Not Applicable,1,Statewide,3
38481,2023,BT,Not Applicable,Gasoline,1989,ICE,Not Applicable,1,Statewide,3
38482,2023,BT,Not Applicable,Gasoline,1989,ICE,Not Applicable,2,Statewide,3
38483,2023,BT,Not Applicable,Gasoline,1983,ICE,Not Applicable,≥4,Statewide,3
38484,2023,BT,Not Applicable,Gasoline,1979,ICE,Not Applicable,2,Statewide,3
38485,2023,BS,Not Applicable,Gasoline,2025,ICE,Not Applicable,1,Statewide,3
38486,2023,BT,Not Applicable,Gasoline,2012,ICE,Not Applicable,2,Statewide,3
38487,2023,T3,Unknown,Gasoline,1993,ICE,Not Applicable,≥4,Statewide,3
38488,2023,T3,Unknown,Gasoline,2000,ICE,Not Applicable,≥4,Statewide,3
38489,2023,T3,Unknown,Gasoline,2002,ICE,Not Applicable,≥4,Statewide,3
38490,2023,T4,Unknown,Gasoline,2002,ICE,Not Applicable,2,Statewide,3
38491,2023,T4,Unknown,Gasoline,2002,ICE,Not Applicable,3,Statewide,3
38492,2023,T4,Unknown,Gasoline,1999,ICE,Not Applicable,3,Statewide,3
38493,2023,T4,Unknown,Gasoline,1997,ICE,Not Applicable,2,Statewide,3
38494,2023,T4,Unknown,Gasoline,1993,ICE,Not Applicable,3,Statewide,3
38495,2023,T4,Unknown,Gasoline,1992,ICE,Not Applicable,2,Statewide,3
38496,2023,T4,Unknown,Gasoline,1992,ICE,Not Applicable,3,Statewide,3
38497,2023,T4,Unknown,Gasoline,1990,ICE,Not Applicable,2,Statewide,3
38498,2023,T4,Unknown,Gasoline,1988,ICE,Not Applicable,2,Statewide,3
38499,2023,T4,Unknown,Gasoline,1984,ICE,Not Applicable,3,Statewide,3
38500,2023,T4,Unknown,Gasoline,1983,ICE,Not Applicable,≥4,Statewide,3
38501,2023,T4,Unknown,Gasoline,1980,ICE,Not Applicable,2,Statewide,3
38502,2023,T3,Unknown,Gasoline,2021,ICE,Not Applicable,≥4,Statewide,3
38503,2023,T3,Unknown,Gasoline,2018,ICE,Not Applicable,1,Statewide,3
38504,2023,T3,Unknown,Gasoline,2017,ICE,Not Applicable,1,Statewide,3
38505,2023,T3,Unknown,Gasoline,2011,ICE,Not Applicable,≥4,Statewide,3
38506,2023,T3,Unknown,Gasoline,2010,ICE,Not Applicable,≥4,Statewide,3
38507,2023,T3,Unknown,Gasoline,2009,ICE,Not Applicable,2,Statewide,3
38508,2023,T3,Unknown,Gasoline,2006,ICE,Not Applicable,3,Statewide,3
38509,2023,T3,Unknown,Gasoline,2004,ICE,Not Applicable,1,Statewide,3
38510,2023,T3,Unknown,Gasoline,2004,ICE,Not Applicable,≥4,Statewide,3
38511,2023,BS,Not Applicable,Gasoline,2024,ICE,Not Applicable,2,Statewide,3
38512,2023,BS,Not Applicable,Gasoline,2019,ICE,Not Applicable,1,Statewide,3
38513,2023,BS,Not Applicable,Gasoline,2016,ICE,Not Applicable,3,Statewide,3
38514,2023,BS,Not Applicable,Gasoline,2007,ICE,Not Applicable,2,Statewide,3
38515,2023,T6,4,Electric,2023,BEV,Unknown,2,Statewide,3
38516,2023,T6,4,Electric,2023,BEV,Unknown,3,Statewide,3
38517,2023,T6,5,Electric,2023,BEV,Unknown,≥4,Statewide,3
38518,2023,T6,6,Electric,2015,BEV,Unknown,1,Statewide,3
38519,2023,T6,Unknown,Electric,2011,BEV,Unknown,1,Statewide,3
38520,2023,T6,Unknown,Electric,2009,BEV,Unknown,2,Statewide,3
38521,2023,T6,Unknown,Electric,1990,BEV,Unknown,3,Statewide,3
38522,2023,T6,Unknown,Electric,1983,BEV,Unknown,≥4,Statewide,3
38523,2023,T6,Unknown,Electric,1981,BEV,Unknown,3,Statewide,3
38524,2023,T4,Unknown,Electric,2002,BEV,Unknown,≥4,Statewide,3
38525,2023,T4,Unknown,Electric,2001,BEV,Unknown,1,Statewide,3
38526,2023,T4,Unknown,Electric,1994,BEV,Unknown,≥4,Statewide,3
38527,2023,T4,Unknown,Electric,1993,BEV,Unknown,≥4,Statewide,3
38528,2023,T3,Unknown,Electric,2020,BEV,Unknown,≥4,Statewide,3
38529,2023,T3,Unknown,Electric,2018,BEV,Unknown,≥4,Statewide,3
38530,2023,T3,Unknown,Electric,2014,BEV,Unknown,1,Statewide,3
38531,2023,T3,Unknown,Electric,1983,BEV,Unknown,≥4,Statewide,3
38532,2023,T2,1,Electric,2008,BEV,Unknown,2,Statewide,3
38533,2023,T1,Unknown,Electric,2005,BEV,Unknown,≥4,Statewide,3
38534,2023,T1,1,Electric,2003,BEV,Unknown,3,Statewide,3
38535,2023,T1,1,Electric,1998,BEV,Unknown,≥4,Statewide,3
38536,2023,T7,8,Electric,2012,BEV,Unknown,≥4,Statewide,3
38537,2023,T4,Unknown,Gasoline,2003,ICE,Not Applicable,3,Statewide,3
38538,2023,B,Not Applicable,Gasoline,1980,ICE,Not Applicable,2,Statewide,3
38539,2023,B,Not Applicable,Gasoline,1985,ICE,Not Applicable,2,Statewide,3
38540,2023,BS,Not Applicable,Gasoline,2005,ICE,Not Applicable,2,Statewide,3
38541,2023,BS,Not Applicable,Gasoline,2004,ICE,Not Applicable,2,Statewide,3
38542,2023,BS,Not Applicable,Gasoline,2003,ICE,Not Applicable,3,Statewide,3
38543,2023,BS,Not Applicable,Gasoline,2000,ICE,Not Applicable,3,Statewide,3
38544,2023,BS,Not Applicable,Gasoline,1999,ICE,Not Applicable,1,Statewide,3
38545,2023,BS,Not Applicable,Gasoline,1999,ICE,Not Applicable,2,Statewide,3
38546,2023,BS,Not Applicable,Gasoline,1998,ICE,Not Applicable,1,Statewide,3
38547,2023,BS,Not Applicable,Gasoline,1998,ICE,Not Applicable,3,Statewide,3
38548,2023,BS,Not Applicable,Gasoline,1995,ICE,Not Applicable,2,Statewide,3
38549,2023,BS,Not Applicable,Gasoline,1995,ICE,Not Applicable,3,Statewide,3
38550,2023,BS,Not Applicable,Gasoline,1994,ICE,Not Applicable,1,Statewide,3
38551,2023,BS,Not Applicable,Gasoline,1993,ICE,Not Applicable,3,Statewide,3
38552,2023,BS,Not Applicable,Gasoline,1986,ICE,Not Applicable,2,Statewide,3
38553,2023,BS,Not Applicable,Gasoline,1985,ICE,Not Applicable,2,Statewide,3
38554,2023,BS,Not Applicable,Gasoline,1984,ICE,Not Applicable,3,Statewide,3
38555,2023,BS,Not Applicable,Gasoline,1981,ICE,Not Applicable,2,Statewide,3
38556,2023,B,Not Applicable,Gasoline,1998,ICE,Not Applicable,2,Statewide,3
38557,2023,B,Not Applicable,Gasoline,1997,ICE,Not Applicable,3,Statewide,3
38558,2023,B,Not Applicable,Gasoline,1991,ICE,Not Applicable,2,Statewide,3
38559,2023,B,Not Applicable,Gasoline,1988,ICE,Not Applicable,2,Statewide,3
38560,2023,B,Not Applicable,Gasoline,1988,ICE,Not Applicable,3,Statewide,3
38561,2023,B,Not Applicable,Gasoline,1983,ICE,Not Applicable,3,Statewide,3
38562,2023,P,Not Applicable,Electric,2020,BEV,Unknown,2,Statewide,3
38563,2023,T4,Unknown,Gasoline,2003,ICE,Not Applicable,2,Statewide,3
38564,2023,T4,Unknown,Gasoline,2017,ICE,Not Applicable,2,Statewide,3
38565,2023,BS,Not Applicable,Natural Gas,2007,ICE,Not Applicable,2,Statewide,3
38566,2023,BS,Not Applicable,Natural Gas,2006,ICE,Not Applicable,1,Statewide,3
38567,2023,BS,Not Applicable,Natural Gas,2001,ICE,Not Applicable,≥4,Statewide,3
38568,2023,B,Not Applicable,Natural Gas,2020,ICE,Not Applicable,3,Statewide,3
38569,2023,B,Not Applicable,Natural Gas,2017,ICE,Not Applicable,3,Statewide,3
38570,2023,B,Not Applicable,Natural Gas,2015,ICE,Not Applicable,1,Statewide,3
38571,2023,B,Not Applicable,Natural Gas,2008,ICE,Not Applicable,3,Statewide,3
38572,2023,B,Not Applicable,Natural Gas,2006,ICE,Not Applicable,1,Statewide,3
38573,2023,T7,8,Gasoline,2022,ICE,Not Applicable,≥4,Statewide,3
38574,2023,BS,Not Applicable,Natural Gas,2009,ICE,Not Applicable,1,Statewide,3
38575,2023,T7,8,Gasoline,2021,ICE,Not Applicable,≥4,Statewide,3
38576,2023,T7,8,Gasoline,2005,ICE,Not Applicable,≥4,Statewide,3
38577,2023,T7,8,Gasoline,2003,ICE,Not Applicable,≥4,Statewide,3
38578,2023,T7,8,Gasoline,2000,ICE,Not Applicable,≥4,Statewide,3
38579,2023,T7,8,Gasoline,1992,ICE,Not Applicable,1,Statewide,3
38580,2023,T7,8,Gasoline,1990,ICE,Not Applicable,3,Statewide,3
38581,2023,T7,8,Gasoline,1986,ICE,Not Applicable,1,Statewide,3
38582,2023,T7,8,Gasoline,1984,ICE,Not Applicable,3,Statewide,3
38583,2023,T7,8,Gasoline,1983,ICE,Not Applicable,1,Statewide,3
38584,2023,T7,8,Gasoline,1983,ICE,Not Applicable,2,Statewide,3
38585,2023,T7,8,Gasoline,2014,ICE,Not Applicable,≥4,Statewide,3
38586,2023,BS,Not Applicable,Natural Gas,2011,ICE,Not Applicable,3,Statewide,3
38587,2023,BS,Not Applicable,Natural Gas,2013,ICE,Not Applicable,3,Statewide,3
38588,2023,BS,Not Applicable,Natural Gas,2013,ICE,Not Applicable,1,Statewide,3
38589,2023,T4,2,Natural Gas,2001,ICE,Not Applicable,1,Statewide,3
38590,2023,T4,Unknown,Natural Gas,1994,ICE,Not Applicable,≥4,Statewide,3
38591,2023,T3,2,Natural Gas,2017,ICE,Not Applicable,1,Statewide,3
38592,2023,T3,2,Natural Gas,2016,ICE,Not Applicable,2,Statewide,3
38593,2023,P,Not Applicable,Natural Gas,2001,ICE,Not Applicable,3,Statewide,3
38594,2023,MC,Not Applicable,Natural Gas,1979,ICE,Not Applicable,≥4,Statewide,3
38595,2023,BT,Not Applicable,Natural Gas,2021,ICE,Not Applicable,1,Statewide,3
38596,2023,BT,Not Applicable,Natural Gas,2020,ICE,Not Applicable,2,Statewide,3
38597,2023,BT,Not Applicable,Natural Gas,2018,ICE,Not Applicable,1,Statewide,3
38598,2023,BT,Not Applicable,Natural Gas,2018,ICE,Not Applicable,3,Statewide,3
38599,2023,BT,Not Applicable,Natural Gas,2016,ICE,Not Applicable,2,Statewide,3
38600,2023,BT,Not Applicable,Natural Gas,2015,ICE,Not Applicable,1,Statewide,3
38601,2023,BT,Not Applicable,Natural Gas,2011,ICE,Not Applicable,3,Statewide,3
38602,2023,BT,Not Applicable,Natural Gas,2007,ICE,Not Applicable,3,Statewide,3
38603,2023,BT,Not Applicable,Natural Gas,2003,ICE,Not Applicable,1,Statewide,3
38604,2023,BS,Not Applicable,Natural Gas,2024,ICE,Not Applicable,2,Statewide,3
38605,2023,BS,Not Applicable,Natural Gas,2023,ICE,Not Applicable,2,Statewide,3
38606,2023,BS,Not Applicable,Natural Gas,2022,ICE,Not Applicable,2,Statewide,3
38607,2023,BS,Not Applicable,Natural Gas,2021,ICE,Not Applicable,1,Statewide,3
38608,2023,BS,Not Applicable,Natural Gas,2020,ICE,Not Applicable,1,Statewide,3
38609,2023,BS,Not Applicable,Natural Gas,2019,ICE,Not Applicable,2,Statewide,3
38610,2023,T7,8,Gasoline,1983,ICE,Not Applicable,3,Statewide,3
38611,2023,T7,8,Gasoline,1980,ICE,Not Applicable,3,Statewide,3
38612,2023,T6,Unknown,Gasoline,2023,ICE,Not Applicable,2,Statewide,3
38613,2023,T6,6,Gasoline,2023,ICE,Not Applicable,3,Statewide,3
38614,2023,T6,6,Gasoline,1994,ICE,Not Applicable,3,Statewide,3
38615,2023,T6,7,Gasoline,1993,ICE,Not Applicable,1,Statewide,3
38616,2023,T6,Unknown,Gasoline,1992,ICE,Not Applicable,1,Statewide,3
38617,2023,T6,5,Gasoline,1991,ICE,Not Applicable,2,Statewide,3
38618,2023,T6,7,Gasoline,1991,ICE,Not Applicable,3,Statewide,3
38619,2023,T6,Unknown,Gasoline,1990,ICE,Not Applicable,2,Statewide,3
38620,2023,T6,4,Gasoline,1990,ICE,Not Applicable,≥4,Statewide,3
38621,2023,T6,Unknown,Gasoline,1989,ICE,Not Applicable,1,Statewide,3
38622,2023,T6,5,Gasoline,1988,ICE,Not Applicable,1,Statewide,3
38623,2023,T6,7,Gasoline,1988,ICE,Not Applicable,2,Statewide,3
38624,2023,T6,6,Gasoline,1987,ICE,Not Applicable,2,Statewide,3
38625,2023,T6,Unknown,Gasoline,1986,ICE,Not Applicable,3,Statewide,3
38626,2023,T6,5,Gasoline,1985,ICE,Not Applicable,1,Statewide,3
38627,2023,T6,5,Gasoline,1983,ICE,Not Applicable,1,Statewide,3
38628,2023,T6,5,Gasoline,1981,ICE,Not Applicable,2,Statewide,3
38629,2023,T6,4,Gasoline,1980,ICE,Not Applicable,≥4,Statewide,3
38630,2023,T5,3,Gasoline,1984,ICE,Not Applicable,1,Statewide,3
38631,2023,T4,2,Gasoline,2025,ICE,Not Applicable,3,Statewide,3
38632,2023,T4,Unknown,Gasoline,2020,ICE,Not Applicable,2,Statewide,3
38633,2023,T4,Unknown,Gasoline,2020,ICE,Not Applicable,≥4,Statewide,3
38634,2023,T4,Unknown,Gasoline,2017,ICE,Not Applicable,1,Statewide,3
38635,2023,T6,7,Gasoline,1996,ICE,Not Applicable,3,Statewide,3
38636,2023,T4,Unknown,Gasoline,2011,ICE,Not Applicable,≥4,Statewide,3
38637,2023,T6,5,Gasoline,1996,ICE,Not Applicable,2,Statewide,3
38638,2023,T6,5,Gasoline,1998,ICE,Not Applicable,1,Statewide,3
38639,2023,T6,Unknown,Gasoline,2022,ICE,Not Applicable,3,Statewide,3
38640,2023,T6,6,Gasoline,2021,ICE,Not Applicable,3,Statewide,3
38641,2023,T6,Unknown,Gasoline,2020,ICE,Not Applicable,2,Statewide,3
38642,2023,T6,Unknown,Gasoline,2017,ICE,Not Applicable,3,Statewide,3
38643,2023,T6,Unknown,Gasoline,2016,ICE,Not Applicable,2,Statewide,3
38644,2023,T6,Unknown,Gasoline,2015,ICE,Not Applicable,3,Statewide,3
38645,2023,T6,7,Gasoline,2014,ICE,Not Applicable,2,Statewide,3
38646,2023,T6,Unknown,Gasoline,2013,ICE,Not Applicable,2,Statewide,3
38647,2023,T6,Unknown,Gasoline,2011,ICE,Not Applicable,3,Statewide,3
38648,2023,T6,6,Gasoline,2009,ICE,Not Applicable,2,Statewide,3
38649,2023,T6,7,Gasoline,2009,ICE,Not Applicable,3,Statewide,3
38650,2023,T6,7,Gasoline,2007,ICE,Not Applicable,3,Statewide,3
38651,2023,T6,7,Gasoline,2006,ICE,Not Applicable,1,Statewide,3
38652,2023,T6,7,Gasoline,2006,ICE,Not Applicable,2,Statewide,3
38653,2023,T6,Unknown,Gasoline,2005,ICE,Not Applicable,2,Statewide,3
38654,2023,T6,7,Gasoline,2005,ICE,Not Applicable,2,Statewide,3
38655,2023,T6,Unknown,Gasoline,2003,ICE,Not Applicable,1,Statewide,3
38656,2023,T6,5,Gasoline,2000,ICE,Not Applicable,1,Statewide,3
38657,2023,T6,5,Gasoline,2000,ICE,Not Applicable,2,Statewide,3
38658,2023,T6,7,Gasoline,1999,ICE,Not Applicable,2,Statewide,3
38659,2023,T6,7,Gasoline,1999,ICE,Not Applicable,3,Statewide,3
38660,2023,T6,7,Gasoline,1997,ICE,Not Applicable,3,Statewide,3
38661,2023,P,Not Applicable,Electric,2018,BEV,Unknown,1,Statewide,3
38662,2023,P,Not Applicable,Electric,2013,BEV,Unknown,1,Statewide,3
38663,2023,P,Not Applicable,Electric,2012,BEV,Unknown,2,Statewide,3
38664,2023,B,Not Applicable,Diesel,1982,ICE,Not Applicable,2,Statewide,3
38665,2023,B,Not Applicable,Diesel,1981,ICE,Not Applicable,3,Statewide,3
38666,2023,MC,Not Applicable,Gasoline,2018,ICE,Not Applicable,≥4,Statewide,14546
38667,2023,T3,2,Gasoline,2001,ICE,Not Applicable,≥4,Statewide,14547
38668,2023,MC,Not Applicable,Gasoline,2009,ICE,Not Applicable,≥4,Statewide,14563
38669,2023,T2,1,Gasoline,2003,ICE,Not Applicable,3,Statewide,14564
38670,2023,P,Not Applicable,Gasoline,1995,ICE,Not Applicable,≥4,Statewide,14840
38671,2023,T1,1,Gasoline,2014,ICE,Not Applicable,2,Statewide,14876
38672,2023,T4,2,Gasoline,2006,ICE,Not Applicable,≥4,Statewide,14894
38673,2023,B,Not Applicable,Diesel,1982,ICE,Not Applicable,1,Statewide,3
38674,2023,T1,1,Gasoline,2014,ICE,Not Applicable,≥4,Statewide,15087
38675,2023,T1,1,Gasoline,1999,ICE,Not Applicable,≥4,Statewide,15236
38676,2023,T3,2,Gasoline,2014,ICE,Not Applicable,1,Statewide,15382
38677,2023,T2,1,Gasoline,2003,ICE,Not Applicable,1,Statewide,15384
38678,2023,T1,1,Gasoline,2007,ICE,Not Applicable,2,Statewide,15465
38679,2023,T3,2,Gasoline,2014,ICE,Not Applicable,3,Statewide,15608
38680,2023,P,Not Applicable,Gasoline,2025,ICE,Not Applicable,≥4,Statewide,15730
38681,2023,P,Not Applicable,Gasoline,2000,ICE,Not Applicable,3,Statewide,16006
38682,2023,T4,2,Gasoline,2009,ICE,Not Applicable,≥4,Statewide,16011
38683,2023,T4,2,Gasoline,2023,ICE,Not Applicable,≥4,Statewide,16171
38684,2023,T1,1,Gasoline,2000,ICE,Not Applicable,≥4,Statewide,15131
38685,2023,B,Not Applicable,Diesel,1984,ICE,Not Applicable,1,Statewide,3
38686,2023,B,Not Applicable,Diesel,1987,ICE,Not Applicable,2,Statewide,3
38687,2023,B,Not Applicable,Diesel,1991,ICE,Not Applicable,1,Statewide,3
38688,2023,MC,Not Applicable,Diesel,2001,ICE,Not Applicable,≥4,Statewide,3
38689,2023,MC,Not Applicable,Diesel,2000,ICE,Not Applicable,≥4,Statewide,3
38690,2023,MC,Not Applicable,Diesel,1988,ICE,Not Applicable,3,Statewide,3
38691,2023,MC,Not Applicable,Diesel,1979,ICE,Not Applicable,≥4,Statewide,3
38692,2023,BT,Not Applicable,Diesel,2024,ICE,Not Applicable,1,Statewide,3
38693,2023,BT,Not Applicable,Diesel,2024,ICE,Not Applicable,2,Statewide,3
38694,2023,BT,Not Applicable,Diesel,2024,ICE,Not Applicable,3,Statewide,3
38695,2023,BT,Not Applicable,Diesel,2023,ICE,Not Applicable,3,Statewide,3
38696,2023,BT,Not Applicable,Diesel,2017,ICE,Not Applicable,3,Statewide,3
38697,2023,BT,Not Applicable,Diesel,2016,ICE,Not Applicable,2,Statewide,3
38698,2023,BT,Not Applicable,Diesel,2005,ICE,Not Applicable,3,Statewide,3
38699,2023,BT,Not Applicable,Diesel,2002,ICE,Not Applicable,2,Statewide,3
38700,2023,BT,Not Applicable,Diesel,1993,ICE,Not Applicable,2,Statewide,3
38701,2023,BT,Not Applicable,Diesel,1987,ICE,Not Applicable,1,Statewide,3
38702,2023,BT,Not Applicable,Diesel,1987,ICE,Not Applicable,3,Statewide,3
38703,2023,BS,Not Applicable,Diesel,1990,ICE,Not Applicable,3,Statewide,3
38704,2023,BS,Not Applicable,Diesel,1989,ICE,Not Applicable,2,Statewide,3
38705,2023,BS,Not Applicable,Diesel,1986,ICE,Not Applicable,2,Statewide,3
38706,2023,BS,Not Applicable,Diesel,1985,ICE,Not Applicable,1,Statewide,3
38707,2023,BS,Not Applicable,Diesel,1980,ICE,Not Applicable,1,Statewide,3
38708,2023,B,Not Applicable,Diesel,2025,ICE,Not Applicable,3,Statewide,3
38709,2023,MC,Not Applicable,Gasoline,2008,ICE,Not Applicable,≥4,Statewide,16380
38710,2023,T1,1,Gasoline,2001,ICE,Not Applicable,≥4,Statewide,16494
38711,2023,T2,1,Gasoline,2003,ICE,Not Applicable,2,Statewide,16514
38712,2023,T1,1,Gasoline,2018,ICE,Not Applicable,2,Statewide,16564
38713,2023,P,Not Applicable,Gasoline,2000,ICE,Not Applicable,1,Statewide,19577
38714,2023,T1,1,Gasoline,2023,ICE,Not Applicable,2,Statewide,19652
38715,2023,T1,1,Gasoline,2021,ICE,Not Applicable,3,Statewide,19726
38716,2023,T3,2,Gasoline,2004,ICE,Not Applicable,2,Statewide,20029
38717,2023,P,Not Applicable,Electric,2023,BEV,>150 miles,3,Statewide,20065
38718,2023,T2,1,Gasoline,2004,ICE,Not Applicable,1,Statewide,20267
38719,2023,T3,2,Gasoline,2015,ICE,Not Applicable,1,Statewide,20297
38720,2023,P,Not Applicable,Gasoline,1998,ICE,Not Applicable,≥4,Statewide,20319
38721,2023,P,Not Applicable,Gasoline,2001,ICE,Not Applicable,2,Statewide,20403
38722,2023,T2,1,Gasoline,2014,ICE,Not Applicable,1,Statewide,20695
38723,2023,T4,2,Gasoline,2022,ICE,Not Applicable,≥4,Statewide,20868
38724,2023,P,Not Applicable,Electric,2023,BEV,>150 miles,1,Statewide,21028
38725,2023,T1,1,Gasoline,2013,ICE,Not Applicable,≥4,Statewide,21029
38726,2023,T1,1,Gasoline,2002,ICE,Not Applicable,≥4,Statewide,21188
38727,2023,T3,2,Gasoline,2015,ICE,Not Applicable,3,Statewide,21409
38728,2023,T7,8,Natural Gas,2025,ICE,Not Applicable,1,Statewide,2
38729,2023,T7,8,Natural Gas,2018,ICE,Not Applicable,3,Statewide,2
38730,2023,T7,8,Natural Gas,2008,ICE,Not Applicable,1,Statewide,2
38731,2023,T7,8,Natural Gas,2007,ICE,Not Applicable,1,Statewide,2
38732,2023,T7,8,Natural Gas,2007,ICE,Not Applicable,2,Statewide,2
38733,2023,T6,Unknown,Natural Gas,2025,ICE,Not Applicable,≥4,Statewide,2
38734,2023,MC,Not Applicable,Gasoline,2020,ICE,Not Applicable,≥4,Statewide,19380
38735,2023,MC,Not Applicable,Diesel,2002,ICE,Not Applicable,≥4,Statewide,3
38736,2023,T2,1,Gasoline,2004,ICE,Not Applicable,3,Statewide,19364
38737,2023,T3,2,Gasoline,2002,ICE,Not Applicable,≥4,Statewide,19277
38738,2023,MC,Not Applicable,Gasoline,2013,ICE,Not Applicable,≥4,Statewide,16691
38739,2023,MC,Not Applicable,Gasoline,2019,ICE,Not Applicable,≥4,Statewide,16824
38740,2023,MC,Not Applicable,Gasoline,2014,ICE,Not Applicable,≥4,Statewide,17072
38741,2023,MC,Not Applicable,Gasoline,2023,ICE,Not Applicable,≥4,Statewide,17166
38742,2023,T1,1,Gasoline,2018,ICE,Not Applicable,1,Statewide,17181
38743,2023,P,Not Applicable,Gasoline,1997,ICE,Not Applicable,≥4,Statewide,17233
38744,2023,P,Not Applicable,Gasoline,2001,ICE,Not Applicable,3,Statewide,17376
38745,2023,T3,2,Gasoline,2004,ICE,Not Applicable,1,Statewide,17443
38746,2023,T4,2,Gasoline,2008,ICE,Not Applicable,≥4,Statewide,17688
38747,2023,MC,Not Applicable,Gasoline,2022,ICE,Not Applicable,≥4,Statewide,17961
38748,2023,T1,1,Gasoline,2013,ICE,Not Applicable,1,Statewide,18156
38749,2023,T1,1,Gasoline,2023,ICE,Not Applicable,≥4,Statewide,18370
38750,2023,T4,2,Gasoline,2021,ICE,Not Applicable,≥4,Statewide,18382
38751,2023,T1,1,Gasoline,2013,ICE,Not Applicable,2,Statewide,18563
38752,2023,MC,Not Applicable,Gasoline,2010,ICE,Not Applicable,≥4,Statewide,18778
38753,2023,T3,2,Gasoline,2014,ICE,Not Applicable,2,Statewide,18800
38754,2023,T2,1,Gasoline,2014,ICE,Not Applicable,3,Statewide,18883
38755,2023,P,Not Applicable,Gasoline,1996,ICE,Not Applicable,≥4,Statewide,18911
38756,2023,P,Not Applicable,Gasoline,2000,ICE,Not Applicable,2,Statewide,18987
38757,2023,T3,2,Gasoline,2004,ICE,Not Applicable,3,Statewide,19123
38758,2023,T2,1,Gasoline,1979,ICE,Not Applicable,≥4,Statewide,19275
38759,2023,MC,Not Applicable,Gasoline,2021,ICE,Not Applicable,≥4,Statewide,19322
38760,2023,MC,Not Applicable,Diesel,2004,ICE,Not Applicable,2,Statewide,3
38761,2023,MC,Not Applicable,Diesel,2005,ICE,Not Applicable,≥4,Statewide,3
38762,2023,MC,Not Applicable,Diesel,2006,ICE,Not Applicable,≥4,Statewide,3
38763,2023,T6,Unknown,Diesel,2019,ICE,Not Applicable,3,Statewide,3
38764,2023,T6,Unknown,Diesel,2018,ICE,Not Applicable,2,Statewide,3
38765,2023,T6,Unknown,Diesel,2017,ICE,Not Applicable,2,Statewide,3
38766,2023,T6,Unknown,Diesel,2012,ICE,Not Applicable,3,Statewide,3
38767,2023,T6,Unknown,Diesel,2008,ICE,Not Applicable,2,Statewide,3
38768,2023,T6,Unknown,Diesel,2007,ICE,Not Applicable,1,Statewide,3
38769,2023,T6,Unknown,Diesel,2003,ICE,Not Applicable,1,Statewide,3
38770,2023,T6,Unknown,Diesel,2002,ICE,Not Applicable,2,Statewide,3
38771,2023,T6,Unknown,Diesel,1998,ICE,Not Applicable,1,Statewide,3
38772,2023,T6,Unknown,Diesel,1998,ICE,Not Applicable,2,Statewide,3
38773,2023,T6,Unknown,Diesel,1996,ICE,Not Applicable,1,Statewide,3
38774,2023,T6,5,Diesel,1996,ICE,Not Applicable,2,Statewide,3
38775,2023,T6,5,Diesel,1996,ICE,Not Applicable,3,Statewide,3
38776,2023,T6,Unknown,Diesel,1994,ICE,Not Applicable,3,Statewide,3
38777,2023,T6,4,Diesel,1992,ICE,Not Applicable,1,Statewide,3
38778,2023,T6,5,Diesel,1992,ICE,Not Applicable,1,Statewide,3
38779,2023,T6,4,Diesel,1991,ICE,Not Applicable,≥4,Statewide,3
38780,2023,T6,4,Diesel,1990,ICE,Not Applicable,≥4,Statewide,3
38781,2023,T6,4,Diesel,1989,ICE,Not Applicable,≥4,Statewide,3
38782,2023,T6,6,Diesel,1989,ICE,Not Applicable,3,Statewide,3
38783,2023,T6,Unknown,Diesel,1987,ICE,Not Applicable,1,Statewide,3
38784,2023,T6,Unknown,Diesel,2019,ICE,Not Applicable,1,Statewide,3
38785,2023,T6,Unknown,Diesel,1986,ICE,Not Applicable,1,Statewide,3
38786,2023,T6,Unknown,Diesel,2020,ICE,Not Applicable,1,Statewide,3
38787,2023,T6,4,Diesel,2025,ICE,Not Applicable,3,Statewide,3
38788,2023,P,Not Applicable,Electric,2008,BEV,Unknown,1,Statewide,3
38789,2023,P,Not Applicable,Electric,2004,BEV,Unknown,≥4,Statewide,3
38790,2023,P,Not Applicable,Electric,1985,BEV,Unknown,2,Statewide,3
38791,2023,MC,Not Applicable,Electric,2013,BEV,Unknown,2,Statewide,3
38792,2023,MC,Not Applicable,Electric,2013,BEV,Unknown,3,Statewide,3
38793,2023,MC,Not Applicable,Electric,2012,BEV,Unknown,3,Statewide,3
38794,2023,MC,Not Applicable,Electric,2007,BEV,Unknown,≥4,Statewide,3
38795,2023,MC,Not Applicable,Electric,1979,BEV,Unknown,3,Statewide,3
38796,2023,MC,Not Applicable,Electric,1979,BEV,Unknown,≥4,Statewide,3
38797,2023,BT,Not Applicable,Electric,2024,BEV,Unknown,2,Statewide,3
38798,2023,BT,Not Applicable,Electric,2020,BEV,Unknown,≥4,Statewide,3
38799,2023,BS,Not Applicable,Electric,2021,BEV,Unknown,≥4,Statewide,3
38800,2023,B,Not Applicable,Electric,2020,BEV,Unknown,≥4,Statewide,3
38801,2023,B,Not Applicable,Electric,2018,BEV,Unknown,≥4,Statewide,3
38802,2023,B,Not Applicable,Electric,2014,BEV,Unknown,3,Statewide,3
38803,2023,B,Not Applicable,Electric,2008,BEV,Unknown,≥4,Statewide,3
38804,2023,B,Not Applicable,Electric,2006,BEV,Unknown,≥4,Statewide,3
38805,2023,B,Not Applicable,Electric,2003,BEV,Unknown,≥4,Statewide,3
38806,2023,B,Not Applicable,Electric,1998,BEV,Unknown,≥4,Statewide,3
38807,2023,T7,8,Diesel,1984,ICE,Not Applicable,3,Statewide,3
38808,2023,T7,8,Diesel,1981,ICE,Not Applicable,3,Statewide,3
38809,2023,T6,Unknown,Diesel,2021,ICE,Not Applicable,2,Statewide,3
38810,2023,T6,7,Natural Gas,2022,ICE,Not Applicable,2,Statewide,2
38811,2023,T6,Unknown,Diesel,1982,ICE,Not Applicable,2,Statewide,3
38812,2023,T6,Unknown,Diesel,1981,ICE,Not Applicable,2,Statewide,3
38813,2023,T3,Unknown,Diesel,1984,ICE,Not Applicable,≥4,Statewide,3
38814,2023,T3,2,Diesel,1984,ICE,Not Applicable,≥4,Statewide,3
38815,2023,T3,2,Diesel,1983,ICE,Not Applicable,3,Statewide,3
38816,2023,T3,Unknown,Diesel,1982,ICE,Not Applicable,≥4,Statewide,3
38817,2023,T2,1,Diesel,1991,ICE,Not Applicable,3,Statewide,3
38818,2023,T2,1,Diesel,1991,ICE,Not Applicable,≥4,Statewide,3
38819,2023,T2,1,Diesel,1989,ICE,Not Applicable,1,Statewide,3
38820,2023,T2,1,Diesel,1986,ICE,Not Applicable,2,Statewide,3
38821,2023,T2,1,Diesel,1981,ICE,Not Applicable,3,Statewide,3
38822,2023,T1,Unknown,Diesel,1979,ICE,Not Applicable,1,Statewide,3
38823,2023,P,Not Applicable,Diesel,1993,ICE,Not Applicable,3,Statewide,3
38824,2023,MH,Not Applicable,Diesel,2025,ICE,Not Applicable,1,Statewide,3
38825,2023,MH,Not Applicable,Diesel,2025,ICE,Not Applicable,2,Statewide,3
38826,2023,MH,Not Applicable,Diesel,1983,ICE,Not Applicable,2,Statewide,3
38827,2023,MH,Not Applicable,Diesel,1981,ICE,Not Applicable,2,Statewide,3
38828,2023,MH,Not Applicable,Diesel,1980,ICE,Not Applicable,1,Statewide,3
38829,2023,MC,Not Applicable,Diesel,2022,ICE,Not Applicable,≥4,Statewide,3
38830,2023,MC,Not Applicable,Diesel,2014,ICE,Not Applicable,3,Statewide,3
38831,2023,MC,Not Applicable,Diesel,2013,ICE,Not Applicable,1,Statewide,3
38832,2023,MC,Not Applicable,Diesel,2012,ICE,Not Applicable,3,Statewide,3
38833,2023,MC,Not Applicable,Diesel,2009,ICE,Not Applicable,2,Statewide,3
38834,2023,T3,Unknown,Diesel,1984,ICE,Not Applicable,3,Statewide,3
38835,2023,T6,7,Diesel,1982,ICE,Not Applicable,2,Statewide,3
38836,2023,T3,Unknown,Diesel,1985,ICE,Not Applicable,1,Statewide,3
38837,2023,T3,Unknown,Diesel,1987,ICE,Not Applicable,3,Statewide,3
38838,2023,T6,7,Diesel,1981,ICE,Not Applicable,2,Statewide,3
38839,2023,T6,Unknown,Diesel,1980,ICE,Not Applicable,3,Statewide,3
38840,2023,T5,3,Diesel,1989,ICE,Not Applicable,1,Statewide,3
38841,2023,T4,Unknown,Diesel,2021,ICE,Not Applicable,≥4,Statewide,3
38842,2023,T4,Unknown,Diesel,2018,ICE,Not Applicable,≥4,Statewide,3
38843,2023,T4,Unknown,Diesel,2003,ICE,Not Applicable,2,Statewide,3
38844,2023,T4,Unknown,Diesel,2000,ICE,Not Applicable,1,Statewide,3
38845,2023,T4,Unknown,Diesel,2000,ICE,Not Applicable,3,Statewide,3
38846,2023,T4,Unknown,Diesel,1985,ICE,Not Applicable,3,Statewide,3
38847,2023,T4,Unknown,Diesel,1979,ICE,Not Applicable,1,Statewide,3
38848,2023,T3,Unknown,Diesel,2021,ICE,Not Applicable,≥4,Statewide,3
38849,2023,T3,Unknown,Diesel,2017,ICE,Not Applicable,≥4,Statewide,3
38850,2023,T3,Unknown,Diesel,2004,ICE,Not Applicable,≥4,Statewide,3
38851,2023,T3,2,Diesel,2003,ICE,Not Applicable,2,Statewide,3
38852,2023,T3,2,Diesel,2002,ICE,Not Applicable,3,Statewide,3
38853,2023,T3,2,Diesel,2000,ICE,Not Applicable,2,Statewide,3
38854,2023,T3,Unknown,Diesel,1997,ICE,Not Applicable,≥4,Statewide,3
38855,2023,T3,Unknown,Diesel,1993,ICE,Not Applicable,2,Statewide,3
38856,2023,T3,Unknown,Diesel,1993,ICE,Not Applicable,3,Statewide,3
38857,2023,T3,2,Diesel,1993,ICE,Not Applicable,3,Statewide,3
38858,2023,T3,2,Diesel,1992,ICE,Not Applicable,1,Statewide,3
38859,2023,T3,Unknown,Diesel,1987,ICE,Not Applicable,≥4,Statewide,3
38860,2023,BT,Not Applicable,Gasoline,2015,ICE,Not Applicable,2,Statewide,7
38861,2023,BT,Not Applicable,Gasoline,2015,ICE,Not Applicable,1,Statewide,7
38862,2023,BT,Not Applicable,Gasoline,2016,ICE,Not Applicable,2,Statewide,7
38863,2023,MH,Not Applicable,Diesel,1988,ICE,Not Applicable,1,Statewide,20
38864,2023,BT,Not Applicable,Diesel,1991,ICE,Not Applicable,1,Statewide,20
38865,2023,BS,Not Applicable,Diesel,2025,ICE,Not Applicable,1,Statewide,20
38866,2023,BS,Not Applicable,Diesel,2018,ICE,Not Applicable,2,Statewide,20
38867,2023,BS,Not Applicable,Diesel,2012,ICE,Not Applicable,1,Statewide,20
38868,2023,BS,Not Applicable,Diesel,2012,ICE,Not Applicable,2,Statewide,20
38869,2023,BS,Not Applicable,Diesel,2008,ICE,Not Applicable,2,Statewide,20
38870,2023,BS,Not Applicable,Diesel,2003,ICE,Not Applicable,3,Statewide,20
38871,2023,BS,Not Applicable,Diesel,1986,ICE,Not Applicable,≥4,Statewide,20
38872,2023,MH,Not Applicable,Diesel,1992,ICE,Not Applicable,1,Statewide,20
38873,2023,B,Not Applicable,Diesel,2022,ICE,Not Applicable,2,Statewide,20
38874,2023,B,Not Applicable,Diesel,2018,ICE,Not Applicable,1,Statewide,20
38875,2023,B,Not Applicable,Diesel,2018,ICE,Not Applicable,2,Statewide,20
38876,2023,B,Not Applicable,Diesel,2009,ICE,Not Applicable,1,Statewide,20
38877,2023,B,Not Applicable,Diesel,1986,ICE,Not Applicable,≥4,Statewide,20
38878,2023,T4,2,Diesel,2008,ICE,Not Applicable,3,Statewide,4585
38879,2023,T4,2,Diesel,2010,ICE,Not Applicable,3,Statewide,4594
38880,2023,T3,Unknown,Gasoline,1979,ICE,Not Applicable,1,Statewide,4600
38881,2023,T6,6,Diesel,2024,ICE,Not Applicable,≥4,Statewide,4619
38882,2023,MC,Not Applicable,Gasoline,2018,ICE,Not Applicable,2,Statewide,4628
38883,2023,B,Not Applicable,Diesel,2021,ICE,Not Applicable,2,Statewide,20
38884,2023,T2,1,Diesel,1987,ICE,Not Applicable,3,Statewide,20
38885,2023,T6,7,Diesel,1991,ICE,Not Applicable,3,Statewide,20
38886,2023,T6,7,Diesel,1993,ICE,Not Applicable,3,Statewide,20
38887,2023,T6,5,Gasoline,2023,ICE,Not Applicable,2,Statewide,20
38888,2023,T6,4,Gasoline,2018,ICE,Not Applicable,3,Statewide,20
38889,2023,T6,Unknown,Gasoline,2014,ICE,Not Applicable,≥4,Statewide,20
38890,2023,T6,5,Gasoline,2012,ICE,Not Applicable,1,Statewide,20
38891,2023,T6,5,Gasoline,2010,ICE,Not Applicable,3,Statewide,20
38892,2023,T6,5,Gasoline,2009,ICE,Not Applicable,2,Statewide,20
38893,2023,T6,5,Gasoline,2004,ICE,Not Applicable,3,Statewide,20
38894,2023,T6,6,Gasoline,1997,ICE,Not Applicable,1,Statewide,20
38895,2023,T6,6,Gasoline,1995,ICE,Not Applicable,1,Statewide,20
38896,2023,T6,Unknown,Gasoline,1990,ICE,Not Applicable,≥4,Statewide,20
38897,2023,T6,6,Gasoline,1983,ICE,Not Applicable,2,Statewide,20
38898,2023,T4,2,Gasoline,2025,ICE,Not Applicable,≥4,Statewide,20
38899,2023,T3,Unknown,Gasoline,1986,ICE,Not Applicable,1,Statewide,20
38900,2023,BT,Not Applicable,Gasoline,2011,ICE,Not Applicable,1,Statewide,20
38901,2023,BS,Not Applicable,Gasoline,2021,ICE,Not Applicable,2,Statewide,20
38902,2023,BS,Not Applicable,Gasoline,2013,ICE,Not Applicable,1,Statewide,20
38903,2023,T1,1,Electric,2003,BEV,51 to 100 miles,≥4,Statewide,20
38904,2023,P,Not Applicable,Electric,2015,BEV,Unknown,1,Statewide,20
38905,2023,MC,Not Applicable,Electric,2019,BEV,Unknown,3,Statewide,20
38906,2023,T6,6,Diesel,1997,ICE,Not Applicable,2,Statewide,20
38907,2023,T6,7,Diesel,1996,ICE,Not Applicable,3,Statewide,20
38908,2023,T4,2,Gasoline,2008,ICE,Not Applicable,1,Statewide,4638
38909,2023,MC,Not Applicable,Gasoline,2011,ICE,Not Applicable,1,Statewide,4641
38910,2023,T3,2,Gasoline,1999,ICE,Not Applicable,1,Statewide,4646
38911,2023,P,Not Applicable,Gasoline,2018,PHEV,0 to 50 miles,2,Statewide,4659
38912,2023,B,Not Applicable,Gasoline,2019,ICE,Not Applicable,3,Statewide,19
38913,2023,B,Not Applicable,Gasoline,1998,ICE,Not Applicable,1,Statewide,19
38914,2023,T7,8,Diesel,1997,ICE,Not Applicable,2,Statewide,19
38915,2023,T7,8,Diesel,1991,ICE,Not Applicable,2,Statewide,19
38916,2023,T6,7,Diesel,2001,ICE,Not Applicable,2,Statewide,19
38917,2023,T6,6,Diesel,1993,ICE,Not Applicable,2,Statewide,19
38918,2023,T6,7,Diesel,1992,ICE,Not Applicable,2,Statewide,19
38919,2023,T6,6,Diesel,1990,ICE,Not Applicable,1,Statewide,19
38920,2023,T4,Unknown,Diesel,1991,ICE,Not Applicable,1,Statewide,19
38921,2023,T3,2,Diesel,2025,ICE,Not Applicable,≥4,Statewide,19
38922,2023,T3,2,Diesel,1996,ICE,Not Applicable,≥4,Statewide,19
38923,2023,T2,1,Diesel,1979,ICE,Not Applicable,2,Statewide,19
38924,2023,T1,1,Diesel,1989,ICE,Not Applicable,1,Statewide,19
38925,2023,P,Not Applicable,Diesel,2024,ICE,Not Applicable,≥4,Statewide,19
38926,2023,P,Not Applicable,Diesel,1980,ICE,Not Applicable,3,Statewide,19
38927,2023,MH,Not Applicable,Diesel,1994,ICE,Not Applicable,1,Statewide,19
38928,2023,MH,Not Applicable,Diesel,1991,ICE,Not Applicable,1,Statewide,19
38929,2023,MH,Not Applicable,Diesel,1986,ICE,Not Applicable,≥4,Statewide,19
38930,2023,MH,Not Applicable,Diesel,1985,ICE,Not Applicable,≥4,Statewide,19
38931,2023,BS,Not Applicable,Diesel,2022,ICE,Not Applicable,2,Statewide,19
38932,2023,BS,Not Applicable,Diesel,2021,ICE,Not Applicable,3,Statewide,19
38933,2023,BS,Not Applicable,Gasoline,2022,ICE,Not Applicable,1,Statewide,19
38934,2023,B,Not Applicable,Natural Gas,2009,ICE,Not Applicable,≥4,Statewide,20
38935,2023,T3,Unknown,Gasoline,1985,ICE,Not Applicable,3,Statewide,19
38936,2023,T4,Unknown,Gasoline,2002,ICE,Not Applicable,1,Statewide,19
38937,2023,T3,2,Diesel,2020,ICE,Not Applicable,≥4,Statewide,4663
38938,2023,T6,Unknown,Natural Gas,2023,ICE,Not Applicable,≥4,Statewide,19
38939,2023,T4,2,Natural Gas,2003,ICE,Not Applicable,≥4,Statewide,19
38940,2023,B,Not Applicable,Natural Gas,2011,ICE,Not Applicable,≥4,Statewide,19
38941,2023,B,Not Applicable,Natural Gas,2004,ICE,Not Applicable,≥4,Statewide,19
38942,2023,T6,5,Gasoline,2016,ICE,Not Applicable,2,Statewide,19
38943,2023,T6,Unknown,Gasoline,2008,ICE,Not Applicable,1,Statewide,19
38944,2023,T6,Unknown,Gasoline,2005,ICE,Not Applicable,1,Statewide,19
38945,2023,T6,5,Gasoline,2004,ICE,Not Applicable,1,Statewide,19
38946,2023,T6,7,Gasoline,1999,ICE,Not Applicable,≥4,Statewide,19
38947,2023,T6,4,Gasoline,1993,ICE,Not Applicable,2,Statewide,19
38948,2023,T6,5,Gasoline,1993,ICE,Not Applicable,≥4,Statewide,19
38949,2023,T6,5,Gasoline,1992,ICE,Not Applicable,≥4,Statewide,19
38950,2023,T6,6,Gasoline,1992,ICE,Not Applicable,1,Statewide,19
38951,2023,T6,5,Gasoline,1987,ICE,Not Applicable,≥4,Statewide,19
38952,2023,T6,6,Gasoline,1984,ICE,Not Applicable,3,Statewide,19
38953,2023,T6,6,Gasoline,1982,ICE,Not Applicable,3,Statewide,19
38954,2023,T6,6,Gasoline,1980,ICE,Not Applicable,3,Statewide,19
38955,2023,T5,3,Gasoline,2025,ICE,Not Applicable,1,Statewide,19
38956,2023,T5,3,Gasoline,1979,ICE,Not Applicable,≥4,Statewide,19
38957,2023,T4,Unknown,Gasoline,2019,ICE,Not Applicable,≥4,Statewide,19
38958,2023,T4,Unknown,Gasoline,1989,ICE,Not Applicable,2,Statewide,19
38959,2023,BS,Not Applicable,Diesel,2017,ICE,Not Applicable,2,Statewide,19
38960,2023,B,Not Applicable,Natural Gas,2020,ICE,Not Applicable,≥4,Statewide,20
38961,2023,T4,2,Natural Gas,2006,ICE,Not Applicable,1,Statewide,20
38962,2023,T6,6,Diesel,1993,ICE,Not Applicable,1,Statewide,22
38963,2023,T4,Unknown,Diesel,1995,ICE,Not Applicable,2,Statewide,22
38964,2023,T2,1,Diesel,1979,ICE,Not Applicable,3,Statewide,22
38965,2023,P,Not Applicable,Diesel,1997,ICE,Not Applicable,2,Statewide,22
38966,2023,P,Not Applicable,Diesel,1995,ICE,Not Applicable,≥4,Statewide,22
38967,2023,MH,Not Applicable,Diesel,1995,ICE,Not Applicable,1,Statewide,22
38968,2023,BT,Not Applicable,Diesel,2004,ICE,Not Applicable,1,Statewide,22
38969,2023,BT,Not Applicable,Diesel,1994,ICE,Not Applicable,1,Statewide,22
38970,2023,BS,Not Applicable,Diesel,2024,ICE,Not Applicable,2,Statewide,22
38971,2023,T6,6,Diesel,1996,ICE,Not Applicable,3,Statewide,22
38972,2023,BS,Not Applicable,Diesel,2003,ICE,Not Applicable,2,Statewide,22
38973,2023,BS,Not Applicable,Diesel,1988,ICE,Not Applicable,≥4,Statewide,22
38974,2023,BS,Not Applicable,Diesel,1987,ICE,Not Applicable,≥4,Statewide,22
38975,2023,B,Not Applicable,Diesel,2000,ICE,Not Applicable,1,Statewide,22
38976,2023,T4,2,Diesel,2008,ICE,Not Applicable,2,Statewide,4357
38977,2023,P,Not Applicable,Gasoline,2022,PHEV,51 to 100 miles,1,Statewide,4360
38978,2023,P,Not Applicable,Electric,2021,BEV,>150 miles,≥4,Statewide,4364
38979,2023,T2,1,Gasoline,1994,ICE,Not Applicable,≥4,Statewide,4395
38980,2023,T4,2,Diesel,2010,ICE,Not Applicable,2,Statewide,4414
38981,2023,P,Not Applicable,Gasoline,1994,ICE,Not Applicable,3,Statewide,4434
38982,2023,BS,Not Applicable,Diesel,1992,ICE,Not Applicable,1,Statewide,22
38983,2023,T6,4,Diesel,2024,ICE,Not Applicable,3,Statewide,22
38984,2023,T7,8,Diesel,1984,ICE,Not Applicable,1,Statewide,22
38985,2023,T7,8,Diesel,1987,ICE,Not Applicable,1,Statewide,22
38986,2023,P,Not Applicable,Gasoline,1980,ICE,Not Applicable,≥4,Statewide,4289
38987,2023,T4,2,Diesel,2022,ICE,Not Applicable,3,Statewide,4300
38988,2023,T4,2,Diesel,2023,ICE,Not Applicable,1,Statewide,4304
38989,2023,T1,1,Gasoline,1997,ICE,Not Applicable,2,Statewide,4305
38990,2023,T4,2,Diesel,2011,ICE,Not Applicable,1,Statewide,4309
38991,2023,T1,1,Gasoline,1979,ICE,Not Applicable,3,Statewide,4339
38992,2023,P,Not Applicable,Gasoline,2025,ICE,Not Applicable,3,Statewide,4341
38993,2023,T7,8,Natural Gas,2018,ICE,Not Applicable,1,Statewide,22
38994,2023,T6,6,Natural Gas,2025,ICE,Not Applicable,≥4,Statewide,22
38995,2023,T6,7,Natural Gas,2010,ICE,Not Applicable,≥4,Statewide,22
38996,2023,T4,2,Natural Gas,2009,ICE,Not Applicable,≥4,Statewide,22
38997,2023,T6,5,Gasoline,2021,ICE,Not Applicable,2,Statewide,22
38998,2023,T6,6,Gasoline,1984,ICE,Not Applicable,2,Statewide,22
38999,2023,T6,5,Gasoline,1980,ICE,Not Applicable,≥4,Statewide,22
39000,2023,T4,Unknown,Gasoline,2001,ICE,Not Applicable,1,Statewide,22
39001,2023,BS,Not Applicable,Gasoline,2009,ICE,Not Applicable,1,Statewide,22
39002,2023,B,Not Applicable,Gasoline,2023,ICE,Not Applicable,3,Statewide,22
39003,2023,B,Not Applicable,Gasoline,1991,ICE,Not Applicable,≥4,Statewide,22
39004,2023,T6,5,Electric,2022,BEV,Unknown,≥4,Statewide,22
39005,2023,MC,Not Applicable,Electric,2019,BEV,Unknown,1,Statewide,22
39006,2023,BT,Not Applicable,Electric,2021,BEV,Unknown,≥4,Statewide,22
39007,2023,MC,Not Applicable,Gasoline,2013,ICE,Not Applicable,2,Statewide,4444
39008,2023,P,Not Applicable,Gasoline,1984,ICE,Not Applicable,≥4,Statewide,4446
39009,2023,T4,2,Diesel,2016,ICE,Not Applicable,≥4,Statewide,4450
39010,2023,T4,2,Gasoline,2006,ICE,Not Applicable,2,Statewide,4464
39011,2023,T6,7,Diesel,1990,ICE,Not Applicable,2,Statewide,21
39012,2023,T4,Unknown,Diesel,1996,ICE,Not Applicable,3,Statewide,21
39013,2023,T3,2,Diesel,1997,ICE,Not Applicable,2,Statewide,21
39014,2023,T2,1,Diesel,1987,ICE,Not Applicable,2,Statewide,21
39015,2023,T2,1,Diesel,1984,ICE,Not Applicable,3,Statewide,21
39016,2023,P,Not Applicable,Diesel,1980,ICE,Not Applicable,1,Statewide,21
39017,2023,BT,Not Applicable,Diesel,1998,ICE,Not Applicable,1,Statewide,21
39018,2023,BT,Not Applicable,Diesel,1993,ICE,Not Applicable,1,Statewide,21
39019,2023,BS,Not Applicable,Diesel,2014,ICE,Not Applicable,3,Statewide,21
39020,2023,BS,Not Applicable,Diesel,2010,ICE,Not Applicable,3,Statewide,21
39021,2023,B,Not Applicable,Diesel,2025,ICE,Not Applicable,≥4,Statewide,21
39022,2023,B,Not Applicable,Diesel,2020,ICE,Not Applicable,3,Statewide,21
39023,2023,B,Not Applicable,Diesel,2006,ICE,Not Applicable,3,Statewide,21
39024,2023,T4,2,Gasoline,2005,ICE,Not Applicable,3,Statewide,4478
39025,2023,T7,8,Gasoline,1979,ICE,Not Applicable,≥4,Statewide,4478
39026,2023,T4,2,Diesel,2022,ICE,Not Applicable,1,Statewide,4492
39027,2023,MC,Not Applicable,Gasoline,2017,ICE,Not Applicable,3,Statewide,4506
39028,2023,T1,1,Gasoline,2024,ICE,Not Applicable,3,Statewide,4536
39029,2023,T5,3,Diesel,2023,ICE,Not Applicable,≥4,Statewide,4557
39030,2023,T7,8,Natural Gas,2024,ICE,Not Applicable,1,Statewide,20
39031,2023,T6,7,Natural Gas,2009,ICE,Not Applicable,≥4,Statewide,20
39032,2023,T6,7,Diesel,1994,ICE,Not Applicable,2,Statewide,21
39033,2023,BT,Not Applicable,Natural Gas,2003,ICE,Not Applicable,≥4,Statewide,20
39034,2023,T6,6,Diesel,1994,ICE,Not Applicable,1,Statewide,21
39035,2023,T6,4,Diesel,1996,ICE,Not Applicable,1,Statewide,21
39036,2023,T4,2,Diesel,2019,ICE,Not Applicable,≥4,Statewide,4477
39037,2023,T6,6,Natural Gas,2024,ICE,Not Applicable,≥4,Statewide,21
39038,2023,T6,6,Natural Gas,2022,ICE,Not Applicable,≥4,Statewide,21
39039,2023,T3,2,Natural Gas,2001,ICE,Not Applicable,≥4,Statewide,21
39040,2023,P,Not Applicable,Natural Gas,2018,ICE,Not Applicable,2,Statewide,21
39041,2023,T6,5,Gasoline,2018,ICE,Not Applicable,2,Statewide,21
39042,2023,T6,5,Gasoline,2010,ICE,Not Applicable,2,Statewide,21
39043,2023,T6,5,Gasoline,2005,ICE,Not Applicable,1,Statewide,21
39044,2023,T6,6,Gasoline,2002,ICE,Not Applicable,2,Statewide,21
39045,2023,T6,Unknown,Gasoline,1982,ICE,Not Applicable,1,Statewide,21
39046,2023,T6,7,Gasoline,1979,ICE,Not Applicable,3,Statewide,21
39047,2023,BT,Not Applicable,Gasoline,1997,ICE,Not Applicable,≥4,Statewide,21
39048,2023,B,Not Applicable,Gasoline,2000,ICE,Not Applicable,1,Statewide,21
39049,2023,B,Not Applicable,Gasoline,1997,ICE,Not Applicable,≥4,Statewide,21
39050,2023,T6,Unknown,Electric,2011,BEV,Unknown,≥4,Statewide,21
39051,2023,MC,Not Applicable,Electric,2025,BEV,Unknown,3,Statewide,21
39052,2023,BS,Not Applicable,Electric,2024,BEV,Unknown,≥4,Statewide,21
39053,2023,T7,8,Diesel,1992,ICE,Not Applicable,2,Statewide,21
39054,2023,T6,5,Diesel,2002,ICE,Not Applicable,3,Statewide,21
39055,2023,T6,7,Diesel,1999,ICE,Not Applicable,2,Statewide,21
39056,2023,T6,7,Diesel,1997,ICE,Not Applicable,2,Statewide,21
39057,2023,T6,4,Diesel,1996,ICE,Not Applicable,2,Statewide,21
39058,2023,BS,Not Applicable,Diesel,2014,ICE,Not Applicable,2,Statewide,19
39059,2023,BS,Not Applicable,Diesel,2007,ICE,Not Applicable,2,Statewide,19
39060,2023,BS,Not Applicable,Diesel,2001,ICE,Not Applicable,3,Statewide,19
39061,2023,T6,4,Natural Gas,2017,ICE,Not Applicable,≥4,Statewide,16
39062,2023,T3,2,Natural Gas,2005,ICE,Not Applicable,3,Statewide,16
39063,2023,T7,8,Gasoline,1991,ICE,Not Applicable,≥4,Statewide,16
39064,2023,T6,6,Gasoline,2024,ICE,Not Applicable,2,Statewide,16
39065,2023,T6,6,Gasoline,2021,ICE,Not Applicable,1,Statewide,16
39066,2023,T6,5,Gasoline,2019,ICE,Not Applicable,2,Statewide,16
39067,2023,T6,5,Gasoline,2015,ICE,Not Applicable,1,Statewide,16
39068,2023,T6,5,Gasoline,2014,ICE,Not Applicable,3,Statewide,16
39069,2023,T6,5,Gasoline,2012,ICE,Not Applicable,3,Statewide,16
39070,2023,T2,1,Gasoline,1979,ICE,Not Applicable,2,Statewide,5030
39071,2023,T6,5,Gasoline,2004,ICE,Not Applicable,2,Statewide,16
39072,2023,T6,6,Gasoline,1995,ICE,Not Applicable,2,Statewide,16
39073,2023,T6,6,Gasoline,1991,ICE,Not Applicable,1,Statewide,16
39074,2023,T6,6,Gasoline,1989,ICE,Not Applicable,1,Statewide,16
39075,2023,T6,5,Gasoline,1983,ICE,Not Applicable,≥4,Statewide,16
39076,2023,T6,5,Gasoline,1982,ICE,Not Applicable,≥4,Statewide,16
39077,2023,T6,5,Gasoline,1981,ICE,Not Applicable,≥4,Statewide,16
39078,2023,T4,Unknown,Gasoline,2017,ICE,Not Applicable,≥4,Statewide,16
39079,2023,T3,Unknown,Gasoline,1987,ICE,Not Applicable,≥4,Statewide,16
39080,2023,BT,Not Applicable,Gasoline,2018,ICE,Not Applicable,1,Statewide,16
39081,2023,T6,6,Gasoline,2002,ICE,Not Applicable,3,Statewide,16
39082,2023,P,Not Applicable,Electric,2021,BEV,>150 miles,2,Statewide,4996
39083,2023,T1,1,Gasoline,2010,ICE,Not Applicable,1,Statewide,4976
39084,2023,P,Not Applicable,Gasoline,2022,PHEV,51 to 100 miles,2,Statewide,4974
39085,2023,T1,1,Diesel,1990,ICE,Not Applicable,1,Statewide,17
39086,2023,P,Not Applicable,Diesel,1997,ICE,Not Applicable,1,Statewide,17
39087,2023,MH,Not Applicable,Diesel,1989,ICE,Not Applicable,2,Statewide,17
39088,2023,MH,Not Applicable,Diesel,1988,ICE,Not Applicable,2,Statewide,17
39089,2023,BS,Not Applicable,Diesel,2024,ICE,Not Applicable,3,Statewide,17
39090,2023,BS,Not Applicable,Diesel,2019,ICE,Not Applicable,2,Statewide,17
39091,2023,BS,Not Applicable,Diesel,2012,ICE,Not Applicable,3,Statewide,17
39092,2023,BS,Not Applicable,Diesel,2009,ICE,Not Applicable,2,Statewide,17
39093,2023,BS,Not Applicable,Diesel,2002,ICE,Not Applicable,3,Statewide,17
39094,2023,BS,Not Applicable,Diesel,1999,ICE,Not Applicable,2,Statewide,17
39095,2023,BS,Not Applicable,Diesel,1999,ICE,Not Applicable,3,Statewide,17
39096,2023,BS,Not Applicable,Diesel,1998,ICE,Not Applicable,2,Statewide,17
39097,2023,BS,Not Applicable,Diesel,1995,ICE,Not Applicable,3,Statewide,17
39098,2023,BS,Not Applicable,Diesel,1993,ICE,Not Applicable,1,Statewide,17
39099,2023,B,Not Applicable,Diesel,2009,ICE,Not Applicable,3,Statewide,17
39100,2023,B,Not Applicable,Diesel,2008,ICE,Not Applicable,3,Statewide,17
39101,2023,B,Not Applicable,Diesel,2003,ICE,Not Applicable,3,Statewide,17
39102,2023,B,Not Applicable,Diesel,1980,ICE,Not Applicable,≥4,Statewide,17
39103,2023,MC,Not Applicable,Gasoline,2003,ICE,Not Applicable,≥4,Statewide,4945
39104,2023,MC,Not Applicable,Gasoline,2019,ICE,Not Applicable,1,Statewide,4947
39105,2023,MC,Not Applicable,Gasoline,2014,ICE,Not Applicable,2,Statewide,4959
39106,2023,BS,Not Applicable,Gasoline,2016,ICE,Not Applicable,1,Statewide,16
39107,2023,B,Not Applicable,Gasoline,2002,ICE,Not Applicable,3,Statewide,16
39108,2023,B,Not Applicable,Gasoline,1982,ICE,Not Applicable,≥4,Statewide,16
39109,2023,T4,Unknown,Electric,1998,BEV,Unknown,≥4,Statewide,16
39110,2023,B,Not Applicable,Diesel,2005,ICE,Not Applicable,2,Statewide,16
39111,2023,B,Not Applicable,Diesel,1979,ICE,Not Applicable,3,Statewide,16
39112,2023,MC,Not Applicable,Gasoline,2009,ICE,Not Applicable,3,Statewide,5091
39113,2023,T1,1,Gasoline,1990,ICE,Not Applicable,≥4,Statewide,5098
39114,2023,P,Not Applicable,Gasoline,1994,ICE,Not Applicable,2,Statewide,5107
39115,2023,T2,1,Gasoline,2000,ICE,Not Applicable,3,Statewide,5152
39116,2023,MC,Not Applicable,Gasoline,2019,ICE,Not Applicable,2,Statewide,5169
39117,2023,P,Not Applicable,Gasoline,1989,ICE,Not Applicable,≥4,Statewide,5194
39118,2023,T6,7,Natural Gas,2016,ICE,Not Applicable,≥4,Statewide,15
39119,2023,T4,2,Natural Gas,2009,ICE,Not Applicable,1,Statewide,15
39120,2023,T4,2,Natural Gas,2002,ICE,Not Applicable,1,Statewide,15
39121,2023,T4,2,Natural Gas,1999,ICE,Not Applicable,≥4,Statewide,15
39122,2023,T3,2,Natural Gas,2003,ICE,Not Applicable,1,Statewide,15
39123,2023,P,Not Applicable,Natural Gas,2002,ICE,Not Applicable,≥4,Statewide,15
39124,2023,BT,Not Applicable,Natural Gas,2009,ICE,Not Applicable,1,Statewide,15
39125,2023,B,Not Applicable,Natural Gas,2019,ICE,Not Applicable,≥4,Statewide,15
39126,2023,B,Not Applicable,Natural Gas,2017,ICE,Not Applicable,≥4,Statewide,15
39127,2023,T7,8,Gasoline,1992,ICE,Not Applicable,≥4,Statewide,15
39128,2023,T7,8,Gasoline,1989,ICE,Not Applicable,≥4,Statewide,15
39129,2023,T6,6,Gasoline,2023,ICE,Not Applicable,1,Statewide,15
39130,2023,T6,4,Gasoline,2016,ICE,Not Applicable,1,Statewide,15
39131,2023,B,Not Applicable,Diesel,2019,ICE,Not Applicable,2,Statewide,16
39132,2023,T3,2,Diesel,1997,ICE,Not Applicable,1,Statewide,17
39133,2023,BS,Not Applicable,Diesel,1980,ICE,Not Applicable,≥4,Statewide,16
39134,2023,BS,Not Applicable,Diesel,2006,ICE,Not Applicable,3,Statewide,16
39135,2023,T1,1,Electric,2004,BEV,Unknown,1,Statewide,16
39136,2023,P,Not Applicable,Electric,2014,BEV,Unknown,1,Statewide,16
39137,2023,MC,Not Applicable,Electric,2020,BEV,Unknown,3,Statewide,16
39138,2023,MC,Not Applicable,Electric,2015,BEV,Unknown,≥4,Statewide,16
39139,2023,MC,Not Applicable,Electric,2013,BEV,Unknown,≥4,Statewide,16
39140,2023,T7,8,Diesel,1988,ICE,Not Applicable,2,Statewide,16
39141,2023,T7,8,Diesel,1987,ICE,Not Applicable,3,Statewide,16
39142,2023,T7,8,Diesel,1984,ICE,Not Applicable,2,Statewide,16
39143,2023,T6,5,Diesel,2003,ICE,Not Applicable,2,Statewide,16
39144,2023,T6,5,Diesel,2003,ICE,Not Applicable,3,Statewide,16
39145,2023,T6,5,Diesel,2002,ICE,Not Applicable,1,Statewide,16
39146,2023,T6,5,Diesel,1991,ICE,Not Applicable,≥4,Statewide,16
39147,2023,T4,Unknown,Diesel,1996,ICE,Not Applicable,2,Statewide,16
39148,2023,T4,Unknown,Diesel,1995,ICE,Not Applicable,1,Statewide,16
39149,2023,T4,Unknown,Diesel,1994,ICE,Not Applicable,1,Statewide,16
39150,2023,T2,1,Diesel,1985,ICE,Not Applicable,3,Statewide,16
39151,2023,T2,1,Diesel,1984,ICE,Not Applicable,2,Statewide,16
39152,2023,T2,1,Diesel,1981,ICE,Not Applicable,≥4,Statewide,16
39153,2023,T1,1,Diesel,1991,ICE,Not Applicable,≥4,Statewide,16
39154,2023,MH,Not Applicable,Diesel,1991,ICE,Not Applicable,3,Statewide,16
39155,2023,MH,Not Applicable,Diesel,1990,ICE,Not Applicable,3,Statewide,16
39156,2023,BS,Not Applicable,Diesel,1994,ICE,Not Applicable,1,Statewide,16
39157,2023,T3,2,Diesel,2000,ICE,Not Applicable,3,Statewide,17
39158,2023,T4,Unknown,Diesel,1991,ICE,Not Applicable,2,Statewide,17
39159,2023,T6,7,Diesel,1988,ICE,Not Applicable,1,Statewide,17
39160,2023,T2,Unknown,Gasoline,2019,ICE,Not Applicable,≥4,Statewide,18
39161,2023,BT,Not Applicable,Gasoline,2017,ICE,Not Applicable,1,Statewide,18
39162,2023,BT,Not Applicable,Gasoline,2016,ICE,Not Applicable,1,Statewide,18
39163,2023,BT,Not Applicable,Gasoline,2003,ICE,Not Applicable,≥4,Statewide,18
39164,2023,BS,Not Applicable,Gasoline,2002,ICE,Not Applicable,≥4,Statewide,18
39165,2023,BS,Not Applicable,Gasoline,1988,ICE,Not Applicable,≥4,Statewide,18
39166,2023,B,Not Applicable,Gasoline,1993,ICE,Not Applicable,≥4,Statewide,18
39167,2023,B,Not Applicable,Gasoline,1980,ICE,Not Applicable,≥4,Statewide,18
39168,2023,T6,Unknown,Electric,2022,BEV,Unknown,≥4,Statewide,18
39169,2023,T6,Unknown,Electric,2013,BEV,Unknown,≥4,Statewide,18
39170,2023,T6,Unknown,Electric,2012,BEV,Unknown,≥4,Statewide,18
39171,2023,T2,1,Electric,2007,BEV,Unknown,2,Statewide,18
39172,2023,T1,1,Electric,2006,BEV,Unknown,≥4,Statewide,18
39173,2023,BT,Not Applicable,Electric,2024,BEV,Unknown,≥4,Statewide,18
39174,2023,T7,8,Diesel,1991,ICE,Not Applicable,3,Statewide,18
39175,2023,T6,5,Diesel,2000,ICE,Not Applicable,1,Statewide,18
39176,2023,T6,4,Diesel,1998,ICE,Not Applicable,2,Statewide,18
39177,2023,T4,Unknown,Diesel,1994,ICE,Not Applicable,2,Statewide,18
39178,2023,T3,2,Diesel,1991,ICE,Not Applicable,1,Statewide,18
39179,2023,T3,2,Diesel,1990,ICE,Not Applicable,2,Statewide,18
39180,2023,T2,1,Diesel,1989,ICE,Not Applicable,≥4,Statewide,18
39181,2023,T2,Unknown,Gasoline,2019,ICE,Not Applicable,2,Statewide,18
39182,2023,T2,1,Diesel,1988,ICE,Not Applicable,3,Statewide,18
39183,2023,T5,3,Gasoline,1989,ICE,Not Applicable,2,Statewide,18
39184,2023,T6,5,Gasoline,1996,ICE,Not Applicable,≥4,Statewide,18
39185,2023,B,Not Applicable,Diesel,2014,ICE,Not Applicable,1,Statewide,19
39186,2023,B,Not Applicable,Diesel,2011,ICE,Not Applicable,2,Statewide,19
39187,2023,T1,1,Gasoline,1996,ICE,Not Applicable,2,Statewide,4685
39188,2023,T1,1,Gasoline,1996,ICE,Not Applicable,3,Statewide,4710
39189,2023,T4,2,Diesel,2021,ICE,Not Applicable,1,Statewide,4771
39190,2023,P,Not Applicable,Gasoline,2018,PHEV,0 to 50 miles,≥4,Statewide,4773
39191,2023,P,Not Applicable,Gasoline,1994,ICE,Not Applicable,1,Statewide,4781
39192,2023,MC,Not Applicable,Gasoline,2007,ICE,Not Applicable,3,Statewide,4790
39193,2023,T1,1,Gasoline,1998,ICE,Not Applicable,1,Statewide,4800
39194,2023,T4,2,Diesel,2022,ICE,Not Applicable,2,Statewide,4803
39195,2023,T4,2,Gasoline,2009,ICE,Not Applicable,2,Statewide,4805
39196,2023,T7,8,Natural Gas,2014,ICE,Not Applicable,1,Statewide,18
39197,2023,T6,6,Natural Gas,2014,ICE,Not Applicable,1,Statewide,18
39198,2023,T3,2,Natural Gas,2007,ICE,Not Applicable,3,Statewide,18
39199,2023,T3,2,Natural Gas,2005,ICE,Not Applicable,2,Statewide,18
39200,2023,P,Not Applicable,Natural Gas,2020,ICE,Not Applicable,1,Statewide,18
39201,2023,P,Not Applicable,Natural Gas,2020,ICE,Not Applicable,2,Statewide,18
39202,2023,P,Not Applicable,Natural Gas,2004,ICE,Not Applicable,2,Statewide,18
39203,2023,T6,Unknown,Gasoline,2022,ICE,Not Applicable,≥4,Statewide,18
39204,2023,T6,6,Gasoline,2011,ICE,Not Applicable,1,Statewide,18
39205,2023,T6,6,Gasoline,2000,ICE,Not Applicable,3,Statewide,18
39206,2023,T6,7,Gasoline,1985,ICE,Not Applicable,1,Statewide,18
39207,2023,B,Not Applicable,Diesel,1984,ICE,Not Applicable,≥4,Statewide,23
39208,2023,T2,1,Diesel,1986,ICE,Not Applicable,≥4,Statewide,18
39209,2023,MH,Not Applicable,Diesel,1983,ICE,Not Applicable,≥4,Statewide,18
39210,2023,T6,4,Gasoline,2014,ICE,Not Applicable,3,Statewide,17
39211,2023,T6,5,Gasoline,2013,ICE,Not Applicable,3,Statewide,17
39212,2023,T6,5,Gasoline,2008,ICE,Not Applicable,2,Statewide,17
39213,2023,T6,6,Gasoline,1996,ICE,Not Applicable,2,Statewide,17
39214,2023,T6,6,Gasoline,1990,ICE,Not Applicable,1,Statewide,17
39215,2023,T6,6,Gasoline,1987,ICE,Not Applicable,1,Statewide,17
39216,2023,T6,6,Gasoline,1985,ICE,Not Applicable,1,Statewide,17
39217,2023,T6,6,Gasoline,1983,ICE,Not Applicable,3,Statewide,17
39218,2023,T6,Unknown,Gasoline,1982,ICE,Not Applicable,3,Statewide,17
39219,2023,T5,3,Gasoline,1988,ICE,Not Applicable,1,Statewide,17
39220,2023,T5,3,Gasoline,1979,ICE,Not Applicable,1,Statewide,17
39221,2023,T3,Unknown,Gasoline,1986,ICE,Not Applicable,3,Statewide,17
39222,2023,BT,Not Applicable,Gasoline,1996,ICE,Not Applicable,≥4,Statewide,17
39223,2023,BT,Not Applicable,Gasoline,1979,ICE,Not Applicable,1,Statewide,17
39224,2023,BS,Not Applicable,Gasoline,1983,ICE,Not Applicable,≥4,Statewide,17
39225,2023,BS,Not Applicable,Gasoline,1980,ICE,Not Applicable,1,Statewide,17
39226,2023,P,Not Applicable,Electric,2017,BEV,Unknown,3,Statewide,17
39227,2023,P,Not Applicable,Electric,2007,BEV,Unknown,1,Statewide,17
39228,2023,T6,7,Diesel,2001,ICE,Not Applicable,3,Statewide,17
39229,2023,T6,7,Diesel,1998,ICE,Not Applicable,2,Statewide,17
39230,2023,T6,7,Diesel,1989,ICE,Not Applicable,1,Statewide,17
39231,2023,T6,7,Gasoline,2018,ICE,Not Applicable,≥4,Statewide,17
39232,2023,MH,Not Applicable,Diesel,1988,ICE,Not Applicable,3,Statewide,18
39233,2023,T6,5,Gasoline,2018,ICE,Not Applicable,3,Statewide,17
39234,2023,B,Not Applicable,Natural Gas,2005,ICE,Not Applicable,≥4,Statewide,17
39235,2023,BS,Not Applicable,Diesel,2023,ICE,Not Applicable,2,Statewide,18
39236,2023,BS,Not Applicable,Diesel,2015,ICE,Not Applicable,3,Statewide,18
39237,2023,BS,Not Applicable,Diesel,2013,ICE,Not Applicable,3,Statewide,18
39238,2023,B,Not Applicable,Diesel,2016,ICE,Not Applicable,1,Statewide,18
39239,2023,B,Not Applicable,Diesel,2010,ICE,Not Applicable,3,Statewide,18
39240,2023,B,Not Applicable,Diesel,2004,ICE,Not Applicable,2,Statewide,18
39241,2023,T4,2,Gasoline,2009,ICE,Not Applicable,3,Statewide,4822
39242,2023,T4,2,Gasoline,2006,ICE,Not Applicable,3,Statewide,4824
39243,2023,T4,2,Diesel,2021,ICE,Not Applicable,3,Statewide,4851
39244,2023,P,Not Applicable,Gasoline,2019,PHEV,0 to 50 miles,3,Statewide,4891
39245,2023,MC,Not Applicable,Gasoline,2010,ICE,Not Applicable,2,Statewide,4905
39246,2023,T4,2,Gasoline,2022,ICE,Not Applicable,1,Statewide,4909
39247,2023,T7,8,Natural Gas,2024,ICE,Not Applicable,2,Statewide,17
39248,2023,T6,Unknown,Natural Gas,2017,ICE,Not Applicable,≥4,Statewide,17
39249,2023,T6,4,Natural Gas,2012,ICE,Not Applicable,1,Statewide,17
39250,2023,T6,6,Natural Gas,2012,ICE,Not Applicable,1,Statewide,17
39251,2023,T4,2,Natural Gas,2023,ICE,Not Applicable,≥4,Statewide,17
39252,2023,T4,2,Natural Gas,2001,ICE,Not Applicable,≥4,Statewide,17
39253,2023,T3,2,Natural Gas,2006,ICE,Not Applicable,3,Statewide,17
39254,2023,P,Not Applicable,Natural Gas,2020,ICE,Not Applicable,3,Statewide,17
39255,2023,P,Not Applicable,Natural Gas,1979,ICE,Not Applicable,3,Statewide,17
39256,2023,T6,Unknown,Gasoline,2023,ICE,Not Applicable,≥4,Statewide,17
39257,2023,T6,4,Gasoline,2014,ICE,Not Applicable,2,Statewide,15
39258,2023,B,Not Applicable,Diesel,2002,ICE,Not Applicable,1,Statewide,23
39259,2023,BS,Not Applicable,Diesel,2016,ICE,Not Applicable,1,Statewide,23
39260,2023,T7,8,Natural Gas,2015,ICE,Not Applicable,1,Statewide,29
39261,2023,T6,7,Natural Gas,2024,ICE,Not Applicable,≥4,Statewide,29
39262,2023,T4,2,Natural Gas,2007,ICE,Not Applicable,≥4,Statewide,29
39263,2023,T3,2,Natural Gas,2006,ICE,Not Applicable,2,Statewide,29
39264,2023,P,Not Applicable,Natural Gas,2009,ICE,Not Applicable,3,Statewide,29
39265,2023,P,Not Applicable,Natural Gas,2008,ICE,Not Applicable,3,Statewide,29
39266,2023,P,Not Applicable,Natural Gas,2004,ICE,Not Applicable,1,Statewide,29
39267,2023,T6,6,Gasoline,2024,ICE,Not Applicable,1,Statewide,29
39268,2023,T6,5,Gasoline,2017,ICE,Not Applicable,2,Statewide,29
39269,2023,T4,2,Diesel,2007,ICE,Not Applicable,2,Statewide,3873
39270,2023,T6,6,Gasoline,2000,ICE,Not Applicable,2,Statewide,29
39271,2023,T5,3,Gasoline,1990,ICE,Not Applicable,3,Statewide,29
39272,2023,BT,Not Applicable,Gasoline,1995,ICE,Not Applicable,≥4,Statewide,29
39273,2023,BS,Not Applicable,Gasoline,2020,ICE,Not Applicable,1,Statewide,29
39274,2023,BS,Not Applicable,Gasoline,2011,ICE,Not Applicable,1,Statewide,29
39275,2023,B,Not Applicable,Gasoline,1989,ICE,Not Applicable,≥4,Statewide,29
39276,2023,B,Not Applicable,Gasoline,1985,ICE,Not Applicable,≥4,Statewide,29
39277,2023,MC,Not Applicable,Electric,2021,BEV,Unknown,2,Statewide,29
39278,2023,T7,8,Diesel,1993,ICE,Not Applicable,2,Statewide,29
39279,2023,T6,4,Diesel,1997,ICE,Not Applicable,2,Statewide,29
39280,2023,T6,Unknown,Gasoline,1985,ICE,Not Applicable,≥4,Statewide,29
39281,2023,MC,Not Applicable,Gasoline,2024,ICE,Not Applicable,3,Statewide,3867
39282,2023,T4,2,Gasoline,2012,ICE,Not Applicable,2,Statewide,3857
39283,2023,T2,1,Gasoline,2025,ICE,Not Applicable,1,Statewide,3849
39284,2023,T6,7,Gasoline,2021,ICE,Not Applicable,≥4,Statewide,30
39285,2023,T6,5,Gasoline,2010,ICE,Not Applicable,1,Statewide,30
39286,2023,T6,6,Gasoline,2010,ICE,Not Applicable,3,Statewide,30
39287,2023,T6,5,Gasoline,2006,ICE,Not Applicable,1,Statewide,30
39288,2023,T6,7,Gasoline,1982,ICE,Not Applicable,≥4,Statewide,30
39289,2023,T5,3,Gasoline,2025,ICE,Not Applicable,≥4,Statewide,30
39290,2023,T5,3,Gasoline,1989,ICE,Not Applicable,1,Statewide,30
39291,2023,B,Not Applicable,Gasoline,2002,ICE,Not Applicable,1,Statewide,30
39292,2023,MC,Not Applicable,Electric,2025,BEV,Unknown,≥4,Statewide,30
39293,2023,MC,Not Applicable,Electric,1998,BEV,Unknown,≥4,Statewide,30
39294,2023,T7,8,Diesel,1998,ICE,Not Applicable,2,Statewide,30
39295,2023,T7,8,Diesel,1990,ICE,Not Applicable,3,Statewide,30
39296,2023,T7,8,Diesel,1989,ICE,Not Applicable,2,Statewide,30
39297,2023,T6,6,Diesel,1999,ICE,Not Applicable,2,Statewide,30
39298,2023,T6,7,Diesel,1998,ICE,Not Applicable,3,Statewide,30
39299,2023,T6,7,Diesel,1993,ICE,Not Applicable,2,Statewide,30
39300,2023,T3,2,Diesel,1994,ICE,Not Applicable,≥4,Statewide,30
39301,2023,T1,1,Diesel,1988,ICE,Not Applicable,3,Statewide,30
39302,2023,P,Not Applicable,Diesel,1979,ICE,Not Applicable,1,Statewide,30
39303,2023,B,Not Applicable,Diesel,2022,ICE,Not Applicable,1,Statewide,30
39304,2023,B,Not Applicable,Diesel,1991,ICE,Not Applicable,≥4,Statewide,30
39305,2023,T6,7,Diesel,1995,ICE,Not Applicable,2,Statewide,29
39306,2023,T6,7,Diesel,1982,ICE,Not Applicable,1,Statewide,29
39307,2023,T5,3,Diesel,1992,ICE,Not Applicable,2,Statewide,29
39308,2023,T1,1,Diesel,1990,ICE,Not Applicable,3,Statewide,29
39309,2023,T6,6,Gasoline,2000,ICE,Not Applicable,1,Statewide,28
39310,2023,T6,7,Gasoline,1979,ICE,Not Applicable,2,Statewide,28
39311,2023,BS,Not Applicable,Gasoline,2021,ICE,Not Applicable,1,Statewide,28
39312,2023,BS,Not Applicable,Gasoline,1999,ICE,Not Applicable,≥4,Statewide,28
39313,2023,B,Not Applicable,Gasoline,1994,ICE,Not Applicable,≥4,Statewide,28
39314,2023,B,Not Applicable,Gasoline,1984,ICE,Not Applicable,≥4,Statewide,28
39315,2023,P,Not Applicable,Electric,2018,BEV,0 to 50 miles,≥4,Statewide,28
39316,2023,T7,8,Diesel,1997,ICE,Not Applicable,3,Statewide,28
39317,2023,T7,8,Diesel,1988,ICE,Not Applicable,1,Statewide,28
39318,2023,T6,5,Diesel,2003,ICE,Not Applicable,1,Statewide,28
39319,2023,T6,7,Diesel,2002,ICE,Not Applicable,3,Statewide,28
39320,2023,T6,4,Diesel,1993,ICE,Not Applicable,1,Statewide,28
39321,2023,T3,2,Diesel,1995,ICE,Not Applicable,≥4,Statewide,28
39322,2023,T2,1,Diesel,2010,ICE,Not Applicable,2,Statewide,28
39323,2023,BS,Not Applicable,Diesel,2013,ICE,Not Applicable,2,Statewide,28
39324,2023,BS,Not Applicable,Diesel,1995,ICE,Not Applicable,2,Statewide,28
39325,2023,BS,Not Applicable,Diesel,1981,ICE,Not Applicable,≥4,Statewide,28
39326,2023,B,Not Applicable,Diesel,2021,ICE,Not Applicable,1,Statewide,28
39327,2023,B,Not Applicable,Diesel,2017,ICE,Not Applicable,1,Statewide,28
39328,2023,B,Not Applicable,Diesel,2004,ICE,Not Applicable,3,Statewide,28
39329,2023,T2,1,Gasoline,1993,ICE,Not Applicable,≥4,Statewide,3955
39330,2023,T6,6,Gasoline,2005,ICE,Not Applicable,1,Statewide,28
39331,2023,T6,4,Gasoline,2024,ICE,Not Applicable,2,Statewide,30
39332,2023,T6,Unknown,Gasoline,2017,ICE,Not Applicable,≥4,Statewide,28
39333,2023,T6,5,Gasoline,2023,ICE,Not Applicable,3,Statewide,28
39334,2023,P,Not Applicable,Diesel,1982,ICE,Not Applicable,3,Statewide,29
39335,2023,BS,Not Applicable,Diesel,2021,ICE,Not Applicable,2,Statewide,29
39336,2023,BS,Not Applicable,Diesel,2020,ICE,Not Applicable,3,Statewide,29
39337,2023,BS,Not Applicable,Diesel,2010,ICE,Not Applicable,1,Statewide,29
39338,2023,BS,Not Applicable,Diesel,2000,ICE,Not Applicable,1,Statewide,29
39339,2023,BS,Not Applicable,Diesel,1984,ICE,Not Applicable,≥4,Statewide,29
39340,2023,BS,Not Applicable,Diesel,1979,ICE,Not Applicable,3,Statewide,29
39341,2023,B,Not Applicable,Diesel,2007,ICE,Not Applicable,2,Statewide,29
39342,2023,B,Not Applicable,Diesel,2003,ICE,Not Applicable,1,Statewide,29
39343,2023,T4,2,Diesel,2007,ICE,Not Applicable,3,Statewide,3877
39344,2023,T1,1,Gasoline,1996,ICE,Not Applicable,1,Statewide,3888
39345,2023,T4,2,Gasoline,2023,ICE,Not Applicable,1,Statewide,3893
39346,2023,P,Not Applicable,Gasoline,1983,ICE,Not Applicable,≥4,Statewide,3896
39347,2023,T6,5,Diesel,2024,ICE,Not Applicable,≥4,Statewide,3899
39348,2023,MC,Not Applicable,Gasoline,2006,ICE,Not Applicable,3,Statewide,3912
39349,2023,T1,1,Gasoline,2010,ICE,Not Applicable,3,Statewide,3916
39350,2023,MC,Not Applicable,Gasoline,2024,ICE,Not Applicable,2,Statewide,3919
39351,2023,T3,2,Gasoline,1996,ICE,Not Applicable,≥4,Statewide,3938
39352,2023,MC,Not Applicable,Gasoline,2010,ICE,Not Applicable,1,Statewide,3944
39353,2023,T7,8,Natural Gas,2023,ICE,Not Applicable,1,Statewide,28
39354,2023,P,Not Applicable,Natural Gas,2008,ICE,Not Applicable,2,Statewide,28
39355,2023,T6,4,Gasoline,2019,ICE,Not Applicable,2,Statewide,28
39356,2023,MC,Not Applicable,Gasoline,2001,ICE,Not Applicable,≥4,Statewide,3978
39357,2023,T4,2,Gasoline,2012,ICE,Not Applicable,3,Statewide,3795
39358,2023,MC,Not Applicable,Gasoline,2013,ICE,Not Applicable,1,Statewide,3784
39359,2023,T6,6,Gasoline,2005,ICE,Not Applicable,2,Statewide,33
39360,2023,T6,5,Gasoline,1979,ICE,Not Applicable,3,Statewide,33
39361,2023,T5,3,Gasoline,1993,ICE,Not Applicable,2,Statewide,33
39362,2023,T4,Unknown,Gasoline,1989,ICE,Not Applicable,3,Statewide,33
39363,2023,BS,Not Applicable,Gasoline,1985,ICE,Not Applicable,≥4,Statewide,33
39364,2023,B,Not Applicable,Gasoline,2015,ICE,Not Applicable,3,Statewide,33
39365,2023,P,Not Applicable,Electric,2015,BEV,>150 miles,3,Statewide,33
39366,2023,P,Not Applicable,Electric,2007,BEV,Unknown,3,Statewide,33
39367,2023,MC,Not Applicable,Electric,2025,BEV,Unknown,1,Statewide,33
39368,2023,T6,4,Gasoline,2018,ICE,Not Applicable,2,Statewide,33
39369,2023,T6,7,Diesel,2007,ICE,Not Applicable,3,Statewide,33
39370,2023,T6,4,Diesel,1995,ICE,Not Applicable,1,Statewide,33
39371,2023,T6,7,Diesel,1994,ICE,Not Applicable,1,Statewide,33
39372,2023,T5,3,Diesel,1992,ICE,Not Applicable,3,Statewide,33
39373,2023,B,Not Applicable,Diesel,2012,ICE,Not Applicable,2,Statewide,33
39374,2023,P,Not Applicable,Gasoline,1993,ICE,Not Applicable,2,Statewide,3684
39375,2023,T4,2,Diesel,2023,ICE,Not Applicable,3,Statewide,3696
39376,2023,P,Not Applicable,Gasoline,1981,ICE,Not Applicable,≥4,Statewide,3710
39377,2023,P,Not Applicable,Electric,2022,BEV,51 to 100 miles,2,Statewide,3716
39378,2023,P,Not Applicable,Natural Gas,2010,ICE,Not Applicable,3,Statewide,32
39379,2023,T6,4,Diesel,1999,ICE,Not Applicable,3,Statewide,33
39380,2023,B,Not Applicable,Natural Gas,2006,ICE,Not Applicable,≥4,Statewide,33
39381,2023,P,Not Applicable,Natural Gas,2005,ICE,Not Applicable,1,Statewide,33
39382,2023,T3,2,Natural Gas,2009,ICE,Not Applicable,2,Statewide,33
39383,2023,T6,5,Gasoline,2008,ICE,Not Applicable,3,Statewide,34
39384,2023,T6,4,Gasoline,1997,ICE,Not Applicable,1,Statewide,34
39385,2023,T6,Unknown,Gasoline,1980,ICE,Not Applicable,3,Statewide,34
39386,2023,BT,Not Applicable,Gasoline,2001,ICE,Not Applicable,≥4,Statewide,34
39387,2023,P,Not Applicable,Electric,2015,BEV,>150 miles,2,Statewide,34
39388,2023,T6,7,Diesel,2008,ICE,Not Applicable,3,Statewide,34
39389,2023,T6,4,Diesel,1995,ICE,Not Applicable,2,Statewide,34
39390,2023,T6,4,Diesel,1995,ICE,Not Applicable,3,Statewide,34
39391,2023,T6,7,Diesel,1993,ICE,Not Applicable,1,Statewide,34
39392,2023,T5,3,Diesel,1991,ICE,Not Applicable,2,Statewide,34
39393,2023,T3,2,Diesel,1989,ICE,Not Applicable,1,Statewide,34
39394,2023,MH,Not Applicable,Diesel,1979,ICE,Not Applicable,3,Statewide,34
39395,2023,BT,Not Applicable,Diesel,2013,ICE,Not Applicable,1,Statewide,34
39396,2023,BS,Not Applicable,Diesel,2005,ICE,Not Applicable,2,Statewide,34
39397,2023,BS,Not Applicable,Diesel,2004,ICE,Not Applicable,2,Statewide,34
39398,2023,BS,Not Applicable,Diesel,1982,ICE,Not Applicable,≥4,Statewide,34
39399,2023,B,Not Applicable,Diesel,2006,ICE,Not Applicable,2,Statewide,34
39400,2023,T3,2,Gasoline,1994,ICE,Not Applicable,≥4,Statewide,3645
39401,2023,T4,2,Gasoline,2012,ICE,Not Applicable,1,Statewide,3646
39402,2023,P,Not Applicable,Electric,2021,BEV,>150 miles,3,Statewide,3648
39403,2023,MH,Not Applicable,Gasoline,2009,ICE,Not Applicable,≥4,Statewide,3651
39404,2023,P,Not Applicable,Natural Gas,2005,ICE,Not Applicable,2,Statewide,32
39405,2023,T6,5,Gasoline,2024,ICE,Not Applicable,2,Statewide,32
39406,2023,T6,Unknown,Gasoline,2016,ICE,Not Applicable,≥4,Statewide,32
39407,2023,T6,4,Gasoline,1994,ICE,Not Applicable,2,Statewide,32
39408,2023,T5,3,Gasoline,2022,ICE,Not Applicable,≥4,Statewide,3744
39409,2023,T6,5,Diesel,2023,ICE,Not Applicable,≥4,Statewide,3753
39410,2023,T2,1,Gasoline,1999,ICE,Not Applicable,1,Statewide,3761
39411,2023,T2,1,Gasoline,1999,ICE,Not Applicable,3,Statewide,3763
39412,2023,P,Not Applicable,Gasoline,2020,PHEV,0 to 50 miles,1,Statewide,3767
39413,2023,T7,8,Natural Gas,2021,ICE,Not Applicable,1,Statewide,31
39414,2023,T6,7,Natural Gas,2008,ICE,Not Applicable,≥4,Statewide,31
39415,2023,T3,2,Natural Gas,2006,ICE,Not Applicable,1,Statewide,31
39416,2023,T6,4,Gasoline,2019,ICE,Not Applicable,1,Statewide,31
39417,2023,T6,Unknown,Gasoline,1981,ICE,Not Applicable,≥4,Statewide,31
39418,2023,T6,7,Gasoline,1980,ICE,Not Applicable,≥4,Statewide,31
39419,2023,T3,2,Gasoline,2020,PHEV,0 to 50 miles,3,Statewide,31
39420,2023,T6,Unknown,Electric,2020,BEV,Unknown,≥4,Statewide,31
39421,2023,P,Not Applicable,Electric,2013,BEV,>150 miles,2,Statewide,31
39422,2023,MC,Not Applicable,Electric,2021,BEV,Unknown,1,Statewide,31
39423,2023,T6,6,Diesel,1998,ICE,Not Applicable,3,Statewide,31
39424,2023,T6,5,Diesel,1995,ICE,Not Applicable,≥4,Statewide,31
39425,2023,MH,Not Applicable,Diesel,1995,ICE,Not Applicable,2,Statewide,31
39426,2023,MH,Not Applicable,Diesel,1994,ICE,Not Applicable,2,Statewide,31
39427,2023,BT,Not Applicable,Diesel,1996,ICE,Not Applicable,1,Statewide,31
39428,2023,BS,Not Applicable,Diesel,1996,ICE,Not Applicable,1,Statewide,31
39429,2023,T4,2,Gasoline,2022,ICE,Not Applicable,3,Statewide,3743
39430,2023,T7,8,Diesel,2025,ICE,Not Applicable,≥4,Statewide,3789
39431,2023,B,Not Applicable,Diesel,1988,ICE,Not Applicable,≥4,Statewide,32
39432,2023,BS,Not Applicable,Diesel,2017,ICE,Not Applicable,1,Statewide,32
39433,2023,T5,3,Gasoline,1994,ICE,Not Applicable,2,Statewide,32
39434,2023,T5,3,Gasoline,1991,ICE,Not Applicable,2,Statewide,32
39435,2023,T4,Unknown,Gasoline,2001,ICE,Not Applicable,≥4,Statewide,32
39436,2023,T4,Unknown,Gasoline,1987,ICE,Not Applicable,≥4,Statewide,32
39437,2023,BS,Not Applicable,Gasoline,1996,ICE,Not Applicable,≥4,Statewide,32
39438,2023,B,Not Applicable,Gasoline,2024,ICE,Not Applicable,3,Statewide,32
39439,2023,P,Not Applicable,Electric,2014,BEV,Unknown,≥4,Statewide,32
39440,2023,MC,Not Applicable,Electric,2024,BEV,Unknown,3,Statewide,32
39441,2023,T7,8,Diesel,1995,ICE,Not Applicable,3,Statewide,32
39442,2023,T6,7,Diesel,1997,ICE,Not Applicable,1,Statewide,32
39443,2023,T6,7,Diesel,1995,ICE,Not Applicable,3,Statewide,32
39444,2023,T6,4,Diesel,1994,ICE,Not Applicable,1,Statewide,32
39445,2023,T6,7,Diesel,1980,ICE,Not Applicable,1,Statewide,32
39446,2023,T5,3,Diesel,1993,ICE,Not Applicable,3,Statewide,32
39447,2023,T3,2,Diesel,2000,ICE,Not Applicable,≥4,Statewide,32
39448,2023,T3,2,Diesel,1990,ICE,Not Applicable,3,Statewide,32
39449,2023,T2,1,Diesel,1983,ICE,Not Applicable,≥4,Statewide,32
39450,2023,T1,1,Diesel,1989,ICE,Not Applicable,2,Statewide,32
39451,2023,P,Not Applicable,Diesel,1996,ICE,Not Applicable,2,Statewide,32
39452,2023,MH,Not Applicable,Diesel,1995,ICE,Not Applicable,3,Statewide,32
39453,2023,BT,Not Applicable,Diesel,1980,ICE,Not Applicable,≥4,Statewide,32
39454,2023,BS,Not Applicable,Diesel,2015,ICE,Not Applicable,1,Statewide,32
39455,2023,P,Not Applicable,Gasoline,2022,PHEV,51 to 100 miles,≥4,Statewide,3983
39456,2023,P,Not Applicable,Gasoline,2018,PHEV,0 to 50 miles,1,Statewide,3989
39457,2023,T6,6,Natural Gas,2023,ICE,Not Applicable,≥4,Statewide,27
39458,2023,T4,2,Diesel,2023,ICE,Not Applicable,2,Statewide,4189
39459,2023,T4,2,Gasoline,2007,ICE,Not Applicable,3,Statewide,4219
39460,2023,T7,8,Natural Gas,2020,ICE,Not Applicable,1,Statewide,24
39461,2023,T7,8,Natural Gas,2016,ICE,Not Applicable,1,Statewide,24
39462,2023,T6,7,Natural Gas,2018,ICE,Not Applicable,≥4,Statewide,24
39463,2023,B,Not Applicable,Natural Gas,2012,ICE,Not Applicable,≥4,Statewide,24
39464,2023,T6,5,Gasoline,2021,ICE,Not Applicable,3,Statewide,24
39465,2023,T6,4,Gasoline,2016,ICE,Not Applicable,3,Statewide,24
39466,2023,T6,4,Gasoline,2014,ICE,Not Applicable,1,Statewide,24
39467,2023,T4,2,Gasoline,2009,ICE,Not Applicable,1,Statewide,4176
39468,2023,T6,Unknown,Gasoline,2013,ICE,Not Applicable,1,Statewide,24
39469,2023,T6,5,Gasoline,2009,ICE,Not Applicable,1,Statewide,24
39470,2023,T6,5,Gasoline,2009,ICE,Not Applicable,3,Statewide,24
39471,2023,T6,5,Gasoline,2007,ICE,Not Applicable,1,Statewide,24
39472,2023,T6,7,Gasoline,2004,ICE,Not Applicable,≥4,Statewide,24
39473,2023,T6,5,Gasoline,1999,ICE,Not Applicable,≥4,Statewide,24
39474,2023,T6,6,Gasoline,1996,ICE,Not Applicable,1,Statewide,24
39475,2023,T6,5,Gasoline,1989,ICE,Not Applicable,≥4,Statewide,24
39476,2023,T6,7,Gasoline,1983,ICE,Not Applicable,1,Statewide,24
39477,2023,T6,4,Gasoline,1979,ICE,Not Applicable,3,Statewide,24
39478,2023,T6,5,Gasoline,2011,ICE,Not Applicable,1,Statewide,24
39479,2023,P,Not Applicable,Gasoline,2020,PHEV,0 to 50 miles,≥4,Statewide,4176
39480,2023,T5,3,Diesel,2010,ICE,Not Applicable,≥4,Statewide,4164
39481,2023,T1,1,Gasoline,1994,ICE,Not Applicable,2,Statewide,4157
39482,2023,B,Not Applicable,Electric,2023,BEV,Unknown,≥4,Statewide,25
39483,2023,T7,8,Diesel,1992,ICE,Not Applicable,3,Statewide,25
39484,2023,T6,6,Diesel,1996,ICE,Not Applicable,2,Statewide,25
39485,2023,T6,7,Diesel,1994,ICE,Not Applicable,3,Statewide,25
39486,2023,T6,7,Diesel,1981,ICE,Not Applicable,1,Statewide,25
39487,2023,T3,2,Diesel,2001,ICE,Not Applicable,≥4,Statewide,25
39488,2023,T3,2,Diesel,1990,ICE,Not Applicable,1,Statewide,25
39489,2023,P,Not Applicable,Diesel,1998,ICE,Not Applicable,≥4,Statewide,25
39490,2023,P,Not Applicable,Diesel,1996,ICE,Not Applicable,1,Statewide,25
39491,2023,MH,Not Applicable,Diesel,1979,ICE,Not Applicable,1,Statewide,25
39492,2023,BT,Not Applicable,Diesel,1995,ICE,Not Applicable,1,Statewide,25
39493,2023,BS,Not Applicable,Diesel,2013,ICE,Not Applicable,1,Statewide,25
39494,2023,BS,Not Applicable,Diesel,2007,ICE,Not Applicable,3,Statewide,25
39495,2023,BS,Not Applicable,Diesel,2002,ICE,Not Applicable,2,Statewide,25
39496,2023,B,Not Applicable,Diesel,2020,ICE,Not Applicable,2,Statewide,25
39497,2023,B,Not Applicable,Diesel,2011,ICE,Not Applicable,3,Statewide,25
39498,2023,B,Not Applicable,Diesel,1980,ICE,Not Applicable,1,Statewide,25
39499,2023,T4,2,Diesel,2018,ICE,Not Applicable,≥4,Statewide,4119
39500,2023,T4,2,Gasoline,2006,ICE,Not Applicable,1,Statewide,4120
39501,2023,T3,2,Gasoline,1995,ICE,Not Applicable,≥4,Statewide,4122
39502,2023,T1,1,Gasoline,1994,ICE,Not Applicable,3,Statewide,4136
39503,2023,BT,Not Applicable,Gasoline,1991,ICE,Not Applicable,≥4,Statewide,24
39504,2023,BT,Not Applicable,Gasoline,1985,ICE,Not Applicable,≥4,Statewide,24
39505,2023,B,Not Applicable,Gasoline,1990,ICE,Not Applicable,≥4,Statewide,24
39506,2023,P,Not Applicable,Electric,2016,BEV,>150 miles,3,Statewide,24
39507,2023,T6,4,Gasoline,1993,ICE,Not Applicable,3,Statewide,23
39508,2023,T6,5,Gasoline,1991,ICE,Not Applicable,≥4,Statewide,23
39509,2023,T6,Unknown,Gasoline,1983,ICE,Not Applicable,2,Statewide,23
39510,2023,T6,Unknown,Gasoline,1983,ICE,Not Applicable,3,Statewide,23
39511,2023,T3,Unknown,Gasoline,1985,ICE,Not Applicable,2,Statewide,23
39512,2023,BT,Not Applicable,Gasoline,1998,ICE,Not Applicable,≥4,Statewide,23
39513,2023,B,Not Applicable,Gasoline,2024,ICE,Not Applicable,1,Statewide,23
39514,2023,B,Not Applicable,Gasoline,2003,ICE,Not Applicable,2,Statewide,23
39515,2023,B,Not Applicable,Gasoline,1992,ICE,Not Applicable,≥4,Statewide,23
39516,2023,B,Not Applicable,Gasoline,1986,ICE,Not Applicable,≥4,Statewide,23
39517,2023,T4,Unknown,Electric,1990,BEV,Unknown,≥4,Statewide,23
39518,2023,T2,1,Electric,2017,BEV,51 to 100 miles,≥4,Statewide,23
39519,2023,P,Not Applicable,Electric,2016,BEV,Unknown,≥4,Statewide,23
39520,2023,MC,Not Applicable,Electric,2024,BEV,Unknown,2,Statewide,23
39521,2023,T6,4,Diesel,1997,ICE,Not Applicable,3,Statewide,23
39522,2023,T6,7,Diesel,1997,ICE,Not Applicable,3,Statewide,23
39523,2023,T6,6,Diesel,1992,ICE,Not Applicable,1,Statewide,23
39524,2023,T6,Unknown,Diesel,1981,ICE,Not Applicable,≥4,Statewide,23
39525,2023,T3,2,Diesel,1991,ICE,Not Applicable,2,Statewide,23
39526,2023,T3,2,Diesel,1991,ICE,Not Applicable,3,Statewide,23
39527,2023,MH,Not Applicable,Diesel,1994,ICE,Not Applicable,3,Statewide,23
39528,2023,T6,4,Gasoline,1993,ICE,Not Applicable,1,Statewide,23
39529,2023,P,Not Applicable,Electric,2017,BEV,Unknown,≥4,Statewide,25
39530,2023,T6,6,Gasoline,2003,ICE,Not Applicable,1,Statewide,23
39531,2023,T6,5,Gasoline,2020,ICE,Not Applicable,3,Statewide,23
39532,2023,T7,8,Diesel,1998,ICE,Not Applicable,3,Statewide,24
39533,2023,T6,5,Diesel,2025,ICE,Not Applicable,1,Statewide,24
39534,2023,T6,4,Diesel,1994,ICE,Not Applicable,3,Statewide,24
39535,2023,T3,2,Diesel,1997,ICE,Not Applicable,3,Statewide,24
39536,2023,T1,1,Diesel,1990,ICE,Not Applicable,2,Statewide,24
39537,2023,MH,Not Applicable,Diesel,1979,ICE,Not Applicable,2,Statewide,24
39538,2023,BS,Not Applicable,Diesel,2006,ICE,Not Applicable,2,Statewide,24
39539,2023,BS,Not Applicable,Diesel,1996,ICE,Not Applicable,2,Statewide,24
39540,2023,BS,Not Applicable,Diesel,1983,ICE,Not Applicable,≥4,Statewide,24
39541,2023,B,Not Applicable,Diesel,2019,ICE,Not Applicable,1,Statewide,24
39542,2023,T4,2,Diesel,2002,ICE,Not Applicable,≥4,Statewide,4230
39543,2023,T4,2,Gasoline,2022,ICE,Not Applicable,2,Statewide,4238
39544,2023,T1,1,Gasoline,1997,ICE,Not Applicable,3,Statewide,4279
39545,2023,P,Not Applicable,Gasoline,2024,PHEV,0 to 50 miles,3,Statewide,4284
39546,2023,T7,8,Natural Gas,2019,ICE,Not Applicable,1,Statewide,23
39547,2023,T6,Unknown,Natural Gas,2019,ICE,Not Applicable,≥4,Statewide,23
39548,2023,T4,2,Natural Gas,2008,ICE,Not Applicable,1,Statewide,23
39549,2023,T3,2,Natural Gas,2008,ICE,Not Applicable,2,Statewide,23
39550,2023,P,Not Applicable,Natural Gas,2011,ICE,Not Applicable,1,Statewide,23
39551,2023,P,Not Applicable,Natural Gas,2008,ICE,Not Applicable,1,Statewide,23
39552,2023,T6,5,Gasoline,2024,ICE,Not Applicable,3,Statewide,23
39553,2023,T6,6,Gasoline,2020,ICE,Not Applicable,1,Statewide,23
39554,2023,BS,Not Applicable,Gasoline,1994,ICE,Not Applicable,≥4,Statewide,25
39555,2023,T6,6,Gasoline,1980,ICE,Not Applicable,2,Statewide,25
39556,2023,T6,7,Gasoline,1981,ICE,Not Applicable,1,Statewide,25
39557,2023,T6,7,Diesel,1991,ICE,Not Applicable,2,Statewide,27
39558,2023,T6,7,Diesel,1986,ICE,Not Applicable,1,Statewide,27
39559,2023,T5,3,Diesel,1991,ICE,Not Applicable,3,Statewide,27
39560,2023,T1,1,Diesel,1988,ICE,Not Applicable,1,Statewide,27
39561,2023,BS,Not Applicable,Diesel,2017,ICE,Not Applicable,3,Statewide,27
39562,2023,BS,Not Applicable,Diesel,2009,ICE,Not Applicable,1,Statewide,27
39563,2023,BS,Not Applicable,Diesel,2005,ICE,Not Applicable,3,Statewide,27
39564,2023,BS,Not Applicable,Diesel,2000,ICE,Not Applicable,2,Statewide,27
39565,2023,BS,Not Applicable,Diesel,1998,ICE,Not Applicable,1,Statewide,27
39566,2023,B,Not Applicable,Diesel,2005,ICE,Not Applicable,3,Statewide,27
39567,2023,B,Not Applicable,Diesel,1994,ICE,Not Applicable,1,Statewide,27
39568,2023,T7,8,Diesel,2012,ICE,Not Applicable,≥4,Statewide,4003
39569,2023,P,Not Applicable,Gasoline,2020,PHEV,0 to 50 miles,2,Statewide,4012
39570,2023,T2,1,Gasoline,1999,ICE,Not Applicable,2,Statewide,4016
39571,2023,T6,6,Diesel,2022,ICE,Not Applicable,≥4,Statewide,4043
39572,2023,P,Not Applicable,Electric,2021,BEV,51 to 100 miles,2,Statewide,4050
39573,2023,MC,Not Applicable,Gasoline,2002,ICE,Not Applicable,≥4,Statewide,4052
39574,2023,T6,Unknown,Natural Gas,2022,ICE,Not Applicable,≥4,Statewide,26
39575,2023,T4,2,Natural Gas,2007,ICE,Not Applicable,1,Statewide,26
39576,2023,P,Not Applicable,Natural Gas,2011,ICE,Not Applicable,3,Statewide,26
39577,2023,P,Not Applicable,Natural Gas,1979,ICE,Not Applicable,≥4,Statewide,26
39578,2023,T6,7,Diesel,1992,ICE,Not Applicable,3,Statewide,27
39579,2023,BT,Not Applicable,Natural Gas,1999,ICE,Not Applicable,≥4,Statewide,26
39580,2023,T6,4,Diesel,1994,ICE,Not Applicable,2,Statewide,27
39581,2023,T6,5,Diesel,1996,ICE,Not Applicable,≥4,Statewide,27
39582,2023,T3,2,Natural Gas,2007,ICE,Not Applicable,1,Statewide,27
39583,2023,P,Not Applicable,Natural Gas,2011,ICE,Not Applicable,2,Statewide,27
39584,2023,BS,Not Applicable,Natural Gas,2003,ICE,Not Applicable,≥4,Statewide,27
39585,2023,T6,6,Gasoline,2022,ICE,Not Applicable,1,Statewide,27
39586,2023,T6,Unknown,Gasoline,2018,ICE,Not Applicable,1,Statewide,27
39587,2023,T6,5,Gasoline,2017,ICE,Not Applicable,3,Statewide,27
39588,2023,T6,5,Gasoline,2014,ICE,Not Applicable,1,Statewide,27
39589,2023,T6,6,Gasoline,2005,ICE,Not Applicable,3,Statewide,27
39590,2023,T6,6,Gasoline,2004,ICE,Not Applicable,1,Statewide,27
39591,2023,T6,7,Gasoline,2003,ICE,Not Applicable,≥4,Statewide,27
39592,2023,T6,4,Gasoline,1998,ICE,Not Applicable,2,Statewide,27
39593,2023,T6,Unknown,Gasoline,1980,ICE,Not Applicable,1,Statewide,27
39594,2023,T4,Unknown,Gasoline,1989,ICE,Not Applicable,1,Statewide,27
39595,2023,T3,Unknown,Gasoline,1981,ICE,Not Applicable,3,Statewide,27
39596,2023,BT,Not Applicable,Gasoline,2009,ICE,Not Applicable,≥4,Statewide,27
39597,2023,BS,Not Applicable,Gasoline,2003,ICE,Not Applicable,≥4,Statewide,27
39598,2023,P,Not Applicable,Electric,2013,BEV,>150 miles,1,Statewide,27
39599,2023,MC,Not Applicable,Electric,2019,BEV,Unknown,2,Statewide,27
39600,2023,T7,8,Diesel,1990,ICE,Not Applicable,2,Statewide,27
39601,2023,T7,8,Diesel,1986,ICE,Not Applicable,2,Statewide,27
39602,2023,T6,6,Diesel,1997,ICE,Not Applicable,1,Statewide,27
39603,2023,T6,7,Diesel,1996,ICE,Not Applicable,2,Statewide,27
39604,2023,B,Not Applicable,Diesel,2008,ICE,Not Applicable,2,Statewide,23
39605,2023,T7,8,Gasoline,1983,ICE,Not Applicable,≥4,Statewide,26
39606,2023,T6,6,Gasoline,2010,ICE,Not Applicable,2,Statewide,26
39607,2023,T6,6,Diesel,2012,ICE,Not Applicable,≥4,Statewide,4054
39608,2023,T4,2,Diesel,2009,ICE,Not Applicable,1,Statewide,4074
39609,2023,T6,6,Diesel,2023,ICE,Not Applicable,≥4,Statewide,4074
39610,2023,MC,Not Applicable,Gasoline,2018,ICE,Not Applicable,1,Statewide,4079
39611,2023,T6,5,Diesel,2020,ICE,Not Applicable,≥4,Statewide,4085
39612,2023,MC,Not Applicable,Gasoline,2008,ICE,Not Applicable,2,Statewide,4097
39613,2023,T5,3,Diesel,2013,ICE,Not Applicable,≥4,Statewide,4101
39614,2023,MC,Not Applicable,Gasoline,2014,ICE,Not Applicable,1,Statewide,4101
39615,2023,T2,1,Gasoline,1979,ICE,Not Applicable,1,Statewide,4104
39616,2023,T4,2,Gasoline,2007,ICE,Not Applicable,2,Statewide,4110
39617,2023,T4,2,Gasoline,2005,ICE,Not Applicable,2,Statewide,4116
39618,2023,T6,Unknown,Natural Gas,2014,ICE,Not Applicable,≥4,Statewide,25
39619,2023,B,Not Applicable,Natural Gas,2008,ICE,Not Applicable,≥4,Statewide,25
39620,2023,T6,6,Gasoline,2022,ICE,Not Applicable,2,Statewide,25
39621,2023,T6,Unknown,Gasoline,2020,ICE,Not Applicable,≥4,Statewide,25
39622,2023,T6,Unknown,Gasoline,2019,ICE,Not Applicable,≥4,Statewide,25
39623,2023,T6,5,Gasoline,2005,ICE,Not Applicable,2,Statewide,25
39624,2023,T6,6,Gasoline,2001,ICE,Not Applicable,1,Statewide,25
39625,2023,T6,4,Gasoline,1997,ICE,Not Applicable,3,Statewide,25
39626,2023,T6,4,Gasoline,1992,ICE,Not Applicable,≥4,Statewide,25
39627,2023,T6,Unknown,Gasoline,1986,ICE,Not Applicable,≥4,Statewide,25
39628,2023,BS,Not Applicable,Diesel,2000,ICE,Not Applicable,3,Statewide,26
39629,2023,T6,6,Gasoline,2017,ICE,Not Applicable,1,Statewide,26
39630,2023,BS,Not Applicable,Diesel,2011,ICE,Not Applicable,3,Statewide,26
39631,2023,BS,Not Applicable,Diesel,2024,ICE,Not Applicable,1,Statewide,26
39632,2023,T6,7,Gasoline,2008,ICE,Not Applicable,≥4,Statewide,26
39633,2023,T6,4,Gasoline,1979,ICE,Not Applicable,2,Statewide,26
39634,2023,T5,3,Gasoline,1990,ICE,Not Applicable,2,Statewide,26
39635,2023,T3,Unknown,Gasoline,1981,ICE,Not Applicable,2,Statewide,26
39636,2023,BT,Not Applicable,Gasoline,1990,ICE,Not Applicable,≥4,Statewide,26
39637,2023,B,Not Applicable,Gasoline,2024,ICE,Not Applicable,2,Statewide,26
39638,2023,B,Not Applicable,Gasoline,2019,ICE,Not Applicable,2,Statewide,26
39639,2023,B,Not Applicable,Gasoline,2018,ICE,Not Applicable,3,Statewide,26
39640,2023,B,Not Applicable,Gasoline,2003,ICE,Not Applicable,1,Statewide,26
39641,2023,B,Not Applicable,Gasoline,1995,ICE,Not Applicable,≥4,Statewide,26
39642,2023,T3,Unknown,Electric,2014,BEV,Unknown,≥4,Statewide,26
39643,2023,BS,Not Applicable,Electric,2023,BEV,Unknown,≥4,Statewide,26
39644,2023,T7,8,Diesel,1993,ICE,Not Applicable,3,Statewide,26
39645,2023,T6,4,Diesel,1999,ICE,Not Applicable,2,Statewide,26
39646,2023,T6,6,Diesel,1998,ICE,Not Applicable,2,Statewide,26
39647,2023,T6,6,Diesel,1995,ICE,Not Applicable,2,Statewide,26
39648,2023,T6,6,Diesel,1995,ICE,Not Applicable,3,Statewide,26
39649,2023,T6,Unknown,Diesel,1982,ICE,Not Applicable,≥4,Statewide,26
39650,2023,P,Not Applicable,Diesel,1996,ICE,Not Applicable,3,Statewide,26
39651,2023,P,Not Applicable,Diesel,1981,ICE,Not Applicable,1,Statewide,26
39652,2023,P,Not Applicable,Diesel,1980,ICE,Not Applicable,2,Statewide,26
39653,2023,BS,Not Applicable,Diesel,2022,ICE,Not Applicable,3,Statewide,26
39654,2023,T6,5,Gasoline,2014,ICE,Not Applicable,2,Statewide,15
39655,2023,T6,6,Gasoline,2012,ICE,Not Applicable,1,Statewide,15
39656,2023,T6,5,Gasoline,2011,ICE,Not Applicable,2,Statewide,15
39657,2023,T4,Unknown,Electric,2001,BEV,Unknown,≥4,Statewide,9
39658,2023,T4,Unknown,Electric,2000,BEV,Unknown,≥4,Statewide,9
39659,2023,T2,1,Electric,2025,BEV,>150 miles,1,Statewide,9
39660,2023,T1,1,Electric,2005,BEV,Unknown,1,Statewide,9
39661,2023,P,Not Applicable,Electric,2016,BEV,Unknown,1,Statewide,9
39662,2023,P,Not Applicable,Electric,2016,BEV,Unknown,2,Statewide,9
39663,2023,P,Not Applicable,Electric,2006,BEV,Unknown,2,Statewide,9
39664,2023,P,Not Applicable,Electric,1979,BEV,Unknown,3,Statewide,9
39665,2023,T7,8,Diesel,1987,ICE,Not Applicable,2,Statewide,9
39666,2023,T4,Unknown,Electric,2003,BEV,Unknown,≥4,Statewide,9
39667,2023,T7,8,Diesel,1980,ICE,Not Applicable,2,Statewide,9
39668,2023,T6,4,Diesel,2025,ICE,Not Applicable,1,Statewide,9
39669,2023,T6,Unknown,Diesel,2014,ICE,Not Applicable,1,Statewide,9
39670,2023,T6,5,Diesel,2001,ICE,Not Applicable,1,Statewide,9
39671,2023,T6,5,Diesel,2001,ICE,Not Applicable,3,Statewide,9
39672,2023,T6,5,Diesel,1999,ICE,Not Applicable,1,Statewide,9
39673,2023,T6,5,Diesel,1997,ICE,Not Applicable,3,Statewide,9
39674,2023,T6,5,Diesel,1993,ICE,Not Applicable,≥4,Statewide,9
39675,2023,T6,6,Diesel,1990,ICE,Not Applicable,2,Statewide,9
39676,2023,T6,6,Diesel,1989,ICE,Not Applicable,2,Statewide,9
39677,2023,T7,8,Diesel,1980,ICE,Not Applicable,3,Statewide,9
39678,2023,T6,Unknown,Electric,2008,BEV,Unknown,≥4,Statewide,9
39679,2023,T6,Unknown,Electric,2010,BEV,Unknown,≥4,Statewide,9
39680,2023,B,Not Applicable,Gasoline,1997,ICE,Not Applicable,2,Statewide,9
39681,2023,T3,2,Natural Gas,2004,ICE,Not Applicable,1,Statewide,9
39682,2023,BT,Not Applicable,Natural Gas,2001,ICE,Not Applicable,1,Statewide,9
39683,2023,T7,8,Gasoline,1994,ICE,Not Applicable,≥4,Statewide,9
39684,2023,T7,8,Gasoline,1993,ICE,Not Applicable,≥4,Statewide,9
39685,2023,T6,6,Gasoline,2011,ICE,Not Applicable,3,Statewide,9
39686,2023,T6,6,Gasoline,2007,ICE,Not Applicable,2,Statewide,9
39687,2023,T6,Unknown,Gasoline,1995,ICE,Not Applicable,≥4,Statewide,9
39688,2023,T6,Unknown,Gasoline,1992,ICE,Not Applicable,≥4,Statewide,9
39689,2023,T6,6,Gasoline,1992,ICE,Not Applicable,2,Statewide,9
39690,2023,T6,6,Gasoline,1991,ICE,Not Applicable,3,Statewide,9
39691,2023,T6,7,Gasoline,1989,ICE,Not Applicable,1,Statewide,9
39692,2023,T6,Unknown,Gasoline,1981,ICE,Not Applicable,3,Statewide,9
39693,2023,T4,Unknown,Gasoline,1993,ICE,Not Applicable,1,Statewide,9
39694,2023,T4,Unknown,Gasoline,1988,ICE,Not Applicable,3,Statewide,9
39695,2023,BT,Not Applicable,Gasoline,2021,ICE,Not Applicable,1,Statewide,9
39696,2023,BT,Not Applicable,Gasoline,2014,ICE,Not Applicable,1,Statewide,9
39697,2023,BT,Not Applicable,Gasoline,2013,ICE,Not Applicable,2,Statewide,9
39698,2023,BS,Not Applicable,Gasoline,2022,ICE,Not Applicable,2,Statewide,9
39699,2023,BS,Not Applicable,Gasoline,2022,ICE,Not Applicable,3,Statewide,9
39700,2023,BS,Not Applicable,Gasoline,2010,ICE,Not Applicable,2,Statewide,9
39701,2023,B,Not Applicable,Gasoline,1999,ICE,Not Applicable,3,Statewide,9
39702,2023,T6,6,Diesel,1987,ICE,Not Applicable,1,Statewide,9
39703,2023,T6,7,Diesel,1985,ICE,Not Applicable,2,Statewide,9
39704,2023,T6,7,Diesel,1984,ICE,Not Applicable,1,Statewide,9
39705,2023,T6,7,Diesel,1980,ICE,Not Applicable,3,Statewide,9
39706,2023,B,Not Applicable,Diesel,1990,ICE,Not Applicable,1,Statewide,9
39707,2023,B,Not Applicable,Diesel,1982,ICE,Not Applicable,≥4,Statewide,9
39708,2023,P,Not Applicable,Gasoline,1990,ICE,Not Applicable,≥4,Statewide,6853
39709,2023,MC,Not Applicable,Gasoline,2021,ICE,Not Applicable,3,Statewide,6854
39710,2023,T1,1,Gasoline,2011,ICE,Not Applicable,3,Statewide,6910
39711,2023,T7,8,Diesel,2016,ICE,Not Applicable,≥4,Statewide,6952
39712,2023,T1,1,Gasoline,2000,ICE,Not Applicable,3,Statewide,6973
39713,2023,T1,1,Gasoline,2000,ICE,Not Applicable,2,Statewide,7019
39714,2023,MC,Not Applicable,Gasoline,2020,ICE,Not Applicable,3,Statewide,7046
39715,2023,T1,1,Gasoline,1999,ICE,Not Applicable,2,Statewide,7082
39716,2023,T1,1,Gasoline,2001,ICE,Not Applicable,1,Statewide,7116
39717,2023,P,Not Applicable,Gasoline,1997,ICE,Not Applicable,3,Statewide,7153
39718,2023,T4,2,Diesel,2020,ICE,Not Applicable,≥4,Statewide,7169
39719,2023,T1,1,Gasoline,1992,ICE,Not Applicable,≥4,Statewide,7202
39720,2023,P,Not Applicable,Gasoline,1991,ICE,Not Applicable,≥4,Statewide,7220
39721,2023,T4,2,Gasoline,2002,ICE,Not Applicable,≥4,Statewide,7251
39722,2023,MC,Not Applicable,Gasoline,2024,ICE,Not Applicable,1,Statewide,7252
39723,2023,P,Not Applicable,Gasoline,2023,PHEV,0 to 50 miles,3,Statewide,7256
39724,2023,T2,1,Gasoline,1998,ICE,Not Applicable,≥4,Statewide,7331
39725,2023,T7,8,Natural Gas,2021,ICE,Not Applicable,2,Statewide,8
39726,2023,T7,8,Natural Gas,2021,ICE,Not Applicable,3,Statewide,8
39727,2023,B,Not Applicable,Diesel,1994,ICE,Not Applicable,2,Statewide,9
39728,2023,T3,2,Natural Gas,2017,ICE,Not Applicable,≥4,Statewide,9
39729,2023,B,Not Applicable,Diesel,1999,ICE,Not Applicable,1,Statewide,9
39730,2023,B,Not Applicable,Diesel,2021,ICE,Not Applicable,3,Statewide,9
39731,2023,T5,3,Diesel,1990,ICE,Not Applicable,1,Statewide,9
39732,2023,T4,Unknown,Diesel,1999,ICE,Not Applicable,3,Statewide,9
39733,2023,T4,Unknown,Diesel,1993,ICE,Not Applicable,2,Statewide,9
39734,2023,T4,Unknown,Diesel,1992,ICE,Not Applicable,2,Statewide,9
39735,2023,T4,Unknown,Diesel,1990,ICE,Not Applicable,1,Statewide,9
39736,2023,T3,2,Diesel,2002,ICE,Not Applicable,≥4,Statewide,9
39737,2023,T3,Unknown,Diesel,1990,ICE,Not Applicable,≥4,Statewide,9
39738,2023,T3,Unknown,Diesel,1979,ICE,Not Applicable,2,Statewide,9
39739,2023,P,Not Applicable,Diesel,1998,ICE,Not Applicable,1,Statewide,9
39740,2023,P,Not Applicable,Diesel,1994,ICE,Not Applicable,≥4,Statewide,9
39741,2023,P,Not Applicable,Diesel,1993,ICE,Not Applicable,2,Statewide,9
39742,2023,P,Not Applicable,Diesel,1993,ICE,Not Applicable,≥4,Statewide,9
39743,2023,MH,Not Applicable,Diesel,1989,ICE,Not Applicable,1,Statewide,9
39744,2023,MH,Not Applicable,Diesel,1984,ICE,Not Applicable,3,Statewide,9
39745,2023,BT,Not Applicable,Diesel,2016,ICE,Not Applicable,1,Statewide,9
39746,2023,BT,Not Applicable,Diesel,2015,ICE,Not Applicable,1,Statewide,9
39747,2023,BT,Not Applicable,Diesel,2002,ICE,Not Applicable,1,Statewide,9
39748,2023,BS,Not Applicable,Diesel,2016,ICE,Not Applicable,2,Statewide,9
39749,2023,BS,Not Applicable,Diesel,2016,ICE,Not Applicable,3,Statewide,9
39750,2023,B,Not Applicable,Diesel,2023,ICE,Not Applicable,2,Statewide,9
39751,2023,B,Not Applicable,Diesel,2023,ICE,Not Applicable,3,Statewide,9
39752,2023,B,Not Applicable,Diesel,2017,ICE,Not Applicable,2,Statewide,9
39753,2023,T7,8,Natural Gas,2020,ICE,Not Applicable,2,Statewide,8
39754,2023,T3,2,Natural Gas,2019,ICE,Not Applicable,≥4,Statewide,9
39755,2023,T4,2,Natural Gas,2002,ICE,Not Applicable,3,Statewide,9
39756,2023,BT,Not Applicable,Gasoline,2018,ICE,Not Applicable,3,Statewide,10
39757,2023,BT,Not Applicable,Gasoline,1993,ICE,Not Applicable,≥4,Statewide,10
39758,2023,BS,Not Applicable,Gasoline,2010,ICE,Not Applicable,3,Statewide,10
39759,2023,BS,Not Applicable,Gasoline,2006,ICE,Not Applicable,1,Statewide,10
39760,2023,BS,Not Applicable,Gasoline,2000,ICE,Not Applicable,1,Statewide,10
39761,2023,BS,Not Applicable,Gasoline,1982,ICE,Not Applicable,1,Statewide,10
39762,2023,BS,Not Applicable,Gasoline,1981,ICE,Not Applicable,1,Statewide,10
39763,2023,B,Not Applicable,Gasoline,2002,ICE,Not Applicable,2,Statewide,10
39764,2023,B,Not Applicable,Gasoline,1995,ICE,Not Applicable,1,Statewide,10
39765,2023,BT,Not Applicable,Gasoline,2018,ICE,Not Applicable,2,Statewide,10
39766,2023,B,Not Applicable,Gasoline,1993,ICE,Not Applicable,1,Statewide,10
39767,2023,T6,6,Electric,2022,BEV,Unknown,≥4,Statewide,10
39768,2023,P,Not Applicable,Electric,2016,BEV,>150 miles,1,Statewide,10
39769,2023,P,Not Applicable,Electric,2012,BEV,Unknown,3,Statewide,10
39770,2023,P,Not Applicable,Electric,2002,BEV,51 to 100 miles,≥4,Statewide,10
39771,2023,MC,Not Applicable,Electric,2016,BEV,Unknown,≥4,Statewide,10
39772,2023,MC,Not Applicable,Electric,1996,BEV,Unknown,≥4,Statewide,10
39773,2023,B,Not Applicable,Electric,2019,BEV,Unknown,≥4,Statewide,10
39774,2023,T7,8,Diesel,1989,ICE,Not Applicable,3,Statewide,10
39775,2023,T7,8,Diesel,1985,ICE,Not Applicable,2,Statewide,10
39776,2023,B,Not Applicable,Gasoline,1981,ICE,Not Applicable,≥4,Statewide,10
39777,2023,BT,Not Applicable,Gasoline,2023,ICE,Not Applicable,3,Statewide,10
39778,2023,T3,Unknown,Gasoline,1988,ICE,Not Applicable,≥4,Statewide,10
39779,2023,T3,Unknown,Gasoline,2007,ICE,Not Applicable,≥4,Statewide,10
39780,2023,T3,2,Natural Gas,2003,ICE,Not Applicable,2,Statewide,10
39781,2023,BT,Not Applicable,Natural Gas,2012,ICE,Not Applicable,1,Statewide,10
39782,2023,BS,Not Applicable,Natural Gas,2008,ICE,Not Applicable,2,Statewide,10
39783,2023,T7,8,Gasoline,1995,ICE,Not Applicable,≥4,Statewide,10
39784,2023,T6,6,Gasoline,2020,ICE,Not Applicable,3,Statewide,10
39785,2023,T6,5,Gasoline,2016,ICE,Not Applicable,3,Statewide,10
39786,2023,T6,7,Gasoline,2011,ICE,Not Applicable,1,Statewide,10
39787,2023,T6,5,Gasoline,2007,ICE,Not Applicable,3,Statewide,10
39788,2023,T6,6,Gasoline,2006,ICE,Not Applicable,3,Statewide,10
39789,2023,T6,Unknown,Gasoline,2003,ICE,Not Applicable,≥4,Statewide,10
39790,2023,T6,6,Gasoline,2003,ICE,Not Applicable,3,Statewide,10
39791,2023,T6,7,Gasoline,2001,ICE,Not Applicable,3,Statewide,10
39792,2023,T6,6,Gasoline,1998,ICE,Not Applicable,2,Statewide,10
39793,2023,T6,6,Gasoline,1997,ICE,Not Applicable,2,Statewide,10
39794,2023,T6,6,Gasoline,1996,ICE,Not Applicable,3,Statewide,10
39795,2023,T6,Unknown,Gasoline,1994,ICE,Not Applicable,≥4,Statewide,10
39796,2023,T6,6,Gasoline,1982,ICE,Not Applicable,2,Statewide,10
39797,2023,T5,3,Gasoline,2025,ICE,Not Applicable,3,Statewide,10
39798,2023,T5,3,Gasoline,1986,ICE,Not Applicable,3,Statewide,10
39799,2023,T4,Unknown,Gasoline,1996,ICE,Not Applicable,1,Statewide,10
39800,2023,T4,Unknown,Gasoline,1994,ICE,Not Applicable,2,Statewide,10
39801,2023,T6,5,Diesel,1998,ICE,Not Applicable,1,Statewide,10
39802,2023,T6,4,Diesel,1992,ICE,Not Applicable,≥4,Statewide,10
39803,2023,T6,7,Diesel,1989,ICE,Not Applicable,2,Statewide,10
39804,2023,T6,6,Diesel,1988,ICE,Not Applicable,2,Statewide,10
39805,2023,MC,Not Applicable,Gasoline,2021,ICE,Not Applicable,1,Statewide,6546
39806,2023,T1,1,Gasoline,2010,ICE,Not Applicable,≥4,Statewide,6547
39807,2023,T4,2,Gasoline,2019,ICE,Not Applicable,≥4,Statewide,6601
39808,2023,MC,Not Applicable,Gasoline,2022,ICE,Not Applicable,1,Statewide,6654
39809,2023,MC,Not Applicable,Gasoline,2010,ICE,Not Applicable,3,Statewide,6669
39810,2023,T4,2,Gasoline,1979,ICE,Not Applicable,≥4,Statewide,6676
39811,2023,P,Not Applicable,Gasoline,1995,ICE,Not Applicable,1,Statewide,6679
39812,2023,T1,1,Gasoline,1993,ICE,Not Applicable,≥4,Statewide,6696
39813,2023,T1,1,Gasoline,2019,ICE,Not Applicable,3,Statewide,6709
39814,2023,MC,Not Applicable,Gasoline,2015,ICE,Not Applicable,≥4,Statewide,6724
39815,2023,P,Not Applicable,Gasoline,2019,PHEV,0 to 50 miles,≥4,Statewide,6725
39816,2023,P,Not Applicable,Gasoline,1995,ICE,Not Applicable,2,Statewide,6754
39817,2023,P,Not Applicable,Electric,2022,BEV,>150 miles,3,Statewide,6787
39818,2023,P,Not Applicable,Gasoline,2024,PHEV,0 to 50 miles,≥4,Statewide,6797
39819,2023,T1,1,Gasoline,2009,ICE,Not Applicable,1,Statewide,6800
39820,2023,T1,1,Gasoline,1999,ICE,Not Applicable,3,Statewide,6804
39821,2023,T7,8,Natural Gas,2023,ICE,Not Applicable,3,Statewide,9
39822,2023,T7,8,Natural Gas,2022,ICE,Not Applicable,1,Statewide,9
39823,2023,T7,8,Natural Gas,2014,ICE,Not Applicable,3,Statewide,9
39824,2023,T6,4,Natural Gas,2018,ICE,Not Applicable,≥4,Statewide,9
39825,2023,T4,2,Natural Gas,2002,ICE,Not Applicable,2,Statewide,9
39826,2023,T1,1,Gasoline,2024,ICE,Not Applicable,2,Statewide,6536
39827,2023,T4,2,Natural Gas,1997,ICE,Not Applicable,≥4,Statewide,9
39828,2023,T3,2,Gasoline,2000,ICE,Not Applicable,2,Statewide,6521
39829,2023,MC,Not Applicable,Gasoline,2004,ICE,Not Applicable,≥4,Statewide,6492
39830,2023,T6,6,Diesel,1983,ICE,Not Applicable,≥4,Statewide,10
39831,2023,T4,Unknown,Diesel,1994,ICE,Not Applicable,3,Statewide,10
39832,2023,T3,2,Diesel,1998,ICE,Not Applicable,≥4,Statewide,10
39833,2023,T3,2,Diesel,1985,ICE,Not Applicable,2,Statewide,10
39834,2023,T3,2,Diesel,1983,ICE,Not Applicable,≥4,Statewide,10
39835,2023,T3,2,Diesel,1981,ICE,Not Applicable,≥4,Statewide,10
39836,2023,T2,1,Diesel,1992,ICE,Not Applicable,≥4,Statewide,10
39837,2023,T1,1,Diesel,1991,ICE,Not Applicable,2,Statewide,10
39838,2023,MH,Not Applicable,Diesel,1993,ICE,Not Applicable,2,Statewide,10
39839,2023,MH,Not Applicable,Diesel,1992,ICE,Not Applicable,3,Statewide,10
39840,2023,BS,Not Applicable,Diesel,2010,ICE,Not Applicable,2,Statewide,10
39841,2023,BS,Not Applicable,Diesel,2008,ICE,Not Applicable,3,Statewide,10
39842,2023,BS,Not Applicable,Diesel,1997,ICE,Not Applicable,2,Statewide,10
39843,2023,BS,Not Applicable,Diesel,1993,ICE,Not Applicable,2,Statewide,10
39844,2023,B,Not Applicable,Diesel,2024,ICE,Not Applicable,3,Statewide,10
39845,2023,B,Not Applicable,Diesel,1997,ICE,Not Applicable,1,Statewide,10
39846,2023,B,Not Applicable,Diesel,1990,ICE,Not Applicable,3,Statewide,10
39847,2023,MC,Not Applicable,Gasoline,2022,ICE,Not Applicable,3,Statewide,6441
39848,2023,P,Not Applicable,Gasoline,2019,PHEV,0 to 50 miles,2,Statewide,6456
39849,2023,T3,2,Gasoline,2001,ICE,Not Applicable,2,Statewide,6459
39850,2023,P,Not Applicable,Gasoline,2024,PHEV,0 to 50 miles,1,Statewide,6484
39851,2023,MC,Not Applicable,Gasoline,2012,ICE,Not Applicable,2,Statewide,6511
39852,2023,T7,8,Natural Gas,2016,ICE,Not Applicable,3,Statewide,8
39853,2023,T7,8,Natural Gas,2014,ICE,Not Applicable,2,Statewide,8
39854,2023,T6,7,Natural Gas,2025,ICE,Not Applicable,≥4,Statewide,8
39855,2023,MC,Not Applicable,Gasoline,2016,ICE,Not Applicable,≥4,Statewide,7693
39856,2023,T1,1,Gasoline,2009,ICE,Not Applicable,2,Statewide,7693
39857,2023,T4,2,Diesel,2013,ICE,Not Applicable,≥4,Statewide,7710
39858,2023,P,Not Applicable,Gasoline,2022,PHEV,0 to 50 miles,≥4,Statewide,7711
39859,2023,T4,2,Diesel,2012,ICE,Not Applicable,≥4,Statewide,7714
39860,2023,MC,Not Applicable,Gasoline,2011,ICE,Not Applicable,3,Statewide,7770
39861,2023,P,Not Applicable,Electric,2022,BEV,>150 miles,≥4,Statewide,7790
39862,2023,P,Not Applicable,Gasoline,1996,ICE,Not Applicable,3,Statewide,7793
39863,2023,T1,1,Gasoline,2008,ICE,Not Applicable,3,Statewide,7848
39864,2023,T1,1,Gasoline,2001,ICE,Not Applicable,3,Statewide,7669
39865,2023,T7,8,Natural Gas,2024,ICE,Not Applicable,3,Statewide,7
39866,2023,T7,8,Natural Gas,2019,ICE,Not Applicable,3,Statewide,7
39867,2023,T7,8,Natural Gas,2016,ICE,Not Applicable,2,Statewide,7
39868,2023,T7,8,Natural Gas,2013,ICE,Not Applicable,1,Statewide,7
39869,2023,T7,8,Natural Gas,2011,ICE,Not Applicable,1,Statewide,7
39870,2023,T6,4,Natural Gas,2021,ICE,Not Applicable,≥4,Statewide,7
39871,2023,T6,4,Natural Gas,2014,ICE,Not Applicable,≥4,Statewide,7
39872,2023,T6,6,Natural Gas,2011,ICE,Not Applicable,≥4,Statewide,7
39873,2023,T6,4,Natural Gas,2008,ICE,Not Applicable,≥4,Statewide,7
39874,2023,T6,6,Natural Gas,2008,ICE,Not Applicable,≥4,Statewide,7
39875,2023,T7,8,Natural Gas,2019,ICE,Not Applicable,2,Statewide,7
39876,2023,T4,2,Gasoline,2011,ICE,Not Applicable,3,Statewide,7646
39877,2023,T4,2,Gasoline,2017,ICE,Not Applicable,≥4,Statewide,7599
39878,2023,T1,1,Gasoline,2017,ICE,Not Applicable,3,Statewide,7590
39879,2023,T2,1,Diesel,1988,ICE,Not Applicable,2,Statewide,8
39880,2023,T2,1,Diesel,1980,ICE,Not Applicable,1,Statewide,8
39881,2023,T1,1,Diesel,1991,ICE,Not Applicable,3,Statewide,8
39882,2023,T1,1,Diesel,1986,ICE,Not Applicable,3,Statewide,8
39883,2023,P,Not Applicable,Diesel,1999,ICE,Not Applicable,1,Statewide,8
39884,2023,MH,Not Applicable,Diesel,1985,ICE,Not Applicable,3,Statewide,8
39885,2023,MH,Not Applicable,Diesel,1983,ICE,Not Applicable,1,Statewide,8
39886,2023,MC,Not Applicable,Diesel,2014,ICE,Not Applicable,≥4,Statewide,8
39887,2023,MC,Not Applicable,Diesel,2012,ICE,Not Applicable,≥4,Statewide,8
39888,2023,MC,Not Applicable,Diesel,2011,ICE,Not Applicable,≥4,Statewide,8
39889,2023,MC,Not Applicable,Diesel,2010,ICE,Not Applicable,≥4,Statewide,8
39890,2023,BS,Not Applicable,Diesel,2001,ICE,Not Applicable,2,Statewide,8
39891,2023,BS,Not Applicable,Diesel,1993,ICE,Not Applicable,3,Statewide,8
39892,2023,B,Not Applicable,Diesel,2002,ICE,Not Applicable,3,Statewide,8
39893,2023,B,Not Applicable,Diesel,1999,ICE,Not Applicable,3,Statewide,8
39894,2023,B,Not Applicable,Diesel,1998,ICE,Not Applicable,2,Statewide,8
39895,2023,B,Not Applicable,Diesel,1998,ICE,Not Applicable,3,Statewide,8
39896,2023,T7,8,Diesel,2014,ICE,Not Applicable,≥4,Statewide,7467
39897,2023,T1,1,Gasoline,1991,ICE,Not Applicable,≥4,Statewide,7505
39898,2023,T3,2,Gasoline,2002,ICE,Not Applicable,1,Statewide,7551
39899,2023,P,Not Applicable,Electric,2022,BEV,>150 miles,1,Statewide,7578
39900,2023,T4,2,Natural Gas,2024,ICE,Not Applicable,≥4,Statewide,7
39901,2023,T4,2,Natural Gas,2019,ICE,Not Applicable,≥4,Statewide,7
39902,2023,T4,2,Natural Gas,2005,ICE,Not Applicable,3,Statewide,7
39903,2023,T4,2,Natural Gas,2003,ICE,Not Applicable,2,Statewide,7
39904,2023,T6,7,Gasoline,1990,ICE,Not Applicable,3,Statewide,7
39905,2023,T6,6,Gasoline,1989,ICE,Not Applicable,2,Statewide,7
39906,2023,T6,7,Gasoline,1989,ICE,Not Applicable,3,Statewide,7
39907,2023,T6,6,Gasoline,1986,ICE,Not Applicable,2,Statewide,7
39908,2023,T6,6,Gasoline,1986,ICE,Not Applicable,3,Statewide,7
39909,2023,T6,7,Gasoline,1986,ICE,Not Applicable,1,Statewide,7
39910,2023,T6,5,Gasoline,1985,ICE,Not Applicable,≥4,Statewide,7
39911,2023,T6,7,Gasoline,1985,ICE,Not Applicable,3,Statewide,7
39912,2023,T6,Unknown,Gasoline,1984,ICE,Not Applicable,2,Statewide,7
39913,2023,T6,Unknown,Gasoline,1981,ICE,Not Applicable,2,Statewide,7
39914,2023,T6,5,Gasoline,1981,ICE,Not Applicable,1,Statewide,7
39915,2023,T5,3,Gasoline,1987,ICE,Not Applicable,3,Statewide,7
39916,2023,T4,Unknown,Gasoline,2001,ICE,Not Applicable,3,Statewide,7
39917,2023,T4,Unknown,Gasoline,1998,ICE,Not Applicable,1,Statewide,7
39918,2023,T4,Unknown,Gasoline,1995,ICE,Not Applicable,1,Statewide,7
39919,2023,T4,Unknown,Gasoline,1995,ICE,Not Applicable,2,Statewide,7
39920,2023,T4,Unknown,Gasoline,1980,ICE,Not Applicable,≥4,Statewide,7
39921,2023,T3,Unknown,Gasoline,1990,ICE,Not Applicable,≥4,Statewide,7
39922,2023,T1,1,Gasoline,2025,ICE,Not Applicable,≥4,Statewide,7
39923,2023,BT,Not Applicable,Gasoline,2024,ICE,Not Applicable,2,Statewide,7
39924,2023,BT,Not Applicable,Gasoline,2020,ICE,Not Applicable,1,Statewide,7
39925,2023,T6,7,Gasoline,1992,ICE,Not Applicable,1,Statewide,7
39926,2023,T3,Unknown,Diesel,1989,ICE,Not Applicable,≥4,Statewide,8
39927,2023,T6,7,Gasoline,1993,ICE,Not Applicable,2,Statewide,7
39928,2023,T6,7,Gasoline,1996,ICE,Not Applicable,2,Statewide,7
39929,2023,T1,1,Natural Gas,1999,ICE,Not Applicable,≥4,Statewide,7
39930,2023,P,Not Applicable,Natural Gas,2003,ICE,Not Applicable,3,Statewide,7
39931,2023,BS,Not Applicable,Natural Gas,2004,ICE,Not Applicable,1,Statewide,7
39932,2023,BS,Not Applicable,Natural Gas,2002,ICE,Not Applicable,1,Statewide,7
39933,2023,B,Not Applicable,Natural Gas,2021,ICE,Not Applicable,1,Statewide,7
39934,2023,B,Not Applicable,Natural Gas,2020,ICE,Not Applicable,1,Statewide,7
39935,2023,B,Not Applicable,Natural Gas,2017,ICE,Not Applicable,1,Statewide,7
39936,2023,T6,Unknown,Gasoline,2020,ICE,Not Applicable,1,Statewide,7
39937,2023,T6,Unknown,Gasoline,2019,ICE,Not Applicable,3,Statewide,7
39938,2023,T6,Unknown,Gasoline,2017,ICE,Not Applicable,1,Statewide,7
39939,2023,T6,6,Gasoline,2017,ICE,Not Applicable,2,Statewide,7
39940,2023,T6,4,Gasoline,2015,ICE,Not Applicable,1,Statewide,7
39941,2023,T6,5,Gasoline,2015,ICE,Not Applicable,3,Statewide,7
39942,2023,T6,6,Gasoline,2014,ICE,Not Applicable,1,Statewide,7
39943,2023,T6,Unknown,Gasoline,2012,ICE,Not Applicable,2,Statewide,7
39944,2023,T6,7,Gasoline,2010,ICE,Not Applicable,2,Statewide,7
39945,2023,T6,6,Gasoline,2009,ICE,Not Applicable,1,Statewide,7
39946,2023,T6,6,Gasoline,2007,ICE,Not Applicable,1,Statewide,7
39947,2023,T6,7,Gasoline,1998,ICE,Not Applicable,1,Statewide,7
39948,2023,T6,Unknown,Gasoline,1997,ICE,Not Applicable,≥4,Statewide,7
39949,2023,T6,7,Gasoline,1997,ICE,Not Applicable,1,Statewide,7
39950,2023,T6,6,Gasoline,1993,ICE,Not Applicable,2,Statewide,7
39951,2023,T3,Unknown,Diesel,1991,ICE,Not Applicable,≥4,Statewide,8
39952,2023,T3,Unknown,Diesel,1992,ICE,Not Applicable,≥4,Statewide,8
39953,2023,T3,2,Diesel,1998,ICE,Not Applicable,2,Statewide,8
39954,2023,T6,Unknown,Gasoline,1999,ICE,Not Applicable,≥4,Statewide,8
39955,2023,T6,6,Gasoline,1999,ICE,Not Applicable,2,Statewide,8
39956,2023,T6,7,Gasoline,1996,ICE,Not Applicable,1,Statewide,8
39957,2023,T6,5,Gasoline,1995,ICE,Not Applicable,≥4,Statewide,8
39958,2023,T6,7,Gasoline,1995,ICE,Not Applicable,1,Statewide,8
39959,2023,T6,7,Gasoline,1995,ICE,Not Applicable,3,Statewide,8
39960,2023,T6,6,Gasoline,1994,ICE,Not Applicable,1,Statewide,8
39961,2023,T6,7,Gasoline,1994,ICE,Not Applicable,3,Statewide,8
39962,2023,T6,Unknown,Gasoline,1993,ICE,Not Applicable,≥4,Statewide,8
39963,2023,T6,6,Gasoline,1993,ICE,Not Applicable,3,Statewide,8
39964,2023,T6,4,Gasoline,1991,ICE,Not Applicable,≥4,Statewide,8
39965,2023,T6,6,Gasoline,1989,ICE,Not Applicable,3,Statewide,8
39966,2023,T6,6,Gasoline,1986,ICE,Not Applicable,1,Statewide,8
39967,2023,T6,Unknown,Gasoline,1984,ICE,Not Applicable,1,Statewide,8
39968,2023,T6,7,Gasoline,1984,ICE,Not Applicable,1,Statewide,8
39969,2023,T6,Unknown,Gasoline,1981,ICE,Not Applicable,1,Statewide,8
39970,2023,T6,5,Gasoline,1980,ICE,Not Applicable,1,Statewide,8
39971,2023,T5,3,Gasoline,1988,ICE,Not Applicable,2,Statewide,8
39972,2023,T5,3,Gasoline,1982,ICE,Not Applicable,≥4,Statewide,8
39973,2023,T4,Unknown,Gasoline,1999,ICE,Not Applicable,2,Statewide,8
39974,2023,T4,Unknown,Gasoline,1994,ICE,Not Applicable,1,Statewide,8
39975,2023,T6,7,Gasoline,2002,ICE,Not Applicable,2,Statewide,8
39976,2023,T4,Unknown,Gasoline,1988,ICE,Not Applicable,1,Statewide,8
39977,2023,T6,6,Gasoline,2004,ICE,Not Applicable,2,Statewide,8
39978,2023,T6,6,Gasoline,2011,ICE,Not Applicable,2,Statewide,8
39979,2023,T6,Unknown,Natural Gas,2024,ICE,Not Applicable,≥4,Statewide,8
39980,2023,T6,4,Natural Gas,2018,ICE,Not Applicable,1,Statewide,8
39981,2023,T6,Unknown,Natural Gas,2016,ICE,Not Applicable,≥4,Statewide,8
39982,2023,T4,2,Natural Gas,2018,ICE,Not Applicable,1,Statewide,8
39983,2023,T4,2,Natural Gas,2006,ICE,Not Applicable,3,Statewide,8
39984,2023,T4,2,Natural Gas,2005,ICE,Not Applicable,2,Statewide,8
39985,2023,T4,2,Natural Gas,2004,ICE,Not Applicable,1,Statewide,8
39986,2023,T4,2,Natural Gas,2000,ICE,Not Applicable,≥4,Statewide,8
39987,2023,T3,2,Natural Gas,2003,ICE,Not Applicable,3,Statewide,8
39988,2023,T3,2,Natural Gas,2000,ICE,Not Applicable,≥4,Statewide,8
39989,2023,T3,2,Natural Gas,1999,ICE,Not Applicable,≥4,Statewide,8
39990,2023,P,Not Applicable,Natural Gas,2002,ICE,Not Applicable,1,Statewide,8
39991,2023,P,Not Applicable,Natural Gas,1979,ICE,Not Applicable,2,Statewide,8
39992,2023,BT,Not Applicable,Natural Gas,2006,ICE,Not Applicable,1,Statewide,8
39993,2023,BS,Not Applicable,Natural Gas,2025,ICE,Not Applicable,2,Statewide,8
39994,2023,BS,Not Applicable,Natural Gas,2016,ICE,Not Applicable,1,Statewide,8
39995,2023,BS,Not Applicable,Natural Gas,2008,ICE,Not Applicable,3,Statewide,8
39996,2023,B,Not Applicable,Natural Gas,2007,ICE,Not Applicable,1,Statewide,8
39997,2023,B,Not Applicable,Natural Gas,2007,ICE,Not Applicable,2,Statewide,8
39998,2023,B,Not Applicable,Natural Gas,2003,ICE,Not Applicable,≥4,Statewide,8
39999,2023,T6,6,Gasoline,2021,ICE,Not Applicable,2,Statewide,8
40000,2023,T6,7,Gasoline,2007,ICE,Not Applicable,1,Statewide,8
40001,2023,T3,2,Natural Gas,2008,ICE,Not Applicable,3,Statewide,10
40002,2023,T4,Unknown,Gasoline,1987,ICE,Not Applicable,3,Statewide,8
40003,2023,T3,Unknown,Gasoline,2008,ICE,Not Applicable,≥4,Statewide,8
40004,2023,P,Not Applicable,Electric,2006,BEV,Unknown,≥4,Statewide,8
40005,2023,MC,Not Applicable,Electric,2018,BEV,Unknown,2,Statewide,8
40006,2023,MC,Not Applicable,Electric,2012,BEV,Unknown,≥4,Statewide,8
40007,2023,BS,Not Applicable,Electric,2022,BEV,Unknown,≥4,Statewide,8
40008,2023,B,Not Applicable,Electric,2024,BEV,Unknown,≥4,Statewide,8
40009,2023,T6,Unknown,Diesel,2013,ICE,Not Applicable,1,Statewide,8
40010,2023,T6,5,Diesel,1995,ICE,Not Applicable,3,Statewide,8
40011,2023,T6,Unknown,Diesel,1991,ICE,Not Applicable,3,Statewide,8
40012,2023,T6,Unknown,Diesel,1990,ICE,Not Applicable,1,Statewide,8
40013,2023,T6,6,Diesel,1988,ICE,Not Applicable,3,Statewide,8
40014,2023,T6,7,Diesel,1988,ICE,Not Applicable,2,Statewide,8
40015,2023,T6,Unknown,Diesel,1985,ICE,Not Applicable,1,Statewide,8
40016,2023,T6,6,Diesel,1984,ICE,Not Applicable,≥4,Statewide,8
40017,2023,T6,7,Diesel,1984,ICE,Not Applicable,3,Statewide,8
40018,2023,T6,Unknown,Diesel,1982,ICE,Not Applicable,1,Statewide,8
40019,2023,T6,7,Diesel,1979,ICE,Not Applicable,2,Statewide,8
40020,2023,T5,3,Diesel,1990,ICE,Not Applicable,2,Statewide,8
40021,2023,T4,Unknown,Diesel,1999,ICE,Not Applicable,2,Statewide,8
40022,2023,T4,Unknown,Diesel,1993,ICE,Not Applicable,1,Statewide,8
40023,2023,T4,Unknown,Diesel,1991,ICE,Not Applicable,3,Statewide,8
40024,2023,T4,Unknown,Diesel,1989,ICE,Not Applicable,3,Statewide,8
40025,2023,P,Not Applicable,Electric,2009,BEV,Unknown,≥4,Statewide,8
40026,2023,T3,Unknown,Gasoline,2017,ICE,Not Applicable,≥4,Statewide,8
40027,2023,P,Not Applicable,Electric,2013,BEV,Unknown,2,Statewide,8
40028,2023,T3,Unknown,Electric,1979,BEV,Unknown,≥4,Statewide,8
40029,2023,T2,Unknown,Gasoline,2019,ICE,Not Applicable,3,Statewide,8
40030,2023,BT,Not Applicable,Gasoline,2023,ICE,Not Applicable,2,Statewide,8
40031,2023,BT,Not Applicable,Gasoline,2021,ICE,Not Applicable,2,Statewide,8
40032,2023,BT,Not Applicable,Gasoline,2011,ICE,Not Applicable,2,Statewide,8
40033,2023,BS,Not Applicable,Gasoline,2023,ICE,Not Applicable,1,Statewide,8
40034,2023,BS,Not Applicable,Gasoline,2020,ICE,Not Applicable,2,Statewide,8
40035,2023,BS,Not Applicable,Gasoline,2010,ICE,Not Applicable,1,Statewide,8
40036,2023,BS,Not Applicable,Gasoline,2008,ICE,Not Applicable,1,Statewide,8
40037,2023,BS,Not Applicable,Gasoline,2007,ICE,Not Applicable,1,Statewide,8
40038,2023,BS,Not Applicable,Gasoline,1992,ICE,Not Applicable,1,Statewide,8
40039,2023,B,Not Applicable,Gasoline,2000,ICE,Not Applicable,3,Statewide,8
40040,2023,B,Not Applicable,Gasoline,1996,ICE,Not Applicable,1,Statewide,8
40041,2023,B,Not Applicable,Gasoline,1996,ICE,Not Applicable,3,Statewide,8
40042,2023,B,Not Applicable,Gasoline,1995,ICE,Not Applicable,2,Statewide,8
40043,2023,B,Not Applicable,Gasoline,1984,ICE,Not Applicable,3,Statewide,8
40044,2023,T6,Unknown,Electric,2023,BEV,Unknown,2,Statewide,8
40045,2023,T6,Unknown,Electric,2014,BEV,Unknown,1,Statewide,8
40046,2023,T6,Unknown,Electric,2013,BEV,Unknown,2,Statewide,8
40047,2023,T6,Unknown,Electric,1982,BEV,Unknown,≥4,Statewide,8
40048,2023,T3,Unknown,Electric,2023,BEV,Unknown,≥4,Statewide,8
40049,2023,T3,Unknown,Electric,1986,BEV,Unknown,≥4,Statewide,8
40050,2023,T1,1,Electric,2005,BEV,Unknown,2,Statewide,8
40051,2023,T4,2,Natural Gas,2008,ICE,Not Applicable,2,Statewide,10
40052,2023,T4,Unknown,Natural Gas,2018,ICE,Not Applicable,≥4,Statewide,10
40053,2023,T7,8,Natural Gas,2017,ICE,Not Applicable,3,Statewide,10
40054,2023,T6,6,Gasoline,1993,ICE,Not Applicable,1,Statewide,13
40055,2023,T6,7,Gasoline,1990,ICE,Not Applicable,1,Statewide,13
40056,2023,T6,7,Gasoline,1990,ICE,Not Applicable,2,Statewide,13
40057,2023,T3,Unknown,Gasoline,1986,ICE,Not Applicable,2,Statewide,13
40058,2023,BT,Not Applicable,Gasoline,1988,ICE,Not Applicable,≥4,Statewide,13
40059,2023,BS,Not Applicable,Gasoline,2014,ICE,Not Applicable,1,Statewide,13
40060,2023,BS,Not Applicable,Gasoline,2011,ICE,Not Applicable,3,Statewide,13
40061,2023,B,Not Applicable,Gasoline,2003,ICE,Not Applicable,3,Statewide,13
40062,2023,B,Not Applicable,Gasoline,2001,ICE,Not Applicable,1,Statewide,13
40063,2023,T6,7,Gasoline,2000,ICE,Not Applicable,1,Statewide,13
40064,2023,B,Not Applicable,Gasoline,1988,ICE,Not Applicable,≥4,Statewide,13
40065,2023,T6,Unknown,Electric,2015,BEV,Unknown,≥4,Statewide,13
40066,2023,T6,Unknown,Electric,2006,BEV,Unknown,≥4,Statewide,13
40067,2023,T2,1,Electric,2008,BEV,Unknown,≥4,Statewide,13
40068,2023,P,Not Applicable,Electric,2018,BEV,Unknown,≥4,Statewide,13
40069,2023,P,Not Applicable,Electric,2016,BEV,>150 miles,2,Statewide,13
40070,2023,MC,Not Applicable,Electric,2020,BEV,Unknown,2,Statewide,13
40071,2023,MC,Not Applicable,Electric,2018,BEV,Unknown,3,Statewide,13
40072,2023,T6,5,Diesel,2000,ICE,Not Applicable,3,Statewide,13
40073,2023,T6,7,Diesel,1999,ICE,Not Applicable,3,Statewide,13
40074,2023,T6,Unknown,Electric,2019,BEV,Unknown,≥4,Statewide,13
40075,2023,T6,6,Gasoline,2003,ICE,Not Applicable,2,Statewide,13
40076,2023,T6,5,Gasoline,2013,ICE,Not Applicable,2,Statewide,13
40077,2023,T6,6,Gasoline,2020,ICE,Not Applicable,2,Statewide,13
40078,2023,B,Not Applicable,Diesel,2007,ICE,Not Applicable,3,Statewide,14
40079,2023,B,Not Applicable,Diesel,2001,ICE,Not Applicable,1,Statewide,14
40080,2023,B,Not Applicable,Diesel,1985,ICE,Not Applicable,≥4,Statewide,14
40081,2023,T4,2,Gasoline,2008,ICE,Not Applicable,2,Statewide,5416
40082,2023,T2,1,Gasoline,1997,ICE,Not Applicable,≥4,Statewide,5418
40083,2023,T5,3,Diesel,2020,ICE,Not Applicable,≥4,Statewide,5459
40084,2023,T3,2,Gasoline,1999,ICE,Not Applicable,3,Statewide,5459
40085,2023,T4,2,Diesel,2009,ICE,Not Applicable,2,Statewide,5475
40086,2023,T4,2,Gasoline,2001,ICE,Not Applicable,≥4,Statewide,5519
40087,2023,T3,2,Gasoline,1997,ICE,Not Applicable,≥4,Statewide,5532
40088,2023,MC,Not Applicable,Gasoline,2018,ICE,Not Applicable,3,Statewide,5541
40089,2023,T4,2,Diesel,2009,ICE,Not Applicable,3,Statewide,5598
40090,2023,MC,Not Applicable,Gasoline,2008,ICE,Not Applicable,3,Statewide,5599
40091,2023,MC,Not Applicable,Gasoline,2011,ICE,Not Applicable,2,Statewide,5621
40092,2023,T4,2,Natural Gas,2004,ICE,Not Applicable,≥4,Statewide,13
40093,2023,T3,2,Natural Gas,2004,ICE,Not Applicable,2,Statewide,13
40094,2023,P,Not Applicable,Natural Gas,2003,ICE,Not Applicable,1,Statewide,13
40095,2023,BT,Not Applicable,Natural Gas,1997,ICE,Not Applicable,≥4,Statewide,13
40096,2023,BS,Not Applicable,Natural Gas,2008,ICE,Not Applicable,1,Statewide,13
40097,2023,B,Not Applicable,Natural Gas,2024,ICE,Not Applicable,≥4,Statewide,13
40098,2023,T7,8,Gasoline,1990,ICE,Not Applicable,≥4,Statewide,13
40099,2023,T6,6,Diesel,1993,ICE,Not Applicable,3,Statewide,13
40100,2023,T6,6,Diesel,1991,ICE,Not Applicable,2,Statewide,13
40101,2023,T6,6,Diesel,1989,ICE,Not Applicable,1,Statewide,13
40102,2023,T6,7,Diesel,1986,ICE,Not Applicable,2,Statewide,13
40103,2023,B,Not Applicable,Diesel,1995,ICE,Not Applicable,3,Statewide,13
40104,2023,B,Not Applicable,Diesel,1981,ICE,Not Applicable,≥4,Statewide,13
40105,2023,T3,2,Gasoline,1999,ICE,Not Applicable,2,Statewide,5623
40106,2023,T2,1,Gasoline,2001,ICE,Not Applicable,3,Statewide,5625
40107,2023,T4,2,Diesel,2024,ICE,Not Applicable,≥4,Statewide,5639
40108,2023,T3,2,Gasoline,2000,ICE,Not Applicable,1,Statewide,5639
40109,2023,T4,2,Diesel,2011,ICE,Not Applicable,2,Statewide,5667
40110,2023,T6,5,Diesel,2022,ICE,Not Applicable,≥4,Statewide,5693
40111,2023,T5,3,Diesel,2022,ICE,Not Applicable,≥4,Statewide,5698
40112,2023,T2,1,Gasoline,2000,ICE,Not Applicable,1,Statewide,5702
40113,2023,T1,1,Gasoline,1998,ICE,Not Applicable,2,Statewide,5709
40114,2023,MC,Not Applicable,Gasoline,2013,ICE,Not Applicable,3,Statewide,5724
40115,2023,T1,1,Gasoline,1998,ICE,Not Applicable,3,Statewide,5724
40116,2023,T2,1,Gasoline,1995,ICE,Not Applicable,≥4,Statewide,5728
40117,2023,T4,2,Gasoline,2008,ICE,Not Applicable,3,Statewide,5744
40118,2023,T2,1,Gasoline,2000,ICE,Not Applicable,2,Statewide,5776
40119,2023,T5,3,Diesel,2021,ICE,Not Applicable,≥4,Statewide,5787
40120,2023,T4,2,Diesel,2011,ICE,Not Applicable,3,Statewide,5799
40121,2023,T4,2,Gasoline,2000,ICE,Not Applicable,≥4,Statewide,5802
40122,2023,T7,8,Diesel,2013,ICE,Not Applicable,≥4,Statewide,5819
40123,2023,T5,3,Diesel,2011,ICE,Not Applicable,≥4,Statewide,5827
40124,2023,B,Not Applicable,Diesel,1995,ICE,Not Applicable,1,Statewide,13
40125,2023,B,Not Applicable,Diesel,2010,ICE,Not Applicable,1,Statewide,14
40126,2023,B,Not Applicable,Diesel,2001,ICE,Not Applicable,2,Statewide,13
40127,2023,B,Not Applicable,Diesel,2009,ICE,Not Applicable,2,Statewide,13
40128,2023,T6,7,Diesel,1986,ICE,Not Applicable,3,Statewide,13
40129,2023,T6,7,Diesel,1985,ICE,Not Applicable,1,Statewide,13
40130,2023,T6,Unknown,Diesel,1984,ICE,Not Applicable,1,Statewide,13
40131,2023,T6,6,Diesel,1981,ICE,Not Applicable,1,Statewide,13
40132,2023,T4,Unknown,Diesel,1999,ICE,Not Applicable,1,Statewide,13
40133,2023,T2,1,Diesel,1987,ICE,Not Applicable,1,Statewide,13
40134,2023,T2,1,Diesel,1980,ICE,Not Applicable,3,Statewide,13
40135,2023,T2,1,Diesel,1979,ICE,Not Applicable,1,Statewide,13
40136,2023,P,Not Applicable,Diesel,1997,ICE,Not Applicable,3,Statewide,13
40137,2023,MH,Not Applicable,Diesel,2025,ICE,Not Applicable,≥4,Statewide,13
40138,2023,MH,Not Applicable,Diesel,1993,ICE,Not Applicable,1,Statewide,13
40139,2023,MH,Not Applicable,Diesel,1992,ICE,Not Applicable,2,Statewide,13
40140,2023,MH,Not Applicable,Diesel,1990,ICE,Not Applicable,1,Statewide,13
40141,2023,BT,Not Applicable,Diesel,1981,ICE,Not Applicable,≥4,Statewide,13
40142,2023,BS,Not Applicable,Diesel,2025,ICE,Not Applicable,3,Statewide,13
40143,2023,BS,Not Applicable,Diesel,2020,ICE,Not Applicable,2,Statewide,13
40144,2023,BS,Not Applicable,Diesel,2019,ICE,Not Applicable,3,Statewide,13
40145,2023,BS,Not Applicable,Diesel,1994,ICE,Not Applicable,2,Statewide,13
40146,2023,BS,Not Applicable,Diesel,1990,ICE,Not Applicable,1,Statewide,13
40147,2023,B,Not Applicable,Diesel,2024,ICE,Not Applicable,2,Statewide,13
40148,2023,B,Not Applicable,Diesel,2015,ICE,Not Applicable,3,Statewide,13
40149,2023,B,Not Applicable,Diesel,2002,ICE,Not Applicable,2,Statewide,13
40150,2023,B,Not Applicable,Diesel,2014,ICE,Not Applicable,3,Statewide,14
40151,2023,B,Not Applicable,Diesel,2015,ICE,Not Applicable,1,Statewide,14
40152,2023,BS,Not Applicable,Diesel,1992,ICE,Not Applicable,2,Statewide,14
40153,2023,T2,1,Diesel,1985,ICE,Not Applicable,1,Statewide,15
40154,2023,P,Not Applicable,Diesel,1999,ICE,Not Applicable,≥4,Statewide,15
40155,2023,P,Not Applicable,Diesel,1998,ICE,Not Applicable,2,Statewide,15
40156,2023,MH,Not Applicable,Diesel,1990,ICE,Not Applicable,2,Statewide,15
40157,2023,MH,Not Applicable,Diesel,1989,ICE,Not Applicable,3,Statewide,15
40158,2023,MH,Not Applicable,Diesel,1984,ICE,Not Applicable,≥4,Statewide,15
40159,2023,BT,Not Applicable,Diesel,2019,ICE,Not Applicable,1,Statewide,15
40160,2023,BT,Not Applicable,Diesel,1997,ICE,Not Applicable,1,Statewide,15
40161,2023,BT,Not Applicable,Diesel,1981,ICE,Not Applicable,1,Statewide,15
40162,2023,BS,Not Applicable,Diesel,2025,ICE,Not Applicable,2,Statewide,15
40163,2023,BS,Not Applicable,Diesel,1998,ICE,Not Applicable,3,Statewide,15
40164,2023,BS,Not Applicable,Diesel,1996,ICE,Not Applicable,3,Statewide,15
40165,2023,BS,Not Applicable,Diesel,1991,ICE,Not Applicable,1,Statewide,15
40166,2023,B,Not Applicable,Diesel,2023,ICE,Not Applicable,1,Statewide,15
40167,2023,B,Not Applicable,Diesel,2018,ICE,Not Applicable,3,Statewide,15
40168,2023,B,Not Applicable,Diesel,1996,ICE,Not Applicable,2,Statewide,15
40169,2023,B,Not Applicable,Diesel,1996,ICE,Not Applicable,3,Statewide,15
40170,2023,B,Not Applicable,Diesel,1979,ICE,Not Applicable,2,Statewide,15
40171,2023,T1,1,Gasoline,2010,ICE,Not Applicable,2,Statewide,5212
40172,2023,P,Not Applicable,Gasoline,2025,ICE,Not Applicable,2,Statewide,5286
40173,2023,T4,2,Gasoline,2016,ICE,Not Applicable,≥4,Statewide,5334
40174,2023,T3,2,Diesel,1985,ICE,Not Applicable,3,Statewide,15
40175,2023,T4,2,Diesel,2021,ICE,Not Applicable,2,Statewide,5341
40176,2023,T4,Unknown,Diesel,1990,ICE,Not Applicable,2,Statewide,15
40177,2023,T4,Unknown,Diesel,1995,ICE,Not Applicable,3,Statewide,15
40178,2023,T6,6,Gasoline,2001,ICE,Not Applicable,2,Statewide,15
40179,2023,T6,4,Gasoline,1997,ICE,Not Applicable,2,Statewide,15
40180,2023,T6,Unknown,Gasoline,1991,ICE,Not Applicable,≥4,Statewide,15
40181,2023,T6,Unknown,Gasoline,1983,ICE,Not Applicable,1,Statewide,15
40182,2023,T6,6,Gasoline,1981,ICE,Not Applicable,2,Statewide,15
40183,2023,T5,3,Gasoline,1989,ICE,Not Applicable,3,Statewide,15
40184,2023,T3,Unknown,Gasoline,1985,ICE,Not Applicable,1,Statewide,15
40185,2023,BT,Not Applicable,Gasoline,2023,ICE,Not Applicable,1,Statewide,15
40186,2023,BT,Not Applicable,Gasoline,2021,ICE,Not Applicable,3,Statewide,15
40187,2023,B,Not Applicable,Gasoline,1999,ICE,Not Applicable,1,Statewide,15
40188,2023,T6,4,Electric,2023,BEV,Unknown,≥4,Statewide,15
40189,2023,T2,1,Electric,2007,BEV,Unknown,1,Statewide,15
40190,2023,P,Not Applicable,Electric,2011,BEV,Unknown,≥4,Statewide,15
40191,2023,P,Not Applicable,Electric,1979,BEV,Unknown,≥4,Statewide,15
40192,2023,T6,4,Diesel,1998,ICE,Not Applicable,3,Statewide,15
40193,2023,T6,4,Diesel,1996,ICE,Not Applicable,3,Statewide,15
40194,2023,T6,4,Diesel,1993,ICE,Not Applicable,3,Statewide,15
40195,2023,T6,6,Diesel,1992,ICE,Not Applicable,3,Statewide,15
40196,2023,T6,5,Diesel,1990,ICE,Not Applicable,≥4,Statewide,15
40197,2023,T6,6,Diesel,1981,ICE,Not Applicable,≥4,Statewide,15
40198,2023,T4,Unknown,Diesel,1997,ICE,Not Applicable,1,Statewide,15
40199,2023,T4,Unknown,Diesel,1992,ICE,Not Applicable,3,Statewide,15
40200,2023,T1,1,Gasoline,2022,ICE,Not Applicable,3,Statewide,5843
40201,2023,P,Not Applicable,Gasoline,2019,PHEV,0 to 50 miles,1,Statewide,5367
40202,2023,T3,2,Gasoline,2001,ICE,Not Applicable,1,Statewide,5406
40203,2023,MC,Not Applicable,Electric,2020,BEV,Unknown,1,Statewide,14
40204,2023,T6,5,Diesel,2000,ICE,Not Applicable,2,Statewide,14
40205,2023,T6,5,Diesel,1994,ICE,Not Applicable,≥4,Statewide,14
40206,2023,T6,5,Diesel,1992,ICE,Not Applicable,≥4,Statewide,14
40207,2023,T6,6,Diesel,1991,ICE,Not Applicable,1,Statewide,14
40208,2023,T6,7,Diesel,1990,ICE,Not Applicable,3,Statewide,14
40209,2023,T6,7,Diesel,1989,ICE,Not Applicable,3,Statewide,14
40210,2023,T6,7,Diesel,1987,ICE,Not Applicable,1,Statewide,14
40211,2023,T6,6,Diesel,1986,ICE,Not Applicable,1,Statewide,14
40212,2023,T6,7,Diesel,1984,ICE,Not Applicable,2,Statewide,14
40213,2023,T4,Unknown,Diesel,1996,ICE,Not Applicable,1,Statewide,14
40214,2023,T4,Unknown,Diesel,1990,ICE,Not Applicable,3,Statewide,14
40215,2023,T3,2,Diesel,1985,ICE,Not Applicable,1,Statewide,14
40216,2023,T3,Unknown,Diesel,1979,ICE,Not Applicable,3,Statewide,14
40217,2023,T2,1,Diesel,1985,ICE,Not Applicable,2,Statewide,14
40218,2023,T2,1,Diesel,1984,ICE,Not Applicable,1,Statewide,14
40219,2023,BT,Not Applicable,Diesel,2014,ICE,Not Applicable,1,Statewide,14
40220,2023,BT,Not Applicable,Diesel,1985,ICE,Not Applicable,1,Statewide,14
40221,2023,BS,Not Applicable,Diesel,2018,ICE,Not Applicable,3,Statewide,14
40222,2023,BS,Not Applicable,Diesel,2015,ICE,Not Applicable,2,Statewide,14
40223,2023,BS,Not Applicable,Diesel,1997,ICE,Not Applicable,1,Statewide,14
40224,2023,MC,Not Applicable,Electric,2025,BEV,Unknown,2,Statewide,14
40225,2023,MC,Not Applicable,Gasoline,2012,ICE,Not Applicable,1,Statewide,5390
40226,2023,P,Not Applicable,Electric,2003,BEV,51 to 100 miles,≥4,Statewide,14
40227,2023,T4,Unknown,Electric,1997,BEV,Unknown,≥4,Statewide,14
40228,2023,T7,8,Natural Gas,2017,ICE,Not Applicable,1,Statewide,14
40229,2023,T6,Unknown,Natural Gas,2018,ICE,Not Applicable,≥4,Statewide,14
40230,2023,T3,2,Natural Gas,2007,ICE,Not Applicable,2,Statewide,14
40231,2023,P,Not Applicable,Natural Gas,2018,ICE,Not Applicable,3,Statewide,14
40232,2023,T7,8,Gasoline,1985,ICE,Not Applicable,≥4,Statewide,14
40233,2023,T7,8,Gasoline,1982,ICE,Not Applicable,≥4,Statewide,14
40234,2023,T6,5,Gasoline,2019,ICE,Not Applicable,3,Statewide,14
40235,2023,T6,5,Gasoline,2006,ICE,Not Applicable,3,Statewide,14
40236,2023,T6,5,Gasoline,2005,ICE,Not Applicable,3,Statewide,14
40237,2023,T6,6,Gasoline,1998,ICE,Not Applicable,1,Statewide,14
40238,2023,T6,Unknown,Gasoline,1996,ICE,Not Applicable,≥4,Statewide,14
40239,2023,T6,6,Gasoline,1991,ICE,Not Applicable,2,Statewide,14
40240,2023,T6,5,Gasoline,1988,ICE,Not Applicable,≥4,Statewide,14
40241,2023,T6,Unknown,Gasoline,1987,ICE,Not Applicable,≥4,Statewide,14
40242,2023,T6,Unknown,Gasoline,1980,ICE,Not Applicable,2,Statewide,14
40243,2023,T5,3,Gasoline,1987,ICE,Not Applicable,1,Statewide,14
40244,2023,T4,Unknown,Gasoline,2003,ICE,Not Applicable,1,Statewide,14
40245,2023,BT,Not Applicable,Gasoline,2022,ICE,Not Applicable,2,Statewide,14
40246,2023,BT,Not Applicable,Gasoline,1989,ICE,Not Applicable,≥4,Statewide,14
40247,2023,B,Not Applicable,Gasoline,1994,ICE,Not Applicable,1,Statewide,14
40248,2023,T6,Unknown,Electric,2024,BEV,Unknown,≥4,Statewide,14
40249,2023,T2,1,Electric,2025,BEV,>150 miles,≥4,Statewide,14
40250,2023,T3,Unknown,Diesel,1982,ICE,Not Applicable,2,Statewide,2
40251,2023,T7,8,Diesel,2015,ICE,Not Applicable,≥4,Statewide,5862
40252,2023,T4,2,Natural Gas,2006,ICE,Not Applicable,2,Statewide,12
40253,2023,T3,Unknown,Gasoline,2006,ICE,Not Applicable,≥4,Statewide,11
40254,2023,BS,Not Applicable,Gasoline,2009,ICE,Not Applicable,2,Statewide,11
40255,2023,BS,Not Applicable,Gasoline,2005,ICE,Not Applicable,1,Statewide,11
40256,2023,BS,Not Applicable,Gasoline,2001,ICE,Not Applicable,≥4,Statewide,11
40257,2023,B,Not Applicable,Gasoline,2000,ICE,Not Applicable,2,Statewide,11
40258,2023,B,Not Applicable,Gasoline,1997,ICE,Not Applicable,1,Statewide,11
40259,2023,T6,6,Electric,2017,BEV,Unknown,≥4,Statewide,11
40260,2023,T4,Unknown,Electric,1991,BEV,Unknown,≥4,Statewide,11
40261,2023,T2,1,Electric,2007,BEV,Unknown,3,Statewide,11
40262,2023,T5,3,Gasoline,1986,ICE,Not Applicable,1,Statewide,11
40263,2023,P,Not Applicable,Electric,2021,BEV,Unknown,1,Statewide,11
40264,2023,P,Not Applicable,Electric,2016,BEV,Unknown,3,Statewide,11
40265,2023,P,Not Applicable,Electric,2014,BEV,Unknown,3,Statewide,11
40266,2023,P,Not Applicable,Electric,2010,BEV,Unknown,3,Statewide,11
40267,2023,BT,Not Applicable,Electric,1998,BEV,Unknown,≥4,Statewide,11
40268,2023,T7,8,Diesel,1986,ICE,Not Applicable,3,Statewide,11
40269,2023,T7,8,Diesel,1985,ICE,Not Applicable,3,Statewide,11
40270,2023,T6,5,Diesel,2025,ICE,Not Applicable,3,Statewide,11
40271,2023,T6,Unknown,Diesel,2011,ICE,Not Applicable,1,Statewide,11
40272,2023,T6,Unknown,Diesel,2009,ICE,Not Applicable,1,Statewide,11
40273,2023,P,Not Applicable,Electric,2017,BEV,Unknown,1,Statewide,11
40274,2023,T5,3,Gasoline,1988,ICE,Not Applicable,3,Statewide,11
40275,2023,T5,3,Gasoline,2025,ICE,Not Applicable,2,Statewide,11
40276,2023,T6,5,Gasoline,1984,ICE,Not Applicable,≥4,Statewide,11
40277,2023,B,Not Applicable,Natural Gas,2010,ICE,Not Applicable,≥4,Statewide,11
40278,2023,T7,8,Gasoline,2012,ICE,Not Applicable,≥4,Statewide,11
40279,2023,T7,8,Gasoline,1981,ICE,Not Applicable,1,Statewide,11
40280,2023,T7,8,Gasoline,1980,ICE,Not Applicable,1,Statewide,11
40281,2023,T6,Unknown,Gasoline,2024,ICE,Not Applicable,≥4,Statewide,11
40282,2023,T6,6,Gasoline,2022,ICE,Not Applicable,3,Statewide,11
40283,2023,T6,6,Gasoline,2013,ICE,Not Applicable,1,Statewide,11
40284,2023,T6,5,Gasoline,2012,ICE,Not Applicable,2,Statewide,11
40285,2023,T6,5,Gasoline,2011,ICE,Not Applicable,3,Statewide,11
40286,2023,T6,7,Gasoline,2011,ICE,Not Applicable,2,Statewide,11
40287,2023,T6,5,Gasoline,2007,ICE,Not Applicable,2,Statewide,11
40288,2023,T6,5,Gasoline,2006,ICE,Not Applicable,2,Statewide,11
40289,2023,T6,6,Gasoline,2006,ICE,Not Applicable,1,Statewide,11
40290,2023,T6,7,Gasoline,2002,ICE,Not Applicable,1,Statewide,11
40291,2023,T6,6,Gasoline,2001,ICE,Not Applicable,3,Statewide,11
40292,2023,T6,5,Gasoline,2000,ICE,Not Applicable,≥4,Statewide,11
40293,2023,T6,6,Gasoline,1999,ICE,Not Applicable,1,Statewide,11
40294,2023,T6,6,Gasoline,1997,ICE,Not Applicable,3,Statewide,11
40295,2023,T6,5,Gasoline,1994,ICE,Not Applicable,≥4,Statewide,11
40296,2023,T6,6,Gasoline,1990,ICE,Not Applicable,2,Statewide,11
40297,2023,T6,Unknown,Gasoline,1989,ICE,Not Applicable,≥4,Statewide,11
40298,2023,T6,5,Diesel,2002,ICE,Not Applicable,2,Statewide,11
40299,2023,T6,5,Diesel,2001,ICE,Not Applicable,2,Statewide,11
40300,2023,T6,5,Diesel,1998,ICE,Not Applicable,2,Statewide,11
40301,2023,T6,5,Diesel,1998,ICE,Not Applicable,3,Statewide,11
40302,2023,B,Not Applicable,Diesel,2010,ICE,Not Applicable,2,Statewide,11
40303,2023,B,Not Applicable,Diesel,2003,ICE,Not Applicable,2,Statewide,11
40304,2023,B,Not Applicable,Diesel,1999,ICE,Not Applicable,2,Statewide,11
40305,2023,B,Not Applicable,Diesel,1995,ICE,Not Applicable,2,Statewide,11
40306,2023,MC,Not Applicable,Gasoline,2019,ICE,Not Applicable,3,Statewide,6131
40307,2023,MC,Not Applicable,Gasoline,2020,ICE,Not Applicable,1,Statewide,6159
40308,2023,P,Not Applicable,Gasoline,1995,ICE,Not Applicable,3,Statewide,6184
40309,2023,MC,Not Applicable,Gasoline,2020,ICE,Not Applicable,2,Statewide,6197
40310,2023,T4,2,Gasoline,2003,ICE,Not Applicable,≥4,Statewide,6222
40311,2023,MC,Not Applicable,Gasoline,2023,ICE,Not Applicable,3,Statewide,6244
40312,2023,MC,Not Applicable,Gasoline,2021,ICE,Not Applicable,2,Statewide,6274
40313,2023,T4,2,Gasoline,2011,ICE,Not Applicable,1,Statewide,6280
40314,2023,T3,2,Gasoline,2000,ICE,Not Applicable,3,Statewide,6324
40315,2023,T2,1,Gasoline,2025,ICE,Not Applicable,≥4,Statewide,6330
40316,2023,T6,5,Diesel,2021,ICE,Not Applicable,≥4,Statewide,6349
40317,2023,T2,1,Gasoline,2001,ICE,Not Applicable,1,Statewide,6358
40318,2023,T2,1,Gasoline,2001,ICE,Not Applicable,2,Statewide,6392
40319,2023,T3,2,Gasoline,1998,ICE,Not Applicable,≥4,Statewide,6393
40320,2023,T3,2,Gasoline,2001,ICE,Not Applicable,3,Statewide,6396
40321,2023,T2,1,Gasoline,1979,ICE,Not Applicable,3,Statewide,6400
40322,2023,T7,8,Natural Gas,2023,ICE,Not Applicable,2,Statewide,10
40323,2023,B,Not Applicable,Diesel,2015,ICE,Not Applicable,2,Statewide,11
40324,2023,BS,Not Applicable,Natural Gas,2022,ICE,Not Applicable,1,Statewide,11
40325,2023,B,Not Applicable,Diesel,2017,ICE,Not Applicable,3,Statewide,11
40326,2023,BS,Not Applicable,Diesel,1991,ICE,Not Applicable,3,Statewide,11
40327,2023,T6,5,Diesel,1997,ICE,Not Applicable,1,Statewide,11
40328,2023,T6,5,Diesel,1997,ICE,Not Applicable,2,Statewide,11
40329,2023,T6,6,Diesel,1994,ICE,Not Applicable,2,Statewide,11
40330,2023,T6,6,Diesel,1994,ICE,Not Applicable,3,Statewide,11
40331,2023,T6,4,Diesel,1993,ICE,Not Applicable,2,Statewide,11
40332,2023,T3,2,Diesel,2025,ICE,Not Applicable,1,Statewide,11
40333,2023,T3,2,Diesel,2009,ICE,Not Applicable,≥4,Statewide,11
40334,2023,T3,2,Diesel,2000,ICE,Not Applicable,1,Statewide,11
40335,2023,T3,2,Diesel,1982,ICE,Not Applicable,≥4,Statewide,11
40336,2023,T3,Unknown,Diesel,1979,ICE,Not Applicable,1,Statewide,11
40337,2023,T2,1,Diesel,1990,ICE,Not Applicable,≥4,Statewide,11
40338,2023,T2,1,Diesel,1983,ICE,Not Applicable,3,Statewide,11
40339,2023,T1,1,Diesel,1986,ICE,Not Applicable,2,Statewide,11
40340,2023,P,Not Applicable,Diesel,1998,ICE,Not Applicable,3,Statewide,11
40341,2023,P,Not Applicable,Diesel,1995,ICE,Not Applicable,1,Statewide,11
40342,2023,P,Not Applicable,Diesel,1995,ICE,Not Applicable,3,Statewide,11
40343,2023,MH,Not Applicable,Diesel,1991,ICE,Not Applicable,2,Statewide,11
40344,2023,MH,Not Applicable,Diesel,1987,ICE,Not Applicable,2,Statewide,11
40345,2023,MH,Not Applicable,Diesel,1982,ICE,Not Applicable,≥4,Statewide,11
40346,2023,BT,Not Applicable,Diesel,2008,ICE,Not Applicable,1,Statewide,11
40347,2023,BS,Not Applicable,Diesel,2023,ICE,Not Applicable,3,Statewide,11
40348,2023,B,Not Applicable,Diesel,2022,ICE,Not Applicable,3,Statewide,11
40349,2023,P,Not Applicable,Natural Gas,2001,ICE,Not Applicable,≥4,Statewide,11
40350,2023,P,Not Applicable,Natural Gas,2003,ICE,Not Applicable,2,Statewide,11
40351,2023,P,Not Applicable,Natural Gas,2004,ICE,Not Applicable,3,Statewide,11
40352,2023,T4,Unknown,Gasoline,1992,ICE,Not Applicable,1,Statewide,12
40353,2023,T3,Unknown,Gasoline,2005,ICE,Not Applicable,≥4,Statewide,12
40354,2023,T3,Unknown,Gasoline,1989,ICE,Not Applicable,≥4,Statewide,12
40355,2023,T2,Unknown,Gasoline,2019,ICE,Not Applicable,1,Statewide,12
40356,2023,BT,Not Applicable,Gasoline,2013,ICE,Not Applicable,1,Statewide,12
40357,2023,BT,Not Applicable,Gasoline,1980,ICE,Not Applicable,≥4,Statewide,12
40358,2023,BS,Not Applicable,Gasoline,2021,ICE,Not Applicable,3,Statewide,12
40359,2023,BS,Not Applicable,Gasoline,2011,ICE,Not Applicable,2,Statewide,12
40360,2023,BS,Not Applicable,Gasoline,1990,ICE,Not Applicable,1,Statewide,12
40361,2023,B,Not Applicable,Gasoline,1999,ICE,Not Applicable,2,Statewide,12
40362,2023,B,Not Applicable,Gasoline,1998,ICE,Not Applicable,3,Statewide,12
40363,2023,T6,Unknown,Electric,2009,BEV,Unknown,≥4,Statewide,12
40364,2023,T1,1,Electric,2002,BEV,51 to 100 miles,≥4,Statewide,12
40365,2023,P,Not Applicable,Electric,2019,BEV,Unknown,≥4,Statewide,12
40366,2023,P,Not Applicable,Electric,2017,BEV,Unknown,2,Statewide,12
40367,2023,MC,Not Applicable,Electric,2017,BEV,Unknown,≥4,Statewide,12
40368,2023,BT,Not Applicable,Electric,2018,BEV,Unknown,≥4,Statewide,12
40369,2023,B,Not Applicable,Electric,2021,BEV,Unknown,≥4,Statewide,12
40370,2023,T7,8,Diesel,1982,ICE,Not Applicable,3,Statewide,12
40371,2023,T6,5,Diesel,2025,ICE,Not Applicable,2,Statewide,12
40372,2023,T6,7,Diesel,2025,ICE,Not Applicable,3,Statewide,12
40373,2023,T5,3,Gasoline,1984,ICE,Not Applicable,≥4,Statewide,12
40374,2023,T6,6,Diesel,1997,ICE,Not Applicable,3,Statewide,12
40375,2023,T6,7,Gasoline,1980,ICE,Not Applicable,1,Statewide,12
40376,2023,T6,7,Gasoline,1982,ICE,Not Applicable,1,Statewide,12
40377,2023,T4,2,Natural Gas,2005,ICE,Not Applicable,1,Statewide,12
40378,2023,T3,2,Natural Gas,2005,ICE,Not Applicable,1,Statewide,12
40379,2023,T3,2,Natural Gas,2004,ICE,Not Applicable,3,Statewide,12
40380,2023,BT,Not Applicable,Natural Gas,2016,ICE,Not Applicable,1,Statewide,12
40381,2023,B,Not Applicable,Natural Gas,2002,ICE,Not Applicable,≥4,Statewide,12
40382,2023,T7,8,Gasoline,2006,ICE,Not Applicable,≥4,Statewide,12
40383,2023,T7,8,Gasoline,1987,ICE,Not Applicable,≥4,Statewide,12
40384,2023,T6,6,Gasoline,2023,ICE,Not Applicable,2,Statewide,12
40385,2023,T6,4,Gasoline,2019,ICE,Not Applicable,3,Statewide,12
40386,2023,T6,7,Gasoline,2017,ICE,Not Applicable,≥4,Statewide,12
40387,2023,T6,4,Gasoline,2016,ICE,Not Applicable,2,Statewide,12
40388,2023,T6,7,Gasoline,2010,ICE,Not Applicable,1,Statewide,12
40389,2023,T6,6,Gasoline,2006,ICE,Not Applicable,2,Statewide,12
40390,2023,T6,5,Gasoline,1998,ICE,Not Applicable,≥4,Statewide,12
40391,2023,T6,6,Gasoline,1998,ICE,Not Applicable,3,Statewide,12
40392,2023,T6,6,Gasoline,1995,ICE,Not Applicable,3,Statewide,12
40393,2023,T6,7,Gasoline,1991,ICE,Not Applicable,1,Statewide,12
40394,2023,T6,6,Gasoline,1990,ICE,Not Applicable,3,Statewide,12
40395,2023,T6,Unknown,Gasoline,1988,ICE,Not Applicable,≥4,Statewide,12
40396,2023,T6,6,Gasoline,1988,ICE,Not Applicable,1,Statewide,12
40397,2023,T6,Unknown,Gasoline,1982,ICE,Not Applicable,2,Statewide,12
40398,2023,T6,6,Gasoline,1981,ICE,Not Applicable,3,Statewide,12
40399,2023,T6,Unknown,Natural Gas,2008,ICE,Not Applicable,≥4,Statewide,12
40400,2023,T6,5,Diesel,1995,ICE,Not Applicable,1,Statewide,12
40401,2023,T6,Unknown,Diesel,1981,ICE,Not Applicable,1,Statewide,12
40402,2023,B,Not Applicable,Diesel,1998,ICE,Not Applicable,1,Statewide,12
40403,2023,B,Not Applicable,Diesel,1996,ICE,Not Applicable,1,Statewide,12
40404,2023,B,Not Applicable,Diesel,1993,ICE,Not Applicable,1,Statewide,12
40405,2023,B,Not Applicable,Diesel,1993,ICE,Not Applicable,2,Statewide,12
40406,2023,B,Not Applicable,Diesel,1987,ICE,Not Applicable,≥4,Statewide,12
40407,2023,T4,2,Diesel,2005,ICE,Not Applicable,≥4,Statewide,5868
40408,2023,MC,Not Applicable,Gasoline,2022,ICE,Not Applicable,2,Statewide,5880
40409,2023,T4,2,Diesel,2004,ICE,Not Applicable,≥4,Statewide,5884
40410,2023,P,Not Applicable,Gasoline,2024,PHEV,0 to 50 miles,2,Statewide,5937
40411,2023,T3,Unknown,Gasoline,1979,ICE,Not Applicable,2,Statewide,5966
40412,2023,T1,1,Gasoline,2009,ICE,Not Applicable,3,Statewide,5985
40413,2023,T2,1,Gasoline,1996,ICE,Not Applicable,≥4,Statewide,5989
40414,2023,T1,1,Gasoline,1999,ICE,Not Applicable,1,Statewide,6022
40415,2023,MC,Not Applicable,Gasoline,2023,ICE,Not Applicable,2,Statewide,6031
40416,2023,P,Not Applicable,Gasoline,2022,PHEV,0 to 50 miles,3,Statewide,6033
40417,2023,T1,1,Gasoline,2000,ICE,Not Applicable,1,Statewide,6093
40418,2023,MC,Not Applicable,Gasoline,2014,ICE,Not Applicable,3,Statewide,6096
40419,2023,T7,8,Natural Gas,2018,ICE,Not Applicable,2,Statewide,11
40420,2023,T7,8,Natural Gas,2017,ICE,Not Applicable,2,Statewide,11
40421,2023,T6,7,Natural Gas,2007,ICE,Not Applicable,≥4,Statewide,11
40422,2023,P,Not Applicable,Natural Gas,2018,ICE,Not Applicable,1,Statewide,11
40423,2023,B,Not Applicable,Diesel,2000,ICE,Not Applicable,3,Statewide,12
40424,2023,T6,7,Diesel,1987,ICE,Not Applicable,3,Statewide,12
40425,2023,B,Not Applicable,Diesel,2000,ICE,Not Applicable,2,Statewide,12
40426,2023,B,Not Applicable,Diesel,2016,ICE,Not Applicable,2,Statewide,12
40427,2023,T6,7,Diesel,1979,ICE,Not Applicable,3,Statewide,12
40428,2023,T5,3,Diesel,1990,ICE,Not Applicable,3,Statewide,12
40429,2023,T5,3,Diesel,1988,ICE,Not Applicable,≥4,Statewide,12
40430,2023,T5,3,Diesel,1980,ICE,Not Applicable,1,Statewide,12
40431,2023,T4,Unknown,Diesel,1997,ICE,Not Applicable,2,Statewide,12
40432,2023,T4,Unknown,Diesel,1992,ICE,Not Applicable,1,Statewide,12
40433,2023,T3,2,Diesel,1998,ICE,Not Applicable,3,Statewide,12
40434,2023,T3,2,Diesel,1995,ICE,Not Applicable,1,Statewide,12
40435,2023,T3,2,Diesel,1986,ICE,Not Applicable,≥4,Statewide,12
40436,2023,T2,1,Diesel,1980,ICE,Not Applicable,2,Statewide,12
40437,2023,T1,1,Diesel,1986,ICE,Not Applicable,1,Statewide,12
40438,2023,P,Not Applicable,Diesel,2024,ICE,Not Applicable,2,Statewide,12
40439,2023,MH,Not Applicable,Diesel,1993,ICE,Not Applicable,3,Statewide,12
40440,2023,MH,Not Applicable,Diesel,1987,ICE,Not Applicable,1,Statewide,12
40441,2023,MH,Not Applicable,Diesel,1980,ICE,Not Applicable,≥4,Statewide,12
40442,2023,BT,Not Applicable,Diesel,1984,ICE,Not Applicable,≥4,Statewide,12
40443,2023,BT,Not Applicable,Diesel,1979,ICE,Not Applicable,3,Statewide,12
40444,2023,BS,Not Applicable,Diesel,2009,ICE,Not Applicable,3,Statewide,12
40445,2023,BS,Not Applicable,Diesel,1999,ICE,Not Applicable,1,Statewide,12
40446,2023,B,Not Applicable,Diesel,2024,ICE,Not Applicable,1,Statewide,12
40447,2023,B,Not Applicable,Diesel,2019,ICE,Not Applicable,3,Statewide,12
40448,2023,B,Not Applicable,Diesel,2016,ICE,Not Applicable,3,Statewide,12
40449,2023,B,Not Applicable,Natural Gas,2023,ICE,Not Applicable,≥4,Statewide,39
